1 0.34567197657012694 0.194666087987235 0.014969093914741296 0.015728331889674037 0.99707
21 0.7524405649202733 0.6034875258718942 0.015294504653433127 0.015728331889674037 0.99707
1 0.6801577611454604 0.19569183861408707 0.015050434103481938 0.01595626350581263 0.996094
1 0.5297755470224537 0.3768378354228402 0.014643666514806378 0.015870716206975152 0.996094
11 0.6998453524243411 0.2813996115796672 0.015050434103481938 0.015728331889674037 0.995605
21 0.4025789521640091 0.4448369674036928 0.016962311747478035 0.015728331889674037 0.995605
16 0.7635047966156849 0.44255753453385 0.01513179095346567 0.010485531251424663 0.995605
1 0.5750894630654084 0.5357875176658309 0.014399612626098275 0.015386376111237748 0.995605
1 0.7657012482915718 0.5357875176658309 0.013992845037422715 0.015500283565078644 0.995605
11 0.7491051506671006 0.37200820606336904 0.014318255776114546 0.014588557100524277 0.994629
4 0.6630328356654734 0.46347157328470484 0.006833708818743898 0.011967168452245271 0.994629
11 0.5233484725024405 0.599384523364486 0.015619915392124959 0.015500283565078644 0.994629
1 0.6064920741945982 0.19477999544107588 0.014318255776114546 0.01584223934351493 0.994141
27 0.6182884009111618 0.19432413220879874 0.008135368434754311 0.01584223934351493 0.994141
19 0.39790114155548323 0.6018349341235468 0.01122681210543443 0.010827440346478232 0.994141
24 0.6940285792385291 0.6483644950991566 0.012691185421412302 0.013505852746751767 0.993652
18 0.5889196277253498 0.43936625849099614 0.01773506020175724 0.01641212673808981 0.993164
27 0.5872111838594208 0.53567361021199 0.008948903612105433 0.015728331889674037 0.993164
1 0.6731613719492352 0.53567361021199 0.014969093914741296 0.015728331889674037 0.993164
27 0.7763586124308494 0.5804650321404149 0.008786206573381061 0.01584223934351493 0.993164
18 0.3815489645297755 0.6683668073854571 0.018223234624145785 0.016355173011169365 0.993164
10 0.6828019004230393 0.2347275495782995 0.016433450569476083 0.01641212673808981 0.992676
19 0.7101976492027334 0.6237748402097105 0.010453947022453627 0.01059949705949396 0.992676
29 0.5743165479986984 0.19113285616594483 0.02155881548974943 0.018691559607932527 0.992188
27 0.6707614864952814 0.26660801677684065 0.007972671396029939 0.008027977934807386 0.992188
28 0.6573380227790433 0.25735125051287894 0.01789784054669704 0.01755190152723957 0.991699
16 0.35698012886430197 0.3514360063824937 0.01773506020175724 0.010257576293594712 0.991699
16 0.30316464692482914 0.46330071210394347 0.017328359258054017 0.0070663352632778665 0.991699
11 0.7496746319557436 0.6879416165944837 0.014155542076147089 0.01595626350581263 0.991699
1 0.728278596810934 0.196546611351721 0.013992845037422715 0.015386376111237748 0.991211
27 0.77757888187439 0.5348757912012765 0.008460779173446143 0.015728331889674037 0.991211
18 0.3635698171168239 0.5765899612491452 0.01871140904653433 0.016526150900387507 0.991211
23 0.6609989977220957 0.147823164805106 0.013097953010087862 0.010485531251424663 0.990723
18 0.45151318971688903 0.2802598367905174 0.018223234624145785 0.01641212673808981 0.990723
19 0.6040513686950862 0.28242536220651926 0.01106409840546697 0.010713474538408936 0.990723
4 0.7770094005857467 0.3741737314793709 0.012203060982753009 0.010257576293594712 0.990723
0 0.6251220097624471 0.16981990790973328 0.02326709274324764 0.010713474538408936 0.990234
16 0.4925155092743248 0.2608844823341691 0.017247052391799543 0.010485531251424663 0.990234
18 0.35730552294175066 0.5505470526555734 0.014969093914741296 0.007636199316161385 0.989746
16 0.7274650283110966 0.6238887476635514 0.01594532613081679 0.01059949705949396 0.989746
19 0.6583143716238203 0.3052485178937771 0.010738687666775139 0.01054250832003647 0.989258
2 0.7301496544093719 0.17130152176886254 0.01171493654409372 0.01059949705949396 0.98877
2 0.417792 0.2827673179849555 0.01212170413276928 0.010713474538408936 0.98877
4 0.4337373094695737 0.3732049345794392 0.011552222844126263 0.011967168452245271 0.98877
0 0.4548486039700618 0.37405970731707316 0.02342987308818744 0.010485531251424663 0.98877
21 0.7598438216726325 0.33280140050148166 0.016270736869508622 0.015728331889674037 0.98877
1 0.5107387438984705 0.5361294734442672 0.015294504653433127 0.015728331889674037 0.98877
7 0.6415554936544093 0.6711876507864144 0.015294504653433127 0.014132693868247092 0.98877
4 0.7768467868532379 0.6871437975837702 0.012528471721444842 0.01686798997036699 0.98877
16 0.401236555808656 0.16936404467745614 0.017247052391799543 0.01002963300661044 0.988281
16 0.5158029620566222 0.3282425347617962 0.017694406768630003 0.01059949705949396 0.988281
18 0.6775137884803124 0.3946319069979485 0.016108039830784248 0.014360625484385686 0.988281
2 0.5170843449397983 0.23729198449965808 0.012528471721444842 0.011055395304308182 0.987793
0 0.6409047054995118 0.30516297059493963 0.022779084933289947 0.011055395304308182 0.987793
9 0.3263097793686951 0.6248005908365626 0.014480969476082003 0.011169361112377478 0.987793
13 0.3935893784575334 0.12148825165261 0.006996422518711357 0.016654296785958513 0.987305
0 0.6311422167263261 0.5562741700478687 0.024894229742922224 0.010827440346478232 0.987305
9 0.6775137884803124 0.6013790708912696 0.014480969476082003 0.011055395304308182 0.986816
19 0.6624430276602669 0.7148392979256896 0.010453947022453627 0.010713474538408936 0.986816
23 0.45509269118125606 0.16907904262594026 0.012691185421412302 0.010371553772509687 0.986328
2 0.6021803110966483 0.2591178664235241 0.012691185421412302 0.010827440346478232 0.986328
23 0.7468272255125284 0.2846905566446319 0.01171493654409372 0.010400042306815592 0.986328
5 0.7534575338756915 0.3529177369500798 0.007382846729580214 0.01059949705949396 0.986328
4 0.6426944562316954 0.41645767221335767 0.012691185421412302 0.01641212673808981 0.986328
19 0.5459647770907907 0.5339639480282653 0.009925152489424015 0.010713474538408936 0.986328
23 0.5203892691181257 0.6245725425119673 0.012304744549300358 0.010713474538408936 0.986328
23 0.5327449137650504 0.624857544563483 0.01228441783273674 0.010257576293594712 0.986328
13 0.74788488122356 0.2595737296558013 0.006508298080052067 0.016298102575792114 0.98584
4 0.7388544874715262 0.3516640547070891 0.010413276928083305 0.011625259357191702 0.98584
8 0.6592905538561665 0.3967403619785731 0.014318255776114546 0.011169361112377478 0.98584
19 0.5489749638789457 0.44204471757465236 0.01106409840546697 0.010485531251424663 0.98584
2 0.5114708389196225 0.2143833982220196 0.012203060982753009 0.010371553772509687 0.985352
2 0.39749427399934917 0.3509801431502166 0.012203060982753009 0.011283338591292455 0.985352
0 0.4669499980475106 0.5333940606336905 0.023795920598763422 0.010941417825393207 0.985352
18 0.49153916042954765 0.6675405115112834 0.01789784054669704 0.016640058354228403 0.985352
18 0.3416043006833713 0.43993614588557095 0.014969093914741296 0.014132693868247092 0.984863
4 0.5034167940123658 0.4427926203783907 0.012691185421412302 0.010271826396170504 0.984863
5 0.6376504315001628 0.6235467918851152 0.016270736869508622 0.011169361112377478 0.984863
18 0.5990888174422389 0.7135856156826988 0.01594532613081679 0.014816488716662869 0.984863
8 0.30235107842499187 0.2827673179849555 0.016108039830784248 0.010713474538408936 0.984375
23 0.5925806026684022 0.3280146031456576 0.012365774682720468 0.010371553772509687 0.984375
2 0.6436299850309144 0.2824502211078186 0.011877650244061178 0.010948537041258264 0.984375
11 0.3478685948584445 0.41679962799179393 0.016108039830784248 0.015500283565078644 0.984375
2 0.5738285401887406 0.4418167859585138 0.012365774682720468 0.010485531251424663 0.984375
23 0.7190042824601367 0.1714724996580807 0.010738687666775139 0.009915655527695464 0.983887
23 0.7353562928734135 0.28459088762252105 0.010738687666775139 0.009801689719626168 0.983887
5 0.7343801106410673 0.37462959471164803 0.014318255776114546 0.009345791474811944 0.983887
8 0.6905303846404165 0.44232960291771145 0.015619915392124959 0.010941417825393207 0.983887
0 0.5722014031890661 0.6025188456804195 0.024324748454279205 0.011511281878276727 0.983887
7 0.40750084998372926 0.6506724048324596 0.01806045427920599 0.01527235194894005 0.983887
18 0.36283755548324115 0.1891953790745384 0.015294504653433127 0.01527235194894005 0.983398
18 0.7695248369671331 0.17073175108274447 0.014318255776114546 0.014588557100524277 0.983398
4 0.5888383208590954 0.28094374834739 0.01171493654409372 0.013904762252108502 0.983398
18 0.33224867946631953 0.3028265839981764 0.019199416856492027 0.016298102575792114 0.983398
13 0.7504882004555808 0.30502046956918166 0.007321833257403189 0.016811036243446546 0.983398
23 0.7460136570126912 0.3301230581262822 0.01106409840546697 0.010371553772509687 0.983398
4 0.5013092867165636 0.37284874036927285 0.0029439916693784576 0.012679556872578072 0.983398
2 0.38057278229742925 0.5787839635286072 0.012365774682720468 0.011454293138819238 0.983398
4 0.5380735125284738 0.6471891242306815 0.006833708818743898 0.013919000683838613 0.983398
0 0.7717214552554507 0.7132223022566674 0.021640122356003905 0.011269088488716663 0.983398
2 0.7530100462089163 0.17284020606336906 0.012040347282785552 0.010143610485525416 0.98291
13 0.7113772652131467 0.2810576558012309 0.006793038724373576 0.017323969911100977 0.98291
23 0.631874311747478 0.282824271711876 0.011877650244061178 0.010143610485525416 0.98291
13 0.5942890465343313 0.41679962799179393 0.006996422518711357 0.01641212673808981 0.98291
0 0.3218760559713635 0.5335080847959882 0.022860391799544418 0.010257576293594712 0.98291
9 0.39407738626749106 0.5788124403920675 0.013992845037422715 0.011169361112377478 0.98291
2 0.7757078242759519 0.5557399954410759 0.012203060982753009 0.011497031775700935 0.98291
4 0.7131466892287667 0.6903350736266242 0.010901401366742596 0.01253705584682015 0.98291
4 0.3276115222909209 0.19136078778208343 0.011145455255450699 0.011625259357191702 0.982422
23 0.4507809280833062 0.12440164485981307 0.012691185421412302 0.01002963300661044 0.982422
2 0.5351447992190043 0.21432644449509913 0.011877650244061178 0.010713474538408936 0.982422
18 0.7146110458835015 0.2589468885343059 0.018386014969085585 0.016640058354228403 0.982422
2 0.5798894005857468 0.3280146031456576 0.012365774682720468 0.010941417825393207 0.982422
2 0.4489911773511227 0.5329381974014132 0.01122681210543443 0.010257576293594712 0.982422
8 0.44655063846404164 0.6243446108958286 0.016352093719492353 0.01139730439936175 0.982422
7 0.5117149261308168 0.6737519689993161 0.016270736869508622 0.015500283565078644 0.982422
2 0.4332899550927432 0.715637116936403 0.012365774682720468 0.01139730439936175 0.982422
5 0.697038766026684 0.6240810948712104 0.014318255776114546 0.010613747162069751 0.982422
13 0.50366088122356 0.1442614561203556 0.00829808213472177 0.016925060405744246 0.981934
8 0.46884154897494307 0.19147481194438112 0.016758877969410998 0.010941417825393207 0.981934
5 0.38756917149365444 0.2368361212673809 0.014969093914741296 0.010713474538408936 0.981934
2 0.5131792827855516 0.39648395349897425 0.011552222844126263 0.009972644267152952 0.981934
8 0.7399934500488122 0.4426715586961477 0.015294504653433127 0.010941417825393207 0.981934
5 0.5074031630328669 0.602005912012765 0.01513179095346567 0.010941417825393207 0.981934
13 0.740156230393752 0.6210394273991339 0.007484546957370648 0.01641212673808981 0.981934
9 0.3354214799869834 0.3513790526555733 0.01513179095346567 0.011511281878276727 0.981445
0 0.5307517292547999 0.3967403619785731 0.021477342011064104 0.010371553772509687 0.981445
0 0.4908883722746502 0.5107135226806473 0.021965516433452653 0.011169361112377478 0.981445
2 0.5074844698991214 0.625142429906542 0.013342006898795965 0.011169361112377478 0.981445
4 0.3814066108688578 0.3724640692956462 0.01281321236576635 0.013676830635969911 0.980957
2 0.747315399934917 0.5102005890129929 0.01171493654409372 0.010827440346478232 0.980957
2 0.37121699446794665 0.6246865666742649 0.012528471721444842 0.011169361112377478 0.980957
7 0.503091399934917 0.5596933777068611 0.016270736869508622 0.01527235194894005 0.980957
5 0.5862553283436381 0.6240597255527696 0.013952158281809308 0.010941417825393207 0.980957
4 0.7604946098275301 0.667312463186688 0.009437028050764724 0.012992919079097333 0.980957
22 0.6404165310771234 0.7153949468885343 0.014318255776114546 0.01088442908593572 0.980957
2 0.6248779225512529 0.14691132163209483 0.012528471721444842 0.011055395304308182 0.980469
23 0.3303774552554507 0.46525242762708 0.01171493654409372 0.01045703104627308 0.980469
5 0.3828507074520013 0.6016639562343288 0.015619915392124959 0.011169361112377478 0.980469
7 0.38903352814838915 0.627592840665603 0.017247052391799543 0.01607017095965352 0.980469
5 0.6906931649853564 0.5782140761340324 0.013830131337455257 0.010485531251424663 0.980469
4 0.47266513765050444 0.7150672295418282 0.012040347282785552 0.012992919079097333 0.980469
2 0.44219822193296454 0.16925002051515842 0.012691185421412302 0.010713474538408936 0.97998
9 0.5835502089163684 0.2592888443127422 0.014480969476082003 0.011169361112377478 0.97998
8 0.3861048148389196 0.2826960091178482 0.01594532613081679 0.01096990635969911 0.97998
13 0.7191668961926456 0.37172332072031 0.008460779173446143 0.015158444495099156 0.97998
2 0.3091848538887081 0.44204471757465236 0.013016596160104133 0.01059949705949396 0.97998
0 0.6342337103807354 0.5098586332345566 0.02310447901073869 0.010827440346478232 0.97998
11 0.6538398281809307 0.6211534515614315 0.015457201692157502 0.015728331889674037 0.97998
2 0.6364301620566222 0.6919876653749715 0.011877650244061178 0.010713474538408936 0.97998
9 0.4051416179629027 0.1240596890813768 0.015294504653433127 0.011682283109186233 0.979492
14 0.39936549821021805 0.23501255162981538 0.0078099576960624795 0.016640058354228403 0.979492
16 0.5167587842499186 0.283536543423752 0.017247052391799543 0.011055395304308182 0.979492
16 0.4877968786202408 0.4418167859585138 0.01692149170191995 0.011055395304308182 0.979492
8 0.7087536192645623 0.4423865566446319 0.01594532613081679 0.011169361112377478 0.979492
8 0.651277328994468 0.4630726637793481 0.016230066775138302 0.00752222183724641 0.979492
18 0.6835339954441914 0.5505470526555734 0.014969093914741296 0.007636199316161385 0.979492
2 0.5348600585746828 0.5334956320036471 0.012528471721444842 0.011137312970139047 0.979492
29 0.7507321210543443 0.5782425529974925 0.019199416856492027 0.02062915340779576 0.979492
9 0.5207451532704197 0.6925575527695464 0.014806380214773835 0.011853144289947572 0.979492
1 0.3875589748128864 0.7181444814223843 0.01513179095346567 0.014930512878960564 0.979492
4 0.5009762551252848 0.12320491634374287 0.01106409840546697 0.012423031684522452 0.979004
13 0.6621379602993817 0.19022112970139046 0.007728600846078751 0.01595626350581263 0.979004
8 0.4077449371949235 0.2603145949395943 0.01594532613081679 0.010713474538408936 0.979004
4 0.7772534877969411 0.26151132345566447 0.01106409840546697 0.013334874857533622 0.979004
8 0.3241946345590628 0.44175971552313653 0.016270736869508622 0.010941417825393207 0.979004
23 0.7764399192971038 0.4877478659676316 0.012040347282785552 0.010143610485525416 0.979004
2 0.3984706228441262 0.19158883610667882 0.01171493654409372 0.010713474538408936 0.978516
13 0.7817280312398307 0.17118761431502166 0.007484546957370648 0.017095921586505584 0.978516
2 0.4544825564594859 0.21466828356507864 0.01277254227139603 0.010371553772509687 0.978516
6 0.5182233075170842 0.2606564340095738 0.01594532613081679 0.01059949705949396 0.978516
23 0.7597625148063781 0.23974239525871896 0.010738687666775139 0.010371553772509687 0.978516
2 0.6054344184835666 0.3512651452017324 0.012040347282785552 0.010827440346478232 0.978516
13 0.6819068584445168 0.3260912477775245 0.00829808213472177 0.016611581490768176 0.978516
18 0.4773836016921575 0.48524050148165027 0.015294504653433127 0.014360625484385686 0.978516
23 0.6759681249593231 0.3516069842717119 0.011552222844126263 0.010257576293594712 0.978027
8 0.621705122030589 0.44175971552313653 0.016108039830784248 0.010941417825393207 0.978027
6 0.5575170165961602 0.46318668794164575 0.016433450569476083 0.007294278550262138 0.978027
7 0.5950211415554832 0.46301571005242764 0.017247052391799543 0.007636199316161385 0.978027
2 0.6370809502115197 0.4626168005470709 0.01171493654409372 0.008434006656029176 0.978027
2 0.5312399036771884 0.5792683036243447 0.011877650244061178 0.011169361112377478 0.978027
5 0.7748129489098601 0.6676544189651242 0.012691185421412302 0.010485531251424663 0.978027
7 0.5089438281809308 0.194666087987235 0.017419829482590302 0.01584223934351493 0.977539
6 0.5046372300683372 0.41930699247777525 0.015457201692157502 0.010485531251424663 0.977539
8 0.5094370009762447 0.4629587563255072 0.01692149170191995 0.007750165124230681 0.977539
0 0.6247966156849983 0.4201048114884887 0.022941698665798895 0.011169361112377478 0.977539
14 0.7790432385291246 0.43982223843173013 0.014155542076147089 0.01595626350581263 0.977539
4 0.317442165961601 0.5508890084340096 0.012691185421412302 0.00695235778436289 0.977539
22 0.6448909079075822 0.17033284157738773 0.014643666514806378 0.010485531251424663 0.977051
2 0.6557110523917996 0.41947797036699336 0.012040347282785552 0.010713474538408936 0.977051
7 0.655060264236902 0.489856437656713 0.017247052391799543 0.01595626350581263 0.977051
5 0.7635861034819394 0.48797579758377024 0.013992845037422715 0.010941417825393207 0.977051
4 0.7281158164659942 0.6681102821974014 0.012040347282785552 0.012650963300661044 0.977051
8 0.6502603267165636 0.19252903943469343 0.015782629092092416 0.01139730439936175 0.976562
22 0.46932972339733164 0.28279579484841577 0.014643666514806378 0.01059949705949396 0.976562
2 0.4973967536609176 0.30573285798951444 0.012365774682720468 0.010827440346478232 0.976562
2 0.4744548883826879 0.4191361312970139 0.012040347282785552 0.010713474538408936 0.976562
5 0.6374878177676537 0.3533842906770002 0.014969093914741296 0.006517840528835195 0.976562
18 0.6323624861698666 0.5317771233188967 0.015457201692157502 0.01317813540004559 0.976562
8 0.6443215932313701 0.2376481787098245 0.015619915392124959 0.010912929291087304 0.976074
2 0.42161575528799217 0.3509231894232961 0.011958990432801823 0.01139730439936175 0.976074
2 0.4749430628050764 0.46330071210394347 0.013016596160104133 0.0070663352632778665 0.976074
2 0.5731777520338431 0.4629018025985867 0.012040347282785552 0.007864142603145658 0.976074
22 0.6579889775463716 0.5781000519717348 0.014643666514806378 0.01088442908593572 0.976074
27 0.6404165310771234 0.5811773038522908 0.008948903612105433 0.0153294223843173 0.976074
0 0.3635698171168239 0.7166059138363347 0.02326709274324764 0.010827440346478232 0.976074
14 0.740156230393752 0.2595167759288808 0.0078099576960624795 0.016640058354228403 0.975586
6 0.38228122616335825 0.3514360063824937 0.015782629092092416 0.01059949705949396 0.975586
22 0.3188252157500814 0.3514360063824937 0.013667417637487796 0.010371553772509687 0.975586
8 0.6816629378457533 0.37383177570093457 0.014806380214773835 0.010941417825393207 0.975586
4 0.5238366469248291 0.46424091543195806 0.01171493654409372 0.012309124230681558 0.975586
8 0.7504067269768955 0.5330522215637109 0.013667417637487796 0.01002963300661044 0.975586
23 0.7261632853888709 0.5785845087759288 0.011389525805401887 0.010371553772509687 0.975586
6 0.7475593205336805 0.6687371233188968 0.014318255776114546 0.010257576293594712 0.975098
6 0.7023673647901074 0.12568380396626394 0.01553855854214123 0.011169361112377478 0.974609
4 0.5405548714611129 0.1907090877592888 0.01106409840546697 0.01270091452017324 0.974609
8 0.5748453758542141 0.28265329382265786 0.01594532613081679 0.010827440346478232 0.974609
18 0.3813048773185812 0.5076932245270116 0.015457201692157502 0.01527235194894005 0.974609
2 0.39944680507647246 0.5099157036699339 0.012040347282785552 0.010713474538408936 0.974609
6 0.5302635548324113 0.442411532254388 0.015294504653433127 0.009509626806473671 0.974609
2 0.4318255984380085 0.6245725425119673 0.01171493654409372 0.010713474538408936 0.974609
8 0.4323950797266515 0.28265329382265786 0.016108039830784248 0.011169361112377478 0.974121
22 0.724536315001627 0.4424436270800091 0.013667417637487796 0.01059949705949396 0.974121
2 0.3936706853237878 0.48769091224071115 0.01281321236576635 0.011283338591292455 0.974121
4 0.6280177171493655 0.4635001668566219 0.006442202928734136 0.013448782311374516 0.974121
5 0.6627074415880247 0.555910973330294 0.007484546957370648 0.010585246956918168 0.974121
2 0.5047998438008461 0.16925002051515842 0.012365774682720468 0.01059949705949396 0.973633
8 0.38756917149365444 0.21455437611123773 0.015294504653433127 0.01059949705949396 0.973633
4 0.40255862544744553 0.2818554748119444 0.015986012886430197 0.01253705584682015 0.973633
4 0.4969898861047836 0.37240711556872574 0.010901401366742596 0.013448782311374516 0.973633
8 0.5997396055971363 0.37383177570093457 0.016270736869508622 0.010827440346478232 0.973633
6 0.34404483957045234 0.46483927968999317 0.015457201692157502 0.01088442908593572 0.973633
2 0.7136145369345916 0.35194894005014815 0.011430195899772209 0.010257576293594712 0.973145
5 0.6442401197526847 0.39648395349897425 0.014969093914741296 0.01054250832003647 0.973145
6 0.7617148792710706 0.555903854114429 0.013992845037422715 0.0103145650330522 0.973145
5 0.6620566534331273 0.6917027800319124 0.008786206573381061 0.010485531251424663 0.973145
9 0.7783924503742271 0.6448883337132437 0.013992845037422715 0.011511281878276727 0.973145
5 0.7639114975593881 0.6903350736266242 0.012691185421412302 0.010941417825393207 0.973145
2 0.3795964334526521 0.16936404467745614 0.011389525805401887 0.010485531251424663 0.972656
9 0.7188415021151969 0.1255983733758833 0.014643666514806378 0.01287901162525644 0.972656
8 0.3832574083957045 0.19140361978573056 0.01594532613081679 0.010400042306815592 0.972656
13 0.529917834038399 0.2803738609528152 0.0073625200130165965 0.01641212673808981 0.972656
13 0.44886921705174093 0.5762764823341692 0.0063455843800846075 0.016127241395030772 0.972656
6 0.6582330647575658 0.6694495117392295 0.015619915392124959 0.010656485798951449 0.972656
2 0.40327039375203383 0.21415546660588103 0.012528471721444842 0.011967168452245271 0.972168
23 0.6306540423039375 0.3280146031456576 0.011389525805401887 0.01002963300661044 0.972168
14 0.6165799570452326 0.48467061408707546 0.007647243996095021 0.015728331889674037 0.972168
13 0.31597780930686625 0.5767038687029861 0.006833708818743898 0.01595626350581263 0.972168
22 0.774975562642369 0.3306359917939366 0.013830131337455257 0.01002963300661044 0.97168
9 0.5208266267491051 0.4187372217916572 0.015294504653433127 0.01139730439936175 0.97168
18 0.45899775333550275 0.4427035834966948 0.021802736088512853 0.010093740961932983 0.97168
22 0.4872273973315978 0.5331661290175519 0.014318255776114546 0.010485531251424663 0.97168
2 0.7757891311422063 0.5521996444039207 0.012365774682720468 0.004330980806929565 0.97168
6 0.5153759010738692 0.5792113498974242 0.016758877969410998 0.01059949705949396 0.97168
22 0.7593556472502442 0.28541718349669476 0.013016596160104133 0.010428542511967176 0.971191
5 0.6747885089489097 0.44221557875541373 0.015375861503416856 0.011169361112377478 0.971191
6 0.5392937819720144 0.4883462302256668 0.0043931032866905305 0.01111237237291999 0.971191
22 0.6353726729580215 0.48712102484613634 0.014480969476082003 0.010485531251424663 0.971191
8 0.561666165961601 0.7163209117848188 0.01602668298080052 0.010827440346478232 0.971191
8 0.38008460787504067 0.14696827535901527 0.016270736869508622 0.010713474538408936 0.970703
2 0.6485518828506346 0.14753816275359014 0.011552222844126263 0.010827440346478232 0.970703
4 0.7796127198177676 0.21694783314337815 0.012203060982753009 0.014246601322087988 0.970703
22 0.6165799570452326 0.37394579986323223 0.014806380214773835 0.010485531251424663 0.970703
6 0.7614707920598764 0.3081263150216549 0.014318255776114546 0.010143610485525416 0.970703
2 0.7347868115847705 0.3297241486209255 0.011389525805401887 0.010713474538408936 0.970703
4 0.31849982167263263 0.4621609373147937 0.011470882655385616 0.009345791474811944 0.970703
23 0.4397168630003254 0.5794392815135628 0.011877650244061178 0.010371553772509687 0.970703
5 0.40615845362837616 0.6246296129473444 0.014236898926130817 0.010713474538408936 0.970703
0 0.6559551396029939 0.6014360246181901 0.02098933420110641 0.010713474538408936 0.970703
0 0.3973316602668402 0.6936402571233189 0.03140261112918972 0.010485531251424663 0.970703
5 0.7640742779043279 0.645800060177798 0.012853882460136676 0.010428542511967176 0.970703
4 0.6868287562642369 0.7133576840665603 0.012203060982753009 0.013904762252108502 0.970703
8 0.5013016492027335 0.23742024709368592 0.01594532613081679 0.010684974333257352 0.970215
5 0.6178815333550277 0.28242536220651926 0.015782629092092416 0.010713474538408936 0.970215
0 0.3630003358281809 0.4630726637793481 0.02310447901073869 0.00752222183724641 0.970215
14 0.611942799869834 0.5305447403692729 0.008623492873413602 0.016982014132664692 0.970215
14 0.38887074780344943 0.5537952824253476 0.007484546957370648 0.01618419512195122 0.970215
5 0.32639108623494956 0.5790973257351265 0.013830131337455257 0.010941417825393207 0.970215
4 0.637406444256427 0.14644121996808754 0.011003084933289945 0.012565532710280373 0.969727
23 0.3295232333224862 0.26077045817187144 0.011958990432801823 0.010257576293594712 0.969727
23 0.44264557630979495 0.21469687713699565 0.010901401366742596 0.010143610485525416 0.969727
23 0.4637365440937195 0.26077045817187144 0.01199967718841523 0.010713474538408936 0.969727
6 0.5416531806052717 0.283109157054935 0.01594532613081679 0.010371553772509687 0.969727
8 0.4402863442889684 0.35103709687713697 0.016677571103156527 0.010941417825393207 0.969727
5 0.7757891311422063 0.46613579393663096 0.014643666514806378 0.011425804604513335 0.969727
14 0.3810607901073869 0.5534819202188284 0.008135368434754311 0.01669701208114885 0.969727
14 0.35950214123006835 0.622521041258263 0.007647243996095021 0.01641212673808981 0.969727
2 0.5340464900748454 0.2600295928880784 0.01277254227139603 0.010827440346478232 0.969238
2 0.761958966482265 0.26270805197173464 0.018874022779043282 0.010485531251424663 0.969238
6 0.6931337038724373 0.35358551939822197 0.0224536908558412 0.006920309642124459 0.969238
23 0.36853236836967135 0.3741737314793709 0.012528471721444842 0.009801689719626168 0.96875
6 0.511389532053368 0.3534163388192386 0.015619915392124959 0.006581948484157739 0.96875
5 0.5588187595183859 0.2824823159334397 0.015782629092092416 0.011169361112377478 0.968262
23 0.43768302505694756 0.5333941189879189 0.011389525805401887 0.010172099019831321 0.968262
23 0.5549136973641393 0.23712100661043992 0.010738687666775139 0.010143610485525416 0.967773
2 0.7238855268467296 0.2845338171871438 0.01171493654409372 0.010143610485525416 0.967773
5 0.637325037422714 0.37390296785958516 0.01594532613081679 0.01074196307271484 0.967773
7 0.5264602928734137 0.7184864372008206 0.017369012691181254 0.015614307727376339 0.967773
13 0.5296940735437683 0.3256353845452473 0.007321833257403189 0.016383649874629588 0.967285
6 0.4751056765375854 0.37405970731707316 0.015294504653433127 0.010257576293594712 0.967285
13 0.4733159258054019 0.4394802826532938 0.006833708818743898 0.016640058354228403 0.967285
5 0.604946244061178 0.4869500469569181 0.014318255776114546 0.010998406564850694 0.967285
6 0.5587374526521315 0.5332801531798496 0.01513179095346567 0.010713474538408936 0.967285
5 0.390497884803124 0.6475381992249829 0.013992845037422715 0.01054250832003647 0.967285
6 0.5029287862024081 0.6929564622749032 0.01659616426944354 0.010941417825393207 0.967285
14 0.48763426488773187 0.37132441121495324 0.007484546957370648 0.01595626350581263 0.966797
2 0.6426538027985682 0.3278436252564395 0.012487801627074519 0.010713474538408936 0.966797
5 0.606085206638464 0.44187373968543425 0.014643666514806378 0.010941417825393207 0.966797
20 0.38057278229742925 0.5327102657852747 0.025057010087862024 0.022566630499202187 0.966797
14 0.5252196967133095 0.4851264773193526 0.008135368434754311 0.016526150900387507 0.966797
5 0.5387039739668077 0.6017779803966264 0.014765693459160428 0.010713474538408936 0.966797
7 0.40636188740644325 0.39862088534305906 0.020338379433778066 0.014816488716662869 0.966309
6 0.6123495008135372 0.46330071210394347 0.01594532613081679 0.0070663352632778665 0.966309
6 0.6018549170191995 0.62411667927969 0.016270736869508622 0.010941417825393207 0.966309
6 0.763097929059551 0.21800206063369046 0.02082655385616661 0.011169361112377478 0.96582
22 0.40282303937520336 0.5336790626852063 0.014155542076147089 0.010485531251424663 0.96582
5 0.7538693831435079 0.623261906542056 0.00820656192645623 0.011055395304308182 0.96582
5 0.5435140748454279 0.7159790727148393 0.014664009892613081 0.011055395304308182 0.96582
2 0.5935567849007485 0.19158883610667882 0.012040347282785552 0.01139730439936175 0.965332
8 0.41922586657988936 0.44276769145201733 0.01690116498535633 0.010221956872578071 0.965332
4 0.6162543963553531 0.6223501800775016 0.01171493654409372 0.013562806473672213 0.965332
2 0.6628702219329645 0.6468828812400274 0.0071591362186788155 0.01054250832003647 0.965332
0 0.6207289397982427 0.7149533220879872 0.022128130165961605 0.011169361112377478 0.965332
22 0.3194353504718516 0.2823684084795988 0.015050434103481938 0.010827440346478232 0.964844
14 0.413276969736414 0.5318198619557785 0.006508298080052067 0.01326356599042626 0.964844
2 0.4229173315977872 0.6703898317757009 0.012040347282785552 0.011169361112377478 0.964844
22 0.6251220097624471 0.2369500287212218 0.014480969476082003 0.01059949705949396 0.964355
8 0.3025545122030589 0.3513790526555733 0.015294504653433127 0.010713474538408936 0.964355
4 0.46080783078424997 0.304935038978801 0.016230066775138302 0.012081192614542968 0.964355
23 0.4059550198503092 0.48786189012992937 0.01171493654409372 0.01059949705949396 0.964355
2 0.5562967471526196 0.5098016795076362 0.012528471721444842 0.010941417825393207 0.964355
13 0.6028310992515458 0.530715718258491 0.007484546957370648 0.0167540825165261 0.964355
22 0.5379515522290921 0.6703898317757009 0.014562309664822649 0.01059949705949396 0.964355
2 0.766514816791409 0.5781285288351948 0.010087866189391474 0.010371553772509687 0.963867
2 0.62785755261959 0.12462957647595167 0.006121873869183208 0.011625259357191702 0.963379
23 0.5235112528473804 0.2144974223843173 0.01122681210543443 0.010143610485525416 0.963379
28 0.6684429079075821 0.32640472669250054 0.01692149170191995 0.017808310006838385 0.963379
5 0.38577942076147087 0.3963984062001368 0.014969093914741296 0.009801689719626168 0.963379
2 0.3986332365766352 0.67067471711876 0.01171493654409372 0.010941417825393207 0.963379
22 0.41457854604620886 0.23786187189423294 0.0039049788480312398 0.009687712240711193 0.962891
5 0.34013994402863645 0.2827673179849555 0.015294504653433127 0.010827440346478232 0.962402
16 0.4203445024406118 0.5526556243446547 0.017104598763423365 0.0034191959881467973 0.962402
2 0.5666287172144484 0.23706405288351948 0.012528471721444842 0.011511281878276727 0.961914
6 0.761958966482265 0.5524846464554365 0.014318255776114546 0.0037611167540460453 0.961914
6 0.7006589209241783 0.19341240574424437 0.02351117995444191 0.011169361112377478 0.961426
2 0.7742434676212171 0.2854741372236152 0.011877650244061178 0.010770463277866424 0.961426
27 0.6584769853563294 0.442742762525644 0.009437028050764724 0.010172099019831321 0.961426
0 0.46355360364464687 0.6938681887394575 0.032704187438984705 0.011169361112377478 0.961426
6 0.7434103377806703 0.19477999544107588 0.014318255776114546 0.010485531251424663 0.960449
2 0.37162386202408076 0.2825963400957374 0.012203060982753009 0.011283338591292455 0.960449
2 0.47551254409371946 0.26008666332345565 0.011877650244061178 0.011169361112377478 0.960449
4 0.3767872479010739 0.39349213220879875 0.003818540318906606 0.015728331889674037 0.960449
23 0.5092743872437357 0.3054193790745384 0.011552222844126263 0.009801689719626168 0.959961
22 0.4872273973315978 0.3513790526555733 0.015619915392124959 0.011169361112377478 0.959961
5 0.5099251753986332 0.3738032988374744 0.014643666514806378 0.010827440346478232 0.959961
2 0.6685750315652456 0.3740027535901527 0.01153189612756264 0.010371553772509687 0.959961
27 0.7242109209241784 0.5125370923182129 0.0078099576960624795 0.015044420332801458 0.959961
1 0.5034626124308493 0.5820606701618418 0.007250656426944353 0.015500283565078644 0.959961
0 0.6352302359908883 0.6015500487804878 0.020867207289293848 0.011169361112377478 0.959961
13 0.5060201132443866 0.2587189569181673 0.007484546957370648 0.017095921586505584 0.959473
6 0.7550083457207941 0.7132436599042626 0.010484453758542142 0.010941417825393207 0.958496
22 0.7784737572404816 0.1284476936403009 0.013992845037422715 0.010485531251424663 0.958008
2 0.38840048421737716 0.44204471757465236 0.011597991278880572 0.011055395304308182 0.958008
22 0.4853563397331597 0.19181676772281742 0.014318255776114546 0.010257576293594712 0.95752
19 0.5363650686625447 0.23696438386140872 0.010250563228115848 0.010684974333257352 0.95752
23 0.40986008200455576 0.3509801431502166 0.011470882655385616 0.010143610485525416 0.95752
7 0.3599088421737715 0.3993617506268521 0.01757244646924829 0.0153294223843173 0.95752
10 0.695696369671331 0.5983587727376339 0.015782629092092416 0.01641212673808981 0.95752
0 0.7065571675886756 0.7143834346934124 0.021802736088512853 0.011283338591292455 0.95752
13 0.4650179602993817 0.48521202461819013 0.0078099576960624795 0.016811036243446546 0.957031
13 0.6330947478034494 0.3942899512195122 0.0071591362186788155 0.016298102575792114 0.956543
1 0.747315399934917 0.5524275760200593 0.013016596160104133 0.0038750825621153406 0.956543
5 0.5388870810283111 0.7147252737633919 0.005206638464041653 0.013676830635969911 0.956543
22 0.5465342583794338 0.6244016813312059 0.014399612626098275 0.010371553772509687 0.955566
6 0.4593231474129515 0.46341461955778435 0.01594532613081679 0.006838391976293595 0.955078
6 0.4406932118451025 0.2374629623888762 0.02424344158802473 0.010941417825393207 0.954102
6 0.3068662753010088 0.6481365634830181 0.02456883566547348 0.011226349851834967 0.954102
23 0.5544256895541816 0.3513790526555733 0.011389525805401887 0.010485531251424663 0.952637
6 0.4362999752684673 0.4418167859585138 0.015457201692157502 0.010257576293594712 0.952637
2 0.6483892691181256 0.6917027800319124 0.01171493654409372 0.010257576293594712 0.952637
13 0.4340220501138952 0.5497492336448597 0.007972671396029939 0.009231825666742648 0.952148
6 0.5356939537910836 0.14691132163209483 0.014928407159127889 0.010713474538408936 0.95166
14 0.523531579563944 0.5310576740369273 0.008420109079075823 0.01607017095965352 0.95166
22 0.6219492092417833 0.39651243036243444 0.014318255776114546 0.01002963300661044 0.951172
14 0.5380735125284738 0.121616397538181 0.006833708818743898 0.01753766309550946 0.950684
4 0.552066457533355 0.6001823423751995 0.01122681210543443 0.014816488716662869 0.950684
14 0.7406442382037098 0.26521897606564854 0.006833708818743898 0.0052498848415773874 0.949707
14 0.620566159453303 0.5305447403692729 0.007484546957370648 0.016640058354228403 0.94873
8 0.6889847211194272 0.5329381974014132 0.015213147803449399 0.010485531251424663 0.94873
12 0.6797917136348846 0.6215523610667882 0.018874022779043282 0.015614307727376339 0.94873
21 0.7471526195899773 0.12944496740369274 0.01659616426944354 0.016013217232733076 0.948242
5 0.7676131259355679 0.15061541463414635 0.013504720598763422 0.011055395304308182 0.948242
2 0.6819883319232021 0.17038979530430817 0.011308168955418158 0.010485531251424663 0.946777
14 0.6033192736739343 0.41714158377023025 0.008135368434754311 0.01584223934351493 0.946289
13 0.615522301334201 0.5500342356963757 0.007484546957370648 0.00866196161385913 0.946289
13 0.5331719414253173 0.4856963647139275 0.007972671396029939 0.01584223934351493 0.945312
6 0.5826553335502765 0.5525985539092774 0.015457201692157502 0.003533161796216093 0.945312
10 0.7751383429873089 0.19344088260770456 0.013667417637487796 0.016583104627307953 0.944824
9 0.3784829625772861 0.4874060268976521 0.007209969671330947 0.010998406564850694 0.943848
13 0.34298735047185164 0.622236155915204 0.008135368434754311 0.016526150900387507 0.943848
11 0.4841360702896193 0.621851496512423 0.024406055320533682 0.016212671985411445 0.943848
2 0.44939804490725677 0.19181676772281742 0.012040347282785552 0.01139730439936175 0.942871
13 0.4074193765050439 0.23415777889218145 0.007484546957370648 0.01607017095965352 0.942383
5 0.5137487640741947 0.48786189012992937 0.014155542076147089 0.010941417825393207 0.942383
23 0.43768302505694756 0.19204469933895602 0.012040347282785552 0.010257576293594712 0.941895
14 0.7570777220956719 0.4626737542739913 0.006182887341360234 0.015443329838158194 0.941895
22 0.7158314819394729 0.6387623068155915 0.015619915392124959 0.006268516252564395 0.941895
13 0.7034656739342662 0.6436702475495782 0.0063455843800846075 0.01673984408479599 0.941895
0 0.6334862037097299 0.5526556243446547 0.017379176049463065 0.0034191959881467973 0.941406
5 0.7066791278880573 0.4632436416685662 0.014562309664822649 0.007180301071347162 0.940918
14 0.351529403189066 0.6221221317529063 0.007647243996095021 0.015728331889674037 0.938965
2 0.413276969736414 0.5102575427399134 0.006508298080052067 0.01139730439936175 0.938477
8 0.762935315327042 0.1275358504672897 0.015294504653433127 0.011169361112377478 0.937988
13 0.5585746723071917 0.3710394091634374 0.009274331012040352 0.016526150900387507 0.937988
2 0.3518547972665148 0.3740312304536129 0.02082655385616661 0.010400042306815592 0.9375
5 0.7583794650178978 0.19517890494643264 0.014318255776114546 0.011055395304308182 0.937012
2 0.7302309612756265 0.26504800984727606 0.012040347282785552 0.004893725643948028 0.937012
13 0.37621903453302963 0.5530687722817414 0.002651620175724048 0.018093195349897423 0.936523
10 0.7251871031565246 0.7113346246637794 0.014969093914741296 0.01669701208114885 0.936523
2 0.636023461112919 0.19184524458627764 0.012691185421412302 0.01074196307271484 0.936035
7 0.5215587217702571 0.6502165416001824 0.024894229742922224 0.01584223934351493 0.936035
8 0.31988287146111294 0.16936404467745614 0.016433450569476083 0.010713474538408936 0.935059
23 0.3787931116173121 0.4426929046728972 0.00779979433778067 0.010072371643492135 0.935059
2 0.7513067440026033 0.5101436352860725 0.0030812803123983074 0.009345791474811944 0.934082
22 0.6597787282785551 0.2376481787098245 0.013342006898795965 0.010229087759288808 0.933594
19 0.6570126287015945 0.6388762142694324 0.010413276928083305 0.006040572965580123 0.933594
6 0.7240481405792386 0.5557257570093458 0.013667417637487796 0.010613747162069751 0.933105
13 0.7523287513179303 0.23689307499430134 0.0051456249918646274 0.015614307727376339 0.932617
21 0.5989262037097298 0.6042283911556873 0.0279857233973316 0.015386376111237748 0.932129
7 0.6273033330296127 0.40101434237519945 0.005013418027985682 0.02017329017551858 0.931641
4 0.4265376531077123 0.5317237058582175 0.010575990628050765 0.013071347162069752 0.930176
8 0.5384600533680443 0.507864085707773 0.01582329918646274 0.01618419512195122 0.929199
4 0.4633095164334527 0.6235467918851152 0.016270736869508622 0.01253705584682015 0.927734
6 0.4871460904653433 0.6026897068611808 0.024406055320533682 0.010713474538408936 0.927246
5 0.4124634012365766 0.41999090403464784 0.008135368434754311 0.012309124230681558 0.92627
19 0.5657744952814838 0.41953504080237064 0.01106409840546697 0.011169361112377478 0.92627
23 0.5161105785876994 0.4424436270800091 0.012075935698014968 0.01002963300661044 0.92627
4 0.6278829776765376 0.2571233188967404 0.0061523806052717215 0.01686798997036699 0.925293
23 0.4105515235925805 0.6706177633918395 0.012365774682720468 0.010257576293594712 0.925293
6 0.5375853381060852 0.2821974305903807 0.0078099576960624795 0.011853144289947572 0.923828
27 0.6730394116498536 0.26282195942557557 0.012691185421412302 0.015500283565078644 0.922363
10 0.6838187360885128 0.2804592915431958 0.015050434103481938 0.016526150900387507 0.921875
5 0.6664395600390498 0.552541600182357 0.01433859915392125 0.003647139275131069 0.920898
0 0.7416205870484868 0.6468044531570549 0.029124685974617634 0.010471281148848871 0.92041
5 0.38903352814838915 0.25985861499886026 0.015294504653433127 0.011169361112377478 0.919434
2 0.4111616583143508 0.5788409172555278 0.010738687666775139 0.01088442908593572 0.919434
4 0.7148551330946957 0.5094027700022795 0.010901401366742596 0.013106943241395032 0.918945
22 0.4568826085258705 0.351493076817871 0.014155542076147089 0.01059949705949396 0.918457
10 0.7635861034819394 0.372862978801003 0.013667417637487796 0.016355173011169365 0.918457
13 0.4136023638138627 0.16605886118076135 0.005857459941425317 0.017779833143378162 0.916504
13 0.7818093381060852 0.14826478960565306 0.0078099576960624795 0.016440603601550034 0.916016
2 0.37626606755613407 0.283109157054935 0.0027761962902700943 0.010257576293594712 0.914062
14 0.748047494956069 0.26511211780259863 0.0063455843800846075 0.0050361916571689085 0.911621
18 0.7062317735112268 0.5540374524732163 0.021640122356003905 0.014389102347845907 0.911621
0 0.5855840468597462 0.5108274301344883 0.025707798242759518 0.010941417825393207 0.911133
7 0.7647250660592255 0.4226122926829269 0.022128130165961605 0.01595626350581263 0.910645
13 0.3726000442564269 0.549350324139503 0.007321833257403189 0.01002963300661044 0.909668
2 0.7704197123332249 0.24002739731023479 0.010087866189391474 0.011055395304308182 0.90918
5 0.3415229938171168 0.5523136685662183 0.013992845037422715 0.004103025849099612 0.908691
19 0.41343958346892284 0.305675904262594 0.006182887341360234 0.010257576293594712 0.908203
7 0.3433127445493004 0.6956918750854798 0.026846760820045557 0.015728331889674037 0.908203
29 0.30499505109013997 0.41936406291315254 0.020663773511226814 0.019831334397082286 0.905762
6 0.6547348701594533 0.5100296111237749 0.015619915392124959 0.011169361112377478 0.904785
1 0.5665474103481939 0.552712578071575 0.014643666514806378 0.003305218509231821 0.901855
6 0.7640131811259355 0.5105994985183496 0.02155881548974943 0.011055395304308182 0.901855
4 0.7526846521314676 0.1489058691588785 0.014806380214773835 0.013220850695235925 0.896973
6 0.34347535828180936 0.2598016612719398 0.01594532613081679 0.010941417825393207 0.896973
8 0.4666449306866254 0.5527695317984956 0.014643666514806378 0.003191252701162526 0.89502
2 0.4140905382362512 0.282952417597447 0.004881227725349821 0.010343053567358103 0.894043
16 0.30812719817767653 0.7173218035103716 0.02700937455255451 0.011105253157054934 0.891113
2 0.7511770862089163 0.28527468247093685 0.0028321280833062154 0.011169361112377478 0.890137
13 0.5394565623169542 0.16651472441303852 0.004067692547998699 0.01595626350581263 0.888672
14 0.569557430523918 0.6675974652382037 0.008786206573381061 0.016526150900387507 0.888672
6 0.5904652912463391 0.12485750809209029 0.024894229742922224 0.011625259357191702 0.888184
6 0.5681743807354377 0.35103709687713697 0.015457201692157502 0.010941417825393207 0.887207
10 0.30149685649202734 0.5307727886938682 0.014969093914741296 0.01641212673808981 0.887207
22 0.5656525349821022 0.6400159890585821 0.013667417637487796 0.0037611167540460453 0.885742
5 0.3949722616335828 0.3736607978117164 0.013992845037422715 0.010827440346478232 0.884277
8 0.5353888864301984 0.5565306952359244 0.012203060982753009 0.01054250832003647 0.883301
2 0.6596362746501789 0.3511511210394347 0.020297726000650832 0.010713474538408936 0.880859
6 0.6123495008135372 0.21478230772737636 0.020175765701269117 0.010713474538408936 0.879883
8 0.7214448213472178 0.46352864372008207 0.015782629092092416 0.006610437018463642 0.877441
11 0.57614711877644 0.3711107180305448 0.02408066124308493 0.016355173011169365 0.876465
4 0.5205825395379109 0.5559323309778892 0.016108039830784248 0.011568270617734215 0.875977
14 0.6644971923202082 0.41736951538636885 0.0039049788480312398 0.015044420332801458 0.875
4 0.5201756719817767 0.5523136685662183 0.015294504653433127 0.004103025849099612 0.873047
6 0.698909823625122 0.3296102411670846 0.023592653433127237 0.010371553772509687 0.872559
6 0.6836967757891311 0.46341461955778435 0.014643666514806378 0.006838391976293595 0.871582
6 0.6709139368695086 0.46381352906314105 0.02263663130491377 0.012992919079097333 0.866211
5 0.415554894890986 0.6943241686801915 0.0019524977546371623 0.010713474538408936 0.866211
23 0.6581515912788806 0.28279579484841577 0.01659616426944354 0.010485531251424663 0.86084
18 0.4632280429547674 0.6005242981536357 0.021640122356003905 0.014132693868247092 0.858887
10 0.7667589040026034 0.4633434273991338 0.011958990432801823 0.016326696147709138 0.855957
16 0.5320533055645948 0.3512651452017324 0.018874022779043282 0.010485531251424663 0.85498
1 0.7522626561666125 0.5591021326646911 0.005013418027985682 0.016055932527923412 0.853027
6 0.620403545720794 0.3532952421244587 0.015619915392124959 0.006339755094597675 0.852051
18 0.7724892053368044 0.6216093147937086 0.020755410348193948 0.013904762252108502 0.849121
18 0.6280507230719167 0.6397880574424436 0.012691185421412302 0.004217003328014588 0.848145
6 0.5467376921575008 0.37405970731707316 0.016270736869508622 0.010257576293594712 0.845703
5 0.40107394207614705 0.5560747152951904 0.014969093914741296 0.011169361112377478 0.842773
11 0.643914725675236 0.12245693184408481 0.02456883566547348 0.016768320948256213 0.84082
6 0.34168560754962574 0.5336221089582859 0.01594532613081679 0.010371553772509687 0.839844
5 0.5990075105759843 0.5524275760200593 0.01513179095346567 0.0038750825621153406 0.839844
2 0.3763842840741946 0.6928995085479827 0.0030126359908883827 0.011169361112377478 0.836426
14 0.9146599258054019 0.3063596991110098 0.003416854409371949 0.014132693868247092 0.835449
6 0.5455682395053694 0.32807155687257805 0.023572160104132767 0.011169361112377478 0.834473
6 0.3589326599414253 0.4421016713015728 0.01594532613081679 0.010713474538408936 0.834473
6 0.6418402342987308 0.4425504386596763 0.02351117995444191 0.009787439617050376 0.834473
2 0.6741783742271397 0.7142694105311147 0.012528471721444842 0.01139730439936175 0.834473
4 0.5661405427920599 0.39611352085707774 0.01692149170191995 0.011739236836106679 0.832031
10 0.7204686391148715 0.19087644768634604 0.015619915392124959 0.016241148848871668 0.827637
10 0.3445330139928409 0.5761910517437885 0.01513179095346567 0.01618419512195122 0.827637
8 0.662544661243085 0.16981990790973328 0.0078099576960624795 0.010713474538408936 0.82666
14 0.9150667933615358 0.44617619694552085 0.0026033192320208264 0.011454293138819238 0.825684
2 0.37610526656687276 0.6250285224527012 0.002454600976244712 0.009345791474811944 0.823242
10 0.4105108701594533 0.18925233280145887 0.012040347282785552 0.01607017095965352 0.820801
18 0.619834064432151 0.12320491634374287 0.022779084933289947 0.015044420332801458 0.819824
23 0.41148721900423035 0.46352864372008207 0.010087866189391474 0.006610437018463642 0.818848
5 0.5199315847705824 0.5079211561431503 0.015619915392124959 0.015386376111237748 0.818848
4 0.3792710393752034 0.3045930832003647 0.01594532613081679 0.011853144289947572 0.817383
22 0.7529948344939799 0.37497155049008435 0.0064574479661568505 0.00866196161385913 0.81543
11 0.5873942909209242 0.35459168634602234 0.013952158281809308 0.008932643537725096 0.812988
6 0.5377481184510251 0.3284704663779348 0.007484546957370648 0.010257576293594712 0.811523
14 0.36983411129189714 0.35366743706405285 0.0078099576960624795 0.007084144973786187 0.809082
7 0.7515813112918971 0.4240939065420561 0.0036507449397982427 0.019375471164805105 0.809082
13 0.6995606117800196 0.44260029651242305 0.003416854409371949 0.009858678459083656 0.809082
5 0.6610803045883502 0.12517098700706633 0.010738687666775139 0.011226349851834967 0.808105
28 0.6632769228766677 0.3278863405516298 0.0063455843800846075 0.0200877428766811 0.808105
11 0.7530609296452978 0.37175179758377025 0.006609998307842499 0.020572199680875314 0.806641
22 0.5404327445493003 0.6246865666742649 0.0021151947933615357 0.00866196161385913 0.805664
13 0.7336478490074845 0.6390471921586506 0.01171493654409372 0.005698652199680875 0.801758
13 0.703628454279206 0.6383633973102347 0.00724047640741946 0.0070663352632778665 0.800781
19 0.7777416622193297 0.2653774661499886 0.010087866189391474 0.00556687668110326 0.799316
6 0.4201513986332574 0.373603844084796 0.014399612626098275 0.010485531251424663 0.796875
6 0.3595834480963228 0.14708229952131296 0.018874022779043282 0.010827440346478232 0.795898
14 0.9146599258054019 0.3306359917939366 0.003416854409371949 0.011739236836106679 0.794434
2 0.5071590758216726 0.5111693859129245 0.006182887341360234 0.005242765625712332 0.792969
7 0.34607867751383015 0.2395714173695008 0.028636511552229092 0.015500283565078644 0.791992
8 0.5952652287666774 0.3737890604057442 0.0071591362186788155 0.01045703104627308 0.791992
13 0.751010565414904 0.21432644449509913 0.0025092498535632933 0.016526150900387507 0.788086
13 0.4201818887081028 0.6213955982676088 0.013036939537910837 0.017352446774561204 0.786621
0 0.628485498210218 0.7147467481194438 0.007326914936544094 0.011126622475495783 0.786621
13 0.55336803384315 0.32556419238659673 0.008135368434754311 0.01595626350581263 0.78418
13 0.31483884672958024 0.6394461016640073 0.005857459941425317 0.004900844859813084 0.782715
19 0.6273274751708428 0.6693640811488488 0.005061718971688904 0.010713474538408936 0.782715
6 0.7315327041978522 0.5331661290175519 0.022779084933289947 0.010827440346478232 0.777344
4 0.372437430523918 0.2587189569181673 0.016270736869508622 0.013904762252108502 0.775879
13 0.7523274850634559 0.6662582356963757 0.005143075821672632 0.0153294223843173 0.775879
8 0.5415005636186138 0.4619757209938455 0.015924999414253172 0.016326696147709138 0.769043
11 0.40652450113895217 0.7128305119671757 0.02001298535632932 0.015614307727376339 0.769043
14 0.4683533745525545 0.6391610996124915 0.007321833257403189 0.0054707089126966035 0.767578
5 0.7460136570126912 0.4649960191474812 0.015294504653433127 0.010684974333257352 0.764648
2 0.7767653133745526 0.3076703350809209 0.012528471721444842 0.01111237237291999 0.762207
4 0.731695484542792 0.39656938408935494 0.021151947933615363 0.013448782311374516 0.762207
4 0.5033355038073544 0.4847846382493731 0.006996422518711357 0.016640058354228403 0.762207
7 0.39789597657012693 0.3306929455208571 0.028890762121705174 0.015728331889674037 0.751953
10 0.44288966352098924 0.46247429952131297 0.015782629092092416 0.016127241395030772 0.751953
10 0.6651073270419785 0.21244580442215635 0.014399612626098275 0.01618419512195122 0.749023
16 0.534738098275301 0.3533397664007294 0.013504720598763422 0.006428791976293595 0.747559
19 0.5611373381060852 0.4425789271939822 0.013423363748779693 0.009844428356507864 0.746094
9 0.7792060188740644 0.640585876453157 0.013342006898795965 0.0026213769774333256 0.744629
13 0.314635579563944 0.6451945767038979 0.009355671200780995 0.01631245771597903 0.740234
10 0.7134722499186462 0.39434690494643265 0.014643666514806378 0.016469080465010257 0.737305
18 0.6347217181906931 0.6448669760656485 0.025707798242759518 0.014802250284932756 0.733887
10 0.41453789261308166 0.14423297925689538 0.013830131337455257 0.01618419512195122 0.729492
16 0.41181261308167916 0.602005912012765 0.009437028050764724 0.009801689719626168 0.729492
7 0.6273923040676863 0.3083542466377935 0.005135461633582818 0.017893740597219057 0.728027
4 0.3368246898795965 0.16890818144517894 0.016880838268792712 0.01139730439936175 0.725098
6 0.7489423703221608 0.7132578983359926 0.022616304588350147 0.01131182712559836 0.725098
11 0.37724994728278555 0.3249373512651014 0.004728677383664172 0.015386376111237748 0.723145
14 0.4986983299707127 0.35330593261910187 0.0078099576960624795 0.006361124413038523 0.723145
8 0.4080906579889359 0.2642448572600866 0.01582329918646274 0.0033016589012992933 0.720215
6 0.45671982818093065 0.32829948848871665 0.024406055320533682 0.010713474538408936 0.716797
22 0.6505044139277579 0.5503760747663551 0.012365774682720468 0.007978120082060634 0.715332
5 0.38854535372600063 0.2640952720310007 0.015619915392124959 0.0030024767722817416 0.710449
6 0.3199641783273674 0.32841351265101437 0.01513179095346567 0.010257576293594712 0.704102
16 0.49316629742922224 0.2643757457943925 0.0078099576960624795 0.003563435969911101 0.702637
14 0.3845895747478035 0.549806304080237 0.014908063781321184 0.009117848187827673 0.695801
22 0.577855562642369 0.7158650485525416 0.014318255776114546 0.010485531251424663 0.695801
13 0.7826229066059226 0.17736173676772282 0.0074031901073869175 0.004598103122863005 0.692871
18 0.42771726911812563 0.21204701162525644 0.01773506020175724 0.015500283565078644 0.689453
0 0.5417344874715262 0.5527695317984956 0.02554501789781972 0.003191252701162526 0.689453
6 0.6957370231044582 0.46478232596307273 0.005857459941425317 0.004103025849099612 0.6875
13 0.6735274194598113 0.6471392897196261 0.0035795681093394077 0.010827440346478232 0.684082
10 0.4105108701594533 0.3708684312742193 0.012040347282785552 0.016013217232733076 0.682617
5 0.7518152018223234 0.46365678960565304 0.004108362642369021 0.0133063979940734 0.680664
10 0.6099902687927107 0.6667426925005698 0.016270736869508622 0.01618419512195122 0.680664
2 0.5016639312723723 0.3028835377250969 0.00361770569476082 0.014702581262821975 0.677246
9 0.5023567224210869 0.6438055126510144 0.00503884308493329 0.017779833143378162 0.675781
18 0.6395216557110315 0.21290178436289037 0.022616304588350147 0.01527235194894005 0.673828
6 0.518548701594533 0.26427691707317075 0.014806380214773835 0.0033657668566218373 0.673828
4 0.69740481353726 0.3742449236380214 0.015863969280833064 0.011197861317529064 0.672363
11 0.5885942336479011 0.6904490977889218 0.024894229742922224 0.01641212673808981 0.67041
4 0.5659779290595509 0.2592888443127422 0.017247052391799543 0.01253705584682015 0.666992
6 0.7092417936869508 0.5776726656029177 0.021965516433452653 0.012195100068383861 0.666992
14 0.6134071565245688 0.2639225318440848 0.006182887341360234 0.0026569963984499657 0.662109
13 0.7303937416205663 0.3539149757009346 0.006182887341360234 0.007550722042397994 0.658203
2 0.6667039739668077 0.2828527485753362 0.012508128343638139 0.010656485798951449 0.65332
7 0.503091399934917 0.5532253950307727 0.016108039830784248 0.0022794562115340776 0.65332
11 0.46908563618613736 0.20241622976977433 0.01171493654409372 0.003647139275131069 0.651367
14 0.6115359323137 0.6895372546159106 0.01106409840546697 0.01641212673808981 0.651367
6 0.5663846300032542 0.26408546852062914 0.01659616426944354 0.002982893093229998 0.645996
13 0.7536100675561341 0.6402154438112606 0.0077082574682720475 0.023535427399133804 0.645996
2 0.7521964777090792 0.4426715586961477 0.005857459941425317 0.005242765625712332 0.640625
14 0.9144158385942076 0.11830409482562117 0.0039049788480312398 0.018235696375655346 0.638672
18 0.39301989716889035 0.41657169637565533 0.025382404165310773 0.01686798997036699 0.638672
7 0.5024329809306866 0.28504675085479825 0.005181213407094045 0.013448782311374516 0.629883
18 0.5184672281158478 0.1444893877364942 0.018874022779043282 0.015557354000455893 0.625977
27 0.7124755743573056 0.4799122935947116 0.010779374422388546 0.0059835842261226355 0.624512
13 0.41457854604620886 0.3279005789833599 0.0039049788480312398 0.014246601322087988 0.622559
12 0.7426782427595183 0.46039432140414865 0.021314728278555156 0.01287901162525644 0.620605
22 0.43589327432476405 0.6390471921586506 0.017247052391799543 0.005698652199680875 0.616699
10 0.30328660722421086 0.5533394191930704 0.016108039830784248 0.01641212673808981 0.615234
18 0.44907248421737717 0.2575222284020971 0.017653753335502766 0.01641212673808981 0.613281
13 0.9140904445167589 0.23455668839753818 0.0045558169866579895 0.019489378618646 0.611328
13 0.6267084266840222 0.3483018007750171 0.0038236219980475107 0.016298102575792114 0.611328
11 0.504431230458835 0.27904886984271715 0.009187892482915717 0.017950811032596308 0.609375
6 0.7076146566872763 0.5320549361294735 0.021151947933615363 0.01253705584682015 0.607422
13 0.5370973302961276 0.6908480072942785 0.008786206573381061 0.017209945748803284 0.607422
13 0.560323769606248 0.6217517691360839 0.01212170413276928 0.0180647184864372 0.605957
6 0.7053775515782622 0.30578981171643493 0.021396035144809634 0.011910214725324823 0.604004
6 0.5400260436055971 0.373888729427855 0.0029287299707126584 0.010713474538408936 0.594727
14 0.6564228206963879 0.6439764905402324 0.011430195899772209 0.016469080465010257 0.594727
4 0.37946937481288645 0.6460850622293138 0.009182794142531729 0.013505852746751767 0.583008
10 0.7827855203384316 0.5078071319808525 0.014969093914741296 0.016298102575792114 0.581543
7 0.5010925556003905 0.2590609126966036 0.0024774768630003254 0.017779833143378162 0.57959
10 0.5307517292547999 0.2346705958513791 0.014643666514806378 0.01618419512195122 0.575684
22 0.5020669000976244 0.3961704745839982 0.0044185283436381385 0.009801689719626168 0.575684
13 0.6227627777416206 0.21233189696831548 0.008460779173446143 0.015614307727376339 0.571777
8 0.49300351708428247 0.4622891999088215 0.01594532613081679 0.016212671985411445 0.563965
13 0.5050439310120404 0.2660773317529063 0.009762455450699642 0.006966607886938683 0.560059
5 0.6273567156524569 0.44175971552313653 0.00510493823625122 0.010941417825393207 0.560059
23 0.4143344588350147 0.48797579758377024 0.0043931032866905305 0.010713474538408936 0.558105
4 0.3270420410022779 0.21315819284248919 0.015294504653433127 0.011682283109186233 0.554688
11 0.7509393819199479 0.48398681923865966 0.002344003644646925 0.015614307727376339 0.552734
22 0.49397986592905957 0.7158650485525416 0.02342987308818744 0.010941417825393207 0.552734
10 0.3607224106736089 0.21218939594255753 0.012040347282785552 0.016469080465010257 0.550781
21 0.6531077331597788 0.5331091752906314 0.015294504653433127 0.010371553772509687 0.550781
13 0.47835995053693464 0.44243646118076135 0.003416854409371949 0.009545246227490312 0.548828
7 0.4938983924503742 0.28527468247093685 0.022616304588350147 0.012992919079097333 0.541016
8 0.5268466671005532 0.1888534232961021 0.016270736869508622 0.016383649874629588 0.539062
11 0.5024914618939148 0.6382493731479371 0.005267651936218678 0.007294278550262138 0.539062
2 0.7704197123332249 0.35444210111693636 0.025382404165310773 0.008633461408707545 0.537109
16 0.7783466319557435 0.3967118851151128 0.01628091688903352 0.014873442443583315 0.537109
4 0.30336808070289617 0.6241808222475496 0.01806045427920599 0.01275074903122863 0.533203
7 0.5375853381060852 0.46033736767722816 0.0078099576960624795 0.012992919079097333 0.529297
5 0.7302309612756265 0.6913608242534762 0.022779084933289947 0.010485531251424663 0.527344
8 0.4129515756589652 0.21176200957374058 0.0071591362186788155 0.016298102575792114 0.521484
14 0.915229407094045 0.42454976977433323 0.0021151947933615357 0.022110767266925006 0.521484
2 0.6295150797266514 0.579154279462047 0.012528471721444842 0.010713474538408936 0.521484
6 0.3727628246013668 0.2641406832915432 0.015294504653433127 0.0030897396854342378 0.513672
4 0.4334525688252522 0.39582863551401865 0.015782629092092416 0.01139730439936175 0.511719
