24 0.5219021689029203 0.3053351566018424 0.01775847955801105 0.01189868085977482 0.99707
1 0.6827150244672454 0.18142277175025587 0.014996063772691397 0.013817816171954964 0.989746
21 0.661293865824783 0.608751230296827 0.019559006156274664 0.014841344524053224 0.98877
5 0.7754537016574585 0.34327032139201635 0.014601415627466457 0.00997951934493347 0.988281
1 0.45580123125493294 0.5292989969293757 0.015390671507498026 0.013561920982599795 0.984375
24 0.7280979447513812 0.18142277175025587 0.01617996779794791 0.013306025793244625 0.983887
13 0.6079323125493292 0.5839304974411463 0.00828728776637727 0.016632558444216988 0.981934
5 0.4344907971586424 0.20138186284544524 0.013417511602209945 0.00972365035823951 0.980957
1 0.5990529313338596 0.20176573183213922 0.014601415627466457 0.013817816171954964 0.980469
7 0.8431334743488555 0.6485415435005117 0.025651159589581685 0.013050156806550665 0.979004
0 0.4485002809786898 0.2208450685772774 0.023480675611681136 0.010075473490276357 0.978516
5 0.377565044988161 0.262986153531218 0.015193387845303866 0.010363362128966222 0.978027
5 0.6799525682715075 0.5252048311156602 0.014601415627466457 0.00997951934493347 0.977051
18 0.6160220741910024 0.5637154063459571 0.01657457553275454 0.015097239713408393 0.977051
6 0.6996841673243883 0.17937555783009212 0.014601415627466457 0.00921185997952917 0.976074
5 0.6487767387529597 0.20044619201637665 0.014996063772691397 0.007852492118730809 0.976074
5 0.4540251933701657 0.6287103213920164 0.014404091554853986 0.010491309723643807 0.975586
5 0.7873913433307024 0.7086745547594677 0.014009483820047354 0.01023541453428864 0.975586
2 0.6389109392265194 0.17937555783009212 0.012628255722178374 0.01023541453428864 0.975586
2 0.6097079463299132 0.5066530849539407 0.013417511602209945 0.00997951934493347 0.975098
5 0.5913575753749013 0.6894832016376663 0.014206767482241514 0.01023541453428864 0.975098
18 0.7339186614048935 0.3820368966223132 0.01775847955801105 0.013561920982599795 0.975098
2 0.6828629265982636 0.2616427430910952 0.012825579794790843 0.00972365035823951 0.973633
13 0.7421074285714285 0.4822798935516888 0.007498031886345699 0.016632558444216988 0.973145
2 0.6771901120757695 0.6069600163766632 0.011641675769534333 0.00921185997952917 0.973145
2 0.5509075548539858 0.40429893961105423 0.012628255722178374 0.00972365035823951 0.973145
5 0.5662982667719021 0.2208289539406346 0.014206767482241514 0.00972365035823951 0.972168
2 0.6724544151539068 0.6685645690890482 0.011838999842146803 0.009851597952917093 0.97168
2 0.3876777521704815 0.2842886550665302 0.013220187529597475 0.01023541453428864 0.97168
2 0.7158640947119179 0.28198570317297855 0.012233607576953433 0.00972365035823951 0.971191
2 0.3529498468823994 0.5474666120777891 0.011740317600631413 0.00972365035823951 0.970703
11 0.6333860268350434 0.3200487369498465 0.014206767482241514 0.015225187308085976 0.970703
5 0.6172060994475138 0.34327032139201635 0.014601415627466457 0.00997951934493347 0.970215
2 0.5015785572217838 0.20079804135107474 0.012628255722178374 0.00855616458546571 0.969727
1 0.7300711854775059 0.44543240122824973 0.014996063772691397 0.014841344524053224 0.968262
2 0.799920997632202 0.6065761473899693 0.013417511602209945 0.01023541453428864 0.968262
2 0.5191397127071823 0.6273590501535312 0.014206767482241514 0.010123476765609006 0.968262
2 0.4526439652722968 0.3433981903787104 0.011838999842146803 0.00972365035823951 0.967285
18 0.6764008966061562 0.7071390788126919 0.018942383583267563 0.01676047983623337 0.966797
5 0.5885951191791633 0.42400203070624365 0.014206767482241514 0.00997951934493347 0.966797
2 0.8480663741120757 0.3011770562947799 0.011838999842146803 0.010107466939611055 0.966309
7 0.6679163251775849 0.4465840081883316 0.01617996779794791 0.014009724462640738 0.96582
2 0.5876087008681926 0.44504853224155577 0.013417511602209945 0.010107466939611055 0.96582
18 0.799920997632202 0.4819599590583419 0.01736387182320442 0.015609003889457523 0.965332
11 0.6045778437253354 0.3205604749232344 0.014206767482241514 0.017016375025588535 0.965332
2 0.8025848524072612 0.24066017604912998 0.012825579794790843 0.00997951934493347 0.964844
2 0.7223758295185477 0.32241562333674517 0.011838999842146803 0.00972365035823951 0.963867
5 0.5692579258089977 0.46583929580348005 0.014601415627466457 0.00997951934493347 0.963379
2 0.5126283820047356 0.44562446673490275 0.012628255722178374 0.00946775516888434 0.963379
2 0.7141870623520126 0.383316372569089 0.012233607576953433 0.00946775516888434 0.963379
2 0.3323549600631413 0.4456564339815763 0.012282948697711129 0.010043506243602866 0.962891
2 0.486385048145225 0.5472108741044012 0.012233607576953433 0.00972365035823951 0.962891
18 0.6467048966061563 0.5839304974411463 0.01687054143646409 0.015353134902763563 0.962891
7 0.7335242557221784 0.6489251504605936 0.018153127703235992 0.012026602251791198 0.962891
9 0.8498420078926598 0.48362330399181164 0.01617996779794791 0.010491309723643807 0.961914
5 0.7944946866614049 0.42336242374616173 0.014009483820047354 0.01023541453428864 0.961914
6 0.8235990781373322 0.3426304524053224 0.015390671507498026 0.01023541453428864 0.961426
46 0.3746053859510655 0.4653275578300921 0.03137331523283347 0.011770733265097236 0.958984
18 0.7780189550118389 0.4200357338792221 0.017166547750591947 0.016632558444216988 0.958984
0 0.6562744877663773 0.3636130194472876 0.021704799368587213 0.00921185997952917 0.958496
0 0.7472375311760063 0.20046618464687818 0.022888703393843725 0.00789245117707267 0.958496
2 0.6343787087608524 0.36386901944728767 0.012221282399368587 0.00921185997952917 0.958496
29 0.6681135280189423 0.3426304524053224 0.023677999684293606 0.02021493387922211 0.95752
2 0.5708367608524073 0.3631012814738997 0.011444351696921862 0.00972365035823951 0.95752
0 0.6477899163378058 0.44399308904810647 0.021803481610102603 0.010043506243602866 0.956543
5 0.4901343267561168 0.5877686632548619 0.014206767482241514 0.011258969089048106 0.956055
2 0.5434098058405683 0.6692041760491301 0.013022903867403315 0.010107466939611055 0.956055
6 0.4591552959747435 0.38382811054247695 0.014996063772691397 0.01023541453428864 0.955566
6 0.5844514348855565 0.46507155783009213 0.014996063772691397 0.00972365035823951 0.955078
11 0.565903861089187 0.5240532241555783 0.014996063772691397 0.015097239713408393 0.955078
13 0.38836836621941595 0.6054087664278404 0.00838597000789266 0.017080335721596722 0.955078
7 0.4297555043409629 0.6308854042988741 0.01617996779794791 0.014073685158648925 0.95459
5 0.8155089123914759 0.2810900962128966 0.014601415627466457 0.009851597952917093 0.95459
9 0.6400945603788477 0.6274308454452404 0.014996063772691397 0.01023541453428864 0.954102
0 0.6318074342541437 0.5060132159672467 0.021507515706393053 0.010491309723643807 0.954102
5 0.40684198895027623 0.22236442988741043 0.013861500868192581 0.00972365035823951 0.954102
13 0.6511443851617995 0.25614123234390995 0.009471191791633781 0.011770733265097236 0.954102
2 0.42275076243093923 0.2839047860798362 0.012430931649565904 0.011003073899692937 0.954102
18 0.4741516022099448 0.3208801473899693 0.01657457553275454 0.014585475537359264 0.954102
14 0.501973367008682 0.4421699078812692 0.007103383741120757 0.01586489907881269 0.954102
0 0.7073795232833465 0.34390992835209827 0.0230860274664562 0.010747178710337769 0.954102
5 0.4323203535911603 0.46635103377686793 0.013022903867403315 0.009595702763561923 0.953613
13 0.41209534333070247 0.19856691095189355 0.007300707813733228 0.01688842743091095 0.953125
0 0.4026243535911602 0.4049385465711361 0.0274269954222573 0.01023541453428864 0.953125
2 0.8480663741120757 0.21954974002047084 0.013812159747434886 0.01023541453428864 0.952637
2 0.33879242052091557 0.36438075742067555 0.012036323914759275 0.00921185997952917 0.952637
2 0.6195737458563535 0.17835208188331628 0.012628255722178374 0.011258969089048106 0.952148
5 0.8524072612470402 0.24040417604912998 0.014206767482241514 0.01023541453428864 0.95166
1 0.5524863898973954 0.42630498259979527 0.014206767482241514 0.013817816171954964 0.95166
5 0.47000791791633784 0.4454963357215967 0.014601415627466457 0.00972365035823951 0.951172
5 0.5876087008681926 0.26234654657113615 0.014206767482241514 0.010619231115660184 0.951172
0 0.6464086882399369 0.28249744114636643 0.022888703393843725 0.01023541453428864 0.950684
18 0.41712724861878453 0.5241810931422722 0.01637725146014207 0.015097239713408393 0.950195
0 0.8305052186266771 0.4030194636642784 0.022494095659037094 0.010747178710337769 0.950195
5 0.6882399368587214 0.3435260593654043 0.014206767482241514 0.00972365035823951 0.949707
5 0.4266968397790056 0.5069088229273285 0.013220187529597475 0.00972365035823951 0.949219
21 0.5303867403314917 0.46801437871033774 0.024467255564325177 0.014585475537359264 0.94873
7 0.3801302983425414 0.7127047860798362 0.015982643725335435 0.01471339692937564 0.94873
2 0.7636146614048934 0.4229785547594678 0.012233607576953433 0.01023541453428864 0.94873
0 0.3375036918705604 0.609135099283521 0.022210454932912394 0.01023541453428864 0.948242
5 0.45382799052880823 0.18078290276356193 0.013812159747434886 0.00972365035823951 0.948242
5 0.6738356432517758 0.322671361310133 0.013812159747434886 0.00946775516888434 0.948242
11 0.5560380615627466 0.44210597338792224 0.022888703393843725 0.015992846673490275 0.947754
0 0.623520227308603 0.30290433572159675 0.021310191633780583 0.00972365035823951 0.947754
2 0.42245455406471977 0.16031207369498465 0.012233607576953433 0.01023541453428864 0.947266
9 0.570047545382794 0.4244018833162743 0.014206767482241514 0.009563709314227226 0.946777
5 0.4686266898184688 0.22159671811668374 0.013812159747434886 0.009595702763561923 0.946777
7 0.3317630282557222 0.26485728556806554 0.016623916653512233 0.014297586898669397 0.946777
2 0.6440410418310971 0.3433981903787104 0.014996063772691397 0.00972365035823951 0.946777
5 0.7176401325966851 0.5447800532241556 0.013417511602209945 0.00972365035823951 0.945801
9 0.5076954822415154 0.2208289539406346 0.014601415627466457 0.00997951934493347 0.945801
2 0.35482448618784534 0.263626022517912 0.011444351696921862 0.009851597952917093 0.945312
9 0.5520915801104972 0.36335728147389973 0.014996063772691397 0.00921185997952917 0.945312
5 0.4873718705603789 0.6084674030706243 0.014206767482241514 0.010739186898669395 0.944824
5 0.6921864183109707 0.4237462927328557 0.014996063772691397 0.00972365035823951 0.944824
11 0.3317630282557222 0.19946251791197542 0.014650756748224152 0.015609003889457523 0.944336
5 0.3578334459352802 0.24270738996929378 0.014305449723756905 0.00997951934493347 0.944336
5 0.4291634917127072 0.38382811054247695 0.014996063772691397 0.01023541453428864 0.944336
0 0.7052090797158642 0.7096980307062437 0.03314915106550908 0.010747178710337769 0.943848
0 0.8350433086029991 0.17886381985670421 0.022099447513812154 0.01023541453428864 0.943848
9 0.4337015816890292 0.34365392835209824 0.015390671507498026 0.00972365035823951 0.943848
18 0.4750394191002368 0.5241810931422722 0.01775847955801105 0.015097239713408393 0.943359
5 0.7588793685872139 0.6477098710337769 0.014601415627466457 0.009851597952917093 0.942871
0 0.33674526913970004 0.24245138996929377 0.023875283346487766 0.00997951934493347 0.942383
9 0.6827150244672454 0.24129978300921187 0.014996063772691397 0.01023541453428864 0.942383
1 0.5055743393843726 0.4269448515864893 0.014897381531176007 0.014073685158648925 0.942383
13 0.32853811523283344 0.30053744933469806 0.009754832517758483 0.01791198198567042 0.941895
46 0.615232858721389 0.38267650358239513 0.029992127545382795 0.012026602251791198 0.941895
5 0.6641674506708761 0.46583929580348005 0.014206767482241514 0.00972365035823951 0.941406
22 0.4889503014996054 0.42515363766632547 0.013812159747434886 0.00972365035823951 0.940918
5 0.8285319779005524 0.42246681678607984 0.014206767482241514 0.00997951934493347 0.94043
12 0.37287864877663773 0.4026756061412487 0.02653905730071034 0.01725626038894575 0.939941
0 0.7058503930544594 0.24104404503582397 0.022790061562746645 0.00972365035823951 0.939941
22 0.8295183962115233 0.24104404503582397 0.014206767482241514 0.00972365035823951 0.939453
18 0.8121548476716653 0.2975946284544524 0.01696922367797948 0.01676047983623337 0.938965
6 0.5171664719810576 0.5269957830092118 0.013812159747434886 0.00946775516888434 0.937988
7 0.7359905035516969 0.24334699692937561 0.023283351539068665 0.014329580348004094 0.937988
5 0.7632202557221784 0.46443195087001027 0.015390671507498026 0.010747178710337769 0.9375
4 0.8573401610102604 0.42144307881269194 0.011444351696921862 0.011770733265097236 0.937012
5 0.6917916085240726 0.15916072876151485 0.014206767482241514 0.01023541453428864 0.936523
1 0.6233226203630623 0.2640735639713408 0.013417511602209945 0.01368986857727738 0.936523
9 0.4384372786108919 0.32433470624360283 0.014798739700078925 0.01023541453428864 0.936523
29 0.7973561483820047 0.3819090276356193 0.02683502320441989 0.01893551033776868 0.936523
0 0.3932519652722968 0.20188956560900717 0.03295186740331492 0.01064323275332651 0.935547
13 0.6067482872928177 0.5235414861821904 0.00828728776637727 0.015609003889457523 0.935059
5 0.8011050228887135 0.443577252814739 0.015390671507498026 0.01023541453428864 0.935059
13 0.840568220994475 0.5820111525076765 0.00868193591160221 0.018167850972364383 0.93457
5 0.7284923504340963 0.6059365404298874 0.014206767482241514 0.010747178710337769 0.93457
5 0.5142068129439621 0.15967246673490276 0.014996063772691397 0.011258969089048106 0.93457
8 0.35512029044988164 0.6294780593654044 0.014700097868981847 0.00972365035823951 0.934082
22 0.4596487071823204 0.42515363766632547 0.014404091554853986 0.00972365035823951 0.933594
8 0.6775849218626677 0.4857983868986694 0.014996063772691397 0.01023541453428864 0.933105
18 0.8263615343330702 0.5825231525076766 0.01657457553275454 0.015353134902763563 0.933105
5 0.49861889818468824 0.24213145547594678 0.014601415627466457 0.010363362128966222 0.932617
4 0.554459226519337 0.22070113735926303 0.01026044767166535 0.010747178710337769 0.932129
13 0.8508288303078139 0.17476965404298875 0.00868193591160221 0.017400191606960082 0.931152
13 0.6271334844514601 0.4206756028659161 0.007991321862667718 0.01714432262026612 0.931152
2 0.6393053449092344 0.6069600163766632 0.012233607576953433 0.00972365035823951 0.930176
2 0.3713495185477506 0.4252815066530195 0.011444351696921862 0.00972365035823951 0.929199
2 0.4073600505130229 0.669651979529171 0.012628255722178374 0.011003073899692937 0.928711
8 0.4293606945540647 0.4049385465711361 0.014996063772691397 0.00946775516888434 0.928711
8 0.4494871033938438 0.6090072302968271 0.014996063772691397 0.01023541453428864 0.927734
0 0.7020522178374112 0.6273349437052201 0.021704799368587213 0.009595702763561923 0.927734
22 0.44327157695343333 0.24238745547594678 0.015193387845303866 0.011131021494370522 0.927734
18 0.3745067845303867 0.6054067750255885 0.01756115548539858 0.016028822927328556 0.927246
0 0.5370956779794791 0.22095708495394062 0.021310191633780583 0.00946775516888434 0.927246
19 0.6878451270718232 0.32305523029682703 0.011641675769534333 0.00946775516888434 0.927246
22 0.7134717979479084 0.6479016745138177 0.01425610860299921 0.010747178710337769 0.926758
0 0.7910420205209155 0.17886381985670421 0.021310191633780583 0.01023541453428864 0.926758
22 0.7594713812154695 0.6068321473899693 0.014601415627466457 0.01023541453428864 0.92627
7 0.6297232669297553 0.48835733879222104 0.014576765272296765 0.014841344524053224 0.925781
21 0.4705999305445935 0.5692169170931423 0.019337031728492503 0.014841344524053224 0.924805
6 0.5402525398579322 0.6484453797338792 0.013417511602209945 0.00997951934493347 0.924805
8 0.7422060299921074 0.6066402128966224 0.014404091554853986 0.01017145383828045 0.924805
12 0.48036712865035525 0.23938070010235415 0.01578531965272297 0.01765608679631525 0.924805
2 0.8504340205209155 0.4021238567041965 0.012628255722178374 0.00997951934493347 0.924316
0 0.7086621499605367 0.6065762522006141 0.022296771586424624 0.010651224564994883 0.923828
5 0.6767957063930545 0.5652508822927328 0.01578531965272297 0.00972365035823951 0.922852
2 0.34925027308602996 0.7109775066530194 0.011740317600631413 0.01023541453428864 0.922852
0 0.4250198074191002 0.2213409539406346 0.021704799368587213 0.00972365035823951 0.922852
8 0.6853788792423047 0.44460072876151485 0.014798739700078925 0.010491309723643807 0.921875
0 0.4753356274664562 0.6699079795291709 0.021704799368587213 0.010747178710337769 0.921387
8 0.6868587087608524 0.6686285035823951 0.014996063772691397 0.010747178710337769 0.920898
13 0.6783741373322809 0.15442669396110542 0.00868193591160221 0.01893551033776868 0.920898
7 0.751479816890292 0.3238869027635619 0.01677189960536701 0.015736951484135106 0.920898
5 0.6578533228097869 0.7094422927328558 0.015390671507498026 0.010491309723643807 0.919434
9 0.5323599810576164 0.5255884380757421 0.014996063772691397 0.00972365035823951 0.918945
22 0.4459354317284925 0.4048106775844422 0.014601415627466457 0.00972365035823951 0.918457
0 0.695738089976322 0.6069600163766632 0.022888703393843725 0.01023541453428864 0.917969
5 0.41791646408839783 0.6081755316274309 0.014404091554853986 0.01045931627430911 0.917969
2 0.5114443567482242 0.46583929580348005 0.011838999842146803 0.009851597952917093 0.91748
22 0.6383189265982636 0.5263242088024565 0.014996063772691397 0.009787611054247696 0.91748
2 0.37006689187056035 0.2840326550665302 0.013022903867403315 0.009595702763561923 0.91748
10 0.4604379226519337 0.4424259078812692 0.013614835674822417 0.015353134902763563 0.91748
0 0.6699881673243883 0.4030034538382804 0.021902123441199687 0.010907119754350053 0.916504
13 0.6693468539857932 0.29951371136131016 0.00956983362273086 0.016632558444216988 0.916504
22 0.7834452659826362 0.19959064892528147 0.014798739700078925 0.01023541453428864 0.916016
18 0.7720006314127862 0.4002047737973388 0.01775847955801105 0.015353134902763563 0.915527
0 0.33592518011049727 0.22236442988741043 0.02161848271507498 0.00972365035823951 0.915039
8 0.5935280189423836 0.6494371504605937 0.014996063772691397 0.010747178710337769 0.914062
14 0.7476323409629045 0.6445752466734902 0.007103383741120757 0.016376663254861822 0.914062
2 0.4421861531176006 0.4454963357215967 0.013022903867403315 0.009595702763561923 0.913574
22 0.568666317284925 0.17950368884339815 0.014996063772691397 0.00997951934493347 0.911621
2 0.6586300110497237 0.4237462927328557 0.010877070244672455 0.00997951934493347 0.911621
8 0.36710723283346486 0.5478504810644831 0.014404091554853986 0.00972365035823951 0.910645
8 0.6513415880031571 0.6480298055271239 0.015390671507498026 0.010747178710337769 0.910645
13 0.6124704025256511 0.603897449334698 0.007892639621152327 0.020646753735926306 0.909668
0 0.6985005461720599 0.26145093961105426 0.01736387182320442 0.010107466939611055 0.909668
5 0.825572318863457 0.46379234390992835 0.013417511602209945 0.01023541453428864 0.90918
2 0.825966724546172 0.32241562333674517 0.011838999842146803 0.00972365035823951 0.90918
35 0.8411602336227308 0.6233366796315251 0.023283351539068665 0.017400191606960082 0.908691
8 0.7784137647987371 0.6276868454452406 0.014206767482241514 0.00972365035823951 0.908203
9 0.8421466519337016 0.1992067799385875 0.014996063772691397 0.01023541453428864 0.907227
22 0.4173244514601421 0.6494371504605937 0.014404091554853986 0.010747178710337769 0.906738
9 0.5552484419889503 0.6482855435005117 0.014601415627466457 0.010619231115660184 0.906738
22 0.6117027258089976 0.6486054779938587 0.010994220047355958 0.010747178710337769 0.905273
5 0.4074586519337016 0.2423235209825998 0.014996063772691397 0.01023541453428864 0.905273
2 0.5639306203630623 0.3435260593654043 0.011444351696921862 0.00946775516888434 0.905273
9 0.6598261594317285 0.4856705179119754 0.013417511602209945 0.010491309723643807 0.903809
8 0.4265982383583267 0.24181178300921188 0.014206767482241514 0.00997951934493347 0.90332
0 0.6977109265982636 0.7063076683725691 0.018942383583267563 0.01842374616171955 0.902832
9 0.5724151917916338 0.6068321473899693 0.014206767482241514 0.01045931627430911 0.901367
11 0.5337412091554854 0.2586682169907881 0.025651159589581685 0.01644062395087001 0.901367
18 0.5333463993685873 0.44421685977482084 0.0205208953433307 0.012282497441146366 0.901367
9 0.3646902857142857 0.20214933879222108 0.014996063772691397 0.00972365035823951 0.900391
5 0.3974942509865825 0.3239508372569089 0.014206767482241514 0.00972365035823951 0.900391
24 0.5925416006314127 0.40554830870010233 0.014996063772691397 0.013014180552712385 0.899902
14 0.3953731081294396 0.46276860593654046 0.006511451933701657 0.015736951484135106 0.899902
2 0.4622139605367009 0.3046316151484135 0.011838999842146803 0.00921185997952917 0.899902
7 0.6629834254143646 0.5470830051177072 0.01696922367797948 0.011770733265097236 0.898438
13 0.6860694932912391 0.39918129785056294 0.00828728776637727 0.019191405527123846 0.898438
8 0.33109706456195737 0.405834153531218 0.015193387845303866 0.010747178710337769 0.897461
7 0.36483818784530386 0.44831128761514843 0.01608128555643252 0.013306025793244625 0.897461
2 0.8052487071823204 0.1992067799385875 0.024861863299131808 0.010491309723643807 0.896973
2 0.331830836937648 0.42451376867963153 0.012837904972375691 0.01023541453428864 0.895508
13 0.8131412659826361 0.48144822108495394 0.00828728776637727 0.017016375025588535 0.89502
46 0.8320836495659037 0.5445240532241555 0.03354379921073402 0.012282497441146366 0.894043
2 0.6583956306235201 0.6277507799385875 0.011345709865824782 0.009595702763561923 0.893066
6 0.3818073307024467 0.4462001392016377 0.014404091554853986 0.00895599099283521 0.892578
13 0.6823206187845304 0.5028146571136131 0.007498031886345699 0.016632558444216988 0.892578
2 0.3669100299921073 0.5670418341862845 0.011444351696921862 0.01023541453428864 0.892578
2 0.3427880814522494 0.16120768065506652 0.011049743962115234 0.00972365035823951 0.892578
23 0.5761640662983425 0.2001023868986694 0.012628255722178374 0.00921185997952917 0.892578
0 0.8445147024467247 0.4643040818833163 0.023677999684293606 0.011258969089048106 0.891602
23 0.6071426929755328 0.17963155783009213 0.011444351696921862 0.01023541453428864 0.891602
2 0.8107736195737963 0.20039622354145342 0.014996063772691397 0.007752528966223132 0.891602
22 0.6506016732438832 0.4030194636642784 0.014700097868981847 0.01023541453428864 0.891602
12 0.7854185067087609 0.5223898792221084 0.015982643725335435 0.01791198198567042 0.891113
0 0.7473361325966851 0.5862334493346981 0.020915543488555642 0.00972365035823951 0.891113
2 0.8401738153117599 0.3435260593654043 0.013812159747434886 0.012538392630501535 0.891113
11 0.6145175539068666 0.42099527533265096 0.013935492344119968 0.01592885977482088 0.890137
3 0.6721586108918706 0.21775852610030705 0.024467255564325177 0.01842374616171955 0.890137
6 0.34301005588003153 0.5887921392016376 0.013910801578531964 0.00972365035823951 0.889648
14 0.4428767671665351 0.6264073694984647 0.006906059668508287 0.016376663254861822 0.889648
14 0.8522100584056828 0.5411976253838281 0.0067087760063141285 0.016376663254861822 0.889648
2 0.47918310339384373 0.2830091791197543 0.011641675769534333 0.00997951934493347 0.888672
22 0.5205209408050513 0.2828813101330604 0.014206767482241514 0.01023541453428864 0.888184
13 0.6446330544593528 0.46200112998976456 0.007892639621152327 0.017400191606960082 0.887207
22 0.6147888694554065 0.5386386734902764 0.012282948697711129 0.007676567451381781 0.887207
18 0.7549328871349644 0.5218142067553736 0.01696922367797948 0.01496929211873081 0.88623
12 0.7324388318863457 0.6660695516888434 0.01657457553275454 0.018167850972364383 0.885742
14 0.8413574364640883 0.2374616171954964 0.007103383741120757 0.01586489907881269 0.885742
5 0.7622334333070245 0.6685645690890482 0.013812159747434886 0.010747178710337769 0.884766
8 0.6638219415943173 0.2001023868986694 0.014700097868981847 0.00921185997952917 0.884766
13 0.630993487608524 0.40046051177072667 0.013614835674822417 0.01586489907881269 0.883301
12 0.6391081420678768 0.7091862927328556 0.015390671507498026 0.02047082906857728 0.882324
8 0.7668705288082084 0.1998463868986694 0.014798739700078925 0.01023541453428864 0.882324
6 0.7074781247040253 0.4237462927328557 0.014798739700078925 0.010747178710337769 0.882324
22 0.40999885082872933 0.6287103213920164 0.013861500868192581 0.010747178710337769 0.881836
22 0.5597869360694554 0.24155578300921188 0.014206767482241514 0.01023541453428864 0.881836
4 0.721783816890292 0.4232342927328557 0.011049743962115234 0.011514838075742067 0.881836
8 0.3856552107340174 0.4252815066530195 0.014700097868981847 0.00972365035823951 0.880859
8 0.5459746550907656 0.5875129252814739 0.014601415627466457 0.00972365035823951 0.879883
8 0.45856368745067083 0.2428352589559877 0.014996063772691397 0.010491309723643807 0.879883
22 0.7426004356748224 0.3020726632548618 0.013614835674822417 0.00997951934493347 0.878906
22 0.38432328334648774 0.5269957830092118 0.014502773796369377 0.00972365035823951 0.878418
14 0.6783741373322809 0.541709363357216 0.007103383741120757 0.01586489907881269 0.878418
5 0.6906075832675612 0.5452917911975436 0.014601415627466457 0.00997951934493347 0.878418
5 0.6951460773480663 0.5046698055271239 0.01578531965272297 0.010363362128966222 0.877441
13 0.5777429013417522 0.6251918280450358 0.007892639621152327 0.017464178505629476 0.877441
8 0.8251775090765588 0.19946251791197542 0.014206767482241514 0.00997951934493347 0.876465
0 0.5394633243883188 0.2800666202661208 0.021310191633780583 0.01586489907881269 0.875977
6 0.5536700110497238 0.4865661248720573 0.01578531965272297 0.00972365035823951 0.875
8 0.720402588792423 0.6271751074718527 0.014206767482241514 0.01023541453428864 0.874023
5 0.8235990781373322 0.7077789477993859 0.01657457553275454 0.00997951934493347 0.874023
0 0.8409630307813734 0.38280463459570113 0.03157063930544594 0.01023541453428864 0.874023
1 0.5153908382004735 0.20317307676560903 0.014206767482241514 0.013306025793244625 0.873047
5 0.5503155422257301 0.5267400450358238 0.013812159747434886 0.00972365035823951 0.872559
23 0.40486874822415153 0.6492450849539406 0.011493692817679558 0.011003073899692937 0.871582
9 0.6234954557221783 0.2205732159672467 0.01608128555643252 0.01023541453428864 0.871582
2 0.5591949234411997 0.6079834923234391 0.011838999842146803 0.00946775516888434 0.868652
22 0.7375689344909234 0.6274308454452404 0.014601415627466457 0.01023541453428864 0.868652
2 0.7563141152328335 0.4037872016376663 0.012233607576953433 0.00972365035823951 0.868164
19 0.36444337805840565 0.48669399385875134 0.011247027624309392 0.00946775516888434 0.866211
13 0.5331491965272296 0.563331537359263 0.01026044767166535 0.016376663254861822 0.866211
2 0.6453482784530387 0.21954974002047084 0.018893042462509866 0.00972365035823951 0.865234
13 0.7991317821625887 0.5414533633572159 0.00868193591160221 0.017400191606960082 0.863281
13 0.8066299352801894 0.2562691013306039 0.007498031886345699 0.011514838075742067 0.863281
10 0.5002959305445935 0.2818578341862845 0.014404091554853986 0.01906345793244626 0.863281
6 0.7153710876085241 0.3636130194472876 0.012628255722178374 0.00921185997952917 0.862305
2 0.6505523725335438 0.6688842415557831 0.01568667782162589 0.00997951934493347 0.86084
14 0.800907820047356 0.684749166837257 0.0067087760063141285 0.016632558444216988 0.86084
0 0.6532901783741121 0.30245653224155583 0.02214878863456985 0.00946775516888434 0.86084
6 0.4861878453038674 0.16056807369498466 0.014601415627466457 0.01023541453428864 0.859863
6 0.6187845303867403 0.19997451791197543 0.023677999684293606 0.00972365035823951 0.859863
8 0.8338596874506707 0.2584441842374616 0.01578531965272297 0.007164803275332652 0.856934
14 0.4769140584056827 0.4218269477993859 0.007103383741120757 0.015609003889457523 0.856934
4 0.7772297395422257 0.6880758567041965 0.009471191791633781 0.011258969089048106 0.85498
12 0.4853986298342542 0.34122310747185264 0.025651159589581685 0.016120768065506653 0.854004
22 0.7807814112075769 0.3224795578300921 0.01578531965272297 0.010619231115660184 0.853027
9 0.6037886282557221 0.2616747103377687 0.01736387182320442 0.01068321801432958 0.852051
14 0.7867007292817679 0.3400717625383828 0.0067087760063141285 0.016376663254861822 0.851074
13 0.609843628350434 0.3600305916069601 0.007300707813733228 0.01688842743091095 0.847168
22 0.8508288303078139 0.2585720532241556 0.014996063772691397 0.006908908085977482 0.844727
0 0.4747436148382005 0.6471341985670419 0.024269931491712707 0.013561920982599795 0.842773
6 0.6665350970797159 0.24129978300921187 0.014206767482241514 0.009787611054247696 0.842773
14 0.7036306487766376 0.46121740839303993 0.007103383741120757 0.016664525690890483 0.84082
2 0.8082083662194159 0.4025077256908905 0.013417511602209945 0.01023541453428864 0.84082
2 0.7892659826361483 0.3629734124872057 0.012825579794790843 0.00997951934493347 0.837402
8 0.4391278926598264 0.7108496376663255 0.014996063772691397 0.010619231115660184 0.836426
10 0.4615233464877664 0.6866682497441146 0.013417511602209945 0.016504610849539407 0.835449
8 0.6663378942383583 0.2624104810644831 0.014996063772691397 0.010491309723643807 0.834473
7 0.669692363062352 0.5067809539406346 0.014996063772691397 0.012794261617195496 0.832031
7 0.629439545382794 0.6708675209825998 0.024861863299131808 0.014841344524053224 0.832031
0 0.7527624435674822 0.2205732159672467 0.021507515706393053 0.01023541453428864 0.832031
12 0.8437254869771112 0.6040174575230296 0.025256511444356748 0.01944730071647902 0.830078
22 0.7014602052091555 0.6679886345957011 0.011444351696921862 0.010747178710337769 0.830078
0 0.42511840883977897 0.6697798485158649 0.02012628760852407 0.01023541453428864 0.830078
8 0.6819258089976322 0.5866173183213921 0.015390671507498026 0.010491309723643807 0.829102
13 0.7036306487766377 0.21699078812691913 0.009076543646408839 0.01688842743091095 0.829102
23 0.7503947971586424 0.4237462927328557 0.012233607576953433 0.00997951934493347 0.829102
22 0.6937648492501973 0.4846467799385875 0.014601415627466457 0.010747178710337769 0.827637
21 0.33627662951854775 0.5501534329580348 0.020076946487766378 0.014329580348004094 0.82666
18 0.6994869644830308 0.6851330358239509 0.015390671507498026 0.017528139201637667 0.825684
0 0.3421961496448303 0.6700358485158648 0.032261253354380424 0.010747178710337769 0.823242
5 0.8591161988950275 0.564483144319345 0.023677999684293606 0.01023541453428864 0.822266
13 0.8044594917127071 0.2778915373592631 0.00828728776637727 0.016632558444216988 0.820801
13 0.7694357821625888 0.5220702067553736 0.009076543646408839 0.017784034390992836 0.819824
9 0.6687055406471981 0.6483494779938588 0.014601415627466457 0.011003073899692937 0.819824
24 0.5785321168113654 0.34518940429887407 0.014996063772691397 0.012282497441146366 0.819824
2 0.34757283662194155 0.4044268085977482 0.013220187529597475 0.00946775516888434 0.819824
4 0.7336228571428571 0.32203175435005116 0.01006312359905288 0.012026602251791198 0.819824
22 0.6022097932123126 0.28294524462640736 0.014206767482241514 0.011003073899692937 0.817383
13 0.6087215280189424 0.1555783009211873 0.013417511602209945 0.01586489907881269 0.816406
8 0.801795636937648 0.6481576745138178 0.015193387845303866 0.011770733265097236 0.81543
8 0.4354776195737963 0.36399688843398154 0.015390671507498026 0.00946775516888434 0.81543
4 0.4506707245461721 0.20108590378710336 0.014601415627466457 0.009131915660184238 0.813965
11 0.5181532943962115 0.2386132241555783 0.022494095659037094 0.016248715660184238 0.813965
19 0.5741908255722178 0.2420675209825998 0.01026044767166535 0.01023541453428864 0.812988
2 0.6365430099447514 0.6484134124872057 0.01287492091554854 0.00946775516888434 0.811523
24 0.8081097647987372 0.36502036438075747 0.01637725146014207 0.013306025793244625 0.810547
24 0.7846288871349645 0.5878965322415558 0.015982643725335435 0.013561920982599795 0.808105
2 0.45382799052880823 0.5675538341862846 0.012628255722178374 0.00972365035823951 0.79834
13 0.49338979005524863 0.219549635209826 0.012825579794790843 0.016248715660184238 0.796875
18 0.6996841673243883 0.5638432753326509 0.023480675611681136 0.012794261617195496 0.795898
0 0.5862274727703235 0.5455475291709313 0.021704799368587213 0.01023541453428864 0.790527
4 0.5236778026835044 0.6894192671443193 0.011049743962115234 0.011131021494370522 0.790527
4 0.6100779400789266 0.7100179651995906 0.007769347434885557 0.012922209211873082 0.789062
5 0.5132203946329914 0.32459070624360287 0.013417511602209945 0.00946775516888434 0.788086
19 0.7726912454617206 0.6476459365404299 0.010655095816890291 0.00972365035823951 0.785156
6 0.4000591002367798 0.6903788085977481 0.013022903867403315 0.009851597952917093 0.785156
4 0.41712724861878453 0.44460072876151485 0.00868193591160221 0.011770733265097236 0.774414
8 0.33228715138121545 0.3853633244626407 0.015674312233622728 0.01023541453428864 0.773438
4 0.620757771112865 0.15839299078812694 0.009471191791633781 0.011258969089048106 0.770508
2 0.3390390857142857 0.323759033776868 0.012233607576953433 0.010875126305015354 0.769043
4 0.6191791785319652 0.6686285035823951 0.010211146961325966 0.012282497441146366 0.767578
7 0.34905307024467247 0.5095956438075743 0.01667325777426993 0.014329580348004094 0.766113
13 0.6174033022888714 0.3203044749232344 0.009076543646408839 0.017528139201637667 0.766113
9 0.7205011902131018 0.2005021871033777 0.01677189960536701 0.00796442988741044 0.766113
5 0.8212314317284924 0.5979001318321392 0.013022903867403315 0.007340701740020471 0.764648
9 0.7300711854775059 0.2213409539406346 0.014601415627466457 0.011003073899692937 0.763672
7 0.8263615343330702 0.44511246673490273 0.02604576732438832 0.013817816171954964 0.762207
7 0.640884179952644 0.5483622190378711 0.01736387182320442 0.014329580348004094 0.760742
4 0.5678766977111287 0.5458035291709314 0.009865839936858722 0.011258969089048106 0.759277
7 0.6080801096132596 0.28518426202661207 0.0037305160536700867 0.01548105629477994 0.759277
6 0.747829543804262 0.46455981985670425 0.014206767482241514 0.00997951934493347 0.757812
18 0.39103181689029204 0.2392208638689867 0.01736387182320442 0.01644062395087001 0.757812
22 0.8180741657458565 0.6467503295803481 0.014601415627466457 0.010491309723643807 0.756348
13 0.34683292186266773 0.25639723234390993 0.012825579794790843 0.011258969089048106 0.754883
6 0.7896607924230465 0.6884594636642785 0.014009483820047354 0.010619231115660184 0.753418
8 0.7920284388318863 0.4030194636642784 0.014996063772691397 0.00997951934493347 0.753418
7 0.4372532533543804 0.4241298996929376 0.02880822352012628 0.021558344319344933 0.751953
14 0.6237790964483031 0.36041446059365406 0.005993471191791633 0.015353134902763563 0.751953
13 0.36626871665351224 0.17732860593654043 0.014700097868981847 0.02021493387922211 0.750488
8 0.347869044988161 0.20240533879222108 0.015390671507498026 0.01023541453428864 0.750488
2 0.4678374743488556 0.20112586284544523 0.010655095816890291 0.00997951934493347 0.750488
24 0.5039462036306235 0.5391504114636643 0.014601415627466457 0.007164803275332652 0.749023
22 0.3660222131018153 0.2231319058341863 0.013220187529597475 0.00921185997952917 0.747559
6 0.837411359116022 0.6874359877175026 0.01578531965272297 0.00972365035823951 0.746094
2 0.7415154159431728 0.5051176090071648 0.011444351696921862 0.00895599099283521 0.73584
7 0.5576164925019732 0.6299578300921187 0.022888703393843725 0.014393541044012281 0.733887
3 0.6238685247040252 0.23899683111566017 0.021994622888713497 0.01791198198567042 0.733887
10 0.5195345224940806 0.5843141044012282 0.013022903867403315 0.017400191606960082 0.729492
7 0.554064820836622 0.5687051791197544 0.02604576732438832 0.013817816171954964 0.728027
4 0.8070243409629044 0.4225627185261003 0.009865839936858722 0.011770733265097236 0.728027
16 0.7282951475927387 0.4849667144319345 0.01835045177584846 0.01189868085977482 0.726562
10 0.4554064214680347 0.26058729989764584 0.013022903867403315 0.01772007369498465 0.726562
22 0.40089761641673244 0.18180664073694985 0.014502773796369377 0.011003073899692937 0.723145
5 0.6333860268350434 0.5662743582395087 0.014996063772691397 0.00946775516888434 0.716797
2 0.7050118768745067 0.5449079222108496 0.011838999842146803 0.00997951934493347 0.716797
4 0.5757696606156275 0.2618348085977482 0.009865839936858722 0.011642785670419651 0.716797
5 0.6231254175217048 0.2595957911975435 0.012628255722178374 0.004861825179119755 0.715332
13 0.5516967703235991 0.3018808597748209 0.01026044767166535 0.02136643602865916 0.715332
14 0.5232833970007893 0.6049130644831117 0.007103383741120757 0.01586489907881269 0.710449
2 0.6022097932123126 0.7098900962128967 0.022888703393843725 0.01189868085977482 0.710449
6 0.646803498026835 0.24129978300921187 0.021310191633780583 0.00972365035823951 0.705566
13 0.3570935311760063 0.6033775885363357 0.015292029676400948 0.02047082906857728 0.704102
4 0.7306627940015785 0.5440123152507677 0.009865839936858722 0.011770733265097236 0.704102
23 0.35722931018153115 0.6489251504605936 0.012258298342541437 0.01023541453428864 0.700684
22 0.6866615059194949 0.30258440122824976 0.024467255564325177 0.00972365035823951 0.700684
1 0.6124704025256511 0.5449079222108496 0.01736387182320442 0.020726724257932445 0.695801
13 0.8524072612470402 0.15378708700102356 0.009471191791633781 0.01842374616171955 0.690918
11 0.6998817742699289 0.4014441596724667 0.014601415627466457 0.016616548618219037 0.689453
22 0.532557183898974 0.6279425834186285 0.013417511602209945 0.010747178710337769 0.689453
14 0.7742700805051302 0.15532230092118732 0.007695355958958169 0.016376663254861822 0.689453
7 0.782557044988161 0.22210842988741042 0.023480675611681136 0.015353134902763563 0.6875
5 0.4191000852407262 0.6905066775844421 0.022888703393843725 0.00997951934493347 0.686035
8 0.39976329597474347 0.5246928311156602 0.015193387845303866 0.014841344524053224 0.684082
10 0.4181136669297553 0.564483144319345 0.012628255722178374 0.017400191606960082 0.684082
4 0.42225735122336233 0.20138186284544524 0.01026044767166535 0.011258969089048106 0.684082
6 0.750986405682715 0.44370512180143296 0.023677999684293606 0.011770733265097236 0.684082
6 0.8504340205209155 0.3211361473899693 0.013417511602209945 0.00997951934493347 0.684082
4 0.5021705698500394 0.628038747185261 0.009865839936858722 0.012026602251791198 0.682617
7 0.47632204577742704 0.30565509109518935 0.015390671507498026 0.014073685158648925 0.682617
13 0.3615330197316496 0.3396878935516888 0.00878057774269929 0.020726724257932445 0.673828
6 0.525651043409629 0.4250255066530194 0.022099447513812154 0.00972365035823951 0.673828
9 0.775256498816101 0.6062563963152509 0.014601415627466457 0.010811165609007165 0.668945
6 0.7052090797158642 0.1998463868986694 0.012825579794790843 0.00921185997952917 0.668945
2 0.4415941404893449 0.3057829600818833 0.02604576732438832 0.011003073899692937 0.668945
5 0.8101816069455406 0.4554758812691914 0.02012628760852407 0.006141248720573183 0.668945
24 0.4810577426992897 0.46526362333674515 0.024072607419100236 0.01906345793244626 0.663574
6 0.533938411996843 0.20105393654042988 0.022099447513812154 0.009067928761514842 0.662109
24 0.37243494238358327 0.29580341453428866 0.011049743962115234 0.006141248720573183 0.662109
13 0.6385161294396211 0.29938584237461613 0.007103383741120757 0.01548105629477994 0.662109
23 0.5741908255722178 0.44482476151484135 0.012233607576953433 0.010427322824974411 0.660156
10 0.7934096669297553 0.6234648106448312 0.012233607576953433 0.01688842743091095 0.660156
4 0.48164975532754534 0.17988729580348004 0.01026044767166535 0.011258969089048106 0.660156
13 0.6460142825572218 0.4557318812691914 0.01026044767166535 0.005629484544524053 0.660156
24 0.40551006156274666 0.34122310747185264 0.02126085051302289 0.016632558444216988 0.658203
14 0.36917907498026836 0.23970063459570112 0.0067087760063141285 0.01586489907881269 0.656738
6 0.5343332217837411 0.48643799385875125 0.021310191633780583 0.01023541453428864 0.65332
23 0.39848066929755327 0.5071648229273286 0.012628255722178374 0.00921185997952917 0.65332
13 0.49230477032359904 0.6455667553735925 0.00927386771902131 0.01791198198567042 0.65332
2 0.37139881925809 0.3613100675537359 0.01647593370165746 0.016376663254861822 0.649414
4 0.780288 0.3017527287615148 0.012233607576953433 0.011514838075742067 0.649414
10 0.7525652407261247 0.6655578137154555 0.013417511602209945 0.01791198198567042 0.644043
23 0.703532047355959 0.2818578341862845 0.011838999842146803 0.00921185997952917 0.644043
10 0.4169296416732439 0.7076510788126918 0.012628255722178374 0.016632558444216988 0.642578
13 0.5814917758484609 0.40071651177072676 0.007892639621152327 0.016632558444216988 0.637207
2 0.46093133385951063 0.40455467758444213 0.010655095816890291 0.00921185997952917 0.637207
2 0.7179359368587214 0.6681807001023542 0.011838999842146803 0.01023541453428864 0.635254
22 0.4191000852407262 0.26317821903787103 0.023480675611681136 0.00946775516888434 0.633301
12 0.5398581341752171 0.3426304524053224 0.024072607419100236 0.018679641351074718 0.631836
10 0.6633285303867403 0.31908893346980555 0.013022903867403315 0.015225187308085976 0.629883
6 0.4792817048145225 0.4050664155578301 0.018942383583267563 0.00972365035823951 0.62793
21 0.6953432801894238 0.6466221985670421 0.022099447513812154 0.012794261617195496 0.624512
6 0.802289048145225 0.5245969293756397 0.01617996779794791 0.009659663459570113 0.624512
23 0.4747436148382005 0.5468270051177073 0.011049743962115234 0.00921185997952917 0.622559
2 0.675611681136543 0.3631012814738997 0.012628255722178374 0.00972365035823951 0.620605
13 0.7036306487766377 0.4556040122824975 0.007300707813733228 0.005885353531218014 0.620605
13 0.7169495185477506 0.25639723234390993 0.009668515864246252 0.011258969089048106 0.618652
8 0.5278214869771113 0.32459070624360287 0.014601415627466457 0.01023541453428864 0.618652
2 0.5812945730071034 0.6681807001023542 0.012628255722178374 0.010619231115660184 0.615234
8 0.4956588350434096 0.6898668085977482 0.014206767482241514 0.01023541453428864 0.615234
8 0.43971990528808214 0.26306607164790174 0.014996063772691397 0.01020342108495394 0.615234
11 0.5076954822415154 0.604968980962129 0.023283351539068665 0.016200738587512795 0.613281
13 0.8089975816890291 0.684365297850563 0.007892639621152327 0.01688842743091095 0.613281
13 0.3917717316495659 0.4008124397134084 0.010457771744277821 0.015401111975435006 0.609375
19 0.3624705414364641 0.7102097686796316 0.013417511602209945 0.00972365035823951 0.609375
2 0.7008681925808997 0.31953673694984647 0.012628255722178374 0.015736951484135106 0.609375
21 0.6841948539857932 0.46417595087001023 0.022888703393843725 0.010107466939611055 0.607422
4 0.44179174743488553 0.17796821289662232 0.009865839936858722 0.016376663254861822 0.607422
8 0.6304263677979478 0.3433981903787104 0.011838999842146803 0.00972365035823951 0.607422
24 0.5891871318074191 0.4778018587512794 0.014996063772691397 0.006908908085977482 0.605957
2 0.6785713401736385 0.20063010849539406 0.012233607576953433 0.008220325076765608 0.602051
6 0.5887923220205209 0.6284865506653019 0.01578531965272297 0.010299375230296826 0.600098
13 0.48954231412786103 0.20152972446264072 0.007300707813733228 0.01001950460593654 0.600098
7 0.6226322083662194 0.2844165240532242 0.024467255564325177 0.016376663254861822 0.598145
10 0.5418309707971586 0.6049130644831117 0.022099447513812154 0.01688842743091095 0.596191
2 0.7018546108918705 0.4420420388945752 0.013812159747434886 0.01676047983623337 0.596191
10 0.5378848934490924 0.15749738382804504 0.022099447513812154 0.016632558444216988 0.596191
13 0.8553669202841357 0.2001303451381781 0.007103383741120757 0.0063571586489252815 0.594727
14 0.5485399084451461 0.2381012241555783 0.005524871981057617 0.01586489907881269 0.59082
24 0.6113543475927388 0.2635618259979529 0.010223472138910814 0.011386890481064484 0.59082
18 0.39226514285714287 0.6281985834186284 0.021507515706393053 0.011258969089048106 0.586914
10 0.7809786140489345 0.5422211013306039 0.018942383583267563 0.01586489907881269 0.584961
24 0.357438636148382 0.6006429215967246 0.012529613891081294 0.0070688229273285575 0.584961
21 0.3387369370165746 0.6493090194472876 0.023887608524072613 0.011003073899692937 0.581543
0 0.7042719621152329 0.25921192221084954 0.03009076937647987 0.005629484544524053 0.57959
8 0.3813636243093923 0.22185269191402252 0.015292029676400948 0.00921185997952917 0.577637
13 0.5335436022099447 0.42144307881269194 0.00868193591160221 0.016376663254861822 0.577637
2 0.7851222983425414 0.6453429846468782 0.013417511602209945 0.015097239713408393 0.575684
4 0.817284950276243 0.2587001842374616 0.010655095816890291 0.006653012896622313 0.571777
0 0.5668902794001579 0.2007420724667349 0.03235989518547751 0.00844422681678608 0.571777
7 0.5887923220205209 0.18065503377686795 0.022099447513812154 0.016376663254861822 0.565918
2 0.8378057647987371 0.32183968884339814 0.01026044767166535 0.009595702763561923 0.565918
13 0.49181135911602214 0.6195624483111566 0.007103383741120757 0.005693445240532242 0.563965
10 0.5726123946329913 0.15711351484135105 0.014601415627466457 0.01688842743091095 0.562012
2 0.5305839431728493 0.17963155783009213 0.013022903867403315 0.00921185997952917 0.562012
6 0.7156668918705604 0.22055717993858753 0.012628255722178374 0.009883565199590584 0.562012
7 0.7563141152328335 0.5067170194472876 0.01657457553275454 0.013306025793244625 0.556641
10 0.3351482494080505 0.6871802497441146 0.014589090449881608 0.016632558444216988 0.556641
13 0.8065313338595106 0.7046443234390992 0.00887925998421468 0.019319353121801434 0.556641
13 0.7006709897395422 0.23771761719549642 0.013022903867403315 0.016376663254861822 0.556641
6 0.5292027150749802 0.6690123725690891 0.013022903867403315 0.010747178710337769 0.550781
2 0.4581688776637727 0.3431421903787103 0.02012628760852407 0.010747178710337769 0.548828
13 0.8003158074191002 0.7036847819856704 0.011444351696921862 0.021750252610030708 0.546875
14 0.41150373480662983 0.2810900962128966 0.00868193591160221 0.01765608679631525 0.539062
7 0.7557221026045777 0.3958866538382804 0.01657457553275454 0.005677461617195496 0.537109
6 0.8433306771902132 0.42272255475946774 0.014206767482241514 0.01023541453428864 0.537109
18 0.44455420363062353 0.6892911361310133 0.020915543488555642 0.012922209211873082 0.535156
13 0.48954231412786103 0.3205604749232344 0.011838999842146803 0.015736951484135106 0.533203
27 0.5990529313338596 0.2442426038894575 0.010655095816890291 0.013817816171954964 0.527344
13 0.5418309707971586 0.1901228413510747 0.005919479715864246 0.006141248720573183 0.525391
18 0.4012924262036306 0.5872569252814739 0.022395413417521704 0.012282497441146366 0.523438
12 0.37825565903709546 0.48336756601842373 0.00927386771902131 0.016120768065506653 0.521484
13 0.9173245777426994 0.2581884462640737 0.009076543646408839 0.007676567451381781 0.521484
6 0.48520142699289653 0.6287103213920164 0.021112867561168112 0.01023541453428864 0.519531
13 0.3497186298342541 0.48387930399181167 0.015834660773480662 0.016632558444216988 0.519531
22 0.7435872580899763 0.6892272016376664 0.025059187371744278 0.010107466939611055 0.517578
13 0.7383581499605367 0.5834184974411464 0.007892639621152327 0.01586489907881269 0.511719
13 0.7764405240726124 0.278275406345957 0.007695355958958169 0.017016375025588535 0.509766
11 0.5568272770323599 0.15685777686796315 0.014206767482241514 0.015609003889457523 0.507812
13 0.7034334459352802 0.21125735762538383 0.007103383741120757 0.005453559877175026 0.505859
2 0.4340963914759274 0.30571902558853636 0.012233607576953433 0.01023541453428864 0.505859
0 0.3581292501973165 0.6903146120777891 0.01696922367797948 0.010747178710337769 0.501953
