18 0.45126273717442783 0.39048096622313205 0.018153127703235992 0.013306025793244625 0.989258
5 0.42758465666929757 0.3105809293756397 0.014404091554853986 0.00997951934493347 0.988281
24 0.8196525966850828 0.496033670419652 0.01696922367797948 0.013561920982599795 0.987305
24 0.4375494617205999 0.22988092528147389 0.01637725146014207 0.013881776867963151 0.987305
24 0.4638909928966062 0.18858762743091095 0.01696922367797948 0.013306025793244625 0.986816
24 0.5055250386740332 0.14700610030706243 0.01617996779794791 0.014329580348004094 0.985352
24 0.7385557569060773 0.14521488638689867 0.01578531965272297 0.013050156806550665 0.985352
11 0.3883190655090765 0.43065514841351077 0.014601415627466457 0.016376663254861822 0.984375
2 0.4765192486187846 0.3913765731832139 0.012825579794790843 0.011003073899692937 0.983887
18 0.6448796388318864 0.6951125813715455 0.01775847955801105 0.01688842743091095 0.983398
10 0.4016375311760063 0.14252806550665303 0.014009483820047354 0.018167850972364383 0.983398
2 0.33575868918705604 0.3114126018423746 0.01297356274664562 0.010747178710337769 0.981445
7 0.34328137142857146 0.6200102517911975 0.018449093606945542 0.014329580348004094 0.980957
18 0.7050118768745067 0.20419655271238485 0.017166547750591947 0.016376663254861822 0.978027
7 0.46132614364640884 0.638945866939611 0.01617996779794791 0.014329580348004094 0.977539
18 0.6838990497237569 0.6335082906857727 0.01785716179952644 0.015992846673490275 0.977051
2 0.8496448050513024 0.18513306857727738 0.013417511602209945 0.01023541453428864 0.976562
2 0.519731725335438 0.45269315864892523 0.012628255722178374 0.010299375230296826 0.976074
2 0.5876087008681926 0.33073182395087003 0.013022903867403315 0.00946775516888434 0.976074
18 0.5028611838989739 0.4501022395087001 0.01756115548539858 0.01586489907881269 0.976074
11 0.558602910812944 0.4916198321392017 0.014601415627466457 0.016248715660184238 0.974121
5 0.4743488050513022 0.20716919222108493 0.015390671507498026 0.010335377686796316 0.974121
7 0.6509964830307814 0.2508315250767656 0.025059187371744278 0.014841344524053224 0.972656
2 0.5856354601420679 0.6775203766632548 0.012628255722178374 0.01023541453428864 0.97168
2 0.7426994411996842 0.18538906857727738 0.013022903867403315 0.010491309723643807 0.97168
5 0.513812003157064 0.248208900716479 0.014206767482241514 0.010619231115660184 0.97168
5 0.8413574364640883 0.1640226325486182 0.01578531965272297 0.010747178710337769 0.970703
5 0.6203877329123915 0.2068833735926305 0.015859311128650355 0.010491309723643807 0.970703
5 0.4769140584056827 0.22748207164790174 0.014206767482241514 0.01023541453428864 0.970215
2 0.5272298784530387 0.2273542026612078 0.011838999842146803 0.01023541453428864 0.970215
2 0.6985005461720599 0.14457527942681678 0.01617996779794791 0.00972365035823951 0.969727
2 0.6137406232044199 0.5142654820880246 0.013836810102604577 0.009851597952917093 0.969238
2 0.6732440347277032 0.3103888638689867 0.012628255722178374 0.00997951934493347 0.969238
5 0.4668506519337017 0.3106448638689867 0.014996063772691397 0.00997951934493347 0.968262
5 0.5299919305445935 0.5957012569089049 0.015390671507498026 0.010747178710337769 0.967773
18 0.773875270718232 0.5926305670419653 0.017955803630623518 0.01586489907881269 0.967773
18 0.3388910623520126 0.26759205731832136 0.017955803630623518 0.014073685158648925 0.967773
13 0.6144436432517758 0.5513050399181166 0.00868193591160221 0.01765608679631525 0.967285
2 0.7211918042620363 0.26951114022517914 0.012233607576953433 0.009851597952917093 0.967285
0 0.3420974674033149 0.5770213797338792 0.022592737490134174 0.00972365035823951 0.966797
5 0.3407162393054459 0.5972364708290686 0.014601415627466457 0.010747178710337769 0.966797
18 0.825572318863457 0.1403532446264074 0.018153127703235992 0.016120768065506653 0.966797
5 0.6598140363062351 0.47351588945752304 0.015020714127861089 0.00997951934493347 0.966309
5 0.7173439242304657 0.5539918607983624 0.014009483820047354 0.00972365035823951 0.966309
0 0.7267167166535122 0.37128961310133063 0.021704799368587213 0.00972365035823951 0.966309
2 0.4191000852407262 0.6784799181166837 0.012233607576953433 0.01023541453428864 0.964844
22 0.6298343551696922 0.2485605404298874 0.014206767482241514 0.010427322824974411 0.964355
5 0.6673243125493291 0.41127175598771754 0.014404091554853986 0.010555270419651996 0.963867
7 0.5765588760852407 0.3929120491299897 0.01578531965272297 0.014585475537359264 0.963379
18 0.600631362273086 0.5501534329580348 0.01696922367797948 0.01714432262026612 0.962891
21 0.5295975248618785 0.6179630378710338 0.021310191633780583 0.015353134902763563 0.962891
11 0.804952498816101 0.5108751197543501 0.014009483820047354 0.01496929211873081 0.962891
4 0.5947120441988951 0.6361309150460593 0.011838999842146803 0.011258969089048106 0.961426
6 0.6127786936069456 0.6779681801432959 0.013244878295185477 0.010747178710337769 0.961426
2 0.6992897616416732 0.6570015967246674 0.012233607576953433 0.00994755209825998 0.960938
5 0.669692363062352 0.59541326345957 0.014206767482241514 0.010395355578300921 0.960449
7 0.7550314885556433 0.2502558526100307 0.014798739700078925 0.014073685158648925 0.960449
5 0.597474500394633 0.4946263254861822 0.013417511602209945 0.00972365035823951 0.959961
18 0.3409629044988161 0.5542475987717502 0.018153127703235992 0.014329580348004094 0.958984
18 0.5919495880031571 0.1417605895598772 0.01736387182320442 0.01586489907881269 0.958984
2 0.7244476716653512 0.14355180348004093 0.013022903867403315 0.00972365035823951 0.958984
5 0.6937648492501973 0.533521031729785 0.014601415627466457 0.00972365035823951 0.958496
6 0.6122731996842936 0.31006919140225175 0.014206767482241514 0.009595702763561923 0.958008
18 0.5386741089187056 0.511386857727738 0.01775847955801105 0.016120768065506653 0.95752
13 0.3970994411996843 0.20499615312180142 0.009865839936858722 0.016952414329580348 0.95752
10 0.7395421752170481 0.44933476356192426 0.013417511602209945 0.017400191606960082 0.95752
1 0.70580109234412 0.5967247328556807 0.015587995580110498 0.014841344524053224 0.957031
2 0.6116811870560379 0.6573055475946775 0.013417511602209945 0.010491309723643807 0.957031
11 0.6434490292028413 0.4091906882292733 0.013812159747434886 0.016316685363357217 0.956543
13 0.6714679968429361 0.1830858546571136 0.009076543646408839 0.01791198198567042 0.956543
5 0.747829543804262 0.3100049948822928 0.013812159747434886 0.00997951934493347 0.956543
0 0.6981057363851618 0.5135619406345957 0.018153127703235992 0.00972365035823951 0.956055
5 0.6272691018153118 0.31013312589559877 0.014601415627466457 0.010491309723643807 0.956055
6 0.7675611428571428 0.37103387512794267 0.01657457553275454 0.00921185997952917 0.956055
0 0.6452250670876085 0.4947544564994882 0.022099447513812154 0.00997951934493347 0.955078
2 0.8595106045777426 0.2059877666325486 0.013417511602209945 0.011003073899692937 0.955078
0 0.5702447482241515 0.2278659406345957 0.030781383425414366 0.011258969089048106 0.953613
2 0.7025452249408051 0.615916085977482 0.012825579794790843 0.00972365035823951 0.953125
5 0.7817678295185477 0.6368986530194474 0.014798739700078925 0.010747178710337769 0.953125
22 0.7934096669297553 0.2273542026612078 0.014601415627466457 0.010491309723643807 0.953125
5 0.42077752170481453 0.24849660593654044 0.013614835674822417 0.009851597952917093 0.953125
18 0.4174230528808208 0.6547465957011258 0.017955803630623518 0.016248715660184238 0.952637
2 0.6436462320441989 0.18551693756397133 0.012628255722178374 0.010491309723643807 0.952637
7 0.593330816101026 0.20841858751279427 0.015390671507498026 0.014841344524053224 0.952637
2 0.5732044072612471 0.16530184646878196 0.012233607576953433 0.01023541453428864 0.952148
9 0.3764800252565114 0.33063592221084953 0.013910801578531964 0.009659663459570113 0.952148
18 0.791239223362273 0.34877183213920165 0.01775847955801105 0.015353134902763563 0.95166
2 0.8105760126282557 0.2061156356192426 0.013417511602209945 0.010491309723643807 0.951172
5 0.7841358800315706 0.4122312712384852 0.014601415627466457 0.010491309723643807 0.950684
22 0.8591161988950275 0.4535567983623337 0.014996063772691397 0.00997951934493347 0.950684
2 0.4745460078926599 0.5150971545547595 0.011838999842146803 0.00997951934493347 0.950195
22 0.7000789771112865 0.5743348208802457 0.013812159747434886 0.00997951934493347 0.949707
6 0.7218824183109708 0.5950613879222109 0.015587995580110498 0.00972365035823951 0.949707
0 0.37006689187056035 0.1867964135107472 0.03137331523283347 0.011258969089048106 0.949707
5 0.6466062951854775 0.5542475987717502 0.014206767482241514 0.01023541453428864 0.949219
8 0.7942974838200474 0.2059877666325486 0.015587995580110498 0.010747178710337769 0.949219
11 0.5236778026835044 0.4715968065506653 0.014996063772691397 0.01586489907881269 0.94873
5 0.6073402999210734 0.26880759877175026 0.014996063772691397 0.00972365035823951 0.948242
8 0.6610101846882399 0.33175529989764585 0.014996063772691397 0.00972365035823951 0.948242
11 0.33864443756906076 0.24635375230296827 0.01667325777426993 0.016120768065506653 0.947266
18 0.33829913054459354 0.5140736786079836 0.01726518958168903 0.013817816171954964 0.946777
22 0.5516967703235991 0.5342885076765609 0.014996063772691397 0.010747178710337769 0.946777
5 0.8070243409629044 0.24795290071647902 0.014996063772691397 0.01023541453428864 0.946777
5 0.6081295153906866 0.2900461658137154 0.014996063772691397 0.00972365035823951 0.946777
21 0.6992897616416732 0.353377735926305 0.01578531965272297 0.014841344524053224 0.946289
22 0.46280597316495664 0.4325742313203685 0.014206767482241514 0.010491309723643807 0.946289
2 0.8066299352801894 0.5962129948822927 0.012233607576953433 0.01023541453428864 0.945801
7 0.7256312928176795 0.5158648925281474 0.015982643725335435 0.013817816171954964 0.945312
2 0.3783049597474349 0.6791837215967247 0.013220187529597475 0.00972365035823951 0.945312
5 0.3633583583267561 0.2493602456499488 0.014502773796369377 0.00972365035823951 0.945312
2 0.36074380426203634 0.3917604421699079 0.012628255722178374 0.01023541453428864 0.945312
2 0.7470403283346487 0.4937307185261003 0.02012628760852407 0.01023541453428864 0.944824
4 0.7648972880820837 0.6366429150460594 0.011247027624309392 0.011770733265097236 0.944824
5 0.5151932312549329 0.37052187512794266 0.014206767482241514 0.01023541453428864 0.944824
5 0.6136544277821626 0.3709057441146366 0.014206767482241514 0.00946775516888434 0.944824
5 0.4316297395422257 0.4947544564994882 0.014798739700078925 0.00997951934493347 0.944336
22 0.6328926560378848 0.43279800204708296 0.013910801578531964 0.01068321801432958 0.944336
5 0.6440410418310971 0.5752301658137154 0.01484808082083662 0.00997951934493347 0.943848
5 0.5146016227308603 0.4325742313203685 0.014206767482241514 0.01093908700102354 0.943359
0 0.443370178374112 0.616299954964176 0.022888703393843725 0.01068321801432958 0.943359
18 0.658494636148382 0.18321398567041966 0.01647593370165746 0.01586489907881269 0.942383
9 0.5228885872138911 0.5742066898669396 0.014996063772691397 0.010491309723643807 0.941895
0 0.825572318863457 0.5964687328556807 0.022888703393843725 0.010747178710337769 0.941895
5 0.7397393780584057 0.24859250767656088 0.014206767482241514 0.00972365035823951 0.941895
0 0.6227310118389897 0.390736966223132 0.023677999684293606 0.011003073899692937 0.941895
5 0.33750987466456195 0.43410944524053224 0.016031984846093132 0.010747178710337769 0.941895
5 0.8137825793212312 0.6374103909928353 0.014897381531176007 0.00972365035823951 0.941406
2 0.5063635548539858 0.39048096622313205 0.013318869771112865 0.01023541453428864 0.941406
5 0.5955012596685083 0.6156600859774821 0.015390671507498026 0.01023541453428864 0.939941
22 0.7547356842936069 0.5127942026612078 0.014601415627466457 0.00946775516888434 0.939941
2 0.8145224940805051 0.6578812200614125 0.012233607576953433 0.009851597952917093 0.939453
22 0.6416733954222573 0.33085969293756395 0.014206767482241514 0.010491309723643807 0.939453
18 0.7517760252565114 0.32714939611054245 0.018745059510655093 0.016120768065506653 0.939453
9 0.40972769692186267 0.20790684953940633 0.014798739700078925 0.010491309723643807 0.938965
13 0.4646802083662194 0.22428351279426817 0.007103383741120757 0.016632558444216988 0.938965
22 0.7107586424625099 0.2278659406345957 0.014946722651933702 0.011003073899692937 0.938965
0 0.8028806566692976 0.45317292937563974 0.022494095659037094 0.01023541453428864 0.938477
0 0.8279399652722967 0.4325742313203685 0.021310191633780583 0.01023541453428864 0.937988
2 0.6106943646408839 0.24840070419651997 0.013812159747434886 0.010491309723643807 0.937988
13 0.6973165209155485 0.286079868986694 0.00868193591160221 0.01765608679631525 0.937988
13 0.6906075832675612 0.38843401432958036 0.009471191791633781 0.016376663254861822 0.9375
9 0.696625906866614 0.698886812691914 0.014601415627466457 0.010363362128966222 0.936523
5 0.7207969944751382 0.39124870419652 0.014601415627466457 0.00997951934493347 0.936523
2 0.8614838453038673 0.39150470419651995 0.021310191633780583 0.011258969089048106 0.936523
2 0.5816889786898184 0.2479209334698055 0.012628255722178374 0.01068321801432958 0.936035
8 0.39118012312549333 0.2698310747185261 0.014601415627466457 0.00997951934493347 0.936035
18 0.47277037411207584 0.3474923561924258 0.02012628760852407 0.016632558444216988 0.936035
0 0.4905287324388319 0.4947544564994882 0.03275454333070244 0.010491309723643807 0.935547
18 0.6294642765588003 0.6747696212896622 0.017413172533543804 0.01586489907881269 0.935547
0 0.5363060584056827 0.5516889089048107 0.03157063930544594 0.016376663254861822 0.935059
11 0.5970796906077349 0.3077662395087001 0.014996063772691397 0.01688842743091095 0.93457
0 0.3687353685872139 0.4534289293756397 0.022000805682715077 0.01023541453428864 0.93457
9 0.5919495880031571 0.6574973510747185 0.01578531965272297 0.010491309723643807 0.934082
5 0.7047156685082873 0.24872063868986694 0.013022903867403315 0.00972365035823951 0.934082
0 0.6471979037095501 0.6367707840327533 0.022099447513812154 0.010491309723643807 0.933594
10 0.4893451112865036 0.16312702558853634 0.021704799368587213 0.01586489907881269 0.933594
0 0.4955602336227309 0.43270210030706246 0.021902123441199687 0.01023541453428864 0.933594
2 0.5059194443567482 0.16581358444216993 0.012233607576953433 0.010747178710337769 0.933105
5 0.4800709202841358 0.33047582395087 0.014206767482241514 0.00997951934493347 0.933105
24 0.5730072044198895 0.6173873654042988 0.0205208953433307 0.014521488638689867 0.932129
0 0.5295975248618785 0.1453430174002047 0.03157063930544594 0.010747178710337769 0.932129
13 0.7376675359116023 0.4696135271238485 0.007892639621152327 0.017528139201637667 0.931152
23 0.776144315706393 0.14380754145342886 0.012628255722178374 0.011003073899692937 0.931152
13 0.8007102131018152 0.5715198689866939 0.009076543646408839 0.019959064892528147 0.930664
8 0.4921071633780584 0.22741813715455478 0.015390671507498026 0.010555270419651996 0.930664
46 0.7813734238358326 0.5133059406345957 0.030781383425414366 0.011514838075742067 0.930176
5 0.5625493922651934 0.2686797297850563 0.014996063772691397 0.010619231115660184 0.930176
2 0.8567481483820047 0.22629849744114638 0.012628255722178374 0.010427322824974411 0.930176
14 0.35100125651144437 0.24590594882292732 0.0066594348855564325 0.016376663254861822 0.929199
22 0.3905881104972376 0.37103387512794267 0.014798739700078925 0.011258969089048106 0.929199
8 0.6300315580110497 0.37103387512794267 0.015390671507498026 0.00946775516888434 0.929199
0 0.7176154822415154 0.47338802047082906 0.032014588161010264 0.011003073899692937 0.928711
8 0.8417522462509865 0.22794585875127943 0.014996063772691397 0.01020342108495394 0.928711
22 0.4352800126282557 0.6582650890481064 0.014996063772691397 0.01023541453428864 0.928223
5 0.4271902509865825 0.14470314841351076 0.013812159747434886 0.011003073899692937 0.927734
14 0.525651043409629 0.2451382108495394 0.007103383741120757 0.016376663254861822 0.927734
5 0.5655090513022889 0.6368986530194474 0.014206767482241514 0.010747178710337769 0.927246
5 0.6801497711128651 0.4321903623336746 0.014897381531176007 0.01023541453428864 0.927246
6 0.3559095059194949 0.5969804708290686 0.014996063772691397 0.01023541453428864 0.926758
0 0.5639306203630623 0.5541197297850563 0.022888703393843725 0.010491309723643807 0.92627
5 0.8080111633780583 0.3098771258955988 0.014601415627466457 0.010747178710337769 0.92627
11 0.42423059194948703 0.2872954104401228 0.025256511444356748 0.017528139201637667 0.925781
0 0.5828730039463299 0.3702661371545547 0.022888703393843725 0.011770733265097236 0.925781
0 0.8395818026835045 0.20576381248720574 0.022494095659037094 0.010699201637666326 0.925781
13 0.40084831570639307 0.4295355087001023 0.00848461183898974 0.016952414329580348 0.925293
9 0.6858722904498816 0.5952573314227226 0.014996063772691397 0.011027049334698056 0.925293
5 0.5142068129439621 0.2899180348004094 0.014206767482241514 0.010107466939611055 0.925293
13 0.5086819005524863 0.6339560941658137 0.00828728776637727 0.01791198198567042 0.924805
5 0.4741516022099448 0.41159166427840327 0.014601415627466457 0.01023541453428864 0.924805
0 0.8563537426992897 0.698950747185261 0.022888703393843725 0.010875126305015354 0.924316
18 0.39626092501973165 0.24609775230296826 0.0180544454617206 0.015992846673490275 0.924316
13 0.5098659258089977 0.49155589764585467 0.007892639621152327 0.016376663254861822 0.923828
9 0.5576164925019732 0.6985671402251791 0.014206767482241514 0.011131021494370522 0.923828
2 0.8668115548539859 0.16453437052200615 0.012233607576953433 0.010747178710337769 0.923828
0 0.6318075958958169 0.5143936131013306 0.022888703393843725 0.009851597952917093 0.922852
4 0.8618782509865824 0.4110198698055271 0.013022903867403315 0.01380982436028659 0.922852
13 0.7691395737963693 0.16120768065506652 0.00868193591160221 0.01791198198567042 0.922852
5 0.40395628097868985 0.2902379692937564 0.014897381531176007 0.00997951934493347 0.922852
5 0.6864638989739542 0.5539918607983624 0.014206767482241514 0.00972365035823951 0.922363
24 0.48421460457774274 0.6795675905834186 0.01578531965272297 0.013050156806550665 0.922363
0 0.4016872359905288 0.45317292937563974 0.031866605209155484 0.010747178710337769 0.922363
6 0.545777452249408 0.5949335189355169 0.014996063772691397 0.00972365035823951 0.921875
9 0.856156135753749 0.6368986530194474 0.015390671507498026 0.01023541453428864 0.921875
18 0.7876875516969218 0.285568131013306 0.018153127703235992 0.016632558444216988 0.921875
10 0.8032754664561957 0.36860279222108494 0.013812159747434886 0.016632558444216988 0.921387
2 0.6172060994475138 0.16479010849539405 0.012628255722178374 0.01023541453428864 0.920898
8 0.3785518674033149 0.24923237666325487 0.014798739700078925 0.00972365035823951 0.920898
13 0.7604577995264404 0.22326003684749232 0.00828728776637727 0.01791198198567042 0.920898
38 0.34569860142067876 0.32868487205731833 0.025157869613259668 0.01791198198567042 0.920898
11 0.44731665982636143 0.3078301740020471 0.023677999684293606 0.01586489907881269 0.919434
27 0.7760457142857142 0.2081007754350051 0.009471191791633781 0.014261610644831117 0.919434
0 0.6644511318074191 0.6553065465711362 0.02409725777426993 0.013082150255885364 0.918945
5 0.38930548382004737 0.22799380962128968 0.014108125651144436 0.01023541453428864 0.918945
9 0.8622730607734808 0.2677201883316275 0.01578531965272297 0.010747178710337769 0.918457
11 0.35472588476716654 0.5326254247697032 0.014404091554853986 0.016120768065506653 0.917969
13 0.7196133733228097 0.2038126837256909 0.009471191791633781 0.01791198198567042 0.917969
4 0.6448302573007103 0.3505630460593654 0.011049743962115234 0.010747178710337769 0.917969
0 0.4370560505130229 0.6375382599795292 0.030978707498026833 0.011258969089048106 0.91748
23 0.6864145982636148 0.6574973510747185 0.012726897553275452 0.009851597952917093 0.91748
2 0.4527425666929755 0.29017403480040943 0.011641675769534333 0.00997951934493347 0.91748
0 0.41537586108918706 0.33060395496417605 0.023628658563535913 0.010491309723643807 0.91748
2 0.7379637442778216 0.5953173879222109 0.013417511602209945 0.01023541453428864 0.916504
5 0.7363853133385951 0.6363869150460594 0.014996063772691397 0.01023541453428864 0.916504
0 0.8176300552486189 0.22466738178096213 0.031669281136543014 0.015097239713408393 0.916504
6 0.6276639116022099 0.699078878198567 0.015390671507498026 0.01023541453428864 0.914062
7 0.6095107434885556 0.7013178955987718 0.01696922367797948 0.01496929211873081 0.914062
24 0.7670677316495659 0.6612079099283521 0.0205208953433307 0.018167850972364383 0.914062
9 0.4074586519337016 0.6369625875127943 0.014798739700078925 0.01023541453428864 0.913574
8 0.522494181531176 0.18641254452405323 0.014206767482241514 0.00972365035823951 0.913574
9 0.3967046314127861 0.35107478403275333 0.014996063772691397 0.010747178710337769 0.913574
0 0.39986189739542227 0.6792476560900716 0.023283351539068665 0.010747178710337769 0.913086
8 0.5808997632202052 0.4534289293756397 0.01578531965272297 0.01023541453428864 0.913086
13 0.7648972880820837 0.4291836069600819 0.00828728776637727 0.017016375025588535 0.912598
13 0.8545777048145226 0.24401857113613099 0.009076543646408839 0.01874360204708291 0.912598
23 0.4062499763220205 0.5765096417604912 0.013861500868192581 0.00972365035823951 0.911621
13 0.8161009250197315 0.5103633817809621 0.007892639621152327 0.015097239713408393 0.911621
13 0.5132203946329914 0.6750256212896623 0.00868193591160221 0.01714432262026612 0.911621
5 0.5071034696132597 0.18628467553735925 0.014996063772691397 0.010491309723643807 0.910645
18 0.4070391917916338 0.16338276356192424 0.017018564798737174 0.01586489907881269 0.909668
12 0.8526044640883977 0.35030704605936547 0.025651159589581685 0.020982593244626407 0.909668
7 0.7547356842936069 0.16645345342886386 0.01578531965272297 0.014585475537359264 0.90918
21 0.4838201988950276 0.6183469068577276 0.027229671349644834 0.01586489907881269 0.908691
2 0.866613947908445 0.14393541044012284 0.012628255722178374 0.010491309723643807 0.908691
4 0.6411306430939226 0.30955719140225174 0.009865839936858722 0.011258969089048106 0.908691
9 0.6358770866614049 0.4532368638689867 0.01504536448303078 0.009851597952917093 0.908203
9 0.6511443851617995 0.16504610849539406 0.014601415627466457 0.011258969089048106 0.908203
0 0.626282683504341 0.2688715332650973 0.022099447513812154 0.009851597952917093 0.907227
24 0.825966724546172 0.4536846673490276 0.015390671507498026 0.00921185997952917 0.906738
8 0.6590369439621152 0.5751022968270215 0.014996063772691397 0.01023541453428864 0.905273
9 0.7165547087608524 0.6365147840327533 0.014404091554853986 0.010747178710337769 0.905273
6 0.5808997632202052 0.6366429150460594 0.014996063772691397 0.010747178710337769 0.905273
18 0.5666930765588003 0.5117707267144319 0.01736387182320442 0.015609003889457523 0.904785
5 0.7639108697711129 0.4114996405322416 0.014009483820047354 0.00990756683725691 0.904785
2 0.753748861878453 0.4529171914022518 0.012233607576953433 0.00972365035823951 0.904785
18 0.4952644293606946 0.6339560941658137 0.01775847955801105 0.016376663254861822 0.903809
13 0.8502368176795579 0.2654811709314227 0.007103383741120757 0.01548105629477994 0.903809
5 0.4622139605367009 0.61668382395087 0.015193387845303866 0.010747178710337769 0.90332
5 0.7565113180741909 0.5962129948822927 0.014996063772691397 0.00997951934493347 0.90332
13 0.4096290955011839 0.24533001432958035 0.009865839936858722 0.017272270214943708 0.90332
0 0.6197709486977112 0.6371866202661208 0.030781383425414366 0.011131021494370522 0.902832
5 0.7324388318863457 0.61617182395087 0.013812159747434886 0.01023541453428864 0.901855
11 0.7480267466456196 0.2248272180143296 0.014206767482241514 0.016056807369498466 0.901367
22 0.48599064246250984 0.5550153367451383 0.014601415627466457 0.010747178710337769 0.899902
8 0.8490527924230467 0.5962129948822927 0.015390671507498026 0.01023541453428864 0.899902
18 0.840568220994475 0.24552207983623336 0.01736387182320442 0.016120768065506653 0.899902
3 0.3426400985003946 0.36860279222108494 0.023776641515390686 0.018167850972364383 0.899902
9 0.8579321736385163 0.33073182395087003 0.014206767482241514 0.00972365035823951 0.899902
2 0.8168901404893449 0.35069091504605937 0.011838999842146803 0.00997951934493347 0.899902
22 0.8575373638516179 0.5555270747185261 0.014206767482241514 0.01023541453428864 0.897461
18 0.4133779700078927 0.4094165813715456 0.017955803630623518 0.016376663254861822 0.896973
6 0.35201272928176797 0.29030190378710335 0.014897381531176007 0.00972365035823951 0.896484
8 0.7863063235990528 0.617195561924258 0.014206767482241514 0.01023541453428864 0.894043
18 0.5737964198895028 0.142784065506653 0.014996063772691397 0.013817816171954964 0.894043
8 0.681136593528019 0.1453430174002047 0.015390671507498026 0.010747178710337769 0.894043
13 0.6909037916337806 0.44936673080859774 0.00848461183898974 0.016824466734902763 0.893066
22 0.5073006724546172 0.4746032998976458 0.015390671507498026 0.010491309723643807 0.891602
2 0.7717048271507497 0.61642782395087 0.012233607576953433 0.011258969089048106 0.891602
27 0.7454618973954222 0.6189867758444217 0.011049743962115234 0.013817816171954964 0.891113
6 0.6029994127861089 0.16479010849539405 0.014206767482241514 0.00972365035823951 0.891113
0 0.3634694869771113 0.6376663909928353 0.02266672896606156 0.010747178710337769 0.890137
13 0.4752366219415944 0.4292478034800409 0.01026044767166535 0.01714432262026612 0.890137
13 0.4265982383583267 0.4095285191402252 0.007300707813733228 0.015896866325486182 0.888672
6 0.47711126124704023 0.6372825220061412 0.014601415627466457 0.010491309723643807 0.888672
11 0.8149173038674032 0.28582386898669393 0.025256511444356748 0.016632558444216988 0.888672
14 0.6562744877663773 0.4090727238485159 0.007103383741120757 0.016008830296827023 0.888184
22 0.3396803586424625 0.5350562456499488 0.014700097868981847 0.011258969089048106 0.888184
9 0.7018546108918706 0.391120835209826 0.010655095816890291 0.00946775516888434 0.88623
13 0.4565904467245462 0.45026233776867963 0.00828728776637727 0.016184754964176047 0.885742
2 0.39231444356748224 0.617195561924258 0.011740317600631413 0.010747178710337769 0.885742
0 0.6598140363062351 0.4533007983623336 0.02291339415943173 0.01023541453428864 0.885742
5 0.5588001136543015 0.4113356642784033 0.013812159747434886 0.00972365035823951 0.884766
0 0.4254142131018153 0.390864835209826 0.022888703393843725 0.012538392630501535 0.884277
6 0.7527624435674822 0.2894702313203685 0.01696922367797948 0.00972365035823951 0.884277
13 0.4936859984214681 0.1833418546571136 0.00868193591160221 0.01586489907881269 0.883301
8 0.7764405240726124 0.22709820266120778 0.014996063772691397 0.00997951934493347 0.883301
13 0.4106155138121547 0.36834705424769704 0.009076543646408839 0.01688842743091095 0.883301
4 0.8263615343330702 0.6568737277379734 0.009471191791633781 0.01148284462640737 0.882324
2 0.5935280189423836 0.22725830092118732 0.011838999842146803 0.010043506243602866 0.882324
6 0.5024663741120758 0.33063592221084953 0.015193387845303866 0.01017145383828045 0.881836
5 0.5661010639305446 0.43167862436028653 0.014996063772691397 0.010747178710337769 0.881836
9 0.7095499668508287 0.2897901658137155 0.014996063772691397 0.009595702763561923 0.880859
1 0.3434540451460142 0.6607601064483112 0.015883961483820045 0.013306025793244625 0.877441
13 0.3548612596685083 0.5120906612077789 0.013639486029992109 0.017272270214943708 0.876465
8 0.5048344246250986 0.6578812200614125 0.015193387845303866 0.010491309723643807 0.875977
32 0.3465864183109708 0.6777124421699079 0.019238349486977113 0.020982593244626407 0.875977
23 0.44741526124704023 0.4536846673490276 0.01578531965272297 0.00972365035823951 0.875977
0 0.580504953433307 0.5316019488229273 0.02604576732438832 0.014073685158648925 0.874023
5 0.35132211523283347 0.22773807164790175 0.014897381531176007 0.011258969089048106 0.874023
13 0.33378552928176797 0.4104400573183214 0.011099044672454617 0.01791198198567042 0.874023
2 0.9025254743488557 0.6962641883316274 0.01736387182320442 0.016120768065506653 0.873047
4 0.6205605682715075 0.5749744278403275 0.009865839936858722 0.011770733265097236 0.872559
14 0.6982043378058406 0.22492311975435006 0.006906059668508287 0.016376663254861822 0.872559
9 0.5453826424625099 0.6368986530194474 0.014601415627466457 0.010747178710337769 0.871582
7 0.5441990213101816 0.16926814329580347 0.025651159589581685 0.01765608679631525 0.870605
0 0.4932911886345698 0.2071391115660184 0.022494095659037094 0.010491309723643807 0.870605
10 0.5820837884767167 0.34800409416581374 0.01578531965272297 0.016376663254861822 0.869629
2 0.35831432991318074 0.6509723643807575 0.01541536227308603 0.008188331627430911 0.868652
0 0.8551697174427781 0.5138179406345957 0.021310191633780583 0.010491309723643807 0.868652
1 0.8093923914759275 0.7011897645854658 0.014996063772691397 0.01368986857727738 0.868652
0 0.5771508887134964 0.411303723234391 0.021310191633780583 0.01020342108495394 0.868164
22 0.45580123125493294 0.5959569948822928 0.014206767482241514 0.010747178710337769 0.868164
2 0.5781373070244673 0.6567298751279427 0.012233607576953433 0.012794261617195496 0.868164
13 0.6436462320441989 0.6747056867963153 0.01026044767166535 0.017528139201637667 0.867188
21 0.8385949802683504 0.26970320573183215 0.02683502320441989 0.015609003889457523 0.867188
2 0.6543016511444356 0.5135619406345957 0.02002760536700868 0.01023541453428864 0.863281
8 0.5398581341752171 0.6780963111566018 0.014206767482241514 0.01023541453428864 0.863281
10 0.606156274664562 0.5115147267144319 0.014206767482241514 0.016120768065506653 0.86084
6 0.8602998200473558 0.5348005076765608 0.014996063772691397 0.00972365035823951 0.859863
2 0.6685083378058406 0.24904031115660186 0.009076543646408839 0.010107466939611055 0.859863
18 0.3846190876085241 0.6966477952917094 0.017166547750591947 0.016120768065506653 0.858887
13 0.5382792991318074 0.3673233162743091 0.007892639621152327 0.016120768065506653 0.858887
6 0.574585635359116 0.4947544564994882 0.01578531965272297 0.009595702763561923 0.85791
13 0.42077752170481453 0.16248715660184238 0.009076543646408839 0.01893551033776868 0.85791
13 0.7085635485398579 0.368474923234391 0.008089963693764798 0.014841344524053224 0.85791
18 0.692975633780584 0.3709057441146366 0.020915543488555642 0.012282497441146366 0.855957
9 0.5055250386740332 0.6160439549641761 0.015390671507498026 0.010747178710337769 0.85498
0 0.618494706866614 0.5957012569089049 0.024676904814522494 0.010491309723643807 0.85498
6 0.7513812154696132 0.6368347185261003 0.015390671507498026 0.009851597952917093 0.85498
2 0.4265982383583267 0.37128961310133063 0.024072607419100236 0.010491309723643807 0.854004
46 0.36306255406471977 0.43321383828045035 0.03157063930544594 0.012794261617195496 0.854004
18 0.5593921262825572 0.4517655844421699 0.024861863299131808 0.013050156806550665 0.853027
9 0.4563932438831886 0.24820890071647903 0.015587995580110498 0.010747178710337769 0.852051
0 0.8000195990528808 0.4315507553735926 0.022691379321231255 0.012282497441146366 0.852051
0 0.6274663046566693 0.2894062968270215 0.022888703393843725 0.01023541453428864 0.851074
9 0.4125887545382794 0.43270210030706246 0.014009483820047354 0.010747178710337769 0.851074
5 0.5250590307813734 0.6780321146366427 0.014601415627466457 0.010747178710337769 0.849121
22 0.4713891460142068 0.4536846673490276 0.024269931491712707 0.00972365035823951 0.849121
13 0.7822612407261247 0.38843401432958036 0.007892639621152327 0.016376663254861822 0.848145
13 0.8397790055248618 0.14022511361310133 0.00868193591160221 0.017400191606960082 0.845703
4 0.6823206187845304 0.3512026530194473 0.010655095816890291 0.011514838075742067 0.845703
22 0.3438486124704025 0.6379860634595701 0.01647593370165746 0.010491309723643807 0.84375
24 0.559984138910813 0.2479209334698055 0.024467255564325177 0.011386890481064484 0.84375
22 0.615232858721389 0.473643758444217 0.014206767482241514 0.010747178710337769 0.841797
9 0.6071426929755328 0.22709820266120778 0.013812159747434886 0.010491309723643807 0.841797
10 0.7659827119179163 0.49104389764585465 0.014601415627466457 0.01714432262026612 0.84082
5 0.5966848808208366 0.45163771545547593 0.014996063772691397 0.011770733265097236 0.84082
14 0.41890288239936857 0.5935261740020471 0.007103383741120757 0.016120768065506653 0.838867
13 0.3968529376479874 0.5122824646878198 0.007300707813733228 0.01714432262026612 0.836426
0 0.42857147908445153 0.5725436069600819 0.024072607419100236 0.016632558444216988 0.835449
6 0.7973561483820047 0.6371546530194473 0.015587995580110498 0.010747178710337769 0.835449
6 0.8230070655090767 0.24808076970317297 0.014996063772691397 0.010491309723643807 0.834473
13 0.5860298658247829 0.30731843602865916 0.006314127861089187 0.016120768065506653 0.834473
4 0.7176401325966851 0.24859250767656088 0.010655095816890291 0.011514838075742067 0.834473
6 0.49822408839779003 0.2485285731832139 0.014996063772691397 0.00997951934493347 0.833496
23 0.7560183109707971 0.2684876642784033 0.012628255722178374 0.009851597952917093 0.833496
0 0.341850842620363 0.1867964135107472 0.023776641515390686 0.011258969089048106 0.831055
19 0.6848854680347277 0.6157882169907881 0.013022903867403315 0.00972365035823951 0.830078
4 0.5029597853196527 0.5143296786079836 0.018153127703235992 0.012154549846468783 0.829102
2 0.8496448050513024 0.6779681801432959 0.010655095816890291 0.00921185997952917 0.827637
14 0.44810587529597473 0.6548747267144319 0.007103383741120757 0.016376663254861822 0.82666
4 0.7474347340173638 0.4727481514841351 0.010655095816890291 0.010491309723643807 0.825684
11 0.6491711444356748 0.2864637379733879 0.01736387182320442 0.016504610849539407 0.823242
9 0.6838990497237569 0.18590080655066532 0.01578531965272297 0.011003073899692937 0.820801
2 0.6770915106550908 0.16517397748208804 0.011641675769534333 0.00946775516888434 0.819824
22 0.521112953433307 0.6580090890481064 0.014601415627466457 0.010491309723643807 0.817383
0 0.3913773259668508 0.4117195332650973 0.022296771586424624 0.011770733265097236 0.817383
4 0.5595897332280978 0.5951892569089048 0.011049743962115234 0.012026602251791198 0.816406
12 0.5451854396211523 0.6553385138178096 0.025256511444356748 0.019159412077789147 0.816406
19 0.6381217237569061 0.20649950460593652 0.012628255722178374 0.011258969089048106 0.81543
13 0.36419687450670873 0.3280769703172979 0.009964481767955802 0.016824466734902763 0.81543
6 0.3788476716653512 0.31077273285568063 0.015883961483820045 0.00972365035823951 0.813965
9 0.5095204167324389 0.5545035987717503 0.013318869771112865 0.010491309723643807 0.812988
6 0.7004733827940016 0.5542475987717502 0.013417511602209945 0.01023541453428864 0.812988
10 0.49713906866614044 0.34787622517911976 0.01637725146014207 0.016632558444216988 0.812988
8 0.6503551696921863 0.26963927123848513 0.014996063772691397 0.00997951934493347 0.806641
1 0.48273477505919493 0.25153532855680655 0.014996063772691397 0.01688842743091095 0.804199
5 0.525651043409629 0.35133052200614123 0.01578531965272297 0.00997951934493347 0.800781
2 0.6097079463299132 0.616236020470829 0.011049743962115234 0.009595702763561923 0.799316
2 0.3373865420678769 0.22888941658137152 0.013220187529597475 0.00972365035823951 0.796875
8 0.6572613101815312 0.3106448638689867 0.014601415627466457 0.00997951934493347 0.794434
13 0.48421460457774274 0.3670675783009212 0.007892639621152327 0.01765608679631525 0.794434
8 0.7346092754538279 0.5538639918116685 0.01854773543804262 0.01023541453428864 0.792969
11 0.34310873812154696 0.3483879631525077 0.027081688397790054 0.01688842743091095 0.792969
12 0.6629834254143646 0.6138688720573183 0.02683502320441989 0.017400191606960082 0.791992
6 0.6809393906866614 0.6983750747185261 0.014206767482241514 0.010747178710337769 0.788086
2 0.6535124356748224 0.5321136867963153 0.013417511602209945 0.014329580348004094 0.786621
13 0.7636146614048934 0.5715198689866939 0.009471191791633781 0.01893551033776868 0.786621
13 0.5741908255722178 0.5955971799385875 0.007892639621152327 0.01207457932446264 0.786621
6 0.3664166187845304 0.22799380962128968 0.015390671507498026 0.00997951934493347 0.786621
22 0.6858722904498816 0.22799380962128968 0.015390671507498026 0.010747178710337769 0.78418
13 0.3529498468823994 0.2589559222108495 0.006314127861089187 0.006141248720573183 0.78418
24 0.7582873559589582 0.14303980348004094 0.022494095659037094 0.00972365035823951 0.78418
38 0.6731947340173638 0.3888178833162743 0.024171289660615627 0.017400191606960082 0.78418
24 0.8362273338595106 0.4862461903787103 0.014996063772691397 0.006908908085977482 0.782715
7 0.6908051902131018 0.413510747185261 0.01657457553275454 0.014329580348004094 0.782715
8 0.37805845619573797 0.6177072998976458 0.014601415627466457 0.00972365035823951 0.78125
18 0.5319651712707182 0.5330092937563972 0.022099447513812154 0.011770733265097236 0.779785
19 0.8220206471981057 0.5545035987717503 0.013417511602209945 0.01023541453428864 0.779785
1 0.47158634885556433 0.5983878157625384 0.014601415627466457 0.014073685158648925 0.778809
13 0.859905414364641 0.43007921392016374 0.009471191791633781 0.01644062395087001 0.771973
16 0.6104971617995264 0.32970834800409415 0.0205208953433307 0.011258969089048106 0.771973
4 0.7091309108129439 0.43180649334698057 0.010704436937647988 0.011514838075742067 0.771973
14 0.49072593528018943 0.32714939611054245 0.007103383741120757 0.016120768065506653 0.770508
7 0.7876875516969218 0.5775333797338792 0.014996063772691397 0.014329580348004094 0.767578
13 0.48401740173638513 0.3468524872057318 0.007498031886345699 0.01842374616171955 0.767578
9 0.6428077966850829 0.39124870419652 0.013614835674822417 0.010747178710337769 0.766113
21 0.7790053733228098 0.4343654452405323 0.01854773543804262 0.015353134902763563 0.764648
2 0.5860298658247829 0.698950747185261 0.022099447513812154 0.012026602251791198 0.764648
2 0.6092223868666141 0.41119178546571133 0.006113732596685083 0.010843132855680657 0.763672
9 0.7320440220994475 0.20624350460593652 0.015390671507498026 0.011258969089048106 0.762207
10 0.4991119052880821 0.26597692528147393 0.014404091554853986 0.01640865670419652 0.762207
18 0.6704815785319653 0.4923233735926305 0.01736387182320442 0.013817816171954964 0.759277
14 0.3669100299921073 0.5327532937563971 0.007695355958958169 0.015353134902763563 0.759277
10 0.7627268445146014 0.6133252192425793 0.013417511602209945 0.017784034390992836 0.759277
6 0.4769140584056827 0.2694472057318321 0.022494095659037094 0.00997951934493347 0.759277
13 0.6168112896606156 0.34787622517911976 0.007892639621152327 0.016632558444216988 0.753418
13 0.5453826424625099 0.6958803193449336 0.009471191791633781 0.017400191606960082 0.750488
7 0.4810577426992897 0.18884336540429886 0.01637725146014207 0.014329580348004094 0.750488
13 0.4421861531176006 0.6754734247697032 0.007498031886345699 0.016376663254861822 0.749023
9 0.6170084925019731 0.14457527942681678 0.014601415627466457 0.010747178710337769 0.749023
6 0.6314127861089187 0.35107478403275333 0.01578531965272297 0.00972365035823951 0.747559
2 0.8202446093133385 0.4083931054247697 0.020915543488555642 0.016376663254861822 0.747559
10 0.8204418121546962 0.3274053961105425 0.013812159747434886 0.01765608679631525 0.746094
22 0.8378057647987371 0.39504901764585465 0.015390671507498026 0.004018204298874104 0.744629
6 0.5098166250986583 0.5957731046059365 0.015883961483820045 0.01053928679631525 0.744629
2 0.5850434475138121 0.2595957911975435 0.01736387182320442 0.004861825179119755 0.744629
2 0.4322217521704814 0.4534289293756397 0.013220187529597475 0.01023541453428864 0.743164
12 0.7951853007103393 0.6969037952917093 0.013812159747434886 0.01944730071647902 0.740234
0 0.7568075264404104 0.43167862436028653 0.023480675611681136 0.013306025793244625 0.73877
13 0.7006216890292029 0.6338279631525077 0.014305449723756905 0.01688842743091095 0.737305
13 0.6578533228097869 0.6949847123848515 0.00868193591160221 0.017400191606960082 0.737305
13 0.49437661247040254 0.6134211995905834 0.007103383741120757 0.01791198198567042 0.73584
9 0.4006511128650355 0.39150470419651995 0.014798739700078925 0.011258969089048106 0.73584
2 0.45876089029202843 0.16530184646878196 0.012430931649565904 0.00972365035823951 0.730957
14 0.44435659668508287 0.5933980429887411 0.007300707813733228 0.016376663254861822 0.72168
14 0.6391081420678768 0.5949654599795291 0.01026044767166535 0.010811165609007165 0.716797
13 0.8011050228887135 0.6502046264073694 0.012233607576953433 0.00972365035823951 0.715332
6 0.8093923914759275 0.18551693756397133 0.023677999684293606 0.01023541453428864 0.710449
0 0.3865430276243094 0.6379221289662231 0.0230860274664562 0.010747178710337769 0.708984
14 0.3639503709550118 0.6757933592630501 0.013417511602209945 0.016376663254861822 0.708984
18 0.5414365651144436 0.3298362169907882 0.022888703393843725 0.012026602251791198 0.705566
5 0.7227702352012628 0.35184225997952917 0.021704799368587213 0.00972365035823951 0.705566
7 0.8563537426992897 0.6188906120777892 0.025256511444356748 0.014329580348004094 0.704102
4 0.36893257142857144 0.5961928974411463 0.01006312359905288 0.01189066284544524 0.702637
2 0.5367008681925809 0.2480488024564995 0.013417511602209945 0.01093908700102354 0.702637
2 0.4309391254932912 0.4330540020470829 0.012036323914759275 0.01023541453428864 0.700684
7 0.7867007292817679 0.6584089416581371 0.01578531965272297 0.017624093346980556 0.700684
18 0.3682912580899763 0.5529683848515864 0.018745059510655093 0.016632558444216988 0.699219
9 0.5479478958168903 0.473899758444217 0.014206767482241514 0.010363362128966222 0.697754
8 0.4423837600631413 0.14521488638689867 0.015193387845303866 0.00997951934493347 0.697754
6 0.7997237947908445 0.4118474022517912 0.015193387845303866 0.010747178710337769 0.697754
6 0.7135210986582479 0.5336489007164791 0.02283940268350434 0.00972365035823951 0.695801
0 0.7231650449881609 0.653403185261003 0.03453037916337806 0.0033265064483111563 0.695801
2 0.3795382857142857 0.656457891504606 0.013417511602209945 0.012570359877175025 0.695801
2 0.37638101973164956 0.26995894370522006 0.013417511602209945 0.00972365035823951 0.695801
23 0.4717835516969219 0.5758700348004093 0.012628255722178374 0.01023541453428864 0.694336
18 0.8512232359905287 0.4727481514841351 0.02762431949486977 0.012538392630501535 0.690918
4 0.33538873180741907 0.14572662436028658 0.011049743962115234 0.011770733265097236 0.690918
12 0.7119426677190213 0.4097204536335722 0.02283940268350434 0.01819984442169908 0.689453
4 0.6095044879558011 0.2052200286591607 0.006622418942383583 0.014841344524053224 0.689453
24 0.8433306771902132 0.4452405977482088 0.014601415627466457 0.006780960491299897 0.6875
9 0.8281371681136543 0.5137537441146367 0.014206767482241514 0.00921185997952917 0.686035
9 0.7763419226519337 0.533776769703173 0.014404091554853986 0.01023541453428864 0.686035
13 0.6985005461720599 0.16223141862845447 0.014996063772691397 0.017400191606960082 0.686035
13 0.8520124514601422 0.25997966018423746 0.006314127861089187 0.0040941658137154556 0.680664
13 0.6867601073401736 0.4902124872057318 0.014502773796369377 0.01944730071647902 0.679199
24 0.7008188918705603 0.6291581248720574 0.012726897553275452 0.007036855680655067 0.677246
1 0.7015588066298343 0.6793755250767657 0.01677189960536701 0.016376663254861822 0.677246
46 0.4299527071823205 0.5143936131013306 0.03157063930544594 0.01189868085977482 0.673828
5 0.5076954822415154 0.5319855557830093 0.014996063772691397 0.015609003889457523 0.666992
6 0.829716003157064 0.6985671402251791 0.023283351539068665 0.010491309723643807 0.666992
23 0.6311044950276243 0.18551693756397133 0.012652906077348066 0.010747178710337769 0.665527
13 0.49743487292817684 0.5886642702149437 0.007892639621152327 0.00997951934493347 0.663574
23 0.8277427624309392 0.6371546530194473 0.012628255722178374 0.010491309723643807 0.656738
22 0.4812549455406472 0.2894702313203685 0.01657457553275454 0.010747178710337769 0.654785
2 0.5130227876874507 0.2052520483111566 0.013417511602209945 0.012826255066530194 0.654785
13 0.6748224656669298 0.47082906857727735 0.014601415627466457 0.01688842743091095 0.65332
4 0.6788182478295186 0.6773285731832139 0.00956983362273086 0.011770733265097236 0.65332
24 0.7064424056827151 0.17796821289662232 0.014305449723756905 0.006908908085977482 0.651367
0 0.785319501183899 0.2473772282497441 0.01775847955801105 0.00946775516888434 0.649414
23 0.7720006314127862 0.39124870419652 0.012036323914759275 0.00972365035823951 0.649414
13 0.6079876182478295 0.5511771709314227 0.0036626871665351225 0.01842374616171955 0.645996
2 0.4363654364640884 0.1865404135107472 0.014009483820047354 0.011258969089048106 0.645996
18 0.6659923851617996 0.3509466530194473 0.021112867561168112 0.011514838075742067 0.644043
2 0.6014205777426993 0.18551693756397133 0.013417511602209945 0.00972365035823951 0.640625
2 0.3436760599842147 0.4540685363357216 0.02693370544593528 0.00895599099283521 0.633301
13 0.7490135690607734 0.4086488433981576 0.015390671507498026 0.01688842743091095 0.631836
21 0.8247831033938438 0.37410430296827024 0.024467255564325177 0.014841344524053224 0.62793
4 0.44731665982636143 0.18551693756397133 0.009076543646408839 0.011258969089048106 0.625977
13 0.4311367324388319 0.2633700225179119 0.009865839936858722 0.01970316970317298 0.625977
18 0.5493291239147593 0.4286799918116684 0.018942383583267563 0.018151867349027635 0.624512
18 0.3423934333070245 0.473259889457523 0.024368573322809787 0.012794261617195496 0.622559
22 0.3667128271507498 0.7008700921187309 0.015193387845303866 0.012282497441146366 0.622559
7 0.5002959305445935 0.6804631975435005 0.015587995580110498 0.014457527942681677 0.620605
18 0.4003553086029992 0.4730041514841351 0.02624309139700079 0.012922209211873082 0.618652
4 0.6432518263614839 0.6574334165813716 0.01026044767166535 0.010875126305015354 0.618652
27 0.5641278232044199 0.353121735926305 0.01026044767166535 0.012794261617195496 0.618652
13 0.6373321041831097 0.5910950910951893 0.014206767482241514 0.018679641351074718 0.616699
18 0.755130089976322 0.5511771709314227 0.02012628760852407 0.01586489907881269 0.616699
2 0.7553276969218626 0.1848770685772774 0.011444351696921862 0.010491309723643807 0.616699
13 0.6712707940015785 0.36911453019447293 0.014206767482241514 0.015609003889457523 0.609375
6 0.7424032328334649 0.2691914677584442 0.013220187529597475 0.00895599099283521 0.607422
8 0.8358325240726125 0.28927842784032753 0.014996063772691397 0.010747178710337769 0.607422
13 0.8052487071823204 0.3482600941658137 0.007892639621152327 0.01688842743091095 0.604004
13 0.668311134964483 0.5107472507676561 0.007103383741120757 0.01688842743091095 0.602051
0 0.4901343267561168 0.5957731046059365 0.022099447513812154 0.010219430910951894 0.602051
13 0.4642858026835043 0.46890998567041964 0.00868193591160221 0.02021493387922211 0.600098
7 0.7624310402525651 0.6802071975435005 0.01657457553275454 0.014201632753326511 0.600098
13 0.6053670591949487 0.1415045895598772 0.00828728776637727 0.01791198198567042 0.598145
10 0.8287291807419099 0.20240533879222108 0.014206767482241514 0.017400191606960082 0.598145
5 0.8433306771902132 0.4129990092118731 0.023283351539068665 0.00972365035823951 0.598145
21 0.44060772217837413 0.4146622231320369 0.02012628760852407 0.01724027676560901 0.592773
6 0.5378848934490924 0.18602867553735924 0.01578531965272297 0.010747178710337769 0.592773
2 0.5390685146014207 0.4114635332650972 0.011838999842146803 0.010491309723643807 0.592773
0 0.7324388318863457 0.4114635332650972 0.014996063772691397 0.00997951934493347 0.592773
10 0.8551697174427781 0.14073685158648924 0.0205208953433307 0.016376663254861822 0.59082
13 0.6351371314917127 0.16223141862845447 0.016821240726124707 0.017400191606960082 0.588867
2 0.48835828887134963 0.4534289293756397 0.00868193591160221 0.00972365035823951 0.584961
18 0.6237174301499606 0.5330092937563972 0.025059187371744278 0.012282497441146366 0.583008
22 0.4599449155485398 0.6562181371545548 0.014206767482241514 0.013306025793244625 0.581543
13 0.3993684861878453 0.6958163848515865 0.009471191791633781 0.017400191606960082 0.581543
4 0.4698107150749803 0.16530184646878196 0.009076543646408839 0.012282497441146366 0.581543
18 0.3879242557221784 0.5522006468781986 0.01973163946329913 0.01765608679631525 0.577637
13 0.5803077505919495 0.5119625301944729 0.007892639621152327 0.016504610849539407 0.575684
4 0.4091356842936069 0.6980551402251791 0.011444351696921862 0.012794261617195496 0.575684
12 0.4151540078926598 0.49193950460593655 0.017166547750591947 0.01586489907881269 0.571777
22 0.7012630023677979 0.4945623909928352 0.011049743962115234 0.009339807574206755 0.571777
12 0.727703134964483 0.676113031729785 0.02584844325177585 0.01906345793244626 0.565918
14 0.3819059321231255 0.5959490030706244 0.007892639621152327 0.012778277993858752 0.563965
6 0.5086325998421468 0.2269703336745138 0.015094705603788476 0.010747178710337769 0.563965
19 0.39961539384372535 0.18718002047082904 0.011740317600631413 0.00997951934493347 0.558105
6 0.3646409850039463 0.4742836274309109 0.00878057774269929 0.01023541453428864 0.556641
13 0.8287291807419099 0.2238996438075742 0.01026044767166535 0.016376663254861822 0.556641
13 0.5347276274664562 0.4296314104401228 0.007892639621152327 0.017400191606960082 0.556641
4 0.4058551665351223 0.5148414165813715 0.010704436937647988 0.011003073899692937 0.554688
14 0.8249803062352011 0.2039046550665302 0.007498031886345699 0.014769392016376663 0.554688
4 0.7305641925808998 0.5323694247697032 0.009865839936858722 0.012026602251791198 0.552734
14 0.5264402588792423 0.4293756724667349 0.006314127861089187 0.016376663254861822 0.552734
5 0.6515391949486977 0.20658744073694985 0.014206767482241514 0.01207457932446264 0.550781
19 0.557221682715075 0.5745905588536336 0.013417511602209945 0.00997951934493347 0.548828
0 0.8490527924230467 0.6531474472876151 0.028018927229676402 0.003838270624360287 0.548828
13 0.5591949234411997 0.21801426407369498 0.007892639621152327 0.007164803275332652 0.548828
0 0.372533543804262 0.3512026530194473 0.030584059352801896 0.01023541453428864 0.548828
0 0.740528997632202 0.4094965518935517 0.031175991160220996 0.01548105629477994 0.546875
5 0.749210771902131 0.653531316274309 0.014601415627466457 0.0030706374616171956 0.546875
13 0.37440818310970797 0.6373784237461617 0.003946327892659826 0.01093908700102354 0.544922
2 0.6535617363851618 0.43270210030706246 0.023480675611681136 0.010747178710337769 0.542969
4 0.48579303551696923 0.5143296786079836 0.00887925998421468 0.011003073899692937 0.541016
18 0.7371745288082083 0.1629988945752303 0.019337031728492503 0.013817816171954964 0.537109
2 0.6919888113654301 0.3106448638689867 0.024664579636937647 0.00972365035823951 0.537109
24 0.5078926850828729 0.21900587758444218 0.013812159747434886 0.007292724667349027 0.535156
22 0.6779793275453828 0.33047582395087 0.014996063772691397 0.010491309723643807 0.53125
7 0.5582085051302289 0.36949839918116684 0.023283351539068665 0.019959064892528147 0.53125
14 0.6911009944751381 0.4913638321392016 0.007202065982636148 0.016248715660184238 0.529297
24 0.7649958895027625 0.3505630460593654 0.028018927229676402 0.010491309723643807 0.529297
18 0.5856354601420679 0.5954572315250768 0.011838999842146803 0.01072320327533265 0.527344
23 0.7941988823993686 0.5959569948822928 0.011444351696921862 0.01023541453428864 0.525391
2 0.6197709486977112 0.22821784237461618 0.007498031886345699 0.005629484544524053 0.523438
2 0.6103492596685083 0.5754861658137155 0.00838597000789266 0.01023541453428864 0.521484
18 0.5793213322809787 0.5742066898669396 0.022099447513812154 0.013306025793244625 0.517578
4 0.8109708224151538 0.5751022968270215 0.009865839936858722 0.010491309723643807 0.515625
8 0.4376480631412786 0.2491045076765609 0.018942383583267563 0.01023541453428864 0.511719
2 0.6008285651144436 0.4113356642784033 0.022888703393843725 0.01023541453428864 0.507812
8 0.6911009944751381 0.3947631466120778 0.007892639621152327 0.003422460593654043 0.505859
