15 0.3723856416732439 0.22324761476725521 0.030485417521704816 0.01845906559657571 0.994629
21 0.3247829771112865 0.5045479208132692 0.01657457553275454 0.016720183199571963 0.994629
29 0.3883190655090765 0.6177100567148207 0.03157063930544594 0.023542001070090957 0.993652
21 0.22553256511444356 0.45947027929373996 0.01617996779794791 0.014446234777956127 0.992676
24 0.3953234033149171 0.32035859176029957 0.013812159747434886 0.01738898833600856 0.991699
24 0.37766364640883976 0.13469763937934726 0.01578531965272297 0.017121455323702513 0.991211
21 0.4447514064719811 0.27541463456393794 0.01578531965272297 0.016318883681112895 0.990723
2 0.13545774269928965 0.6655967126805779 0.012825579794790843 0.01337613012306046 0.990723
1 0.4002567071823204 0.1341626281433922 0.01637725146014207 0.018191532584269664 0.987793
24 0.5055250386740332 0.3905831310861423 0.015390671507498026 0.01658641669341894 0.987793
11 0.28729301973164956 0.2229802461209203 0.014996063772691397 0.01765649395398609 0.986328
7 0.2115234853985793 0.252006454788657 0.01657457553275454 0.01658641669341894 0.98584
21 0.5341356148382005 0.6688067800963082 0.01736387182320442 0.016318883681112895 0.984863
11 0.33524078926598266 0.5214017335473515 0.01617996779794791 0.01765649395398609 0.984375
10 0.5015785572217838 0.5453451985018727 0.01657457553275454 0.01845906559657571 0.983398
11 0.14009483820047355 0.5454120406634564 0.014601415627466457 0.017522727447833068 0.98291
12 0.3330703456985004 0.640252986623863 0.014996063772691397 0.02232980203317282 0.981934
7 0.574585635359116 0.343900455858748 0.02604576732438832 0.017121455323702513 0.980469
11 0.3865923283346488 0.4756888175494917 0.014404091554853986 0.017589624398073836 0.97998
11 0.640884179952644 0.6395799901551631 0.014996063772691397 0.018158111503477795 0.97998
7 0.24348853038674034 0.6207864398073836 0.01578531965272297 0.01738898833600856 0.97998
1 0.6483819289660616 0.4820089630818619 0.01657457553275454 0.018191532584269664 0.979492
2 0.30682701183898975 0.3408240727661851 0.013022903867403315 0.01257355848047084 0.979004
10 0.4144633938437254 0.5687533782771536 0.01637725146014207 0.018726598608881755 0.977539
4 0.6764008966061562 0.5484215815944354 0.013417511602209945 0.0149812734082397 0.977051
11 0.6286503299131808 0.5460138940609952 0.01578531965272297 0.018191532584269664 0.977051
5 0.3551574680347277 0.2944756083467095 0.01640194222573007 0.012038519850187265 0.976562
2 0.34905307024467247 0.3646335794542536 0.013022903867403315 0.01337613012306046 0.976074
11 0.3283346487766377 0.5682183670411985 0.01578531965272297 0.018726598608881755 0.974609
2 0.5584057079715864 0.4111825703584805 0.011838999842146803 0.011771014232209739 0.973633
0 0.6698895659037095 0.22632427180310327 0.026440415469613256 0.012841091492776886 0.972656
4 0.425611820047356 0.1065409266987694 0.013022903867403315 0.015917611556982344 0.972168
2 0.3859017142857143 0.10827991867308721 0.012529613891081294 0.014312468271803103 0.971191
5 0.3547751854775059 0.1784376158373462 0.01657457553275454 0.01337613012306046 0.970703
8 0.45323597790055253 0.22525424933119317 0.01657457553275454 0.012306052862493312 0.970215
7 0.3683898595106551 0.5976459026217228 0.01617996779794791 0.017121455323702513 0.970215
5 0.14404091554853987 0.6179774253611557 0.015982643725335435 0.01257355848047084 0.970215
4 0.4698107150749803 0.43285175815944354 0.012233607576953433 0.013911168753344035 0.969727
5 0.6361484830307814 0.6209369990369181 0.01657457553275454 0.009129214767255216 0.969238
2 0.49822408839779003 0.6647606377742108 0.013417511602209945 0.01264045543071161 0.969238
5 0.13752958484609315 0.248929797752809 0.01578531965272297 0.012841091492776886 0.96875
2 0.3974942509865825 0.2253879336543606 0.012825579794790843 0.011771014232209739 0.96875
11 0.5923439936858721 0.2693952787586945 0.014996063772691397 0.017522727447833068 0.968262
5 0.31822525524861883 0.5243444323167469 0.017555013101815314 0.012841091492776886 0.967773
2 0.6041830339384373 0.1796415965757089 0.012628255722178374 0.01257355848047084 0.967773
2 0.5295975248618785 0.4111825703584805 0.013417511602209945 0.012306052862493312 0.967773
5 0.44682324861878453 0.4554575580524345 0.015587995580110498 0.01257355848047084 0.967285
4 0.6775849218626677 0.455825189941145 0.014996063772691397 0.015583208988764044 0.966309
8 0.3975928524072612 0.24946508293204925 0.01677189960536701 0.011235948207597645 0.966309
5 0.6531176258879242 0.5730337421080792 0.01657457553275454 0.011771014232209739 0.965332
2 0.12470412628255721 0.3638309256286784 0.013220187529597475 0.013108624505082933 0.965332
2 0.30623499921073405 0.13195546709470304 0.013417511602209945 0.01377742964151953 0.964355
8 0.15883961483820047 0.2021134382022472 0.017166547750591947 0.01337613012306046 0.963379
5 0.44455420363062353 0.5244783905831996 0.014996063772691397 0.012707324986623863 0.963379
10 0.5828730039463299 0.40850724023541995 0.01578531965272297 0.018191532584269664 0.963379
2 0.5795185351223363 0.6415195634028893 0.012233607576953433 0.011771014232209739 0.962891
11 0.3567480220994475 0.4523058405564473 0.014206767482241514 0.0160680886035313 0.962891
5 0.22632218468823992 0.5944355612627074 0.014206767482241514 0.012306052862493312 0.962891
5 0.25927405209155485 0.4334370105939005 0.01696922367797948 0.012907961048689139 0.961914
5 0.5004931333859511 0.1793739539860888 0.015193387845303866 0.012038519850187265 0.961426
2 0.6363456858721389 0.31855275762439805 0.013022903867403315 0.012439819368646333 0.961426
2 0.25611678610891875 0.3186195997859818 0.011049743962115234 0.013108624505082933 0.960938
10 0.12726897553275454 0.22338157303370787 0.01736387182320442 0.01845906559657571 0.960449
4 0.3301106866614049 0.17763523595505618 0.014601415627466457 0.014446234777956127 0.960449
0 0.6724544151539068 0.18057793472445158 0.02604576732438832 0.012841091492776886 0.960449
11 0.35161791949486976 0.5912252199036918 0.01578531965272297 0.018191532584269664 0.960449
2 0.4392264940805051 0.47769517817014445 0.012233607576953433 0.012506688924558588 0.958984
2 0.27190230781373326 0.3654359593365436 0.01973163946329913 0.012306052862493312 0.958984
2 0.31767963378058406 0.2019797538790797 0.011838999842146803 0.012841091492776886 0.958496
8 0.5118391665351223 0.24959876725521668 0.01617996779794791 0.011235948207597645 0.958008
5 0.6219292691397 0.26993056393793474 0.014305449723756905 0.008025689031567683 0.958008
5 0.675611681136543 0.3655699176029963 0.01736387182320442 0.013911168753344035 0.958008
5 0.6243094427782163 0.642556192188336 0.01578531965272297 0.011904753344034244 0.95752
8 0.6744276558800315 0.3191546110219369 0.01736387182320442 0.012439819368646333 0.95752
22 0.6630820268350434 0.6898743884430177 0.013812159747434886 0.012038519850187265 0.957031
19 0.4704023235990529 0.20251476511503477 0.012233607576953433 0.012306052862493312 0.956543
5 0.1250985319652723 0.5485552659176031 0.01696922367797948 0.013108624505082933 0.956543
2 0.42758465666929757 0.5944355612627074 0.013022903867403315 0.01337613012306046 0.956055
6 0.41831086977111287 0.13182178277153558 0.014206767482241514 0.01056714307116105 0.956055
6 0.30623499921073405 0.6654293333333333 0.01578531965272297 0.012038519850187265 0.955078
5 0.29893445303867405 0.5710273814874265 0.01578531965272297 0.01257355848047084 0.955078
5 0.34510658879242306 0.5711610658105939 0.01578531965272297 0.012841091492776886 0.955078
10 0.34629061404893446 0.6622524130551096 0.01578531965272297 0.01845906559657571 0.955078
8 0.36582460615627466 0.2487961134296415 0.01657457553275454 0.011235948207597645 0.95459
18 0.48322818626677183 0.29400743927233813 0.01617996779794791 0.014446234777956127 0.954102
0 0.32502960189423835 0.3646335794542536 0.025305852565114445 0.012841091492776886 0.954102
0 0.1369375722178374 0.15302307544141253 0.03472770323599053 0.019261637239165328 0.953613
13 0.13822019889502762 0.4732477089352595 0.01006312359905288 0.012306052862493312 0.953613
0 0.15390671507498027 0.3863027672552167 0.02545383551696922 0.014446234777956127 0.953125
5 0.20580096606156273 0.6201051702514714 0.01696922367797948 0.007465557196361691 0.952637
21 0.1765983772691397 0.6915629748528624 0.02683502320441989 0.02056579903691814 0.95166
18 0.6381217237569061 0.26886026752273945 0.01578531965272297 0.010165870947030498 0.95166
5 0.23914764325177584 0.5476189277688603 0.01578531965272297 0.012306052862493312 0.950195
0 0.19455393843725335 0.15569813162118779 0.02762431949486977 0.013911168753344035 0.949707
18 0.6663378942383583 0.4331026080256822 0.015390671507498026 0.014345916746923487 0.949707
8 0.3320835232833465 0.27227113536650616 0.01775847955801105 0.012707324986623863 0.949707
2 0.648184726124704 0.41144993900481536 0.011049743962115234 0.010700909577314071 0.949707
5 0.1808406629834254 0.13175494060995185 0.01637725146014207 0.013911168753344035 0.94873
5 0.6513662383583267 0.13228995184590692 0.01484808082083662 0.012038519850187265 0.94873
8 0.31965287450670876 0.3183519571963617 0.01736387182320442 0.01337613012306046 0.94873
18 0.12490132912391477 0.47485274264312466 0.01696922367797948 0.009095766292134832 0.94873
2 0.21290430939226518 0.6407169095773141 0.013022903867403315 0.013108624505082933 0.94873
21 0.5215073591160221 0.5051497742108079 0.01617996779794791 0.016318883681112895 0.948242
0 0.5907655627466457 0.43392178063135367 0.02604576732438832 0.012841091492776886 0.947754
2 0.5171664719810576 0.6186463948635633 0.011838999842146803 0.01257355848047084 0.947266
6 0.36385176953433307 0.5014044216158373 0.01657457553275454 0.012172286356340288 0.947266
2 0.18074206156274664 0.5014712637774211 0.013022903867403315 0.01337613012306046 0.947266
4 0.5958956653512234 0.6174424141252006 0.012628255722178374 0.014446234777956127 0.946777
2 0.6138146146803473 0.5484215815944354 0.013195537174427781 0.01257355848047084 0.946777
2 0.4333071760063141 0.1320894253611557 0.013614835674822417 0.011904753344034244 0.946777
13 0.2521703046566693 0.2225789192081327 0.01026044767166535 0.01765649395398609 0.946289
10 0.5635358105761642 0.5922952423756019 0.01578531965272297 0.018191532584269664 0.946289
8 0.5552484419889503 0.4554575580524345 0.01657457553275454 0.01337613012306046 0.945801
4 0.20639297868981848 0.45585861102193687 0.011838999842146803 0.012841091492776886 0.945312
2 0.6767957063930545 0.41211890850722316 0.012233607576953433 0.012306052862493312 0.944336
7 0.1260853543804262 0.6214554093097914 0.01696922367797948 0.01765649395398609 0.944336
2 0.4483030781373323 0.548287897271268 0.012628255722178374 0.012306052862493312 0.943848
5 0.36385176953433307 0.3643659368646335 0.014206767482241514 0.012306052862493312 0.943848
8 0.5836622194159431 0.5949705724986624 0.01657457553275454 0.012306052862493312 0.943359
0 0.3877270528808208 0.36409856821829856 0.02604576732438832 0.01337613012306046 0.943359
2 0.6588397411207577 0.3884430861423221 0.011049743962115234 0.011771014232209739 0.943359
22 0.4216653385951066 0.1784376158373462 0.014206767482241514 0.010700909577314071 0.942871
5 0.5132203946329914 0.27227113536650616 0.014996063772691397 0.011637247726056715 0.942871
8 0.3007104909234412 0.5947029299090423 0.01775847955801105 0.01337613012306046 0.942871
23 0.18902902604577743 0.5943018769395398 0.013614835674822417 0.012841091492776886 0.942871
7 0.38639512549329125 0.6444622621722846 0.015982643725335435 0.01658641669341894 0.942383
0 0.3297158768745067 0.2946764087747458 0.023283351539068665 0.011503481219903692 0.942383
8 0.6373321041831097 0.5726324151952916 0.014601415627466457 0.011235948207597645 0.941895
5 0.41396998263614837 0.618780079186731 0.01578531965272297 0.012841091492776886 0.941895
10 0.34451457616416736 0.4728463820224719 0.014206767482241514 0.013108624505082933 0.941895
0 0.6156276685082873 0.3187532841091493 0.025256511444356748 0.01257355848047084 0.940918
8 0.6164168839779005 0.5957732263242376 0.01736387182320442 0.012841091492776886 0.94043
2 0.6481354254143646 0.456126253611557 0.012825579794790843 0.012841091492776886 0.94043
2 0.5816889786898184 0.2491974403424291 0.012628255722178374 0.01257355848047084 0.938477
4 0.6766971049723757 0.6642590476190476 0.014996063772691397 0.015516312038523274 0.9375
5 0.37312555643251777 0.3873727897271268 0.014996063772691397 0.012306052862493312 0.9375
8 0.2415152896606156 0.4337880963081862 0.01736387182320442 0.01257355848047084 0.9375
0 0.24112088397790055 0.6653290700909577 0.025651159589581685 0.012841091492776886 0.937012
4 0.5690607229676401 0.5486892241840556 0.01026044767166535 0.014446234777956127 0.936523
0 0.4820441610102605 0.316880607811664 0.025651159589581685 0.016318883681112895 0.936523
5 0.5757696606156275 0.4553235997859818 0.01617996779794791 0.012841091492776886 0.936523
21 0.18074206156274664 0.43746655195291595 0.01696922367797948 0.016051378063135367 0.936523
2 0.6361484022099447 0.5957732263242376 0.013516193843725335 0.01337613012306046 0.936035
0 0.670086768745067 0.5032102557517388 0.02604576732438832 0.013108624505082933 0.935547
23 0.6166140868192581 0.6656635548421616 0.014601415627466457 0.011904753344034244 0.935547
0 0.37618381689029207 0.17763523595505618 0.02545383551696922 0.014446234777956127 0.935547
2 0.626282683504341 0.29507746174424826 0.012628255722178374 0.013108624505082933 0.935547
23 0.14877661247040253 0.5947029299090423 0.014798739700078925 0.011771014232209739 0.935547
5 0.2395420489344909 0.4753880278223649 0.015390671507498026 0.008025689031567683 0.935059
0 0.3910811176006314 0.2946764087747458 0.022494095659037094 0.013643663135366507 0.934082
6 0.38437258405682717 0.4111825703584805 0.014206767482241514 0.010968442589620118 0.934082
2 0.2616416985003946 0.5703584119850187 0.013417511602209945 0.013911168753344035 0.934082
4 0.2679558263614838 0.15409309791332262 0.013417511602209945 0.015516312038523274 0.933105
0 0.41229295027624313 0.6896067458533975 0.023283351539068665 0.013643663135366507 0.933105
5 0.6444358516179952 0.5494916040663457 0.014996063772691397 0.012038519850187265 0.932617
4 0.340864262667719 0.24719107972177637 0.012825579794790843 0.0149812734082397 0.932617
8 0.22928184372533542 0.4106472851792402 0.01578531965272297 0.012841091492776886 0.932617
14 0.4884568902920284 0.6617842439807383 0.006906059668508287 0.018592832102728732 0.932129
4 0.26992906708760855 0.6400482140181916 0.012628255722178374 0.0149812734082397 0.932129
2 0.46014211838989744 0.4779962418405565 0.012628255722178374 0.012439819368646333 0.931641
4 0.4756314317284924 0.5703584119850187 0.013022903867403315 0.0149812734082397 0.931152
14 0.4196920978689819 0.26725523381487426 0.00868193591160221 0.01337613012306046 0.930664
2 0.2115234853985793 0.27160243980738363 0.012628255722178374 0.012439819368646333 0.930664
0 0.5260458531965272 0.5706260545746389 0.030781383425414366 0.017121455323702513 0.928711
14 0.30978707498026836 0.6386729091492777 0.00828728776637727 0.01806614874264312 0.928223
13 0.1231256953433307 0.24558577207062599 0.011444351696921862 0.02086678052434457 0.927246
5 0.5635358105761642 0.4789325799892991 0.014996063772691397 0.01257355848047084 0.927246
6 0.6503551696921863 0.1797752808988764 0.01736387182320442 0.011771014232209739 0.927246
4 0.1623912865035517 0.432450431246656 0.013614835674822417 0.014713740395933653 0.927246
13 0.43310956906077347 0.244783392188336 0.010655095816890291 0.02086678052434457 0.926758
5 0.2865034001578532 0.2946764087747458 0.014996063772691397 0.01257355848047084 0.92627
22 0.5280190939226519 0.2491974403424291 0.014206767482241514 0.011235948207597645 0.925293
18 0.2683502320441989 0.2239165842696629 0.0205208953433307 0.0149812734082397 0.924805
2 0.3456 0.2027821337613697 0.012529613891081294 0.01257355848047084 0.924316
5 0.4713891460142068 0.3417604109149277 0.014996063772691397 0.01257355848047084 0.922852
6 0.6663378942383583 0.480337087212413 0.01617996779794791 0.012038519850187265 0.922363
22 0.45935290292028413 0.6896902985553772 0.013812159747434886 0.014145253290529696 0.922363
18 0.29715881925808996 0.3863027672552167 0.014996063772691397 0.0149812734082397 0.922363
0 0.364986089976322 0.4753880278223649 0.025059187371744278 0.008025689031567683 0.922363
5 0.4888517000789266 0.43392178063135367 0.015982643725335435 0.012038519850187265 0.922363
23 0.3420974674033149 0.2255216179775281 0.013713477505919495 0.011503481219903692 0.921875
5 0.4678374743488556 0.2953451043338684 0.01578531965272297 0.012306052862493312 0.921875
0 0.36528229834254144 0.4111825703584805 0.024269931491712707 0.012038519850187265 0.921875
13 0.5834650165745856 0.6629213825575174 0.00868193591160221 0.01738898833600856 0.920898
9 0.19317271033938435 0.5481876340288925 0.015390671507498026 0.012239155912252542 0.920898
5 0.3366220173638516 0.31808458855002675 0.01578531965272297 0.013108624505082933 0.92041
5 0.5797157379636937 0.3186195997859818 0.015390671507498026 0.01257355848047084 0.92041
2 0.2507890765588003 0.5014044216158373 0.013022903867403315 0.012038519850187265 0.919434
8 0.4605365240726125 0.5719637196361691 0.01657457553275454 0.01337613012306046 0.918945
2 0.1923834948697711 0.2487961134296415 0.013417511602209945 0.012306052862493312 0.918457
8 0.48510242146803473 0.6181113836276083 0.015587995580110498 0.012038519850187265 0.918457
2 0.6493687513812154 0.6896067458533975 0.013812159747434886 0.013509896629213484 0.918457
2 0.431531138121547 0.2696629213483146 0.012628255722178374 0.008560727661851257 0.918457
9 0.17353971270718233 0.3635632830390583 0.01578531965272297 0.012841091492776886 0.918457
5 0.29854004735595896 0.6179774253611557 0.01578531965272297 0.01257355848047084 0.918457
12 0.4435673812154696 0.6871322161583734 0.015587995580110498 0.0197966758694489 0.91748
5 0.4704023235990529 0.1535580866773676 0.014206767482241514 0.015516312038523274 0.91748
0 0.33500026645619574 0.4550562311396469 0.026329408050513026 0.012038519850187265 0.91748
7 0.5532756053670087 0.5738363959336543 0.022494095659037094 0.018191532584269664 0.915527
4 0.3870364388318864 0.523207567683253 0.013614835674822417 0.014847506902086678 0.914062
7 0.5467638705603788 0.5977795869448902 0.014996063772691397 0.01658641669341894 0.914062
6 0.31175991160220995 0.43388844173354735 0.01578531965272297 0.011503481219903692 0.914062
6 0.3650846913970008 0.2718700823970037 0.015982643725335435 0.011637247726056715 0.913574
4 0.45797167482241513 0.316880607811664 0.013022903867403315 0.015248806420545746 0.913086
4 0.16101046250986584 0.13095228678437668 0.014206767482241514 0.015516312038523274 0.912598
8 0.36947528334648777 0.6893391032637775 0.015390671507498026 0.01337613012306046 0.911621
8 0.31412796211523286 0.6183787522739433 0.014206767482241514 0.011235948207597645 0.911621
0 0.4160418247829519 0.22525424933119317 0.024861863299131808 0.012306052862493312 0.911133
0 0.17363871823204421 0.2697966056714821 0.023677999684293606 0.008293194649545211 0.910645
2 0.22928184372533542 0.6898239828785446 0.01578531965272297 0.015215357945425362 0.910645
8 0.17709138437253355 0.2487961134296415 0.01637725146014207 0.01337613012306046 0.910645
14 0.12322429676400946 0.6626537399678972 0.009471191791633781 0.019261637239165328 0.910645
0 0.5907655627466457 0.29507746174424826 0.023677999684293606 0.012038519850187265 0.909668
2 0.6663378942383583 0.595906910647405 0.013022903867403315 0.01337613012306046 0.90918
2 0.31570639305445936 0.5944355612627074 0.011838999842146803 0.012306052862493312 0.90918
5 0.26558817995264405 0.2696629213483146 0.01578531965272297 0.008560727661851257 0.908691
2 0.46112853670086823 0.5018725906902086 0.012430931649565904 0.012974857998929909 0.908203
5 0.26322012943962114 0.34149276832530767 0.014206767482241514 0.011503481219903692 0.908203
2 0.6091159337016575 0.24959876725521668 0.01026044767166535 0.010968442589620118 0.906738
22 0.3301106866614049 0.6206694660246121 0.01657457553275454 0.008594176136971643 0.905762
9 0.6783741373322809 0.6899245200642055 0.01657457553275454 0.013944617228464419 0.905762
0 0.6758088839779006 0.15569813162118779 0.028018927229676402 0.01337613012306046 0.905762
2 0.5230861941594317 0.15569813162118779 0.012628255722178374 0.012841091492776886 0.905762
0 0.199289635359116 0.361155595505618 0.025256511444356748 0.01845906559657571 0.90332
10 0.25572197632202054 0.361690606741573 0.018942383583267563 0.018191532584269664 0.902832
1 0.6187845303867403 0.43619578384162655 0.01578531965272297 0.01738898833600856 0.901855
21 0.2947907687450671 0.2754313451043338 0.01657457553275454 0.01628543520599251 0.901367
13 0.4440607924230465 0.6153023691813805 0.01006312359905288 0.0197966758694489 0.900391
2 0.41831086977111287 0.31754957731407174 0.013022903867403315 0.01257355848047084 0.900391
0 0.39660602999210737 0.17857130016051365 0.014996063772691397 0.011503481219903692 0.899902
8 0.5087312012628256 0.15556444729802033 0.01647593370165746 0.012841091492776886 0.899902
10 0.5722179889502762 0.17629757089352593 0.014601415627466457 0.01738898833600856 0.899902
4 0.24388334017363852 0.2937400706260032 0.012628255722178374 0.015516312038523274 0.899902
6 0.6743290544593528 0.6431245971107543 0.017955803630623518 0.011771014232209739 0.898438
8 0.6213497837411208 0.10781174959871588 0.01617996779794791 0.01337613012306046 0.898438
7 0.5104579384372533 0.2988228143392188 0.02762431949486977 0.018191532584269664 0.898438
9 0.33425396685082875 0.13148729802033174 0.014601415627466457 0.012038519850187265 0.897461
0 0.35595880662983426 0.3408240727661851 0.03157063930544594 0.013108624505082933 0.897461
13 0.6483819289660616 0.43121738512573565 0.009471191791633781 0.01918638501872659 0.896973
4 0.30149970639305446 0.500133872659176 0.011838999842146803 0.01417870176565008 0.896973
13 0.3105762904498816 0.38496510219368646 0.010655095816890291 0.017924026966292132 0.896484
0 0.6101027561168113 0.13175494060995185 0.024467255564325177 0.013108624505082933 0.895508
2 0.3827941531176007 0.3178837881219904 0.013417511602209945 0.012841091492776886 0.895508
18 0.6073402999210734 0.4550562311396469 0.014206767482241514 0.014446234777956127 0.895508
8 0.6609241104972375 0.5500266153023007 0.017536505130228888 0.013108624505082933 0.89502
5 0.303078137332281 0.22569305168539328 0.014996063772691397 0.012297697592295345 0.89502
18 0.5045382162588792 0.432183062600321 0.01578531965272297 0.013643663135366507 0.89502
4 0.32991307971586425 0.41011227394328514 0.011838999842146803 0.013911168753344035 0.893066
22 0.6104971617995264 0.2953451043338684 0.013812159747434886 0.012038519850187265 0.891602
18 0.3713495185477506 0.2938737549491707 0.01578531965272297 0.014713740395933653 0.891113
23 0.5280190939226519 0.3173487768860353 0.011838999842146803 0.012974857998929909 0.891113
0 0.5441990213101816 0.33855006955591227 0.023677999684293606 0.01738898833600856 0.891113
8 0.4627073717442778 0.4555912423756019 0.01657457553275454 0.012306052862493312 0.891113
8 0.5315707655880032 0.618780079186731 0.01657457553275454 0.012841091492776886 0.888184
6 0.5361088555643252 0.13175494060995185 0.01657457553275454 0.011235948207597645 0.888184
22 0.20027605367008683 0.3178169459604066 0.015390671507498026 0.013242363616907438 0.888184
22 0.3822021404893449 0.24913059818084538 0.014601415627466457 0.011771014232209739 0.888184
10 0.5024663741120758 0.45291591225254146 0.018745059510655093 0.01765649395398609 0.888184
8 0.13910801578531964 0.3647672637774211 0.014996063772691397 0.011771014232209739 0.88623
4 0.3462659636937648 0.3855003873729267 0.01317088681925809 0.015516312038523274 0.88623
2 0.4297555043409629 0.6899412306046014 0.011049743962115234 0.01377742964151953 0.884766
5 0.6505523725335438 0.5263510668806849 0.014601415627466457 0.01257355848047084 0.884277
0 0.3036701499605367 0.547752886035313 0.024072607419100236 0.012841091492776886 0.884277
18 0.6333860268350434 0.17897262707330122 0.015390671507498026 0.015516312038523274 0.883301
2 0.5199289281767956 0.3646335794542536 0.012233607576953433 0.012306052862493312 0.883301
6 0.4033149676400947 0.47819676832530766 0.01657457553275454 0.012974857998929909 0.882324
5 0.3670086314127861 0.5473515591225254 0.01736387182320442 0.013911168753344035 0.882324
6 0.4306433212312549 0.6185124365971107 0.01696922367797948 0.012841091492776886 0.881836
0 0.1687054143646409 0.5249465596575709 0.024861863299131808 0.01257355848047084 0.880859
0 0.24210730228887137 0.5690207469234886 0.023677999684293606 0.01765649395398609 0.880859
10 0.3133387466456196 0.45358488175494915 0.014206767482241514 0.017121455323702513 0.879883
9 0.2967640094711918 0.4753880278223649 0.01657457553275454 0.008025689031567683 0.879883
2 0.4404105193370166 0.6651953857677902 0.013022903867403315 0.013242363616907438 0.878906
6 0.5173636748224152 0.10874808774745853 0.01578531965272297 0.01337613012306046 0.878906
5 0.3199856947119179 0.13148729802033174 0.013910801578531964 0.011235948207597645 0.878418
0 0.22494095659037097 0.29460929266987695 0.025256511444356748 0.013509896629213484 0.878418
8 0.25473555801104975 0.6413858790797218 0.01696922367797948 0.01257355848047084 0.878418
5 0.14936862509865825 0.2942082397003745 0.015390671507498026 0.012841091492776886 0.877441
22 0.5951064498816101 0.3186195997859818 0.013417511602209945 0.011503481219903692 0.877441
6 0.398579270718232 0.4756553964686998 0.007892639621152327 0.00749065040128411 0.876465
9 0.14404091554853987 0.2257892605671482 0.015390671507498026 0.01257355848047084 0.875977
2 0.25493276085240724 0.5944355612627074 0.012233607576953433 0.012306052862493312 0.875
9 0.675611681136543 0.29547878865703586 0.01578531965272297 0.012707324986623863 0.874023
0 0.5982637158642463 0.6420712851792403 0.025651159589581685 0.01320894253611557 0.873047
6 0.33977887924230465 0.10767779133226325 0.01736387182320442 0.013108624505082933 0.872559
9 0.2707182825572218 0.3177501037988229 0.015390671507498026 0.012974857998929909 0.872559
18 0.49704006314127863 0.2671215494917068 0.01578531965272297 0.013643663135366507 0.871582
8 0.6410813827940015 0.2964151268057785 0.01578531965272297 0.012038519850187265 0.870605
13 0.44909229360694547 0.4729800663456394 0.007892639621152327 0.012841091492776886 0.870605
6 0.6356304214680347 0.4343231075441413 0.015637336700868195 0.012038519850187265 0.870605
5 0.34905307024467247 0.2715690187265918 0.015390671507498026 0.012372922418405563 0.868652
5 0.12786098816101027 0.456126253611557 0.023677999684293606 0.012306052862493312 0.868652
2 0.626205499605367 0.4760567233814874 0.01505154727703236 0.006688078758694489 0.868652
4 0.19258069771112865 0.26859289887640453 0.014009483820047354 0.010700909577314071 0.868164
13 0.37697303235990526 0.49846172284644197 0.00927386771902131 0.018325299090422686 0.868164
6 0.5434098058405683 0.5251470861423221 0.01657457553275454 0.011235948207597645 0.868164
14 0.4812549455406472 0.19983943499197432 0.007892639621152327 0.019261637239165328 0.868164
4 0.3737668697711129 0.20090945746388442 0.012726897553275452 0.014446234777956127 0.868164
13 0.6629834254143646 0.20117710005350456 0.01026044767166535 0.019261637239165328 0.867188
0 0.6550908666140489 0.3421614638844302 0.024467255564325177 0.013108624505082933 0.867188
6 0.3258065325966851 0.38764043231674694 0.019361682083662193 0.012306052862493312 0.867188
8 0.3042621625887924 0.6898072723381488 0.01736387182320442 0.015115039914392723 0.864258
6 0.5552484419889503 0.10881492990904226 0.023677999684293606 0.012707324986623863 0.864258
21 0.5668902794001579 0.2098799494917068 0.015390671507498026 0.008844971214553236 0.864258
18 0.4503749202841357 0.247132455858748 0.021310191633780583 0.015232068485821294 0.864258
4 0.4491908950276243 0.29414112359550565 0.012233607576953433 0.012841091492776886 0.864258
5 0.5469614775059195 0.31627875441412523 0.022494095659037094 0.017522727447833068 0.864258
18 0.45323597790055253 0.13068491813804173 0.01578531965272297 0.01417870176565008 0.862305
18 0.2644041546961326 0.40890856714820756 0.022099447513812154 0.015248806420545746 0.861328
5 0.13230088082083663 0.5248797174959872 0.015587995580110498 0.012707324986623863 0.861328
2 0.41396998263614837 0.4111825703584805 0.013022903867403315 0.012306052862493312 0.86084
8 0.14700097868981846 0.4336544119850187 0.01657457553275454 0.013911168753344035 0.859863
6 0.4922061689029203 0.34115828357410377 0.025651159589581685 0.014044935259497057 0.859863
11 0.2951855785319653 0.43087462728731946 0.014996063772691397 0.01813301829855538 0.858887
18 0.222178500394633 0.6163723916532905 0.01578531965272297 0.014446234777956127 0.858887
6 0.5812945730071034 0.6205733393258427 0.015390671507498026 0.008401895345104334 0.85791
5 0.409456543014996 0.20264844943820226 0.015341370797158643 0.012038519850187265 0.856934
21 0.12943941910023676 0.2976191075441412 0.024861863299131808 0.01765649395398609 0.856934
10 0.5213101562746646 0.12854459925093634 0.014206767482241514 0.018191532584269664 0.855957
6 0.2805840820836622 0.4338842504012841 0.01657457553275454 0.011712472552166934 0.855957
24 0.2628257237569061 0.6565006998394863 0.018153127703235992 0.006821817870518994 0.85498
13 0.6204123832675612 0.4536599422150883 0.010285138437253354 0.017907316425896203 0.854004
7 0.675611681136543 0.21025615580524343 0.01657457553275454 0.009597383841626539 0.854004
21 0.25887924230465664 0.5521669341894061 0.022888703393843725 0.01845906559657571 0.854004
6 0.6670778089976322 0.13242363616907438 0.015883961483820045 0.011235948207597645 0.853027
10 0.2452645682715075 0.4082395976457999 0.014996063772691397 0.01845906559657571 0.852051
22 0.5998421468034728 0.595906910647405 0.014206767482241514 0.012841091492776886 0.851074
0 0.15321610102604577 0.3174827351524879 0.022888703393843725 0.015248806420545746 0.850098
2 0.31965287450670876 0.6651953857677902 0.011838999842146803 0.012306052862493312 0.848145
14 0.49546163220205214 0.40850724023541995 0.007498031886345699 0.01765649395398609 0.847168
0 0.27545397947908445 0.4777622942750134 0.025256511444356748 0.012372922418405563 0.847168
6 0.5712311665351224 0.6656635548421616 0.015390671507498026 0.012707324986623863 0.845703
8 0.662502541436464 0.4574639186730872 0.015168697079715866 0.012306052862493312 0.844727
18 0.21902123441199686 0.19970575066880686 0.01578531965272297 0.017924026966292132 0.842773
8 0.23046546487766378 0.3408909149277689 0.014996063772691397 0.012172286356340288 0.842773
7 0.16752179321231256 0.15810581915462815 0.02683502320441989 0.018726598608881755 0.841797
4 0.6762036937647987 0.6211292798287854 0.01617996779794791 0.009513776350989834 0.841797
18 0.44376498816101023 0.3857677560192616 0.022099447513812154 0.016051378063135367 0.841797
6 0.6504784214680347 0.1563671011235955 0.024417914443567484 0.011503481219903692 0.84082
7 0.2383584277821626 0.22605662921348316 0.01578531965272297 0.01337613012306046 0.839844
8 0.2415152896606156 0.5949705724986624 0.014996063772691397 0.011771014232209739 0.839844
0 0.24861863299131806 0.6835205478865704 0.024861863299131808 0.0026752260246120916 0.839844
18 0.22099447513812154 0.5706260545746389 0.01578531965272297 0.0149812734082397 0.839844
13 0.6791633528018943 0.43166465232744783 0.009471191791633781 0.018224981059390046 0.837402
24 0.43616823362273094 0.41332261530230074 0.022099447513812154 0.017924026966292132 0.835449
4 0.1901144498816101 0.6637574574638844 0.011641675769534333 0.013911168753344035 0.834473
18 0.5516967703235991 0.6171750454788657 0.022099447513812154 0.015516312038523274 0.833496
4 0.6463595087608525 0.5002675569823435 0.021507515706393053 0.01765649395398609 0.833496
18 0.30849200189423837 0.10667461102193686 0.010778428413575375 0.01805779347244516 0.832031
14 0.14907241673243884 0.26685390690208666 0.006906059668508287 0.01417870176565008 0.831055
9 0.5637334175217049 0.22632427180310327 0.014601415627466457 0.011771014232209739 0.82666
13 0.6065510844514601 0.2667202225789192 0.012628255722178374 0.014446234777956127 0.825684
0 0.13121545698500395 0.2696629213483146 0.02663773954222573 0.008560727661851257 0.824219
9 0.36587431097079715 0.6405497493846977 0.014897381531176007 0.012439819368646333 0.823242
6 0.18350451775848461 0.6201929416800428 0.01854773543804262 0.007641127447833066 0.820801
6 0.26322012943962114 0.6203183529159978 0.01973163946329913 0.00789192252541466 0.820801
9 0.2782164356748224 0.547752886035313 0.014206767482241514 0.012038519850187265 0.819824
2 0.6156276685082873 0.6208324896736223 0.01578531965272297 0.008920223434991974 0.818848
5 0.49269917600631413 0.20251476511503477 0.014798739700078925 0.012306052862493312 0.818848
8 0.1993882367797948 0.3402890615302301 0.01637725146014207 0.01417870176565008 0.817383
8 0.6353592675611681 0.13262443659711076 0.01657457553275454 0.011904753344034244 0.816406
8 0.35990528808208366 0.20291609202782238 0.015587995580110498 0.011235948207597645 0.816406
13 0.31412796211523286 0.29193423649010164 0.007103383741120757 0.01779026046013911 0.81543
6 0.5414365651144436 0.5485552659176031 0.015390671507498026 0.012038519850187265 0.813965
14 0.11996842936069456 0.5222043873729267 0.009865839936858722 0.018726598608881755 0.813965
18 0.654104044198895 0.3170145660781166 0.022099447513812154 0.016318883681112895 0.811523
2 0.48046573007103394 0.5489231717495987 0.01775847955801105 0.012907961048689139 0.810547
8 0.5038476022099447 0.6407169095773141 0.01637725146014207 0.012841091492776886 0.810547
6 0.1525254869771113 0.5714287084002141 0.01696922367797948 0.012306052862493312 0.810547
8 0.6179953149171271 0.18004292348849651 0.014996063772691397 0.011771014232209739 0.809082
13 0.26716661089187055 0.5450107137506688 0.007892639621152327 0.01805779347244516 0.808105
8 0.5232833970007893 0.4559925692883895 0.01617996779794791 0.012038519850187265 0.806641
7 0.5311759558011049 0.43614567961476725 0.02683502320441989 0.016686734724451577 0.804199
4 0.508287090765588 0.5241439058319957 0.013022903867403315 0.01377742964151953 0.804199
12 0.16051705130228885 0.5484215815944354 0.014798739700078925 0.02247189641519529 0.803223
23 0.49141654932912393 0.24933112466559657 0.014601415627466457 0.011503481219903692 0.801758
23 0.25532757063930545 0.47769517817014445 0.014206767482241514 0.011971650294275014 0.801758
2 0.6765980994475139 0.3416264526484751 0.01617996779794791 0.012038519850187265 0.800781
6 0.28216251302288875 0.620307888282504 0.013812159747434886 0.007871020652755484 0.796875
4 0.4118981404893449 0.5459470518994115 0.01973163946329913 0.016987688817549494 0.795898
0 0.4109856732438832 0.6837881904761905 0.028462916495659036 0.002140181915462814 0.794434
5 0.21823201894238362 0.22338157303370787 0.014206767482241514 0.017121455323702513 0.792969
13 0.11720597316495658 0.6232611064740503 0.0035516959116022096 0.01377742964151953 0.792969
18 0.6369869588003158 0.10767779133226325 0.014157466771902131 0.014446234777956127 0.792969
18 0.12983422888713497 0.316613239165329 0.022888703393843725 0.015516312038523274 0.792969
18 0.20289060773480666 0.5226057142857143 0.023579317442778216 0.016318883681112895 0.792969
13 0.25769521704814524 0.10533694596040663 0.011049743962115234 0.019662909363295882 0.791992
12 0.3168904183109708 0.15569813162118779 0.014206767482241514 0.023542001070090957 0.789062
5 0.4940804041041831 0.5718297613697164 0.022099447513812154 0.013108624505082933 0.789062
6 0.34806624782951856 0.6202619205992509 0.01736387182320442 0.007779057891920814 0.786621
21 0.6201934800315706 0.36824497378277155 0.017111023835832677 0.01658641669341894 0.785156
10 0.481353546961326 0.6385768646334938 0.01637725146014207 0.018726598608881755 0.78125
2 0.39611302288871353 0.2019797538790797 0.011838999842146803 0.011235948207597645 0.78125
9 0.6404893701657458 0.3883091278758694 0.014996063772691397 0.01257355848047084 0.777344
14 0.36128651617995267 0.38469773354735154 0.00828728776637727 0.01765649395398609 0.773438
4 0.16120766535122336 0.4549893889780631 0.012628255722178374 0.014044935259497057 0.773438
0 0.6558307813733227 0.10660776886035313 0.023184669297553275 0.01578384505082932 0.771973
24 0.5465666677190214 0.2926697742108079 0.024467255564325177 0.018592832102728732 0.771973
8 0.36986968902920286 0.1074104226859283 0.017166547750591947 0.015248806420545746 0.770508
10 0.17669697868981846 0.38469773354735154 0.018942383583267563 0.019261637239165328 0.767578
13 0.6229282146803473 0.22287570936329587 0.009865839936858722 0.019069356447298017 0.767578
8 0.3262504814522494 0.248929797752809 0.017339181057616417 0.013643663135366507 0.764648
18 0.2951855785319653 0.3164792808988764 0.022099447513812154 0.015115039914392723 0.763672
8 0.23717440252565117 0.500936252541466 0.014996063772691397 0.012306052862493312 0.763672
18 0.5907655627466457 0.36302827180310326 0.022099447513812154 0.0149812734082397 0.762207
6 0.4305447198105762 0.29347242803638307 0.024467255564325177 0.013108624505082933 0.760742
2 0.3547751854775059 0.5242107479935795 0.014206767482241514 0.012841091492776886 0.759277
2 0.6482833275453828 0.47619040770465487 0.016130626677190212 0.006420545746388443 0.757812
6 0.3577348445146014 0.31741561904761906 0.025651159589581685 0.01337613012306046 0.753418
4 0.5181532943962115 0.6409844973782772 0.011444351696921862 0.014312468271803103 0.751953
1 0.19859902131018153 0.2094995518459069 0.020718219415943175 0.008084203317281968 0.751953
2 0.512430775059195 0.22525424933119317 0.022099447513812154 0.012038519850187265 0.750488
5 0.615232858721389 0.5260834242910647 0.01973163946329913 0.01257355848047084 0.747559
8 0.1474939857932123 0.4567949491706795 0.015193387845303866 0.010433376565008026 0.746094
13 0.42679544119968427 0.43017642803638306 0.009076543646408839 0.018191532584269664 0.744629
5 0.46093133385951063 0.2687934253611557 0.01617996779794791 0.017522727447833068 0.741699
14 0.554064820836622 0.5454788828250402 0.009076543646408839 0.019261637239165328 0.73877
22 0.14779019415943173 0.5248797174959872 0.013812159747434886 0.012172286356340288 0.73877
4 0.398184865035517 0.10473509256286784 0.011838999842146803 0.019529170251471373 0.73584
13 0.33664658689818466 0.3844300909577314 0.007152724861878452 0.01765649395398609 0.732422
0 0.1366417679558011 0.13242363616907438 0.03531963504340963 0.013911168753344035 0.728027
5 0.5688635201262826 0.12881224184055645 0.021704799368587213 0.017924026966292132 0.728027
4 0.1544001262825572 0.4771935880149813 0.019337031728492503 0.017121455323702513 0.728027
0 0.1525254869771113 0.6833868635634028 0.022494095659037094 0.0029427535580524348 0.728027
8 0.5534728082083662 0.2697966056714821 0.018153127703235992 0.008293194649545211 0.726562
8 0.39961539384372535 0.41037991653290534 0.015292029676400948 0.011771014232209739 0.726562
2 0.2215864877663773 0.4785312530765115 0.012233607576953433 0.01337613012306046 0.726562
18 0.4301499100236779 0.4542535773140717 0.014996063772691397 0.013643663135366507 0.723145
6 0.6347116906077348 0.41144993900481536 0.014909747119179162 0.011771014232209739 0.723145
13 0.17699278295185478 0.5476189277688603 0.01637725146014207 0.023006962439807384 0.720215
5 0.23520116179952644 0.3635632830390583 0.0205208953433307 0.013108624505082933 0.71875
20 0.25927405209155485 0.12968173782771536 0.03393844735595896 0.020465481005885498 0.715332
10 0.19652717916337806 0.4760567233814874 0.01696922367797948 0.019127870733012305 0.70752
23 0.3591160726124704 0.13182178277153558 0.022888703393843725 0.011904753344034244 0.705566
1 0.199289635359116 0.204654810058855 0.019337031728492503 0.018191532584269664 0.700684
6 0.3105762904498816 0.41144993900481536 0.025256511444356748 0.013108624505082933 0.700684
2 0.23520116179952644 0.1291467265917603 0.01026044767166535 0.00708935088282504 0.699219
22 0.34964467876874505 0.6422217896201177 0.014206767482241514 0.012907961048689139 0.699219
5 0.4003553086029992 0.5723647726056714 0.007498031886345699 0.012038519850187265 0.695801
10 0.46487781531176003 0.5456125671482076 0.01854773543804262 0.018191532584269664 0.692871
5 0.2683502320441989 0.5012038951310862 0.020915543488555642 0.01417870176565008 0.692871
8 0.3225384612470403 0.10680856928838951 0.015933302604577742 0.015516312038523274 0.690918
14 0.42245455406471977 0.36102191118245053 0.007892639621152327 0.018726598608881755 0.6875
4 0.4492894964483031 0.6390115030497593 0.01854773543804262 0.01772339090422686 0.686035
6 0.30505137805840565 0.2950106195826645 0.021310191633780583 0.01136971471375067 0.682617
24 0.5929360063141278 0.5642053718566078 0.019337031728492503 0.008025689031567683 0.680664
4 0.3993684861878453 0.523207567683253 0.009471191791633781 0.0149812734082397 0.679199
2 0.27249391633780584 0.5944355612627074 0.022494095659037094 0.01257355848047084 0.679199
4 0.5860298658247829 0.12988226431246655 0.013022903867403315 0.015248806420545746 0.675781
18 0.5469614775059195 0.4727126976993044 0.01617996779794791 0.01337613012306046 0.675781
10 0.5039462036306235 0.687265900481541 0.023283351539068665 0.02126805264847512 0.672363
24 0.4302485114443568 0.5391921583734617 0.01637725146014207 0.006420545746388443 0.67041
4 0.48076153433307023 0.592027873729267 0.01617996779794791 0.019261637239165328 0.668945
5 0.28689820994475135 0.4111825703584805 0.021310191633780583 0.01257355848047084 0.668945
8 0.5268350686661404 0.5251470861423221 0.01578531965272297 0.011503481219903692 0.662109
2 0.6301795409629045 0.6896735880149812 0.01775847955801105 0.014713740395933653 0.660156
6 0.620424708445146 0.15623314285714288 0.024738571112865038 0.01257355848047084 0.658203
4 0.2920283125493291 0.15395941359015516 0.024467255564325177 0.015248806420545746 0.656738
13 0.6082943858563535 0.2673889181380417 0.004276230465666929 0.013108624505082933 0.656738
8 0.4638909928966062 0.5949705724986624 0.01736387182320442 0.01337613012306046 0.65332
16 0.34964467876874505 0.4331194007490637 0.01578531965272297 0.01337613012306046 0.645996
4 0.127071772691397 0.3398208924558588 0.01973163946329913 0.014580001284109148 0.645996
21 0.606156274664562 0.5288924387372926 0.036306255406471984 0.017121455323702513 0.644043
7 0.5451854396211523 0.6448134574638844 0.022494095659037094 0.018291878009630818 0.644043
21 0.17205988318863458 0.34510443659711076 0.01835045177584846 0.01658641669341894 0.642578
8 0.5459746550907656 0.40797222899946495 0.01736387182320442 0.018994104226859286 0.642578
6 0.4940804041041831 0.47826388443017653 0.015982643725335435 0.01136971471375067 0.638672
6 0.3496446787687451 0.5486558031032638 0.018745059510655093 0.012907961048689139 0.638672
10 0.28393855090765585 0.5216025339753879 0.015390671507498026 0.018592832102728732 0.638672
14 0.1657457553275454 0.5687533782771536 0.00868193591160221 0.018191532584269664 0.635254
6 0.5086819005524863 0.41427150005350455 0.01617996779794791 0.006713144569288389 0.631836
9 0.2395420489344909 0.27227113536650616 0.013022903867403315 0.012439819368646333 0.631836
14 0.294396363062352 0.12887908400214018 0.00868193591160221 0.018592832102728732 0.629883
13 0.6795581625887924 0.477862557517389 0.009471191791633781 0.019261637239165328 0.629883
22 0.1702842494080505 0.4785980952380952 0.013812159747434886 0.012707324986623863 0.629883
4 0.2914362999210734 0.17750127768860352 0.012628255722178374 0.014713740395933653 0.624512
24 0.6736877411207577 0.2683252562867844 0.02012628760852407 0.011235948207597645 0.624512
6 0.22691379321231256 0.1548957517388978 0.029202831254932914 0.013911168753344035 0.622559
2 0.677486320441989 0.5262842247191012 0.01696922367797948 0.014446234777956127 0.622559
22 0.22494095659037097 0.27166928196896734 0.013417511602209945 0.012172286356340288 0.622559
5 0.15834660773480663 0.4136716738362761 0.015193387845303866 0.005513464740502943 0.618652
18 0.5027625824782952 0.6807115334403424 0.020915543488555642 0.008293194649545211 0.616699
0 0.23322792107340173 0.6409176004280364 0.02604576732438832 0.012941409523809523 0.613281
13 0.4586622888713497 0.1519530529695024 0.00887925998421468 0.0197966758694489 0.611328
22 0.3346487766377269 0.5952382150882825 0.014996063772691397 0.012306052862493312 0.611328
5 0.3827941531176007 0.34075695666131617 0.021704799368587213 0.012707324986623863 0.609375
5 0.4451458121546961 0.10794543392188335 0.01657457553275454 0.01417870176565008 0.607422
4 0.3604973007103394 0.1546281091492777 0.023381993370165745 0.015516312038523274 0.607422
12 0.28216251302288875 0.6155697378277153 0.014206767482241514 0.01765649395398609 0.607422
13 0.2861089944751381 0.2443152231139647 0.009865839936858722 0.022338157303370788 0.602051
22 0.2184292217837411 0.20708245436062064 0.013812159747434886 0.0032499809523809523 0.600098
13 0.28334653827940015 0.4695023563402889 0.007892639621152327 0.015248806420545746 0.600098
4 0.4380424688239937 0.4325843895131086 0.012628255722178374 0.0149812734082397 0.598145
22 0.18508294869771114 0.17883894275013376 0.015390671507498026 0.012841091492776886 0.596191
24 0.3888120726124704 0.5735687533440342 0.017955803630623518 0.01765649395398609 0.596191
10 0.6584453354380426 0.26972976350989836 0.014009483820047354 0.018191532584269664 0.594727
24 0.2628257237569061 0.6622524130551096 0.018942383583267563 0.017924026966292132 0.59082
4 0.38456978689818466 0.2689942257891921 0.021902123441199687 0.00989833793472445 0.59082
18 0.4782952865035517 0.6804441647940075 0.0205208953433307 0.008828260674157304 0.588867
2 0.4450472107340174 0.27019793258426966 0.015390671507498026 0.00749065040128411 0.588867
0 0.3230441168113654 0.6832531792402354 0.020792210891870562 0.00321028657035848 0.586914
8 0.6745759621152327 0.3859014403424291 0.0180544454617206 0.017924026966292132 0.586914
2 0.3453037916337806 0.413964272659176 0.014206767482241514 0.006098689780631354 0.586914
9 0.12786098816101027 0.6895399036918138 0.01696922367797948 0.015248806420545746 0.584961
24 0.4358720252565115 0.3357410551096843 0.01657457553275454 0.012841091492776886 0.584961
6 0.49713906866614044 0.47592303905832 0.006906059668508287 0.006688078758694489 0.583008
6 0.6447809970007893 0.22637440342429105 0.024763221468034727 0.011871332263242376 0.583008
4 0.42679544119968427 0.5230070411985019 0.019534315390686664 0.016853922311396468 0.581543
2 0.6448302573007103 0.2027821337613697 0.01657457553275454 0.012841091492776886 0.577637
8 0.3993684861878453 0.5952382150882825 0.009471191791633781 0.012306052862493312 0.577637
18 0.34964467876874505 0.6892722611021936 0.021704799368587213 0.016318883681112895 0.575684
13 0.6297602424625098 0.1527554328517924 0.00956983362273086 0.018994104226859286 0.575684
4 0.6591480726124704 0.618780079186731 0.01911501689029203 0.01337613012306046 0.57373
5 0.16308190055248617 0.6204939231674692 0.021112867561168112 0.008243035634028893 0.571777
4 0.5617601767955801 0.6879515805243446 0.01854773543804262 0.017355539860888173 0.571777
9 0.5121842715074981 0.6646603745318352 0.015094705603788476 0.012841091492776886 0.567871
5 0.623520227308603 0.5024076019261637 0.024467255564325177 0.014446234777956127 0.560059
6 0.16101046250986584 0.27257219903691815 0.01578531965272297 0.012239155912252542 0.560059
9 0.623914632991318 0.2030497763509898 0.01578531965272297 0.012841091492776886 0.558105
9 0.403610771902131 0.27223771428571425 0.014206767482241514 0.011971650294275014 0.558105
35 0.7020522178374112 0.3776083552701979 0.01026044767166535 0.021401819154628143 0.558105
24 0.39344916811365427 0.4582665724986624 0.014601415627466457 0.01578384505082932 0.558105
6 0.5923439936858721 0.4555912423756019 0.01578531965272297 0.01337613012306046 0.554688
1 0.5919495880031571 0.22819694810058855 0.018153127703235992 0.017924026966292132 0.552734
5 0.5181532943962115 0.3884430861423221 0.009471191791633781 0.008560727661851257 0.548828
10 0.3330703456985004 0.20010707758159443 0.01736387182320442 0.017924026966292132 0.546875
12 0.6616021973164957 0.6627876982343499 0.014206767482241514 0.01765649395398609 0.546875
4 0.12963702604577743 0.5944355612627074 0.025059187371744278 0.015516312038523274 0.546875
10 0.21625877821625886 0.4728463820224719 0.01657457553275454 0.013108624505082933 0.544922
10 0.2003750591949487 0.6387439700374532 0.019928963535911604 0.018291878009630818 0.542969
8 0.39917128334648777 0.3416264526484751 0.009471191791633781 0.01337613012306046 0.539062
8 0.5438042115232833 0.4142359696094168 0.013417511602209945 0.006642083681112894 0.537109
13 0.6069454901341752 0.5002675569823435 0.01026044767166535 0.018191532584269664 0.537109
4 0.14759258721389107 0.34075695666131617 0.011641675769534333 0.011904753344034244 0.537109
6 0.6136544277821626 0.2262239263777421 0.025256511444356748 0.012306052862493312 0.535156
4 0.3201583280189424 0.6409677594435527 0.011074394317284925 0.01628543520599251 0.533203
13 0.3660222131018153 0.3150079315141787 0.01026044767166535 0.018191532584269664 0.53125
6 0.5059687450670877 0.36490094810058854 0.01568667782162589 0.012038519850187265 0.527344
12 0.6310428287292817 0.2466560684858213 0.010852419889502763 0.018191532584269664 0.525391
13 0.5040448050513023 0.19930442375601928 0.00927386771902131 0.0197966758694489 0.521484
16 0.4185084767166535 0.2491974403424291 0.015587995580110498 0.012038519850187265 0.521484
0 0.5978689060773481 0.2465555313001605 0.018942383583267563 0.017589624398073836 0.521484
1 0.6748224656669298 0.24986613590155163 0.01736387182320442 0.023006962439807384 0.519531
5 0.4591552959747435 0.6835205478865704 0.011049743962115234 0.0026752260246120916 0.513672
8 0.28729301973164956 0.5012707372926699 0.01657457553275454 0.01377742964151953 0.513672
22 0.4364640378847671 0.22525424933119317 0.013812159747434886 0.011771014232209739 0.511719
2 0.5390685146014207 0.45565808453718565 0.014206767482241514 0.012907961048689139 0.509766
6 0.4717835516969219 0.6648943220973783 0.023677999684293606 0.012306052862493312 0.509766
24 0.4054854112075769 0.1050695773140717 0.026440415469613256 0.01939540374531835 0.509766
9 0.32754543330702446 0.4340557388978063 0.014996063772691397 0.01257355848047084 0.507812
4 0.6802487766377269 0.5947029299090423 0.014996063772691397 0.01658641669341894 0.505859
4 0.6745262573007104 0.1052701037988229 0.01578531965272297 0.01845906559657571 0.503906
23 0.24388334017363852 0.45595914820759764 0.021310191633780583 0.012239155912252542 0.501953
