1 0.3932519652722968 0.4306532341708542 0.01617996779794791 0.01507538974874372 0.994141
29 0.6097079463299132 0.42864331256281407 0.023677999684293606 0.018592958391959798 0.992676
11 0.7715076243093923 0.381783991959799 0.015982643725335435 0.016080402010050253 0.991211
29 0.3137332331491713 0.606532695477387 0.021310191633780583 0.01959799638190955 0.989746
5 0.8265587371744277 0.6351758793969849 0.015390671507498026 0.011055289246231156 0.989746
1 0.6069454901341752 0.6590451135678392 0.01657457553275454 0.015577895879396985 0.989258
7 0.7758485114443568 0.18366829346733668 0.01736387182320442 0.01507538974874372 0.989258
18 0.2870954127861089 0.3795227015075377 0.018153127703235992 0.015326629949748743 0.989258
18 0.452051952644041 0.4948492864321608 0.01657457553275454 0.014447224924623116 0.98877
5 0.7259275011838989 0.2494976 0.015390671507498026 0.011055289246231156 0.987305
21 0.3837805714285714 0.40766340502512566 0.01756115548539858 0.014572857889447236 0.987305
7 0.5181532943962115 0.3856782793969849 0.018942383583267563 0.015577895879396985 0.986328
2 0.7361877063930544 0.1358040120603015 0.013022903867403315 0.012060301507537688 0.98584
24 0.6202274247829519 0.5438443417085428 0.012800889029202843 0.01407035175879397 0.984863
11 0.39660602999210737 0.5852779545728644 0.015193387845303866 0.012766964422110554 0.984863
19 0.6365428887134964 0.7258793809045226 0.012628255722178374 0.011055289246231156 0.984863
7 0.5994473370165746 0.636180840201005 0.018153127703235992 0.01407035175879397 0.984375
7 0.49309398579321234 0.6359297286432161 0.018942383583267563 0.014572857889447236 0.98291
13 0.7302683883188634 0.6316582592964823 0.007892639621152327 0.016080402010050253 0.98291
11 0.5706391539068666 0.24648246030150753 0.01657457553275454 0.01658290814070352 0.98291
22 0.3011048966061563 0.42738698291457283 0.014996063772691397 0.011055289246231156 0.982422
18 0.4460340331491713 0.4031132172864321 0.01677189960536701 0.014816276582914572 0.980957
1 0.5678766977111287 0.29648247638190955 0.01736387182320442 0.01507538974874372 0.980957
4 0.813733278610892 0.6337626050251256 0.011444351696921862 0.011809035577889447 0.980469
5 0.6479875232833464 0.15841717386934673 0.014206767482241514 0.011557795376884422 0.980469
2 0.7095499668508287 0.43096738090452263 0.012430931649565904 0.011180896482412061 0.979004
11 0.6752168713496448 0.22336681809045228 0.015883961483820045 0.01658290814070352 0.979004
4 0.3101814806629834 0.40351749145728644 0.013417511602209945 0.013065313768844221 0.979004
2 0.4921071633780584 0.4964195055276382 0.012430931649565904 0.010929656281407034 0.978516
16 0.6720600094711917 0.6799622432160803 0.01736387182320442 0.010804023316582914 0.978516
18 0.6083267182320442 0.20113058090452263 0.01657457553275454 0.014572857889447236 0.978027
7 0.7198105761641673 0.6141959718592965 0.01854773543804262 0.01507538974874372 0.977539
5 0.6156276685082873 0.1349246070351759 0.01578531965272297 0.012060301507537688 0.977539
2 0.7916336290449881 0.22688443819095477 0.011838999842146803 0.011055289246231156 0.977539
11 0.34609300710339386 0.2668340743718593 0.014996063772691397 0.01633166793969849 0.977539
2 0.35694562904498817 0.5850503075376884 0.012628255722178374 0.011306529447236181 0.977051
7 0.4993095122336228 0.36256289447236184 0.02861089944751381 0.015577895879396985 0.977051
2 0.7467441199684294 0.7029523296482413 0.012628255722178374 0.010929656281407034 0.976074
2 0.3396556678768745 0.35967331055276386 0.01287492091554854 0.01231156743718593 0.976074
5 0.6707773827940016 0.2718593929648241 0.015390671507498026 0.010804023316582914 0.975586
12 0.63496445777427 0.5869346733668341 0.02012628760852407 0.01959799638190955 0.975098
2 0.35240713496448306 0.22248741306532663 0.021310191633780583 0.011557795376884422 0.974609
5 0.6108919715864246 0.45252824120603014 0.014996063772691397 0.01077260864321608 0.974609
22 0.7961721231254933 0.7023868140703518 0.01617996779794791 0.010301517185929648 0.974609
5 0.8488555895816889 0.22763828743718595 0.015390671507498026 0.011055289246231156 0.974609
2 0.6370301575374901 0.40548053547738694 0.013429836779794792 0.011526380703517589 0.974121
5 0.5552484419889503 0.2491206753768844 0.014996063772691397 0.010804023316582914 0.974121
2 0.4177188571428572 0.3370604060301507 0.012628255722178374 0.011557795376884422 0.974121
2 0.34767184214680347 0.4501884783919598 0.013417511602209945 0.012437174673366835 0.974121
5 0.5394633243883188 0.6334170693467337 0.01578531965272297 0.011306529447236181 0.973633
11 0.4665548476716654 0.1761305728643216 0.01617996779794791 0.015577895879396985 0.973633
4 0.320442089976322 0.19874370894472362 0.013417511602209945 0.011557795376884422 0.973633
11 0.8044594917127071 0.6546483457286432 0.01657457553275454 0.015577895879396985 0.972656
23 0.7837410702446724 0.7258793809045226 0.014206767482241514 0.011306529447236181 0.972656
5 0.33065311570639305 0.2687814753768844 0.015440012628255721 0.011809035577889447 0.972656
7 0.5734016101026045 0.4070194685427136 0.01736387182320442 0.015232411658291457 0.972168
0 0.649565954222573 0.18077896683417086 0.024861863299131808 0.011055289246231156 0.972168
2 0.5390685146014207 0.6554019376884421 0.013417511602209945 0.011306529447236181 0.97168
24 0.8020914411996843 0.6155150793969849 0.014206767482241514 0.014572857889447236 0.97168
6 0.7504933985793212 0.3629398190954774 0.01677189960536701 0.011055289246231156 0.97168
5 0.6708759842146803 0.7025754050251257 0.01578531965272297 0.010427124422110553 0.971191
21 0.6832084356748224 0.727889559798995 0.03137331523283347 0.015577895879396985 0.971191
13 0.6270718989739542 0.29195989547738693 0.009471191791633781 0.016080402010050253 0.971191
1 0.5868190812943962 0.4768214834170854 0.01578531965272297 0.015452262914572863 0.970703
11 0.568666317284925 0.6767587698492463 0.01617996779794791 0.01582913608040201 0.970703
2 0.37569080978689817 0.36017579095477387 0.013417511602209945 0.011809035577889447 0.970703
5 0.47198115864246254 0.6310302231155779 0.01696922367797948 0.01582913608040201 0.970215
10 0.415055406471981 0.22072860301507535 0.01736387182320442 0.01658290814070352 0.970215
18 0.7529596464088397 0.22412066733668343 0.01736387182320442 0.014572857889447236 0.969727
10 0.49782968271507494 0.2684673286432161 0.014996063772691397 0.01658290814070352 0.969727
5 0.4023281452249408 0.35929638592964824 0.0035516959116022096 0.012562807638190955 0.96875
11 0.5623521894238358 0.20064384643216082 0.01578531965272297 0.015358044623115578 0.96875
0 0.2845305635359116 0.5832914974874372 0.025256511444356748 0.011055289246231156 0.96875
18 0.545777452249408 0.2925879316582915 0.01657457553275454 0.014321617688442211 0.967773
18 0.5013813543804262 0.699497487437186 0.01657457553275454 0.014824123819095477 0.967285
13 0.4136741783741121 0.4933415879396985 0.007300707813733228 0.016080402010050253 0.966797
7 0.5461718579321231 0.2054020502512563 0.01657457553275454 0.015326629949748743 0.966797
18 0.4057812154696133 0.6527637226130654 0.01775847955801105 0.014824123819095477 0.966309
18 0.5461718579321231 0.22336681809045228 0.01578531965272297 0.014572857889447236 0.966309
5 0.5337412091554854 0.3600502351758794 0.014601415627466457 0.011557795376884422 0.96582
5 0.822809862667719 0.4325376 0.01578531965272297 0.011180896482412061 0.965332
5 0.6563241925808998 0.31645716582914574 0.01647593370165746 0.010050251256281407 0.965332
2 0.6349151570639305 0.36168348944723616 0.011543033938437253 0.011557795376884422 0.965332
2 0.6898183677979479 0.4529522492462312 0.012628255722178374 0.010678390351758795 0.964844
0 0.682912227308603 0.5424621989949749 0.024072607419100236 0.011557795376884422 0.964844
22 0.8354381183898973 0.1829147015075377 0.015390671507498026 0.010552757386934673 0.964844
18 0.5868190812943962 0.29133160201005026 0.01736387182320442 0.01507538974874372 0.964844
2 0.6399220483030781 0.611526367839196 0.013664176795580112 0.011118092864321607 0.964355
5 0.3764800252565115 0.38216091658291457 0.014996063772691397 0.011055289246231156 0.964355
5 0.46211535911602214 0.31601746331658287 0.01578531965272297 0.010427124422110553 0.963867
2 0.6932714380426204 0.20364324020100502 0.011444351696921862 0.010804023316582914 0.963379
5 0.5022691712707182 0.24918345326633165 0.015982643725335435 0.011306529447236181 0.963379
11 0.7574981404893449 0.20132694190954775 0.01657457553275454 0.016001878190954773 0.963379
5 0.2963691996842936 0.5608041487437186 0.014996063772691397 0.011557795376884422 0.963379
2 0.3670086314127861 0.1773869025125628 0.012628255722178374 0.012060301507537688 0.962891
2 0.5398581341752171 0.6115577567839195 0.013022903867403315 0.011055289246231156 0.962891
11 0.7312548066298342 0.5859296611055277 0.014206767482241514 0.01407035175879397 0.962891
22 0.6280583172849251 0.4303390874371859 0.014996063772691397 0.010427124422110553 0.962402
2 0.8289267876874508 0.6810930170854271 0.013417511602209945 0.0114321624120603 0.962402
5 0.40893848145224937 0.35979912361809047 0.01677189960536701 0.012060301507537688 0.962402
18 0.4477110655090765 0.42613065326633165 0.02604576732438832 0.01507538974874372 0.962402
23 0.5919495880031571 0.18040204221105527 0.013417511602209945 0.011055289246231156 0.961914
8 0.6681135280189423 0.5650753608040201 0.01657457553275454 0.011055289246231156 0.961426
22 0.440212912391476 0.5419597185929648 0.015587995580110498 0.010301517185929648 0.960449
2 0.8579321736385163 0.5439698974874372 0.014206767482241514 0.011055289246231156 0.960449
5 0.6254934680347277 0.20351768442211057 0.014996063772691397 0.011055289246231156 0.960449
2 0.6544988539857932 0.452622408040201 0.012233607576953433 0.011086678190954774 0.959961
5 0.5907655627466457 0.6123116060301508 0.014996063772691397 0.011055289246231156 0.959473
5 0.7586817616416733 0.135929567839196 0.014601415627466457 0.012060301507537688 0.959473
11 0.425611820047356 0.35703509547738693 0.01677189960536701 0.01658290814070352 0.959473
18 0.5372928808208366 0.4947865085427136 0.01696922367797948 0.014321617688442211 0.958984
6 0.5029597853196527 0.6559044180904523 0.01578531965272297 0.010552757386934673 0.958984
7 0.8484607797947908 0.6836054190954775 0.018942383583267563 0.01507538974874372 0.958984
18 0.45047352170481453 0.2914571577889447 0.01854773543804262 0.014824123819095477 0.958984
14 0.35290054617206 0.4022614190954774 0.00838597000789266 0.01658290814070352 0.958984
6 0.33820044830307816 0.4729899738693467 0.01578531965272297 0.010301517185929648 0.958984
2 0.6610101846882399 0.7256280120603015 0.012628255722178374 0.011055289246231156 0.958008
7 0.6156644823993686 0.6824121246231155 0.018621726913970005 0.01582913608040201 0.958008
11 0.6073402999210734 0.17763827135678392 0.01578531965272297 0.01507538974874372 0.958008
0 0.8551697174427781 0.1335427216080402 0.03393844735595896 0.018592958391959798 0.958008
6 0.44258096290449883 0.3605527155778895 0.01578531965272297 0.010552757386934673 0.958008
22 0.7238556590370955 0.4974875015075377 0.014798739700078925 0.010175884221105528 0.95752
18 0.6490725430149961 0.6533292381909548 0.01647593370165746 0.014321617688442211 0.95752
10 0.3257695166535122 0.15087945326633165 0.01504536448303078 0.017839186331658295 0.95752
2 0.5578136953433307 0.4301507537688442 0.012628255722178374 0.011557795376884422 0.95752
2 0.30445936543014995 0.5843475296482412 0.013417511602209945 0.010906088844221106 0.957031
18 0.6709745856353592 0.6543969768844221 0.01667325777426993 0.014321617688442211 0.957031
2 0.7399369850039463 0.5663316904522614 0.013614835674822417 0.011306529447236181 0.956543
9 0.5193369155485399 0.6555277507537688 0.01578531965272297 0.011306529447236181 0.956543
2 0.7452642904498816 0.7256280120603015 0.014996063772691397 0.01231156743718593 0.956543
2 0.3792917821625888 0.6775126190954773 0.013022903867403315 0.01193466854271357 0.956055
2 0.6694947561168114 0.18115589145728644 0.012825579794790843 0.011055289246231156 0.956055
0 0.32004728018942386 0.36017579095477387 0.024861863299131808 0.011557795376884422 0.956055
1 0.6811365935280189 0.49912049849246237 0.01578531965272297 0.01582913608040201 0.955566
22 0.4645816069455407 0.24886930653266331 0.01578531965272297 0.011306529447236181 0.955566
23 0.623051506866614 0.4052763015075377 0.013121545698500395 0.011306529447236181 0.955566
8 0.35161791949486976 0.17688442211055277 0.01736387182320442 0.01231156743718593 0.955078
2 0.4281766692975532 0.1560300703517588 0.013022903867403315 0.012562807638190955 0.955078
0 0.5441990213101816 0.3144472442211055 0.03314915106550908 0.014321617688442211 0.955078
2 0.4627073717442778 0.5190954452261306 0.013022903867403315 0.012060301507537688 0.95459
10 0.6752168713496448 0.13241194773869347 0.018153127703235992 0.017587946130653266 0.95459
0 0.3542324735595896 0.20062810050251256 0.024861863299131808 0.011557795376884422 0.95459
13 0.6274663046566693 0.22386929849246232 0.009471191791633781 0.017085414271356784 0.95459
9 0.31708762115232836 0.1761305728643216 0.014996063772691397 0.012562807638190955 0.954102
2 0.5355168429360694 0.4743718592964824 0.012628255722178374 0.011055289246231156 0.954102
9 0.6616021973164957 0.4743090814070352 0.01775847955801105 0.0114321624120603 0.954102
5 0.5104579384372533 0.6341709185929649 0.015390671507498026 0.011055289246231156 0.954102
5 0.46191775217048153 0.655841640201005 0.01657457553275454 0.010678390351758795 0.954102
5 0.6457182358326755 0.6800250211055276 0.016426592580899763 0.011557795376884422 0.954102
22 0.47967651460142063 0.6103014271356784 0.014996063772691397 0.010301517185929648 0.953125
2 0.39088391475927386 0.632035183919598 0.013417511602209945 0.011683428341708543 0.953125
13 0.7559193054459353 0.6774498412060301 0.00887925998421468 0.01796481929648241 0.953125
8 0.3547751854775059 0.35967331055276386 0.01657457553275454 0.01231156743718593 0.953125
5 0.7293805714285714 0.38391972663316587 0.01677189960536701 0.011557795376884422 0.953125
9 0.5447910339384373 0.13363688844221105 0.01696922367797948 0.01212310512562814 0.952637
0 0.8549725146014207 0.29623110753768844 0.027229671349644834 0.01193466854271357 0.952637
4 0.5548540363062352 0.6326318311557788 0.014996063772691397 0.01231156743718593 0.95166
22 0.5670874822415154 0.7026381829145729 0.015390671507498026 0.010301517185929648 0.95166
11 0.7680545540647198 0.6780778773869347 0.015982643725335435 0.01620603497487437 0.95166
5 0.2993292628255722 0.357537575879397 0.014601415627466457 0.015577895879396985 0.95166
6 0.6821230118389897 0.4306218452261306 0.01696922367797948 0.010992459899497488 0.951172
12 0.5374900836621941 0.5389448361809045 0.02683502320441989 0.01658290814070352 0.951172
18 0.41988930071033936 0.12914569648241206 0.01973163946329913 0.017336680201005025 0.951172
9 0.6692975532754538 0.4526381025125628 0.01657457553275454 0.011180896482412061 0.950195
8 0.7613456164167325 0.7038945125628141 0.01677189960536701 0.011055289246231156 0.950195
13 0.5749804451460142 0.19949758391959801 0.007892639621152327 0.018592958391959798 0.950195
2 0.48322818626677183 0.271608024120603 0.014206767482241514 0.011809035577889447 0.950195
22 0.7865035264404104 0.4324120442211056 0.014996063772691397 0.010301517185929648 0.950195
0 0.36740344119968427 0.49497484221105525 0.024467255564325177 0.010804023316582914 0.950195
6 0.6716651996842936 0.5199748502512563 0.01657457553275454 0.010804023316582914 0.949707
18 0.6875493228097869 0.7005024482412061 0.01696922367797948 0.01507538974874372 0.949707
6 0.3822514411996843 0.15489955376884423 0.01608128555643252 0.011306529447236181 0.949707
13 0.3690311728492502 0.2195980864321608 0.00828728776637727 0.018090452261306532 0.949707
0 0.3611386140489345 0.5603014110552764 0.03275454333070244 0.016080402010050253 0.949219
18 0.41712724861878453 0.17650749748743716 0.01617996779794791 0.015326629949748743 0.949219
5 0.565903861089187 0.56457288040201 0.013417511602209945 0.011055289246231156 0.94873
11 0.8125492533543804 0.4969850211055276 0.01696922367797948 0.015703528844221104 0.94873
13 0.5370956779794791 0.17688442211055277 0.012628255722178374 0.01582913608040201 0.94873
5 0.6846882651933701 0.38304032160804025 0.014206767482241514 0.010552757386934673 0.94873
8 0.34964467876874505 0.6075690452261306 0.01736387182320442 0.011243725829145729 0.947266
2 0.48677985793212314 0.3160804984924623 0.013022903867403315 0.011055289246231156 0.947266
5 0.5120363693764799 0.56457288040201 0.014996063772691397 0.011055289246231156 0.946777
18 0.5546568334648776 0.6093278552763819 0.01657457553275454 0.01507538974874372 0.946777
13 0.6858722904498816 0.6771984723618091 0.00868193591160221 0.01796481929648241 0.946777
9 0.8028806566692976 0.43190956381909545 0.01617996779794791 0.011809035577889447 0.946777
5 0.701657408050513 0.5424621989949749 0.011049743962115234 0.010552757386934673 0.946289
13 0.6838990497237569 0.6539572743718594 0.007892639621152327 0.01658290814070352 0.946289
12 0.3326755359116022 0.5360552522613066 0.02604576732438832 0.016834174070351756 0.946289
0 0.5207181436464089 0.6099245025125628 0.023283351539068665 0.011055289246231156 0.945801
5 0.7931134585635359 0.18266333266331658 0.015587995580110498 0.010552757386934673 0.945801
2 0.29360674348855564 0.1286118271356784 0.013417511602209945 0.013630649246231155 0.944824
8 0.49112074506708764 0.7243719396984925 0.01775847955801105 0.011809035577889447 0.944824
5 0.583267409629045 0.22562810854271356 0.014996063772691397 0.011557795376884422 0.944824
5 0.75424227308603 0.40653263115577887 0.014996063772691397 0.011809035577889447 0.944824
5 0.29557998421468035 0.4030150110552764 0.01578531965272297 0.011055289246231156 0.944336
0 0.4427781657458563 0.2688442532663317 0.03275454333070244 0.01658290814070352 0.943848
7 0.3970008397790055 0.6804019457286432 0.014206767482241514 0.015577895879396985 0.943359
22 0.44376498816101023 0.24748742110552763 0.01657457553275454 0.010804023316582914 0.943359
6 0.4467246471981058 0.5189698894472362 0.01696922367797948 0.011055289246231156 0.942871
13 0.6649566661404893 0.20122487638190956 0.010655095816890291 0.016394471557788948 0.942871
16 0.37174432833464877 0.6520729085427136 0.030781383425414366 0.015954769045226132 0.942383
5 0.5307815501183899 0.40628151959798997 0.01617996779794791 0.011557795376884422 0.942383
5 0.43212315074980273 0.7241205708542713 0.01578531965272297 0.011306529447236181 0.941895
9 0.6892263551696922 0.5191268341708543 0.01578531965272297 0.011494966030150754 0.941406
9 0.8016970355169692 0.24974871155778894 0.01657457553275454 0.011557795376884422 0.941406
0 0.5118391665351223 0.225251183919598 0.024861863299131808 0.01231156743718593 0.940918
0 0.39384357379636936 0.47054009246231154 0.0205208953433307 0.015200996984924624 0.940918
8 0.6866615059194949 0.271608024120603 0.01657457553275454 0.011557795376884422 0.94043
0 0.7340172628255722 0.4064070753768844 0.023677999684293606 0.011306529447236181 0.94043
11 0.8048538973954223 0.5190640562814071 0.01617996779794791 0.015640699497487438 0.939941
9 0.6400945603788477 0.22562810854271356 0.014996063772691397 0.012060301507537688 0.939941
0 0.650947182320442 0.5195665366834171 0.023677999684293606 0.010615586733668341 0.939453
5 0.6519336006314128 0.38316587738693464 0.014206767482241514 0.011306529447236181 0.939453
0 0.7744672833464877 0.40703511155778893 0.024072607419100236 0.010552757386934673 0.939453
10 0.48756907340173633 0.3344221909547739 0.014996063772691397 0.01507538974874372 0.938965
5 0.6596168334648776 0.22578505326633166 0.015218038200473561 0.01136935879396985 0.938477
5 0.7048146740331491 0.18140700301507537 0.004735616101026046 0.010804023316582914 0.937988
7 0.8385949802683504 0.25125615276381913 0.01736387182320442 0.012060301507537688 0.937988
13 0.7032358389897395 0.24623109145728642 0.007892639621152327 0.017587946130653266 0.937012
2 0.8618782509865824 0.31959811859296483 0.014206767482241514 0.010552757386934673 0.937012
11 0.8389897900552487 0.7016332221105528 0.01736387182320442 0.015577895879396985 0.936523
2 0.7856157095501184 0.15929657889447238 0.013614835674822417 0.012060301507537688 0.936523
5 0.40370937332280976 0.38266339698492463 0.014601415627466457 0.011306529447236181 0.936523
9 0.3620757316495659 0.7233667216080403 0.01578531965272297 0.011557795376884422 0.936035
22 0.6081295153906866 0.40552767035175885 0.01578531965272297 0.010552757386934673 0.936035
5 0.580110547750592 0.5192210010050251 0.014996063772691397 0.011306529447236181 0.935547
0 0.5043410134175218 0.42914579296482414 0.023677999684293606 0.010552757386934673 0.935547
2 0.4868784593528019 0.40553155537688446 0.013417511602209945 0.011864017688442212 0.935059
6 0.5183504972375691 0.2489948623115578 0.01578531965272297 0.011557795376884422 0.935059
1 0.45599843409629043 0.45395721005025125 0.01677189960536701 0.01582913608040201 0.93457
9 0.31758091112865033 0.5154522693467336 0.015957952959747435 0.011055289246231156 0.93457
9 0.45599843409629043 0.22412066733668343 0.01677189960536701 0.011055289246231156 0.933594
13 0.6543016511444356 0.7006282613065327 0.011838999842146803 0.017085414271356784 0.933105
2 0.6749210670876086 0.2492462311557789 0.012036323914759275 0.011055289246231156 0.933105
2 0.32754543330702446 0.4280150190954774 0.011838999842146803 0.010804023316582914 0.933105
10 0.6487767387529597 0.35929638592964824 0.014996063772691397 0.017085414271356784 0.932129
7 0.5078433843725336 0.5899498130653267 0.02693370544593528 0.014824123819095477 0.931641
2 0.49585644198895024 0.678643135678392 0.011444351696921862 0.010804023316582914 0.931641
14 0.649565954222573 0.7231156100502513 0.009471191791633781 0.01658290814070352 0.931641
2 0.5313731586424626 0.22487425929648241 0.012233607576953433 0.010804023316582914 0.931641
22 0.4307419226519337 0.22437177889447235 0.014996063772691397 0.010552757386934673 0.931152
2 0.36863636306235203 0.4047738211055276 0.013417511602209945 0.011055289246231156 0.931152
5 0.5520915801104972 0.6796483537688441 0.014996063772691397 0.011180896482412061 0.930664
22 0.5852406503551697 0.6561557869346734 0.01696922367797948 0.010804023316582914 0.930176
0 0.5520915801104972 0.40502518994974873 0.024467255564325177 0.011055289246231156 0.930176
9 0.5112471539068666 0.5419597185929648 0.01617996779794791 0.011055289246231156 0.929199
13 0.5017757600631413 0.6074121005025126 0.009865839936858722 0.016080402010050253 0.929199
0 0.8338596874506707 0.6576632281407035 0.024467255564325177 0.011306529447236181 0.929199
0 0.5055743393843726 0.40678400000000003 0.024368573322809787 0.012060301507537688 0.929199
2 0.3914759273875296 0.5625627015075377 0.012233607576953433 0.010050251256281407 0.929199
0 0.6555099226519338 0.40552767035175885 0.024121948539857933 0.011557795376884422 0.928223
13 0.7279007419100236 0.1556531457286432 0.00828728776637727 0.017587946130653266 0.927246
21 0.3634569597474349 0.4527639155778894 0.01736387182320442 0.014824123819095477 0.927246
24 0.48914750434096294 0.22525915979899497 0.01617996779794791 0.01380339135678392 0.926758
5 0.6657458816101025 0.4304021226130653 0.014996063772691397 0.011055289246231156 0.926758
7 0.29755322494080505 0.2017352297487437 0.030781383425414366 0.017320985728643216 0.92627
0 0.34569860142067876 0.42763809447236184 0.023480675611681136 0.011055289246231156 0.92627
9 0.4976320757695343 0.45150758592964824 0.015390671507498026 0.011683428341708543 0.925781
5 0.366614225730071 0.6081973386934673 0.01657457553275454 0.011118092864321607 0.925781
5 0.535319640094712 0.2492462311557789 0.01617996779794791 0.011557795376884422 0.925781
13 0.4386344814522494 0.3130025809045226 0.009076543646408839 0.015452262914572863 0.925781
5 0.42738745382794 0.42587928442211054 0.01578531965272297 0.015577895879396985 0.925781
6 0.6992897616416732 0.4969219859296482 0.01578531965272297 0.011055289246231156 0.925293
22 0.7728888524072612 0.5660803216080402 0.01617996779794791 0.010552757386934673 0.925293
6 0.36306255406471977 0.26984921407035173 0.01775847955801105 0.011055289246231156 0.925293
6 0.8545777048145226 0.3879395698492462 0.018153127703235992 0.011055289246231156 0.924805
9 0.32754543330702446 0.44981155376884424 0.01578531965272297 0.0114321624120603 0.924805
22 0.49467241673243884 0.541708607035176 0.015390671507498026 0.010552757386934673 0.924316
0 0.5761640662983425 0.4298993849246231 0.022888703393843725 0.011055289246231156 0.924316
0 0.7282951475927387 0.43143847236180904 0.024861863299131808 0.011055289246231156 0.92041
22 0.7599643883188635 0.24974871155778894 0.015587995580110498 0.011557795376884422 0.92041
4 0.6574585130228887 0.2711683216080402 0.011049743962115234 0.012060301507537688 0.92041
0 0.38121531807419096 0.5399497969849246 0.03157063930544594 0.012060301507537688 0.92041
13 0.3366220173638516 0.19698492462311556 0.009471191791633781 0.01658290814070352 0.919434
13 0.7039264530386741 0.6087939859296482 0.00868193591160221 0.01658290814070352 0.918945
4 0.5497239337016575 0.5630654391959798 0.011838999842146803 0.014572857889447236 0.918457
6 0.3533939573796369 0.5394473165829146 0.015390671507498026 0.010804023316582914 0.918457
18 0.3951262004735596 0.19936009005025127 0.024269931491712707 0.012790506130653268 0.917969
22 0.39226514285714287 0.4512562170854271 0.014206767482241514 0.009924618291457287 0.917969
13 0.4091356842936069 0.4003767959798995 0.00848461183898974 0.020351768442211055 0.91748
22 0.7411206061562747 0.20364324020100502 0.015587995580110498 0.011055289246231156 0.916504
11 0.42393438358326757 0.3795227015075377 0.025651159589581685 0.01633166793969849 0.916504
6 0.30031568113654306 0.5158291939698493 0.01696922367797948 0.010804023316582914 0.916504
24 0.7966655343330702 0.39983510512562814 0.018153127703235992 0.006485547738693468 0.916016
6 0.8551697174427781 0.47977384522613065 0.01775847955801105 0.011055289246231156 0.916016
7 0.4563932438831886 0.1582913608040201 0.018153127703235992 0.01507538974874372 0.916016
0 0.7808800126282558 0.24974871155778894 0.025059187371744278 0.011557795376884422 0.916016
7 0.5822809913180742 0.5669597266331657 0.01736387182320442 0.014824123819095477 0.915527
13 0.4743488050513022 0.6757538090452262 0.00868193591160221 0.016080402010050253 0.915039
2 0.5712311665351224 0.6340451055276382 0.013022903867403315 0.011306529447236181 0.914062
7 0.41456199526440407 0.7261307497487437 0.01736387182320442 0.01507538974874372 0.914062
9 0.30741902446724545 0.5383165427135679 0.01617996779794791 0.011306529447236181 0.914062
13 0.5588001136543015 0.22185937688442212 0.007892639621152327 0.018592958391959798 0.913574
24 0.4713891460142068 0.6256282371859296 0.01617996779794791 0.0059045177889447235 0.913086
0 0.6913972028413575 0.6314071477386934 0.02604576732438832 0.01507538974874372 0.913086
12 0.5122828729281769 0.31507528040201005 0.029893445303867405 0.01959799638190955 0.913086
2 0.523875409629045 0.2713569125628141 0.013417511602209945 0.01193466854271357 0.912598
0 0.5730072044198895 0.3135678391959799 0.024467255564325177 0.014824123819095477 0.912598
13 0.7382595485398579 0.22437177889447235 0.009471191791633781 0.01658290814070352 0.911133
2 0.8429362715074981 0.7251255316582915 0.014996063772691397 0.011306529447236181 0.910645
1 0.3651339921073402 0.15678391959798996 0.01608128555643252 0.01658290814070352 0.909668
13 0.6724051144435674 0.3798993688442211 0.010556413575374901 0.017587946130653266 0.90918
0 0.6238654131018153 0.38027629346733666 0.03472770323599053 0.015326629949748743 0.908691
5 0.45086833149171274 0.38266339698492463 0.02584844325177585 0.011306529447236181 0.908203
13 0.650947182320442 0.20025117587939698 0.009125884767166534 0.017587946130653266 0.907227
18 0.8484607797947908 0.2015075055276382 0.01657457553275454 0.014824123819095477 0.907227
6 0.454814408839779 0.6334170693467337 0.01657457553275454 0.011055289246231156 0.906738
5 0.34757283662194155 0.49510039798994976 0.015489353749013416 0.011306529447236181 0.905273
12 0.7543408745067088 0.6097989467336683 0.027229671349644834 0.016834174070351756 0.905273
18 0.8001182004735596 0.7238694592964824 0.018153127703235992 0.015577895879396985 0.905273
4 0.6890291523283346 0.5869346733668341 0.011838999842146803 0.011809035577889447 0.904785
8 0.36306255406471977 0.6769473608040202 0.01736387182320442 0.012060301507537688 0.904785
9 0.6302287608524072 0.2482412703517588 0.01657457553275454 0.011683428341708543 0.904785
0 0.3380032454617206 0.7234925346733668 0.03235989518547751 0.01231156743718593 0.903809
18 0.3389896637726914 0.6273870472361809 0.01617996779794791 0.014572857889447236 0.902832
6 0.469021499605367 0.2940325949748744 0.015390671507498026 0.010678390351758795 0.899902
16 0.599250134175217 0.38266339698492463 0.01736387182320442 0.011557795376884422 0.899902
24 0.5035517979479085 0.15100500904522615 0.013812159747434886 0.010552757386934673 0.898926
2 0.6430546235201262 0.496105616080402 0.013417511602209945 0.01231156743718593 0.898438
21 0.48776627624309393 0.4765075939698492 0.01854773543804262 0.015577895879396985 0.896973
22 0.6977109265982636 0.3386934030150754 0.014996063772691397 0.010552757386934673 0.896973
21 0.7756513086029991 0.5893687059296483 0.023875283346487766 0.016928392361809045 0.896484
9 0.3553671981057617 0.47173364422110553 0.01657457553275454 0.011557795376884422 0.896484
0 0.7097229234411997 0.7019471115577889 0.023332692659826362 0.01193466854271357 0.89502
2 0.7070344183109708 0.13567845628140704 0.013318869771112865 0.013316579698492462 0.89502
18 0.7158640947119179 0.15678391959798996 0.01736387182320442 0.01507538974874372 0.89502
6 0.5591949234411997 0.5414572381909548 0.01578531965272297 0.010552757386934673 0.894043
13 0.8618782509865824 0.20389435175879397 0.009076543646408839 0.017336680201005025 0.893066
0 0.5112471539068666 0.496356727638191 0.024861863299131808 0.010804023316582914 0.892578
11 0.34116010734017366 0.5819096120603016 0.01578531965272297 0.016080402010050253 0.892578
11 0.6274663046566693 0.473052751758794 0.01578531965272297 0.01620603497487437 0.891602
18 0.4396213038674033 0.5851444743718593 0.023677999684293606 0.012500004020100503 0.891602
5 0.8563537426992897 0.2505025608040201 0.01578531965272297 0.011557795376884422 0.891602
5 0.45086833149171274 0.17889434371859297 0.014601415627466457 0.010552757386934673 0.891113
5 0.38891067403314916 0.4954773226130653 0.01617996779794791 0.010301517185929648 0.891113
13 0.750986405682715 0.631783815075377 0.007103383741120757 0.01633166793969849 0.889648
23 0.4143647924230465 0.6773868060301508 0.011838999842146803 0.010804023316582914 0.889648
16 0.7170481199684293 0.6340451055276382 0.01775847955801105 0.010552757386934673 0.889648
4 0.6325412066298343 0.6798994653266331 0.010075489187056039 0.011809035577889447 0.888672
4 0.5692579258089977 0.22412066733668343 0.011838999842146803 0.01394471879396985 0.888672
11 0.8194553938437253 0.36155767638190955 0.01578531965272297 0.016080402010050253 0.888672
22 0.6535863867403314 0.1346734954773869 0.016722558484609313 0.012814073567839196 0.888184
4 0.418705679558011 0.585175863316583 0.011049743962115234 0.013316579698492462 0.887207
9 0.3287294585635359 0.561180816080402 0.01578531965272297 0.011306529447236181 0.887207
18 0.40629927703235985 0.6987436381909548 0.02283940268350434 0.01407035175879397 0.88623
0 0.7175415311760064 0.31677131256281404 0.03650353906866614 0.010678390351758795 0.88623
0 0.7363853133385951 0.5178391155778894 0.03235989518547751 0.01633166793969849 0.885742
22 0.3740626740331492 0.20025117587939698 0.014996063772691397 0.010301517185929648 0.885742
6 0.5887923220205209 0.24874375075376884 0.01657457553275454 0.011055289246231156 0.885742
2 0.7539464688239937 0.18077896683417086 0.021902123441199687 0.011809035577889447 0.885742
6 0.6440903829518548 0.4749371175879397 0.014996063772691397 0.010929656281407034 0.884766
13 0.5678766977111287 0.45012570050251255 0.007892639621152327 0.01633166793969849 0.883301
0 0.3427880814522494 0.5134420904522613 0.025552477348066295 0.01658290814070352 0.883301
21 0.6314127861089187 0.16042709547738693 0.01736387182320442 0.01582913608040201 0.882324
14 0.6693961546961326 0.3144472442211055 0.008089963693764798 0.015326629949748743 0.882324
0 0.6393053449092344 0.5419597185929648 0.023677999684293606 0.012060301507537688 0.881836
1 0.7148776764009471 0.3410805065326633 0.01677189960536701 0.01582913608040201 0.881836
0 0.6633782352012628 0.2944722974874372 0.023677999684293606 0.010552757386934673 0.880859
24 0.7120166187845304 0.4467336361809045 0.03137331523283347 0.007035188743718593 0.880859
13 0.7474347340173638 0.13278887236180906 0.009865839936858722 0.017839186331658295 0.879883
9 0.6124704025256511 0.5873115979899498 0.01578531965272297 0.011557795376884422 0.878906
23 0.7239542604577742 0.20351768442211057 0.012628255722178374 0.011306529447236181 0.878906
10 0.6049722494080505 0.24613692462311557 0.013417511602209945 0.015640699497487438 0.878906
0 0.8427386645619575 0.6131910110552764 0.029202831254932914 0.011306529447236181 0.878418
8 0.7286899573796369 0.7256280120603015 0.01578531965272297 0.011557795376884422 0.878418
5 0.5749804451460142 0.3344221909547739 0.01657457553275454 0.014824123819095477 0.878418
18 0.7753551002367798 0.3157035738693467 0.01696922367797948 0.014321617688442211 0.878418
5 0.4429753685872139 0.607537656281407 0.01578531965272297 0.015577895879396985 0.877441
18 0.6132596179952644 0.29183408241206027 0.01657457553275454 0.014572857889447236 0.877441
21 0.7559193054459353 0.5685929809045226 0.01696922367797948 0.014572857889447236 0.875977
4 0.44889509076558803 0.3141958753768845 0.011049743962115234 0.013442212663316582 0.875977
5 0.37529599999999996 0.4712939417085427 0.014996063772691397 0.013819085829145728 0.875977
13 0.3525554411996843 0.626193495477387 0.007793997790055249 0.018467325427135677 0.875
24 0.5270322715074981 0.15402014874371858 0.02683502320441989 0.01658290814070352 0.875
7 0.6069454901341752 0.3638189668341708 0.018153127703235992 0.015577895879396985 0.875
9 0.7000789771112865 0.38304032160804025 0.014206767482241514 0.011055289246231156 0.874023
7 0.4612271381215469 0.6806533145728643 0.01657457553275454 0.014949756783919597 0.873047
10 0.4632989802683505 0.1298995457286432 0.01696922367797948 0.017587946130653266 0.872559
4 0.8628650734017362 0.22644473567839196 0.012233607576953433 0.013630649246231155 0.872559
9 0.5102110307813733 0.6785175798994975 0.015883961483820045 0.011055289246231156 0.871582
18 0.38698713812154695 0.7214823557788945 0.023579317442778216 0.014824123819095477 0.871582
5 0.2908446913970008 0.2218279879396985 0.01657457553275454 0.011306529447236181 0.869629
13 0.8247831033938438 0.33831647839195983 0.00868193591160221 0.014824123819095477 0.869629
13 0.434293594317285 0.6979900462311558 0.007300707813733228 0.017587946130653266 0.868652
2 0.40439998737174426 0.13115587537688445 0.013022903867403315 0.011306529447236181 0.867188
23 0.28531977900552485 0.42751253869346734 0.014601415627466457 0.011557795376884422 0.867188
13 0.443370178374112 0.22170217487437185 0.009668515864246252 0.016143205628140703 0.867188
2 0.47553283030781374 0.22468592562814071 0.013417511602209945 0.012876877185929647 0.867188
13 0.8184689755327546 0.1547737407035176 0.01657457553275454 0.02060300864321608 0.866211
5 0.33977887924230465 0.38190954773869346 0.025256511444356748 0.011055289246231156 0.865234
0 0.801302225730071 0.4543341346733668 0.03314915106550908 0.011557795376884422 0.864258
7 0.7083909960536701 0.20653256683417084 0.017709138437253354 0.015577895879396985 0.864258
19 0.6124704025256511 0.3370604060301507 0.014206767482241514 0.010804023316582914 0.864258
10 0.8508288303078139 0.45350181306532666 0.023677999684293606 0.015860550753768844 0.863281
18 0.3650846913970008 0.6987436381909548 0.024763221468034727 0.014572857889447236 0.863281
14 0.5872138910812944 0.4026380864321608 0.007892639621152327 0.016080402010050253 0.863281
13 0.5674822920284136 0.6092964663316583 0.007892639621152327 0.016834174070351756 0.861328
4 0.31965287450670876 0.627889527638191 0.012628255722178374 0.014572857889447236 0.861328
18 0.4554064214680347 0.5615577407035176 0.01854773543804262 0.016080402010050253 0.86084
10 0.4741516022099448 0.7216081688442211 0.01657457553275454 0.017085414271356784 0.86084
18 0.4252170102604578 0.3131281366834171 0.01578531965272297 0.013567845628140703 0.859863
18 0.8385949802683504 0.4307787899497488 0.01578531965272297 0.01407035175879397 0.859863
0 0.5511051617995265 0.5876885226130654 0.023283351539068665 0.010552757386934673 0.858887
24 0.3891082809786898 0.36092964020100504 0.014206767482241514 0.013819085829145728 0.858887
22 0.5765588760852407 0.17964819296482412 0.01578531965272297 0.012060301507537688 0.85791
16 0.6967738089976322 0.2263819577889447 0.01825176953433307 0.011306529447236181 0.85791
14 0.7109311949486977 0.4032663798994975 0.007892639621152327 0.01658290814070352 0.85791
18 0.7106353906866614 0.5172110793969849 0.01696922367797948 0.01582913608040201 0.856934
2 0.8307024214680347 0.3194723055276382 0.012628255722178374 0.010804023316582914 0.856934
19 0.400453910023678 0.3366834814070352 0.012233607576953433 0.010552757386934673 0.853027
10 0.8496448050513024 0.40590459497487436 0.01973163946329913 0.01633166793969849 0.853027
0 0.8226126598263616 0.7238694592964824 0.024467255564325177 0.016080402010050253 0.850098
5 0.2797948666140489 0.6296483376884422 0.01578531965272297 0.011557795376884422 0.849121
5 0.8354381183898973 0.15979905929648242 0.01578531965272297 0.012060301507537688 0.848145
4 0.5678766977111287 0.4743090814070352 0.012628255722178374 0.01193466854271357 0.845703
21 0.567285089187056 0.657537672361809 0.01775847955801105 0.015577895879396985 0.842773
10 0.7758485114443568 0.22396346532663317 0.01736387182320442 0.01714824361809045 0.839844
5 0.4447514064719811 0.7012562974874371 0.01578531965272297 0.011557795376884422 0.838867
23 0.6422650039463299 0.20315640281407035 0.01696922367797948 0.011809035577889447 0.838867
2 0.5507103520126282 0.7253769005025125 0.012233607576953433 0.011557795376884422 0.837402
0 0.6552880694554065 0.24833543718592965 0.023677999684293606 0.011557795376884422 0.837402
2 0.42679544119968427 0.6768843256281407 0.012233607576953433 0.012814073567839196 0.836426
22 0.38121531807419096 0.31507528040201005 0.01578531965272297 0.010050251256281407 0.836426
13 0.39976329597474347 0.26633159396984923 0.00868193591160221 0.01959799638190955 0.835449
1 0.4372532533543804 0.635427248241206 0.01775847955801105 0.01507538974874372 0.834473
5 0.40074971428571426 0.12952262110552765 0.0067087760063141285 0.014824123819095477 0.832031
22 0.6637726408839778 0.496859208040201 0.014206767482241514 0.010552757386934673 0.832031
1 0.4745460078926599 0.431281527638191 0.024861863299131808 0.01582913608040201 0.831055
13 0.3920679400157853 0.6521356864321608 0.00887925998421468 0.016834174070351756 0.830078
10 0.3616813259668508 0.37964825728643214 0.01617996779794791 0.01658290814070352 0.830078
2 0.3722870402525651 0.4278894633165829 0.01637725146014207 0.011055289246231156 0.830078
13 0.3280386828729282 0.5814071316582914 0.009027242936069454 0.017085414271356784 0.829102
24 0.7969613385951065 0.4051546822110553 0.018942383583267563 0.016951959798994977 0.829102
24 0.8378057647987371 0.5600502994974874 0.013417511602209945 0.006532656884422111 0.829102
16 0.4177188571428572 0.27091721005025127 0.01736387182320442 0.011180896482412061 0.829102
0 0.6259126048934491 0.5174621909547739 0.02545383551696922 0.01633166793969849 0.82666
22 0.6145422446724547 0.2263819577889447 0.015366021152328335 0.012060301507537688 0.825684
18 0.8014994285714285 0.15804024924623114 0.01657457553275454 0.013567845628140703 0.825684
2 0.4129835643251776 0.5407033889447236 0.012233607576953433 0.010552757386934673 0.824219
6 0.6075375027624309 0.47499989547738697 0.024072607419100236 0.010804023316582914 0.823242
16 0.8080111633780583 0.3394472522613065 0.024072607419100236 0.012562807638190955 0.823242
14 0.3863458247829519 0.22039876180904522 0.007892639621152327 0.01686558874371859 0.822266
14 0.8030782636148383 0.6321607396984924 0.009076543646408839 0.017085414271356784 0.820801
18 0.3993684861878453 0.6977386773869347 0.009471191791633781 0.015577895879396985 0.820801
10 0.6452250670876085 0.3139447638190955 0.013812159747434886 0.015326629949748743 0.819824
11 0.3184688492501973 0.4694723537688442 0.02012628760852407 0.015577895879396985 0.818848
1 0.6199685556432518 0.31777627336683417 0.02604576732438832 0.015200996984924624 0.816406
22 0.33228113022888717 0.6070979537688442 0.014996063772691397 0.011871864924623115 0.81543
4 0.5092739131807419 0.13238055879396987 0.011444351696921862 0.014635687236180904 0.81543
10 0.28334653827940015 0.49114333266331656 0.014206767482241514 0.015452262914572863 0.81543
24 0.583267409629045 0.6356783597989949 0.013417511602209945 0.013567845628140703 0.813965
13 0.7380623456985004 0.17864323216080402 0.008089963693764798 0.01658290814070352 0.813965
13 0.6278117733228098 0.2687814753768844 0.007202065982636148 0.016708541105527636 0.813965
22 0.6039858310970797 0.4964825407035176 0.014996063772691397 0.010050251256281407 0.811523
5 0.3765786266771902 0.5849599485427136 0.024467255564325177 0.01203673407035176 0.811523
9 0.5276242841357538 0.7008793728643217 0.01736387182320442 0.011809035577889447 0.811523
21 0.4451458121546961 0.6581657085427135 0.01657457553275454 0.01507538974874372 0.810547
22 0.7178373354380426 0.6805277587939699 0.014996063772691397 0.010929656281407034 0.810547
13 0.6181555826361484 0.699497487437186 0.008213296290449881 0.01658290814070352 0.809082
22 0.3525554411996843 0.13040202613065324 0.015489353749013416 0.012562807638190955 0.808105
14 0.6850826708760852 0.33542715175879395 0.00828728776637727 0.016080402010050253 0.804199
9 0.6274663046566693 0.564321511557789 0.014996063772691397 0.012562807638190955 0.800781
6 0.39719804262036307 0.22339820703517588 0.013812159747434886 0.010804023316582914 0.800781
6 0.5307815501183899 0.564321511557789 0.022099447513812154 0.011055289246231156 0.799316
23 0.4696131081294396 0.2714824683417085 0.013417511602209945 0.011055289246231156 0.799316
10 0.7397393780584057 0.5412061266331658 0.01657457553275454 0.01658290814070352 0.79834
2 0.5295975248618785 0.5854742383919598 0.01578531965272297 0.01312814311557789 0.79834
13 0.7024466235201263 0.6974245306532664 0.009471191791633781 0.020979907537688445 0.79834
2 0.7206983930544594 0.4529522492462312 0.012825579794790843 0.010175884221105528 0.796875
18 0.6893253606945541 0.24648246030150753 0.01608128555643252 0.015326629949748743 0.795898
6 0.559984138910813 0.271608024120603 0.01657457553275454 0.011055289246231156 0.794434
11 0.6643646535122336 0.6305277427135678 0.025651159589581685 0.01658290814070352 0.791992
13 0.7936068697711128 0.38241202814070346 0.00868193591160221 0.015577895879396985 0.791992
9 0.8057417142857143 0.385427167839196 0.01637725146014207 0.010552757386934673 0.790527
2 0.34471177900552485 0.15402014874371858 0.023776641515390686 0.011557795376884422 0.789062
2 0.6075375027624309 0.5424621989949749 0.013022903867403315 0.011055289246231156 0.788086
6 0.6276639116022099 0.6559674532663317 0.024072607419100236 0.010804023316582914 0.788086
7 0.5311759558011049 0.34045221306532664 0.01657457553275454 0.01507538974874372 0.788086
0 0.4666534490923441 0.40452270954773867 0.022888703393843725 0.013065313768844221 0.788086
14 0.308997455406472 0.5577890090452262 0.009076543646408839 0.017587946130653266 0.786621
7 0.49506722651933704 0.3897377447236181 0.028018927229676402 0.007616218693467337 0.785156
13 0.30811586172059985 0.6271356783919598 0.010075489187056039 0.017085414271356784 0.785156
5 0.6931728366219416 0.17914571256281409 0.015390671507498026 0.01582913608040201 0.78125
13 0.5584057079715864 0.471608088442211 0.007892639621152327 0.01620603497487437 0.778809
7 0.7448698847671665 0.455590464321608 0.02604576732438832 0.014824123819095477 0.778809
13 0.5958956653512234 0.4005026090452261 0.009076543646408839 0.02060300864321608 0.778809
10 0.5970796906077349 0.3351757829145729 0.01657457553275454 0.015577895879396985 0.777344
13 0.5195345224940806 0.3344221909547739 0.007498031886345699 0.015577895879396985 0.777344
14 0.3864444262036306 0.5147925869346733 0.00848461183898974 0.016143205628140703 0.775879
5 0.8563537426992897 0.43162680603015074 0.01657457553275454 0.015326629949748743 0.775879
6 0.557221682715075 0.38228647236180907 0.025256511444356748 0.012814073567839196 0.775879
18 0.4230465666929755 0.6081659497487437 0.0230860274664562 0.014321617688442211 0.774414
0 0.8065313338595106 0.2942839638190955 0.023480675611681136 0.014572857889447236 0.774414
13 0.4345893985793212 0.17512561206030153 0.01677189960536701 0.018592958391959798 0.769043
4 0.7942974838200474 0.5876885226130654 0.013022903867403315 0.013065313768844221 0.767578
2 0.4773084640883978 0.13344855477386935 0.011838999842146803 0.011997497889447237 0.766113
24 0.3404202734017364 0.2388505728643216 0.013910801578531964 0.0067839228140703514 0.766113
9 0.5941200315706393 0.31507528040201005 0.01696922367797948 0.011306529447236181 0.766113
23 0.31570639305445936 0.42751253869346734 0.012628255722178374 0.011180896482412061 0.763672
9 0.6438684085240726 0.43005658693467336 0.015144046724546171 0.011871864924623115 0.757812
13 0.40844507024467247 0.5852229981909548 0.007498031886345699 0.012625636984924624 0.756348
4 0.7127072328334649 0.2482412703517588 0.010852419889502763 0.012185934472361808 0.756348
14 0.7421074285714285 0.3812815115577889 0.008089963693764798 0.01633166793969849 0.756348
24 0.7705208018942383 0.44698500502512567 0.024072607419100236 0.006532656884422111 0.754883
24 0.8508288303078139 0.4925879959798995 0.013417511602209945 0.006532656884422111 0.751953
6 0.6996841673243883 0.1582913608040201 0.014206767482241514 0.011557795376884422 0.751953
10 0.6882399368587214 0.5623115899497487 0.0205208953433307 0.01633166793969849 0.750488
13 0.7426994411996842 0.5854272321608041 0.007892639621152327 0.016080402010050253 0.750488
23 0.6807910844514602 0.20365890894472363 0.012825579794790843 0.011243725829145729 0.750488
11 0.31175991160220995 0.2190953487437186 0.025256511444356748 0.01658290814070352 0.749023
11 0.5414365651144436 0.4499371095477387 0.01578531965272297 0.015703528844221104 0.749023
2 0.45757686503551703 0.44811552160804025 0.01657457553275454 0.004271366432160804 0.747559
13 0.36986968902920286 0.31293980301507535 0.00868193591160221 0.015326629949748743 0.746094
5 0.6361484830307814 0.33781399798994977 0.02604576732438832 0.010804023316582914 0.746094
22 0.5288083093922652 0.42914579296482414 0.022099447513812154 0.010427124422110553 0.744629
24 0.8147196969218626 0.5613066291457286 0.014996063772691397 0.009547745125628141 0.737305
18 0.4678374743488556 0.5854232184924624 0.024072607419100236 0.012821920804020101 0.73584
24 0.5883979163378059 0.19567369005025126 0.01657457553275454 0.005417706130653266 0.730957
24 0.6238777786898184 0.6041143316582914 0.014182117127071823 0.006281416683417086 0.729492
13 0.33741119242304657 0.2197864201005025 0.00828728776637727 0.01633166793969849 0.729492
22 0.30569720524072613 0.4278894633165829 0.005170310970797159 0.012562807638190955 0.729492
1 0.5272298784530387 0.13316579698492462 0.01657457553275454 0.020351768442211055 0.726562
5 0.4206789202841357 0.20065563015075377 0.025256511444356748 0.012115257889447237 0.725098
10 0.3571428318863457 0.24428394773869344 0.01578531965272297 0.016457275175879398 0.72168
24 0.7355956937647987 0.6830401608040201 0.019928963535911604 0.015577895879396985 0.716797
4 0.5461718579321231 0.42826638793969846 0.01026044767166535 0.012437174673366835 0.715332
14 0.7032358389897395 0.5625627015075377 0.007892639621152327 0.015577895879396985 0.715332
8 0.6276639116022099 0.4506124864321608 0.018153127703235992 0.016111816683417084 0.712402
9 0.8591161988950275 0.18153255879396984 0.021310191633780583 0.013819085829145728 0.712402
5 0.4016375311760063 0.2479899015075377 0.025256511444356748 0.010929656281407034 0.712402
10 0.5228885872138911 0.44987433165829144 0.022099447513812154 0.01620603497487437 0.710449
6 0.600631362273086 0.5190954452261306 0.024467255564325177 0.011055289246231156 0.704102
4 0.6610101846882399 0.1572864 0.011838999842146803 0.01407035175879397 0.702637
14 0.3918707371744278 0.3792713326633166 0.00868193591160221 0.01658290814070352 0.697754
13 0.5826758011049724 0.4464825246231156 0.019337031728492503 0.00753769487437186 0.695801
6 0.7546370828729282 0.47537682010050253 0.024072607419100236 0.012185934472361808 0.694336
5 0.703038636148382 0.31645716582914574 0.00828728776637727 0.010804023316582914 0.692871
4 0.6975137237569061 0.4296482733668342 0.012233607576953433 0.013567845628140703 0.692871
5 0.5882003093922652 0.20087946934673365 0.01696922367797948 0.016080402010050253 0.690918
10 0.3851617995264404 0.3341708221105527 0.01627860962904499 0.015577895879396985 0.686035
6 0.4247235990528809 0.4047738211055276 0.024269931491712707 0.011557795376884422 0.680664
13 0.5386741089187056 0.5614321849246231 0.011049743962115234 0.017587946130653266 0.675781
6 0.41071411523283347 0.4270100582914573 0.015982643725335435 0.013567845628140703 0.673828
21 0.6184638737174428 0.6314699256281407 0.01748716400947119 0.01507538974874372 0.672363
13 0.7750592959747435 0.42939690452261303 0.009076543646408839 0.017085414271356784 0.67041
16 0.5528807955801106 0.15678391959798996 0.018942383583267563 0.012060301507537688 0.668945
7 0.7957773133385951 0.13869333869346734 0.02683502320441989 0.016834174070351756 0.665527
29 0.3181235018153118 0.5881516896482412 0.03009076937647987 0.01851443457286432 0.658203
27 0.48322818626677183 0.43115571457286433 0.009076543646408839 0.015577895879396985 0.658203
22 0.4591552959747435 0.20084797748743718 0.01578531965272297 0.01158918432160804 0.654785
23 0.584648637726914 0.6794597628140703 0.013417511602209945 0.010804023316582914 0.651367
7 0.7036306487766376 0.5861220084422111 0.007103383741120757 0.014455097889447236 0.645996
23 0.5091260110497238 0.3379398110552764 0.011740317600631413 0.010050251256281407 0.644043
0 0.7008681925808997 0.36256289447236184 0.012628255722178374 0.012562807638190955 0.640625
22 0.7137183014996054 0.18165837185929648 0.02402326629834254 0.010552757386934673 0.638672
14 0.3804261026045777 0.2203516783919598 0.012628255722178374 0.017085414271356784 0.635254
23 0.4756314317284924 0.5183415959798996 0.012036323914759275 0.011055289246231156 0.633301
13 0.6087676363062352 0.5605527798994975 0.005210398105761641 0.02085427457286432 0.633301
23 0.7904500078926598 0.5216081045226131 0.011444351696921862 0.010804023316582914 0.631836
23 0.36740344119968427 0.130684783919598 0.012628255722178374 0.012500004020100503 0.629883
6 0.5670874822415154 0.49572869145728643 0.022888703393843725 0.011306529447236181 0.629883
10 0.3086030497237569 0.72085431959799 0.023677999684293606 0.017085414271356784 0.629883
2 0.84747436148382 0.4479899658291457 0.013812159747434886 0.004522606633165829 0.629883
1 0.4972376700868193 0.18128144723618092 0.025651159589581685 0.015577895879396985 0.62793
5 0.30888353843725336 0.4934674010050251 0.011536851144435674 0.010804023316582914 0.625977
7 0.282951728492502 0.7255024562814071 0.02683502320441989 0.01633166793969849 0.624512
10 0.4030187592738753 0.6074121005025126 0.01677189960536701 0.016268838592964824 0.620605
46 0.7754537016574585 0.4989949427135678 0.02880822352012628 0.011557795376884422 0.615234
23 0.40341356906077347 0.4954773226130653 0.012233607576953433 0.010552757386934673 0.613281
6 0.5120363693764799 0.5183415959798996 0.023283351539068665 0.012060301507537688 0.611328
5 0.6101027561168113 0.44861800201005025 0.014206767482241514 0.0032663284422110553 0.609375
0 0.612075592738753 0.7236180904522613 0.03393844735595896 0.016080402010050253 0.607422
24 0.7055052880820836 0.2915201929648241 0.01677189960536701 0.016080402010050253 0.605957
6 0.76154281925809 0.3386934030150754 0.024861863299131808 0.011557795376884422 0.605957
18 0.7600629897395422 0.5422110874371859 0.023283351539068665 0.01507538974874372 0.604004
13 0.7809786140489345 0.6779523216080402 0.00848461183898974 0.01633166793969849 0.604004
8 0.3975928524072612 0.2926507095477387 0.013022903867403315 0.010804023316582914 0.604004
7 0.4125887545382794 0.44723611658291457 0.024664579636937647 0.006030150753768844 0.600098
13 0.7496051775848461 0.5158291939698493 0.009865839936858722 0.020351768442211055 0.598145
6 0.47720986266771903 0.45169591959798994 0.024072607419100236 0.012814073567839196 0.59082
2 0.36306255406471977 0.44773859698492463 0.01578531965272297 0.005025112763819095 0.59082
11 0.28334653827940015 0.46865572663316585 0.018153127703235992 0.016708541105527636 0.59082
5 0.4281766692975532 0.6552136040201005 0.01637725146014207 0.010804023316582914 0.588867
4 0.3089421335438043 0.14861816281407034 0.011727992423046568 0.02060300864321608 0.588867
22 0.6996841673243883 0.3872703369648241 0.013812159747434886 0.0026656675376884424 0.586914
22 0.623914632991318 0.6116205346733667 0.01578531965272297 0.010175884221105528 0.586914
6 0.7746644861878453 0.2023869105527638 0.01696922367797948 0.015326629949748743 0.586914
13 0.8129440631412788 0.44723611658291457 0.011444351696921862 0.006030150753768844 0.586914
24 0.7207969944751382 0.5670855396984924 0.013220187529597475 0.012562807638190955 0.584961
1 0.44435659668508287 0.1329460743718593 0.018153127703235992 0.02255025527638191 0.581543
13 0.6213249717442778 0.2689698090452261 0.020175628729281768 0.01658290814070352 0.581543
13 0.5994473370165746 0.22236185728643215 0.01578531965272297 0.017462313165829146 0.575684
10 0.37006689187056035 0.5142587175879396 0.021507515706393053 0.015703528844221104 0.569824
13 0.6150356558800316 0.5615577407035176 0.00828728776637727 0.019095490251256283 0.569824
10 0.7186265509076558 0.38140706733668345 0.014206767482241514 0.01658290814070352 0.567871
23 0.5588001136543015 0.4525125467336683 0.014996063772691397 0.011180896482412061 0.563965
18 0.6872042178374111 0.6100503155778895 0.023184669297553275 0.01407035175879397 0.563965
13 0.6094921546961326 0.5136934592964825 0.006671760063141278 0.021859286834170856 0.563965
2 0.3973952454617206 0.15301518793969848 0.013417511602209945 0.01658290814070352 0.558105
13 0.31894051965272296 0.5809043939698493 0.008478429044988162 0.017587946130653266 0.552734
16 0.7843330828729281 0.2959799959798995 0.01775847955801105 0.011055289246231156 0.552734
23 0.796764135753749 0.4996860140703518 0.012628255722178374 0.011180896482412061 0.550781
6 0.7521704309392264 0.5880653185929648 0.021310191633780583 0.010584172060301508 0.548828
13 0.30939226519337015 0.46909542914572866 0.007892639621152327 0.015326629949748743 0.546875
23 0.399072681925809 0.40502518994974873 0.010852419889502763 0.011055289246231156 0.542969
14 0.6636740394632992 0.38015073768844226 0.007892639621152327 0.016834174070351756 0.541016
13 0.3164709985793212 0.5582914894472362 0.007769347434885557 0.016080402010050253 0.537109
2 0.3745067845303867 0.6317524261306533 0.018153127703235992 0.010929656281407034 0.537109
18 0.4709943362273086 0.7009421507537689 0.024861863299131808 0.011683428341708543 0.537109
4 0.3121547213891081 0.2677762572864321 0.013417511602209945 0.01193466854271357 0.537109
22 0.5749804451460142 0.5879396341708542 0.021704799368587213 0.010804023316582914 0.535156
10 0.3862472233622731 0.6981156020100502 0.015587995580110498 0.01620603497487437 0.535156
4 0.6804952801894238 0.5860474211055275 0.02624309139700079 0.014258788341708543 0.535156
10 0.583267409629045 0.2689070311557789 0.021310191633780583 0.015703528844221104 0.53125
2 0.8251775090765588 0.40778896080402005 0.01973163946329913 0.011557795376884422 0.529297
13 0.5986581215469613 0.5359296964824121 0.005919479715864246 0.008040201005025126 0.527344
7 0.8224150528808207 0.25000008040201005 0.014996063772691397 0.011557795376884422 0.523438
19 0.5639306203630623 0.3600502351758794 0.011838999842146803 0.011557795376884422 0.523438
10 0.8190605840568271 0.22451328643216079 0.014996063772691397 0.01755653145728643 0.521484
7 0.3110077928966062 0.44886937085427137 0.01568667782162589 0.014698490854271358 0.517578
23 0.6227310118389897 0.3619346010050251 0.012628255722178374 0.011306529447236181 0.513672
2 0.2922259194948698 0.4934674010050251 0.013022903867403315 0.010301517185929648 0.513672
24 0.8385949802683504 0.5673366512562814 0.01578531965272297 0.02060300864321608 0.509766
6 0.8524072612470402 0.3655777768844221 0.022494095659037094 0.011055289246231156 0.507812
