24 0.6284531270718232 0.5603889785056295 0.01578531965272297 0.012794261617195496 0.995605
2 0.49773067719021313 0.25332654247697034 0.012233607576953433 0.00972365035823951 0.995117
24 0.7951853007103393 0.31563463664278407 0.01736387182320442 0.011514838075742067 0.992188
18 0.6095107434885556 0.5968526018423747 0.01736387182320442 0.015097239713408393 0.991211
24 0.6623914127861089 0.459314309109519 0.01617996779794791 0.012538392630501535 0.98877
21 0.5526835927387529 0.45925037461617196 0.02012628760852407 0.015353134902763563 0.988281
18 0.7819654364640883 0.4526611914022518 0.01775847955801105 0.011770733265097236 0.98584
18 0.5722179889502762 0.14636649334698057 0.01736387182320442 0.01586489907881269 0.985352
12 0.6203383917916337 0.25076759058341863 0.015883961483820045 0.01765608679631525 0.983398
6 0.6745262573007104 0.23259971340839306 0.014206767482241514 0.00972365035823951 0.98291
18 0.781175816890292 0.2500001146366428 0.01775847955801105 0.01586489907881269 0.981934
2 0.43192594790844513 0.2744369785056295 0.012036323914759275 0.00972365035823951 0.981934
2 0.6253699737963694 0.5999232917093142 0.01267759684293607 0.010491309723643807 0.981445
2 0.5343332217837411 0.2538382804503582 0.012628255722178374 0.01023541453428864 0.981445
2 0.5402525398579322 0.23234397543500512 0.012628255722178374 0.01023541453428864 0.980957
2 0.7370759273875296 0.25275087001023544 0.012825579794790843 0.00946775516888434 0.980957
2 0.4204813133385951 0.45816270214943705 0.013417511602209945 0.009851597952917093 0.980469
1 0.8222178500394632 0.5818832835209826 0.014206767482241514 0.012794261617195496 0.980469
5 0.48401740173638513 0.150460659160696 0.014404091554853986 0.01023541453428864 0.980469
1 0.7764405240726124 0.5204707963152507 0.014601415627466457 0.013306025793244625 0.979492
18 0.6710735911602209 0.5979001318321392 0.01775847955801105 0.015289148004094167 0.978516
5 0.846093133385951 0.23259971340839306 0.013417511602209945 0.00972365035823951 0.978516
13 0.5958956653512234 0.5963408638689867 0.007892639621152327 0.016632558444216988 0.977539
2 0.8642463014996055 0.6414406223132038 0.013812159747434886 0.010107466939611055 0.977539
2 0.6825178216258879 0.25409428045035826 0.013220187529597475 0.010747178710337769 0.977539
18 0.3951262004735596 0.4344933142272262 0.017955803630623518 0.01586489907881269 0.976074
11 0.6206713736385161 0.6176593490276355 0.015390671507498026 0.015960853224155577 0.975586
2 0.7795973859510655 0.21127334124872058 0.014206767482241514 0.010859142681678608 0.975098
12 0.5899763472770323 0.23004102354145342 0.01578531965272297 0.01791198198567042 0.974609
5 0.7530582478295186 0.21187314636642784 0.013812159747434886 0.01023541453428864 0.974609
5 0.7620362304656669 0.39598247697031724 0.014206767482241514 0.01023541453428864 0.974609
0 0.8279399652722967 0.2525588045035824 0.022099447513812154 0.00972365035823951 0.974121
5 0.5240726124704025 0.4982087533265097 0.014996063772691397 0.00972365035823951 0.973633
2 0.5919495880031571 0.66171964790174 0.012628255722178374 0.01023541453428864 0.973633
18 0.5477506929755328 0.5762539037871034 0.01736387182320442 0.015353134902763563 0.973145
6 0.6839483504340963 0.41683717502558854 0.014502773796369377 0.00972365035823951 0.972656
5 0.7279993433307025 0.41683717502558854 0.014996063772691397 0.00997951934493347 0.972656
13 0.5422257805840569 0.6580732855680654 0.00868193591160221 0.01842374616171955 0.972168
2 0.6359508760852407 0.25358228045035824 0.012233607576953433 0.00972365035823951 0.972168
18 0.6194350573007104 0.3725690890481064 0.016062777584846095 0.014329580348004094 0.97168
2 0.6983029392265193 0.5999232917093142 0.015390671507498026 0.01023541453428864 0.970703
12 0.7160617016574585 0.3126918157625384 0.01578531965272297 0.01842374616171955 0.970703
5 0.44179174743488553 0.375895516888434 0.013812159747434886 0.00972365035823951 0.969727
22 0.37707163378058406 0.4370522661207779 0.014996063772691397 0.00921185997952917 0.969727
2 0.5501183393843725 0.49891255680655067 0.012628255722178374 0.00997951934493347 0.969238
7 0.7109311949486977 0.23451905834186285 0.01775847955801105 0.014841344524053224 0.969238
5 0.7209946014206788 0.5383829355168884 0.014206767482241514 0.00972365035823951 0.96875
18 0.8062351254932912 0.556422681678608 0.01854773543804262 0.01586489907881269 0.96875
5 0.4968428602999211 0.17144322620266123 0.012233607576953433 0.00946775516888434 0.968262
5 0.6453235876874506 0.23247996724667347 0.014798739700078925 0.009579719140225179 0.968262
5 0.5864246756116812 0.45739496417604913 0.014206767482241514 0.00997951934493347 0.967773
18 0.42225735122336233 0.353121735926305 0.01736387182320442 0.014841344524053224 0.967773
38 0.6410813827940015 0.5766377727737974 0.02762431949486977 0.01842374616171955 0.967285
0 0.5118884672454617 0.6417605568065508 0.022790061562746645 0.01023541453428864 0.966797
1 0.3928078547750592 0.6647900757420676 0.014404091554853986 0.014073685158648925 0.966797
2 0.6633782352012628 0.375895516888434 0.013022903867403315 0.00921185997952917 0.966797
9 0.7155682904498816 0.16914027430910952 0.015390671507498026 0.01023541453428864 0.96582
2 0.7831490576164167 0.35593642579324464 0.013022903867403315 0.00972365035823951 0.96582
5 0.6049722494080505 0.6202662517911975 0.014996063772691397 0.01023541453428864 0.965332
5 0.6908051902131018 0.6207779897645854 0.014798739700078925 0.010491309723643807 0.964355
0 0.4196920978689819 0.5798363316274309 0.023677999684293606 0.01023541453428864 0.963867
8 0.6995855659037096 0.25319867349027636 0.015193387845303866 0.00972365035823951 0.963867
7 0.49112074506708764 0.3375128106448311 0.015390671507498026 0.012794261617195496 0.962891
5 0.47711126124704023 0.5800920696008188 0.014601415627466457 0.00972365035823951 0.961914
5 0.5319651712707182 0.6411846223132036 0.014996063772691397 0.009851597952917093 0.961426
8 0.5982637158642463 0.21187314636642784 0.014996063772691397 0.01023541453428864 0.961426
7 0.3955210102604578 0.4611694575230297 0.01736387182320442 0.014201632753326511 0.960938
5 0.6184392233622731 0.3353377277379734 0.014009483820047354 0.00972365035823951 0.960938
2 0.6516377963693765 0.6003071606960082 0.012430931649565904 0.010491309723643807 0.960449
12 0.8378057647987371 0.597932125281474 0.015390671507498026 0.01655258792221085 0.960449
2 0.7974547498026835 0.4165493911975435 0.013417511602209945 0.009531742067553736 0.959961
5 0.38910828097868977 0.41709317502558857 0.013614835674822417 0.00972365035823951 0.959961
0 0.35995458879242304 0.3972140544524053 0.022691379321231255 0.008348272671443193 0.958496
2 0.7941988823993686 0.17016375025588537 0.012233607576953433 0.00997951934493347 0.958496
0 0.5505131491712708 0.47812179324462645 0.022888703393843725 0.010363362128966222 0.958008
21 0.4904301310181532 0.5005756397134085 0.020718219415943175 0.01471339692937564 0.958008
5 0.5230861941594317 0.6206178915046059 0.014601415627466457 0.009915558648925281 0.95752
13 0.5374900836621941 0.39278391811668373 0.00868193591160221 0.01688842743091095 0.95752
0 0.6258663349644831 0.2318322374616172 0.023129185793212312 0.010747178710337769 0.957031
0 0.4691201010260458 0.6002031099283521 0.022494095659037094 0.010139460388945754 0.956543
9 0.49822408839779003 0.39598247697031724 0.013812159747434886 0.00997951934493347 0.956055
7 0.4583660805051302 0.15250761105424768 0.01657457553275454 0.014329580348004094 0.955566
2 0.7592737742699289 0.1910184483111566 0.012628255722178374 0.01023541453428864 0.955566
13 0.6587904404104183 0.4342375762538383 0.007695355958958169 0.01586489907881269 0.955566
0 0.8545777048145226 0.14943692118730809 0.030386735280189425 0.010491309723643807 0.95459
7 0.37652932596685085 0.5015993776867963 0.025749801420678772 0.014585475537359264 0.954102
10 0.77663772691397 0.7001023541453428 0.013812159747434886 0.01688842743091095 0.954102
0 0.4858920410418311 0.2953556110542477 0.021902123441199687 0.00997951934493347 0.954102
0 0.36621941594317287 0.6215454657113613 0.021112867561168112 0.00972365035823951 0.953125
2 0.8622730607734808 0.41709317502558857 0.009471191791633781 0.00972365035823951 0.953125
0 0.6389109392265194 0.518551713408393 0.022888703393843725 0.010107466939611055 0.952148
7 0.8008088145224941 0.6430400327533264 0.01637725146014207 0.012794261617195496 0.952148
2 0.6361977029202842 0.1496929211873081 0.013121545698500395 0.01023541453428864 0.952148
13 0.5532756053670087 0.5965966018423746 0.00868193591160221 0.019959064892528147 0.95166
13 0.6846882651933701 0.5968526018423747 0.00868193591160221 0.01765608679631525 0.95166
5 0.424624997632202 0.6826382804503582 0.014206767482241514 0.00997951934493347 0.95166
13 0.824585496448303 0.22906549846468782 0.00828728776637727 0.01717631606960082 0.95166
7 0.8705604293606946 0.5212385342886386 0.01736387182320442 0.013561920982599795 0.951172
18 0.7539464688239937 0.5354401146366428 0.01775847955801105 0.015353134902763563 0.951172
1 0.5955012596685083 0.17297844012282496 0.014206767482241514 0.013306025793244625 0.950195
0 0.38989749644830307 0.2538382804503582 0.022691379321231255 0.010747178710337769 0.950195
9 0.5041438105761641 0.4567553572159672 0.014996063772691397 0.010619231115660184 0.949707
5 0.4245263962115233 0.47863353121801433 0.014601415627466457 0.00972365035823951 0.949707
5 0.511049546961326 0.5387665424769703 0.014206767482241514 0.00972365035823951 0.949707
14 0.4094318926598263 0.4529171914022518 0.007695355958958169 0.011258969089048106 0.949707
7 0.4940804041041831 0.5205347308085978 0.021704799368587213 0.013433973387922212 0.949219
0 0.7171467213891082 0.518679582395087 0.030781383425414366 0.010107466939611055 0.94873
6 0.4444556022099448 0.25371041146366424 0.01578531965272297 0.00997951934493347 0.94873
5 0.8180741657458565 0.6407368188331627 0.014206767482241514 0.00972365035823951 0.948242
22 0.5463694648776637 0.6210177441146366 0.014601415627466457 0.01045931627430911 0.947754
13 0.5268350686661404 0.14687823132036848 0.00868193591160221 0.017400191606960082 0.947754
5 0.6219413922651933 0.3967362751279427 0.014601415627466457 0.007392687819856704 0.947266
5 0.7732832580899763 0.5585977645854656 0.014404091554853986 0.010491309723643807 0.947266
2 0.3896998895027624 0.5391504114636643 0.013417511602209945 0.01023541453428864 0.946777
29 0.8597078074191002 0.31345955373592627 0.023283351539068665 0.019831117297850562 0.946777
22 0.35896817048145224 0.2122570153531218 0.015193387845303866 0.010747178710337769 0.946289
7 0.42186254143646407 0.3995649048106448 0.023283351539068665 0.015353134902763563 0.946289
5 0.41988930071033936 0.43781974206755375 0.014206767482241514 0.00972365035823951 0.945801
9 0.8455011207576953 0.4163254370522006 0.014601415627466457 0.01023541453428864 0.944824
2 0.5580108981846883 0.5573182886386898 0.011838999842146803 0.011258969089048106 0.944336
12 0.3996646945540647 0.4971213428863869 0.015193387845303866 0.01688842743091095 0.943848
0 0.8263615343330702 0.7029170440122825 0.023283351539068665 0.010747178710337769 0.943848
0 0.6548439589581689 0.2946520696008188 0.03147199747434885 0.00997951934493347 0.943848
6 0.829716003157064 0.39636634595701126 0.014996063772691397 0.00921185997952917 0.943848
18 0.6937648492501973 0.39329591811668374 0.01677189960536701 0.015353134902763563 0.943359
0 0.6202397499605367 0.7011258300921188 0.023924624467245463 0.013433973387922212 0.942871
5 0.8563537426992897 0.7027252405322415 0.014601415627466457 0.010747178710337769 0.942383
22 0.37514809786898184 0.19268179324462642 0.014502773796369377 0.010491309723643807 0.941895
2 0.7820640378847672 0.6411206878198566 0.013417511602209945 0.00997951934493347 0.941406
2 0.6124704025256511 0.45771489866939613 0.012628255722178374 0.009851597952917093 0.940918
5 0.48076153433307023 0.6207779897645854 0.01637725146014207 0.011003073899692937 0.940918
6 0.7506906014206788 0.25287873899692936 0.014009483820047354 0.00972365035823951 0.940918
4 0.4344907971586424 0.6202662517911975 0.009076543646408839 0.010875126305015354 0.94043
8 0.4583660805051302 0.41760491299897645 0.014206767482241514 0.00972365035823951 0.94043
8 0.6793605556432518 0.6831500184237462 0.014601415627466457 0.00997951934493347 0.939941
2 0.6850826708760852 0.1893551033776868 0.012628255722178374 0.01023541453428864 0.939453
5 0.6347424833464878 0.27392524053224154 0.014502773796369377 0.00946775516888434 0.938477
2 0.7620362304656669 0.5177839754350051 0.014206767482241514 0.00997951934493347 0.937012
13 0.666929906866614 0.4750511033776868 0.007892639621152327 0.016632558444216988 0.936523
14 0.4876676748224152 0.2508957215967247 0.0067087760063141285 0.01688842743091095 0.936523
18 0.3583389802683504 0.2725818300921187 0.016747249250197317 0.015353134902763563 0.935547
7 0.666929906866614 0.4190602612077789 0.01736387182320442 0.013721862026612077 0.935059
5 0.501973367008682 0.2744369785056295 0.014996063772691397 0.010491309723643807 0.935059
0 0.6278611144435674 0.2942042661207779 0.021310191633780583 0.009851597952917093 0.93457
10 0.599250134175217 0.6379221289662231 0.015390671507498026 0.01586489907881269 0.934082
9 0.6355564704025256 0.5378709355168885 0.013022903867403315 0.01023541453428864 0.933594
2 0.7051104782951855 0.21123327737973388 0.012430931649565904 0.00921185997952917 0.933594
0 0.7772297395422257 0.4163254370522006 0.023677999684293606 0.010491309723643807 0.933594
22 0.8251775090765588 0.6826382804503582 0.014206767482241514 0.010363362128966222 0.933105
8 0.45935290292028413 0.21302456990788127 0.015390671507498026 0.009627696212896622 0.933105
22 0.7791043788476717 0.579324593654043 0.015193387845303866 0.01023541453428864 0.932617
0 0.5157852438831887 0.25287873899692936 0.023283351539068665 0.010811165609007165 0.932129
5 0.877663772691397 0.1490533142272262 0.013812159747434886 0.00997951934493347 0.931641
5 0.48046573007103394 0.3551689498464688 0.014206767482241514 0.00972365035823951 0.931152
11 0.8668115548539859 0.39329591811668374 0.024861863299131808 0.015353134902763563 0.931152
22 0.874901316495659 0.4367962661207779 0.01578531965272297 0.010491309723643807 0.931152
5 0.5053274317284925 0.2947799385875128 0.014206767482241514 0.00921185997952917 0.930664
5 0.37213873401736386 0.5195751893551689 0.014404091554853986 0.00921185997952917 0.929199
5 0.5970796906077349 0.2740531095189355 0.014996063772691397 0.00972365035823951 0.929199
6 0.8091947845303868 0.6824462149437053 0.015390671507498026 0.010747178710337769 0.928711
11 0.42876868192580897 0.49616180143295807 0.023677999684293606 0.01586489907881269 0.928223
0 0.5034531965272296 0.6207779897645854 0.022691379321231255 0.010491309723643807 0.928223
6 0.5394633243883188 0.7035569129989764 0.01578531965272297 0.010491309723643807 0.927734
10 0.6195737458563535 0.4337255762538383 0.014206767482241514 0.01688842743091095 0.927734
21 0.7653906992896606 0.2750768474923235 0.023283351539068665 0.014329580348004094 0.926758
10 0.7706194033149171 0.16734906038894576 0.014206767482241514 0.01586489907881269 0.925293
13 0.4080506645619574 0.43449331422722615 0.007892639621152327 0.016376663254861822 0.925293
13 0.8429362715074981 0.18769202047082906 0.007892639621152327 0.01714432262026612 0.924805
2 0.7306627940015785 0.33520985875127945 0.011838999842146803 0.00972365035823951 0.924805
9 0.7539464688239937 0.23272784442169908 0.014996063772691397 0.00997951934493347 0.923828
0 0.6150356558800316 0.518807451381781 0.023283351539068665 0.01023541453428864 0.922852
5 0.4853986298342542 0.4167093060388946 0.013417511602209945 0.009851597952917093 0.922363
2 0.6071426929755328 0.6819984114636642 0.012628255722178374 0.010363362128966222 0.922363
13 0.6639698437253355 0.6798233285568066 0.00868193591160221 0.01688842743091095 0.921875
8 0.48145214838200473 0.23234397543500512 0.014996063772691397 0.010747178710337769 0.921875
13 0.6243094427782163 0.5348005076765608 0.007498031886345699 0.01791198198567042 0.921387
4 0.6004341594317285 0.1490533142272262 0.010655095816890291 0.012794261617195496 0.921387
2 0.8693764041041832 0.27277389559877174 0.013417511602209945 0.009595702763561923 0.920898
18 0.8293211933701659 0.18743602047082905 0.01696922367797948 0.015609003889457523 0.92041
2 0.6781769344909234 0.5180399754350051 0.011838999842146803 0.00921185997952917 0.919434
5 0.7642066740331492 0.2530705424769703 0.014206767482241514 0.00972365035823951 0.919434
18 0.859905414364641 0.6196903172978506 0.025256511444356748 0.012730300921187309 0.918945
8 0.7351026866614049 0.1697798812691914 0.01637725146014207 0.010491309723643807 0.918945
8 0.5082377900552486 0.4985926223132037 0.013516193843725335 0.00972365035823951 0.918457
5 0.5876087008681926 0.1495650522006141 0.013417511602209945 0.010747178710337769 0.918457
2 0.6341752423046566 0.4162615025588536 0.011444351696921862 0.00997951934493347 0.917969
24 0.6002369565903709 0.5006398362333674 0.018942383583267563 0.013050156806550665 0.91748
12 0.6824192202052092 0.49699347389969295 0.017462513654301497 0.018295798567041967 0.916016
4 0.7648972880820837 0.66171964790174 0.010457771744277821 0.011770733265097236 0.915527
5 0.6760064909234412 0.39700613633572157 0.014206767482241514 0.007932436438075742 0.915039
13 0.3481401988950276 0.5772773797338793 0.008533952959747435 0.01714432262026612 0.915039
9 0.7861087166535122 0.6001790296827021 0.013812159747434886 0.01023541453428864 0.915039
13 0.49112074506708764 0.45048610849539406 0.00828728776637727 0.016120768065506653 0.915039
24 0.5005921389108129 0.4699334616171955 0.014601415627466457 0.006397143909928352 0.914062
8 0.5418309707971586 0.4373080040941658 0.014996063772691397 0.00997951934493347 0.914062
4 0.38511249881610105 0.519063451381781 0.011148385793212312 0.01023541453428864 0.913574
5 0.7516770197316496 0.6618475168884339 0.013614835674822417 0.00997951934493347 0.913574
8 0.6661406913970008 0.25319867349027636 0.014996063772691397 0.009851597952917093 0.911621
9 0.5402525398579322 0.2743091095189355 0.014996063772691397 0.010491309723643807 0.911621
18 0.7626282430939226 0.47517923439099286 0.01775847955801105 0.015353134902763563 0.911133
5 0.6341752423046566 0.3756397789150461 0.012628255722178374 0.00921185997952917 0.911133
13 0.8354381183898973 0.4518934534288639 0.011049743962115234 0.013306025793244625 0.911133
2 0.7259275011838989 0.6203941207778915 0.013812159747434886 0.01023541453428864 0.910645
0 0.6160220741910024 0.2737973715455476 0.021310191633780583 0.00946775516888434 0.909668
22 0.7442778721389108 0.4369241351074718 0.014601415627466457 0.00997951934493347 0.908691
9 0.6708759842146803 0.4371801351074719 0.01578531965272297 0.010427322824974411 0.908203
2 0.4341949928966061 0.6415045568065507 0.012628255722178374 0.00997951934493347 0.908203
14 0.8618782509865824 0.6791837215967247 0.006314127861089187 0.01586489907881269 0.907227
0 0.5228885872138911 0.47799392425793247 0.021704799368587213 0.010107466939611055 0.906738
8 0.6215469865824782 0.6823183459570112 0.014996063772691397 0.010747178710337769 0.906738
9 0.565903861089187 0.25319867349027636 0.014206767482241514 0.00997951934493347 0.906738
22 0.770718408839779 0.6000511606960083 0.014206767482241514 0.01023541453428864 0.905762
8 0.699881774269929 0.2735413715455476 0.014404091554853986 0.00946775516888434 0.905762
13 0.8127464561957379 0.14662223132036847 0.006314127861089187 0.014841344524053224 0.905273
11 0.8216258374112075 0.4557638485158649 0.014206767482241514 0.016568571545547594 0.904785
18 0.8464879431728491 0.3528659979529171 0.01775847955801105 0.01586489907881269 0.904785
9 0.6629834254143646 0.6624871238485158 0.014206767482241514 0.010107466939611055 0.903809
21 0.846093133385951 0.6632548618219037 0.025256511444356748 0.015609003889457523 0.903809
0 0.6543016511444356 0.1499489211873081 0.022099447513812154 0.010747178710337769 0.902832
9 0.6341752423046566 0.17016375025588537 0.014996063772691397 0.010747178710337769 0.901855
5 0.6983029392265193 0.49884862231320365 0.014601415627466457 0.00972365035823951 0.901367
14 0.5345304246250987 0.6178671361310133 0.006314127861089187 0.015609003889457523 0.901367
1 0.6201780836621942 0.35798363971340835 0.023653308918705603 0.013817816171954964 0.901367
22 0.684046951854775 0.2738613060388946 0.014404091554853986 0.00972365035823951 0.900391
18 0.800907820047356 0.6598003029682703 0.01657457553275454 0.013817816171954964 0.899902
5 0.49240337174427784 0.37576764790174005 0.01835045177584846 0.00972365035823951 0.898438
18 0.452051952644041 0.16862853633572158 0.01696922367797948 0.01586489907881269 0.897461
5 0.43005130860299917 0.19268179324462642 0.015587995580110498 0.010747178710337769 0.897461
2 0.4164366345698501 0.519767254861822 0.010457771744277821 0.008828043398157626 0.896973
9 0.7487173606945541 0.5585977645854656 0.014996063772691397 0.010747178710337769 0.896973
22 0.6744276558800315 0.14943692118730809 0.014996063772691397 0.011003073899692937 0.896973
14 0.5913575753749013 0.37282508904810646 0.005524871981057617 0.014841344524053224 0.896973
13 0.8476715643251774 0.16645345342886386 0.00868193591160221 0.01765608679631525 0.896484
21 0.5917519810576164 0.2550857891504606 0.018153127703235992 0.014777383828045037 0.895508
13 0.6602209692186267 0.5532241228249744 0.009471191791633781 0.019959064892528147 0.89502
5 0.798145363851618 0.6207779897645854 0.014009483820047354 0.00921185997952917 0.89502
1 0.7666733259668508 0.6225369744114636 0.014798739700078925 0.01413767205731832 0.89502
9 0.7156668918705604 0.29311659365404297 0.014996063772691397 0.010363362128966222 0.89502
9 0.883583090765588 0.2729017645854657 0.014601415627466457 0.010491309723643807 0.893066
18 0.7457577016574586 0.3313714309109519 0.01696922367797948 0.01714432262026612 0.893066
0 0.522494181531176 0.4367962661207779 0.022494095659037094 0.01023541453428864 0.892578
13 0.6329912170481452 0.6174512998976458 0.007892639621152327 0.017400191606960082 0.891602
21 0.5741908255722178 0.5601329785056295 0.021310191633780583 0.014841344524053224 0.891113
1 0.7307617995264404 0.6427840327533265 0.014601415627466457 0.014329580348004094 0.891113
11 0.8014994285714285 0.699974485158649 0.025651159589581685 0.016632558444216988 0.890137
13 0.5359116527229677 0.20905845649948823 0.007892639621152327 0.016376663254861822 0.890137
4 0.7748616890292028 0.3957267389969294 0.009865839936858722 0.010747178710337769 0.890137
8 0.6422898563535911 0.3955988700102354 0.015538654459352803 0.010747178710337769 0.890137
6 0.5546568334648776 0.1495650522006141 0.015390671507498026 0.010491309723643807 0.888672
10 0.693715548539858 0.14559875537359265 0.014206767482241514 0.017400191606960082 0.888672
7 0.623520227308603 0.21414405240532244 0.02604576732438832 0.013817816171954964 0.888672
13 0.8176797600631414 0.6576254820880245 0.013417511602209945 0.01842374616171955 0.888184
24 0.5666930765588003 0.6743857523029683 0.014206767482241514 0.007676567451381781 0.887207
13 0.48747047198105764 0.3929120491299897 0.00828728776637727 0.01688842743091095 0.887207
9 0.7107586424625099 0.6001790296827021 0.01455207450670876 0.00997951934493347 0.88623
9 0.522494181531176 0.35478508085977484 0.014206767482241514 0.00946775516888434 0.88623
13 0.4123915516969219 0.496289670419652 0.00828728776637727 0.01714432262026612 0.885742
5 0.8752961262825572 0.375895516888434 0.01578531965272297 0.010747178710337769 0.884766
22 0.443370178374112 0.2125127533265097 0.014996063772691397 0.00972365035823951 0.883301
2 0.7963693259668507 0.25319867349027636 0.011444351696921862 0.00997951934493347 0.883301
6 0.6884864404104183 0.33597759672466737 0.015489353749013416 0.010747178710337769 0.883301
4 0.49782968271507494 0.41613358116683724 0.009865839936858722 0.010427322824974411 0.882324
5 0.8727308729281767 0.6825740839303991 0.014996063772691397 0.00972365035823951 0.882324
13 0.4293606945540647 0.5973643398157625 0.00828728776637727 0.01714432262026612 0.881836
1 0.6452250670876085 0.7057959303991812 0.01578531965272297 0.01471339692937564 0.881836
16 0.5816889786898184 0.5991155946775844 0.01973163946329913 0.011546831525076766 0.880859
22 0.5351224372533544 0.37576764790174005 0.014996063772691397 0.01023541453428864 0.880859
5 0.6590369439621152 0.5182957134083931 0.014996063772691397 0.010363362128966222 0.879883
5 0.4177188571428572 0.621369645854657 0.01578531965272297 0.00994755209825998 0.879883
6 0.6063534775059195 0.23272784442169908 0.014996063772691397 0.00997951934493347 0.878906
18 0.6777821247040252 0.556422681678608 0.01677189960536701 0.014585475537359264 0.878418
13 0.8510260331491714 0.5967247328556807 0.00868193591160221 0.017400191606960082 0.877441
13 0.6071426929755328 0.33239516888433984 0.009471191791633781 0.01765608679631525 0.877441
13 0.8516180457774271 0.5150332200614125 0.00868193591160221 0.018807562743091095 0.876465
24 0.8115628350434095 0.3061668290685773 0.014206767482241514 0.006397143909928352 0.876465
5 0.48875309865824784 0.6409928188331628 0.014798739700078925 0.01023541453428864 0.875977
8 0.6203629613259668 0.14943692118730809 0.014996063772691397 0.010491309723643807 0.875
6 0.4378452659826362 0.5596212405322416 0.014601415627466457 0.01023541453428864 0.874023
7 0.5396605272296764 0.6023541125895598 0.01578531965272297 0.013306025793244625 0.874023
0 0.7223758295185477 0.39679622681678606 0.021704799368587213 0.007512643602865916 0.873047
5 0.6450276217837411 0.6205219897645855 0.01617996779794791 0.01023541453428864 0.873047
13 0.7397393780584057 0.1865404135107472 0.009076543646408839 0.017400191606960082 0.873047
13 0.6758581846882399 0.2907497072671443 0.00927386771902131 0.016504610849539407 0.873047
8 0.6329912170481452 0.33559372773797336 0.014206767482241514 0.00946775516888434 0.872559
6 0.431531138121547 0.7030449129989764 0.014206767482241514 0.01023541453428864 0.871582
1 0.42265175690607737 0.23592640327533265 0.013022903867403315 0.013561920982599795 0.871582
13 0.5958956653512234 0.35248212896622316 0.007892639621152327 0.016120768065506653 0.870605
22 0.5552484419889503 0.6416324257932446 0.014996063772691397 0.011003073899692937 0.868652
22 0.7507892028413575 0.6205699406345957 0.014404091554853986 0.010651224564994883 0.868652
0 0.3603493985793212 0.41760491299897645 0.024269931491712707 0.01023541453428864 0.868652
7 0.7934096669297553 0.5409416253838281 0.035122351381215465 0.015097239713408393 0.868164
0 0.7115232075769534 0.6411206878198566 0.022691379321231255 0.011258969089048106 0.868164
8 0.6681135280189423 0.27392524053224154 0.014206767482241514 0.009339807574206755 0.868164
2 0.6065510844514601 0.2530385752302968 0.01026044767166535 0.009403794472876151 0.867188
22 0.8820046598263614 0.21123327737973388 0.014996063772691397 0.011003073899692937 0.866211
4 0.663920543014996 0.6200102517911975 0.010951061720599843 0.011131021494370522 0.864258
10 0.4581688776637727 0.5159288270214943 0.012628255722178374 0.016248715660184238 0.862305
5 0.3788476716653512 0.7036847819856704 0.014996063772691397 0.01023541453428864 0.861328
22 0.5818861815311761 0.2125127533265097 0.014996063772691397 0.010491309723643807 0.861328
22 0.6511443851617995 0.33597759672466737 0.01578531965272297 0.010747178710337769 0.861328
8 0.5487371112865035 0.25422214943705224 0.014996063772691397 0.011258969089048106 0.86084
13 0.7371745288082083 0.5556549437052201 0.007892639621152327 0.01688842743091095 0.859863
7 0.37075750591949486 0.150204659160696 0.036700863141278614 0.021494357420675538 0.859863
8 0.6819258089976322 0.16965201228249743 0.014601415627466457 0.01023541453428864 0.859863
13 0.7036306487766376 0.6374103909928353 0.007103383741120757 0.01893551033776868 0.85791
2 0.7620362304656669 0.3147390296827022 0.011838999842146803 0.00972365035823951 0.85791
13 0.4492894964483031 0.5559109437052201 0.009471191791633781 0.01714432262026612 0.856934
11 0.7338200599842146 0.5973164151484135 0.025651159589581685 0.015513049744114637 0.856934
24 0.8429362715074981 0.6834696908904812 0.019337031728492503 0.013817816171954964 0.856934
5 0.8681927829518548 0.16990801228249744 0.013417511602209945 0.00972365035823951 0.855957
2 0.8539856921862666 0.19050671033776867 0.012233607576953433 0.00946775516888434 0.85498
6 0.6024074001578532 0.3756397789150461 0.014996063772691397 0.00921185997952917 0.85498
8 0.6504784214680347 0.2541582149437052 0.014650756748224152 0.010491309723643807 0.854004
22 0.5580108981846883 0.4369241351074718 0.014206767482241514 0.01023541453428864 0.852051
19 0.5118391665351223 0.6005628986693962 0.013022903867403315 0.00972365035823951 0.851074
23 0.4467246471981058 0.6412488188331628 0.011444351696921862 0.00921185997952917 0.851074
23 0.525651043409629 0.21140128884339815 0.011049743962115234 0.010411339201637667 0.851074
9 0.879045000789266 0.29414033162743086 0.013812159747434886 0.00921185997952917 0.851074
21 0.7238556590370955 0.5609007164790174 0.01913970765588003 0.013817816171954964 0.849121
12 0.781175816890292 0.23029676151484135 0.027032347277032357 0.017400191606960082 0.849121
4 0.6471979037095501 0.3749999099283521 0.011049743962115234 0.010747178710337769 0.849121
6 0.3743095816890292 0.6003071606960082 0.013417511602209945 0.010747178710337769 0.848145
13 0.38407637569060776 0.33085969293756395 0.011148385793212312 0.01944730071647902 0.848145
12 0.6902131775848461 0.6599923684749233 0.02604576732438832 0.018167850972364383 0.845703
13 0.8674031633780585 0.22872958034800409 0.009471191791633781 0.017975942681678608 0.845703
14 0.3514700173638516 0.6184910214943705 0.0067087760063141285 0.016280709109518936 0.844727
9 0.46241116337805843 0.29554767656090075 0.014601415627466457 0.01023541453428864 0.844727
14 0.35092730544593526 0.638817735926305 0.007103383741120757 0.01548105629477994 0.84375
6 0.6988949518547751 0.16888427430910952 0.014996063772691397 0.01023541453428864 0.84375
5 0.4606355295974744 0.6197542517911976 0.014206767482241514 0.012282497441146366 0.842773
22 0.6962310970797159 0.6823183459570112 0.014798739700078925 0.010491309723643807 0.842773
6 0.4695145067087608 0.17157109518935515 0.015587995580110498 0.00997951934493347 0.841797
8 0.7101419794790845 0.6211615967246673 0.014404091554853986 0.00972365035823951 0.84082
4 0.5629437979479085 0.5993954653019448 0.01026044767166535 0.011626802047082906 0.84082
8 0.4271902509865825 0.21328049129989765 0.014601415627466457 0.00972365035823951 0.84082
12 0.3701658973954222 0.3337066120777892 0.014206767482241514 0.017336230910951895 0.839844
13 0.6220155857932124 0.16581358444216993 0.007695355958958169 0.01944730071647902 0.837402
10 0.4980268855564326 0.3126918157625384 0.022888703393843725 0.015609003889457523 0.837402
4 0.5485399084451461 0.5382548045035824 0.009471191791633781 0.011003073899692937 0.835449
13 0.878058582478295 0.3111566018423746 0.009471191791633781 0.016120768065506653 0.834473
22 0.6979085335438042 0.4580668004094166 0.015390671507498026 0.010299375230296826 0.833496
13 0.8502368176795579 0.5756140348004094 0.00868193591160221 0.01893551033776868 0.833496
2 0.49161415627466454 0.6821904769703173 0.012036323914759275 0.00997951934493347 0.833496
1 0.6720600094711917 0.33802454861821907 0.014996063772691397 0.013817816171954964 0.833496
2 0.4642858026835043 0.1916580552712385 0.021310191633780583 0.01023541453428864 0.832031
12 0.6544002525651145 0.47556284135107474 0.015292029676400948 0.01765608679631525 0.831055
38 0.7306627940015785 0.454484372569089 0.02959747940015785 0.01772007369498465 0.829102
13 0.830110408839779 0.6581532036847492 0.007892639621152327 0.016856460184237462 0.825684
5 0.44731665982636143 0.5999232917093142 0.0205208953433307 0.010747178710337769 0.823242
5 0.5883979163378059 0.4162934960081883 0.014206767482241514 0.00972365035823951 0.820801
8 0.5651146456195738 0.21187314636642784 0.014206767482241514 0.01023541453428864 0.820801
9 0.46112853670086823 0.23234397543500512 0.014601415627466457 0.01023541453428864 0.820801
6 0.4297555043409629 0.5197030583418628 0.013812159747434886 0.00895599099283521 0.817383
2 0.6858722904498816 0.29401220061412486 0.011049743962115234 0.00997951934493347 0.816406
2 0.5935280189423836 0.3969141911975435 0.011049743962115234 0.007748519959058342 0.81543
6 0.782557044988161 0.6205219897645855 0.015390671507498026 0.010747178710337769 0.81543
5 0.6099051491712707 0.6408329825997954 0.009471191791633781 0.009531742067553736 0.81543
2 0.4634965872138911 0.579580331627431 0.011247027624309392 0.00972365035823951 0.812988
22 0.6590369439621152 0.3966083275332651 0.014206767482241514 0.007136792630501536 0.810547
19 0.5682715074980268 0.49884862231320365 0.011049743962115234 0.00921185997952917 0.809082
13 0.8567481483820047 0.6528914472876152 0.005130223835832675 0.004350061003070625 0.806641
2 0.6900159747434885 0.43724406960081885 0.011444351696921862 0.009659663459570113 0.806641
8 0.6039858310970797 0.3151228986693961 0.014996063772691397 0.00946775516888434 0.805664
23 0.6537096385161799 0.6825740839303991 0.012628255722178374 0.00997951934493347 0.804199
13 0.8358325240726125 0.33108372569089045 0.007892639621152327 0.017975942681678608 0.803223
2 0.5355168429360694 0.45672338996929374 0.013417511602209945 0.009915558648925281 0.801758
9 0.5962904751381215 0.19037857932446264 0.014996063772691397 0.010747178710337769 0.801758
21 0.720402588792423 0.2131526223132037 0.01854773543804262 0.014329580348004094 0.79834
14 0.5935280189423836 0.61668382395087 0.00868193591160221 0.016376663254861822 0.796875
18 0.40972769692186267 0.3149947676560901 0.025651159589581685 0.012794261617195496 0.795898
4 0.7852208997632202 0.2729017645854657 0.010655095816890291 0.011003073899692937 0.795898
24 0.5595897332280978 0.32753326509723646 0.011838999842146803 0.006397143909928352 0.792969
13 0.8500396148382005 0.20837066284544523 0.007892639621152327 0.017624093346980556 0.790527
18 0.3571921325966851 0.47748218628454453 0.022099447513812154 0.012538392630501535 0.789062
16 0.6588397411207577 0.5371034595701126 0.0205208953433307 0.010747178710337769 0.789062
1 0.5554460489344909 0.19370526919140224 0.013812159747434886 0.014329580348004094 0.789062
8 0.659628956590371 0.23259971340839306 0.014206767482241514 0.00972365035823951 0.789062
6 0.7001775785319653 0.29458813510747184 0.014206767482241514 0.00997951934493347 0.789062
16 0.6440410418310971 0.43628452814739 0.020915543488555642 0.011003073899692937 0.786621
13 0.593330816101026 0.2910696417604913 0.01026044767166535 0.016632558444216988 0.785156
24 0.7959749202841357 0.1496929211873081 0.026440415469613256 0.012282497441146366 0.78418
24 0.5704419510655091 0.3764072548618219 0.01578531965272297 0.012282497441146366 0.782715
6 0.750986405682715 0.6415045568065507 0.022494095659037094 0.01023541453428864 0.78125
7 0.6436462320441989 0.31729798157625383 0.027229671349644834 0.014329580348004094 0.78125
9 0.5994473370165746 0.43602852814738996 0.014206767482241514 0.010491309723643807 0.778809
13 0.6767957063930545 0.5698567860798363 0.007892639621152327 0.004605929989764585 0.775879
2 0.5690607229676401 0.6200102517911975 0.011838999842146803 0.01023541453428864 0.775879
9 0.4603393212312549 0.2539661494370522 0.015193387845303866 0.010747178710337769 0.775879
22 0.878058582478295 0.4557318812691914 0.015390671507498026 0.005629484544524053 0.775879
14 0.5165744593528019 0.2917092487205732 0.006314127861089187 0.015609003889457523 0.773438
22 0.49773067719021313 0.43686020061412484 0.012825579794790843 0.00972365035823951 0.771973
8 0.6665350970797159 0.6422722947799386 0.014996063772691397 0.00972365035823951 0.771973
6 0.5749804451460142 0.19114631729785056 0.024072607419100236 0.01023541453428864 0.770508
2 0.7045184656669298 0.33572159672466734 0.014206767482241514 0.00972365035823951 0.767578
14 0.5441990213101816 0.6379221289662231 0.007103383741120757 0.01586489907881269 0.766113
16 0.766574724546172 0.43602852814738996 0.0205208953433307 0.011770733265097236 0.766113
9 0.8800314191002369 0.23208797543500512 0.014996063772691397 0.01023541453428864 0.764648
24 0.6793605556432518 0.44994240327533264 0.015292029676400948 0.007036855680655067 0.763672
4 0.7399369850039463 0.39534287001023544 0.01026044767166535 0.010747178710337769 0.760742
8 0.8745065067087608 0.25268667349027635 0.014996063772691397 0.009595702763561923 0.759277
6 0.5244674222573007 0.6004010186284544 0.014206767482241514 0.009823587308085977 0.757812
7 0.6797553654301499 0.460065801432958 0.01617996779794791 0.014105678607983623 0.756348
11 0.645422269928966 0.6381141944728762 0.025651159589581685 0.017272270214943708 0.754883
2 0.46487781531176003 0.6413766878198568 0.023283351539068665 0.01017145383828045 0.753418
0 0.6992897616416732 0.4164533060388945 0.015390671507498026 0.00997951934493347 0.753418
6 0.8235990781373322 0.620298219037871 0.013417511602209945 0.010043506243602866 0.751953
14 0.3643940773480663 0.5770213797338792 0.006610093764798737 0.016120768065506653 0.747559
22 0.7983425666929755 0.19140231729785057 0.024861863299131808 0.00972365035823951 0.746094
13 0.4605365240726125 0.3730808270214943 0.00828728776637727 0.01688842743091095 0.743164
14 0.7012630023677979 0.5555270747185261 0.00868193591160221 0.01586489907881269 0.741699
10 0.3710044135753749 0.6585850235414535 0.014108125651144436 0.01676047983623337 0.73584
1 0.8622730607734808 0.2956755455475947 0.014601415627466457 0.014073685158648925 0.733887
8 0.7548342857142857 0.6003071606960082 0.014601415627466457 0.01023541453428864 0.732422
2 0.5749804451460142 0.47812179324462645 0.022888703393843725 0.010363362128966222 0.730957
13 0.39779005524861877 0.16722119140225178 0.010951061720599843 0.018167850972364383 0.730957
4 0.5022691712707182 0.1496929211873081 0.021902123441199687 0.012282497441146366 0.729492
2 0.5430149960536701 0.5184238444216991 0.013417511602209945 0.00972365035823951 0.728027
9 0.5130227876874507 0.579324593654043 0.015390671507498026 0.01023541453428864 0.725098
14 0.4364640378847671 0.6793755250767657 0.007103383741120757 0.015097239713408393 0.725098
7 0.3796861878453039 0.21454387881269193 0.023677999684293606 0.013465966837256909 0.723145
2 0.5556432517758485 0.37487204094165816 0.012628255722178374 0.00921185997952917 0.72168
6 0.7882795643251775 0.5587256335721597 0.014996063772691397 0.010491309723643807 0.71875
11 0.6610101846882399 0.16683732241555785 0.025256511444356748 0.01688842743091095 0.71875
23 0.6924822225730072 0.21068959836233367 0.012628255722178374 0.00997951934493347 0.71875
2 0.4391278926598264 0.41658138464687816 0.024072607419100236 0.010555270419651996 0.715332
38 0.3678471475927388 0.2313202374616172 0.028906865351223363 0.020982593244626407 0.715332
8 0.7756513086029991 0.19050671033776867 0.018153127703235992 0.01023541453428864 0.715332
8 0.5931332091554854 0.5584698955987718 0.014996063772691397 0.010491309723643807 0.713867
13 0.4439621910023678 0.4756270378710338 0.00868193591160221 0.016248715660184238 0.712402
3 0.458958093133386 0.43429338792221084 0.021310191633780583 0.01933533674513818 0.710449
2 0.4709943362273086 0.39611060798362335 0.021902123441199687 0.010747178710337769 0.710449
23 0.837016549329124 0.6202662517911975 0.013417511602209945 0.00972365035823951 0.70752
13 0.3678471475927388 0.7010618955987717 0.010753737647987371 0.018551693756397133 0.705566
2 0.440212912391476 0.39724602169907886 0.011838999842146803 0.008412233367451382 0.702637
22 0.40763120441988954 0.5598772405322416 0.01504536448303078 0.010747178710337769 0.702637
8 0.8118093385951065 0.41709317502558857 0.014108125651144436 0.00997951934493347 0.702637
22 0.8164464340962906 0.6006907676560901 0.024565897395422257 0.00946775516888434 0.700684
22 0.6353098052091555 0.4985926223132037 0.014996063772691397 0.009595702763561923 0.700684
6 0.8350433086029991 0.4787614002047083 0.022888703393843725 0.00946775516888434 0.697754
11 0.7191199621152329 0.49565006345957013 0.024467255564325177 0.016120768065506653 0.697754
10 0.42758465666929757 0.16798866734902765 0.01657457553275454 0.01688842743091095 0.697754
8 0.522494181531176 0.4580668004094166 0.012628255722178374 0.010043506243602866 0.695801
6 0.8535912865035518 0.5591095025588537 0.01657457553275454 0.01023541453428864 0.695801
9 0.6903117790055248 0.23106449948822927 0.015193387845303866 0.010747178710337769 0.695801
24 0.4528411681136543 0.6542348577277379 0.015390671507498026 0.006908908085977482 0.694336
4 0.5440014143646409 0.6818066079836234 0.01026044767166535 0.012282497441146366 0.694336
13 0.8058407198105761 0.16709306038894575 0.00868193591160221 0.017400191606960082 0.692871
2 0.4196920978689819 0.45598761924257936 0.011247027624309392 0.005117694165813715 0.690918
27 0.4447514064719811 0.7053481269191403 0.012233607576953433 0.013817816171954964 0.689453
23 0.46142474506708764 0.4989764912998977 0.012430931649565904 0.00997951934493347 0.6875
10 0.3569949297553276 0.3128199467758444 0.015489353749013416 0.01688842743091095 0.6875
5 0.3936956716653512 0.3971340839303992 0.021408833464877663 0.00972365035823951 0.6875
14 0.5355168429360694 0.14713396929375638 0.006314127861089187 0.016632558444216988 0.682617
4 0.3950275990528808 0.5998992376663255 0.011247027624309392 0.01156281514841351 0.680664
19 0.796764135753749 0.21180111525076764 0.012233607576953433 0.00954772569089048 0.675781
12 0.6911502951854774 0.7024053060388946 0.02614444956590371 0.021494357420675538 0.673828
9 0.6886347466456195 0.579324593654043 0.014206767482241514 0.00972365035823951 0.672363
13 0.643301086661405 0.4548043070624361 0.014009483820047354 0.015545043193449336 0.672363
2 0.4774070655090765 0.25409428045035826 0.011247027624309392 0.01023541453428864 0.672363
12 0.8249803062352011 0.5367195905834187 0.024072607419100236 0.017400191606960082 0.67041
4 0.8437254869771112 0.3958546079836233 0.01026044767166535 0.011003073899692937 0.67041
24 0.4599449155485398 0.31627424360286593 0.01775847955801105 0.00972365035823951 0.668945
5 0.636962308445146 0.47837779324462637 0.01696922367797948 0.00921185997952917 0.666992
14 0.7407262004735595 0.6174512998976458 0.007103383741120757 0.016632558444216988 0.665527
4 0.8421466519337016 0.5386386734902764 0.009865839936858722 0.011770733265097236 0.662109
14 0.35655081925808996 0.5774052487205731 0.007300707813733228 0.01586489907881269 0.660156
12 0.5816889786898184 0.35248212896622316 0.018153127703235992 0.01688842743091095 0.658203
13 0.7689423709550118 0.5351841146366427 0.009865839936858722 0.01765608679631525 0.656738
16 0.3567358989739542 0.5996333592630502 0.019559006156274664 0.011934657113613101 0.654785
6 0.6144436432517758 0.17016375025588537 0.022494095659037094 0.01023541453428864 0.654785
2 0.47198115864246254 0.4156058071647902 0.011641675769534333 0.012602353326509724 0.65332
18 0.7260261026045778 0.43666839713408395 0.021310191633780583 0.012282497441146366 0.65332
2 0.7052090797158642 0.3765353858751279 0.01006312359905288 0.00895599099283521 0.65332
4 0.7507892028413575 0.3958546079836233 0.009076543646408839 0.010747178710337769 0.65332
13 0.7563141152328335 0.6792476560900716 0.014601415627466457 0.017272270214943708 0.651367
4 0.8614838453038673 0.579068593654043 0.011838999842146803 0.011258969089048106 0.649414
8 0.7383581499605367 0.21150523480040942 0.015587995580110498 0.010331368679631525 0.647949
10 0.45609703551696923 0.45502807778915044 0.014798739700078925 0.016632558444216988 0.645996
7 0.8115628350434095 0.2351586653019447 0.015390671507498026 0.013306025793244625 0.644043
1 0.6623914127861089 0.5001920327533265 0.015390671507498026 0.014073685158648925 0.642578
13 0.5822809913180742 0.18705215148413512 0.011049743962115234 0.01791198198567042 0.642578
13 0.4717835516969219 0.6226331381780963 0.004735616101026046 0.010107466939611055 0.640625
6 0.7334252501973165 0.23272784442169908 0.022494095659037094 0.00972365035823951 0.635254
7 0.5730072044198895 0.5807319385875127 0.01657457553275454 0.013817816171954964 0.633301
1 0.8034726692975532 0.39944505383828044 0.023283351539068665 0.012810271443193449 0.62793
6 0.648184726124704 0.661591516888434 0.013022903867403315 0.010491309723643807 0.62793
2 0.629908265824783 0.45790696417604915 0.011592334648776638 0.009083938587512793 0.624512
21 0.5129734869771113 0.6803353285568066 0.01904102541436464 0.014585475537359264 0.624512
6 0.7409234033149171 0.4785056622313204 0.022888703393843725 0.00946775516888434 0.620605
10 0.6065510844514601 0.4149180921187308 0.013417511602209945 0.01893551033776868 0.620605
2 0.7036306487766376 0.5997951606960081 0.007103383741120757 0.01023541453428864 0.616699
13 0.44909229360694547 0.22517911975435004 0.007103383741120757 0.007164803275332652 0.611328
6 0.6199067681136543 0.41594156806550664 0.013047554222573006 0.00972365035823951 0.609375
21 0.41199674191002367 0.25575736335721594 0.01913970765588003 0.012538392630501535 0.605957
23 0.638812135753749 0.6003150476970317 0.012332289818468824 0.009659663459570113 0.604004
4 0.8157065193370167 0.17041975025588538 0.009471191791633781 0.010747178710337769 0.604004
10 0.4025257521704815 0.5162487615148413 0.014601415627466457 0.016632558444216988 0.602051
6 0.44692185003946333 0.6821904769703173 0.013812159747434886 0.00946775516888434 0.602051
12 0.48579303551696923 0.6600563029682702 0.028413575374901343 0.021238488433981576 0.596191
6 0.6657458816101025 0.7044525199590583 0.024072607419100236 0.011003073899692937 0.596191
13 0.38526040094711916 0.556550550665302 0.00887925998421468 0.01688842743091095 0.592773
8 0.6932714380426204 0.5184238444216991 0.01578531965272297 0.01023541453428864 0.592773
6 0.37707163378058406 0.6833418219037871 0.023480675611681136 0.00972365035823951 0.592773
24 0.497336271507498 0.22495534902763561 0.011247027624309392 0.006269196315250768 0.592773
19 0.6223362020520916 0.6409928188331628 0.012628255722178374 0.01023541453428864 0.588867
14 0.4357734238358326 0.4750511033776868 0.0067087760063141285 0.016120768065506653 0.586914
2 0.3561564135753749 0.3362333346980552 0.012430931649565904 0.00921185997952917 0.586914
3 0.83524091554854 0.4343654452405323 0.021704799368587213 0.018103890276356192 0.575684
0 0.4040548823993686 0.2128966223132037 0.023381993370165745 0.00946775516888434 0.575684
4 0.7701263962115232 0.6825740839303991 0.009865839936858722 0.011003073899692937 0.57373
13 0.8752961262825572 0.4952661944728761 0.012628255722178374 0.015097239713408393 0.571777
4 0.4322217521704814 0.43666839713408395 0.009865839936858722 0.011514838075742067 0.569824
13 0.609313136543015 0.5537358607983622 0.014996063772691397 0.019959064892528147 0.569824
22 0.6197709486977112 0.3143551606960082 0.013812159747434886 0.010619231115660184 0.569824
2 0.4747436148382005 0.5381269355168884 0.013812159747434886 0.00972365035823951 0.567871
27 0.8186661783741119 0.5204068618219038 0.011049743962115234 0.012922209211873082 0.567871
4 0.44583642620363056 0.49904042579324465 0.009668515864246252 0.010747178710337769 0.565918
6 0.4709943362273086 0.5587256335721597 0.013812159747434886 0.01023541453428864 0.563965
12 0.7340172628255722 0.5768935107471852 0.02683502320441989 0.01765608679631525 0.563965
21 0.3877763535911602 0.6223852610030706 0.0205208953433307 0.01431359672466735 0.563965
13 0.5292027150749802 0.3125639467758444 0.00868193591160221 0.017400191606960082 0.560059
6 0.3879242557221784 0.3764072548618219 0.015193387845303866 0.00997951934493347 0.558105
2 0.8541832991318075 0.2531667062436029 0.025256511444356748 0.009659663459570113 0.556641
13 0.42097472454617213 0.699590616171955 0.006314127861089187 0.01688842743091095 0.554688
13 0.6150971605367009 0.18730815148413513 0.01640194222573007 0.01842374616171955 0.552734
4 0.8078135564325177 0.25127932855680657 0.009865839936858722 0.012026602251791198 0.550781
18 0.629439545382794 0.6606959099283521 0.022099447513812154 0.013050156806550665 0.546875
19 0.5836622194159431 0.37512804094165814 0.009471191791633781 0.00921185997952917 0.546875
0 0.525256637726914 0.3970421125895599 0.023677999684293606 0.008004415148413511 0.541016
2 0.8902920284135754 0.15007679017400205 0.010655095816890291 0.00946775516888434 0.537109
23 0.4909235422257301 0.5798363316274309 0.012233607576953433 0.010491309723643807 0.533203
18 0.4596487071823204 0.4758188413510747 0.019534315390686664 0.017400191606960082 0.529297
13 0.682024410418311 0.6528914472876152 0.00887925998421468 0.004350061003070625 0.529297
2 0.5076954822415154 0.2122570153531218 0.024467255564325177 0.00921185997952917 0.529297
18 0.3584254585635359 0.5385108045035824 0.022691379321231255 0.012794261617195496 0.527344
18 0.403610771902131 0.69901494370522 0.027821643567482242 0.019319353121801434 0.527344
14 0.8579321736385163 0.22968912180143297 0.007892639621152327 0.016248715660184238 0.519531
4 0.6769929092344119 0.47799392425793247 0.010457771744277821 0.011514838075742067 0.513672
5 0.6803473780584057 0.4552201432958035 0.01736387182320442 0.006653012896622313 0.513672
18 0.7012630023677979 0.5348005076765608 0.011838999842146803 0.017400191606960082 0.511719
0 0.4238357821625887 0.3358494657113613 0.014996063772691397 0.00921185997952917 0.509766
6 0.5195345224940806 0.33572159672466734 0.023283351539068665 0.00921185997952917 0.509766
13 0.6103985603788477 0.3917604421699079 0.008435270718232045 0.018167850972364383 0.507812
24 0.8796370134175217 0.571392 0.01578531965272297 0.008188331627430911 0.505859
24 0.7160617016574585 0.7030449129989764 0.01775847955801105 0.011642785670419651 0.505859
13 0.5430149960536701 0.6509723643807575 0.00868193591160221 0.008188331627430911 0.503906
7 0.7046170670876085 0.23387918935516888 0.005130223835832675 0.01548105629477994 0.503906
5 0.8055445114443568 0.518679582395087 0.013614835674822417 0.010747178710337769 0.501953
