24 0.5039049684347543 0.2825107927968999 0.014643666514806378 0.01464551082744472 0.999023
1 0.4082329450048812 0.2357534169136084 0.01513179095346567 0.016298102575792114 0.997559
1 0.28571432736739344 0.6081034620469569 0.01171493654409372 0.016526150900387507 0.997559
27 0.6722664965831435 0.6359128698427171 0.009518384900748455 0.011967168452245271 0.997559
1 0.5226163774812886 0.3071005643948028 0.014969093914741296 0.015614307727376339 0.99707
11 0.21705167849007487 0.5501481431502167 0.014480969476082003 0.008434006656029176 0.99707
1 0.221607528799219 0.6298153198085252 0.013667417637487796 0.01595626350581263 0.99707
19 0.567116891636837 0.1886254916799635 0.011552222844126263 0.010713474538408936 0.996582
11 0.2665147438984706 0.4854114793708685 0.015294504653433127 0.01618419512195122 0.996582
21 0.5146436394402863 0.7277610248461364 0.017084272046859746 0.016155718258490995 0.996582
1 0.5578425772860397 0.541201272851607 0.014806380214773835 0.01607017095965352 0.996094
1 0.5843637774162057 0.19147481194438112 0.015619915392124959 0.01641212673808981 0.995117
11 0.6494467582167264 0.6546614998860268 0.015294504653433127 0.01618419512195122 0.994629
18 0.6584769853563294 0.4448369674036928 0.018386014969085585 0.01641212673808981 0.994141
21 0.29205992840872114 0.4679736020059266 0.01692149170191995 0.015728331889674037 0.994141
1 0.40009759323137 0.5855368315477547 0.015294504653433127 0.01641212673808981 0.994141
27 0.36788158021477385 0.6320627745612035 0.009762455450699642 0.015279471164805106 0.994141
11 0.3929079336153596 0.36904486163665373 0.015192804425642695 0.01618419512195122 0.993652
18 0.40831441848356653 0.4166286501025758 0.015782629092092416 0.015044420332801458 0.993652
11 0.4076634637162382 0.4629587563255072 0.015457201692157502 0.01618419512195122 0.993652
27 0.2336479427269769 0.6299008671073627 0.008460779173446143 0.01584223934351493 0.993652
16 0.27188416270745197 0.1637793116024618 0.01692149170191995 0.011169361112377478 0.992676
11 0.4070939824275952 0.18366759972646454 0.01594532613081679 0.01641212673808981 0.992676
19 0.5487308766677514 0.11785535080920903 0.01171493654409372 0.01104114520173239 0.992676
1 0.4110803514480963 0.7237292144973786 0.015863969280833064 0.01139730439936175 0.991699
1 0.38016591474129513 0.30510601686801914 0.015457201692157502 0.016298102575792114 0.991211
27 0.3931012040351448 0.3044221053111466 0.009274331012040352 0.01607017095965352 0.991211
18 0.4596485414904003 0.25404606701618415 0.01985037162382037 0.016640058354228403 0.990723
19 0.6090139199479336 0.25917482015044446 0.010413276928083305 0.010713474538408936 0.990723
11 0.6673445987634234 0.21093571369956693 0.01602668298080052 0.01607017095965352 0.990723
18 0.37561023104458185 0.3226578016868019 0.018386014969085585 0.01641212673808981 0.990723
19 0.5679711135698016 0.11824002188283565 0.011552222844126263 0.011183611214953272 0.990234
13 0.39489095476732833 0.18400957884659222 0.007972671396029939 0.017494831091862322 0.990234
7 0.5521071109664822 0.3547982603145658 0.022941698665798895 0.01595626350581263 0.989746
0 0.4509843618613732 0.513847728288124 0.02351117995444191 0.011511281878276727 0.989746
27 0.27204677643996095 0.6773421545475268 0.008786206573381061 0.015500283565078644 0.989746
11 0.648531556134071 0.3509231894232961 0.014602996420436056 0.01607017095965352 0.989258
18 0.3799218275301009 0.5333940606336905 0.018548628701594534 0.016640058354228403 0.989258
1 0.2592742674910511 0.6774418235696376 0.013667417637487796 0.015300945520857078 0.989258
0 0.48673938952164014 0.23432864007294277 0.02424344158802473 0.011283338591292455 0.98877
19 0.5135046768630003 0.4677527896056531 0.012365774682720468 0.010927167722817415 0.98877
4 0.4122193140253824 0.5589882252108502 0.008623492873413602 0.01275074903122863 0.98877
0 0.3877317852261634 0.6308981408707546 0.02310447901073869 0.011625259357191702 0.98877
2 0.6362675483241133 0.7253248525188056 0.012528471721444842 0.008206063369044905 0.98877
4 0.5821673257403189 0.28054483884203324 0.01171493654409372 0.014018669705949395 0.988281
7 0.4806378756915067 0.35297469067700027 0.01659616426944354 0.015500283565078644 0.988281
7 0.4877968786202408 0.44654662958741737 0.022128130165961605 0.01595626350581263 0.988281
7 0.21282138887081029 0.7214497816275359 0.013667417637487796 0.015044420332801458 0.988281
0 0.5335381555483242 0.7016184472304536 0.024121314676212167 0.011169361112377478 0.988281
4 0.2810771701919948 0.48811829860952816 0.010901401366742596 0.013505852746751767 0.987793
8 0.19410997982427594 0.6265101363118304 0.014643666514806378 0.01139730439936175 0.987793
4 0.6623820475105759 0.2358673243674493 0.008135368434754311 0.013334874857533622 0.987305
18 0.599658298730882 0.2799749514474584 0.015457201692157502 0.014702581262821975 0.987305
24 0.22860391799544416 0.3058182885798951 0.013342006898795965 0.01510149076817871 0.987305
18 0.5746421086885779 0.536699360838842 0.015863969280833064 0.015500283565078644 0.987305
2 0.6085259121379759 0.6326219247777524 0.012203060982753009 0.011197861317529064 0.987305
18 0.5625610413276928 0.6762594501937542 0.018223234624145785 0.016526150900387507 0.987305
13 0.23787823234624147 0.20851377980396626 0.006508298080052067 0.016241148848871668 0.986816
0 0.6160104757565896 0.44688858536585363 0.02408066124308493 0.012081192614542968 0.986816
27 0.23804101269118122 0.4423331741964896 0.009274331012040352 0.00935292236152268 0.986816
18 0.6553653315977872 0.4682513681331205 0.019077456557110316 0.016426365169819924 0.986816
8 0.2593557409697364 0.6047413248233416 0.015457201692157502 0.011169361112377478 0.986816
8 0.26033192320208265 0.6514132701162526 0.015294504653433127 0.010941417825393207 0.986816
4 0.2266515535307517 0.7172327549578299 0.012365774682720468 0.016640058354228403 0.986816
7 0.37292543833387565 0.11998516343742877 0.01659616426944354 0.015671261454296787 0.986328
18 0.5014644295476732 0.3251083291543196 0.015294504653433127 0.015158444495099156 0.986328
18 0.6137325506020176 0.3509231894232961 0.015619915392124959 0.014588557100524277 0.986328
18 0.6002277800195249 0.5374401094141783 0.015294504653433127 0.014930512878960564 0.986328
2 0.39424016661243083 0.6074766209254616 0.013016596160104133 0.01059949705949396 0.986328
2 0.30287990628050765 0.6289035933439708 0.011552222844126263 0.011625259357191702 0.986328
2 0.3157745421412301 0.16275356097560975 0.012609828571428573 0.012081192614542968 0.98584
4 0.25463711031565245 0.34841582493731477 0.009762455450699642 0.012992919079097333 0.98584
0 0.5440225759843801 0.37434470936858905 0.023897720794012367 0.009915655527695464 0.98584
38 0.6436706384640416 0.37605425484385685 0.02342987308818744 0.019375471164805105 0.98584
4 0.5413072931988285 0.5364714292227034 0.011104785161080377 0.014702581262821975 0.98584
19 0.49674579889358933 0.7005926966036016 0.010738687666775139 0.010713474538408936 0.98584
2 0.41407004490725674 0.7002507408251653 0.012569158477058251 0.011853144289947572 0.98584
2 0.27123337455255453 0.11796925826304994 0.012691185421412302 0.011724998404376567 0.985352
18 0.21371626423690207 0.18714387782083428 0.014480969476082003 0.014816488716662869 0.985352
18 0.519118182883176 0.13884770093457943 0.01871140904653433 0.016925060405744246 0.985352
9 0.3863489020501139 0.23250518714383406 0.015457201692157502 0.011739236836106679 0.985352
27 0.2357630875366092 0.328926329610212 0.008135368434754311 0.01641212673808981 0.985352
5 0.6386267803449398 0.30664458445406884 0.014318255776114546 0.010941417825393207 0.985352
23 0.22128213472177025 0.3955151565990426 0.012040347282785552 0.0103145650330522 0.985352
2 0.3961926976895542 0.5363004513334853 0.012365774682720468 0.011511281878276727 0.985352
2 0.2547413930361211 0.4649533038522909 0.009625166807679792 0.010998406564850694 0.984863
7 0.26195906020175724 0.5605696248005471 0.016270736869508622 0.01619843355368133 0.984863
8 0.34101449267816464 0.6294734807385457 0.015660585486495283 0.011055395304308182 0.984863
9 0.47779046924829155 0.7001367166628676 0.01594532613081679 0.011625259357191702 0.984863
27 0.6151969072567524 0.6592774360610896 0.010413276928083305 0.01527235194894005 0.984863
9 0.5647983130491376 0.2582060232505129 0.015619915392124959 0.011853144289947572 0.984375
9 0.23470543182557763 0.6036015500341919 0.013830131337455257 0.011625259357191702 0.984375
2 0.22242109729905626 0.6039435058126282 0.010738687666775139 0.01139730439936175 0.984375
18 0.6029938795964855 0.607248689309323 0.019524977546371624 0.016640058354228403 0.984375
7 0.5196366807679791 0.28333708867107366 0.017429992840872113 0.016526150900387507 0.983887
18 0.5104133498210217 0.558803008889902 0.01594532613081679 0.01608440939138363 0.983887
0 0.26309802277904326 0.6978572837930249 0.0224536908558412 0.011169361112377478 0.983887
4 0.38681663312723724 0.7227034638705265 0.011816636771884152 0.013448782311374516 0.983887
5 0.6381386059225512 0.16594483701846363 0.016270736869508622 0.011169361112377478 0.983398
18 0.29844618288317604 0.16024619648962846 0.01814192775789131 0.016640058354228403 0.98291
13 0.33843150016270745 0.37007061226350585 0.007484546957370648 0.01755190152723957 0.98291
19 0.25758623364790106 0.5118531807613403 0.010982758216726327 0.010257576293594712 0.98291
9 0.4096159947933616 0.5354456785958513 0.013830131337455257 0.01253705584682015 0.98291
22 0.5084608187438985 0.5143606619557785 0.014969093914741296 0.011169361112377478 0.98291
22 0.2792059459811259 0.5582331214953271 0.014643666514806378 0.010613747162069751 0.98291
1 0.2866092027334852 0.6546614998860268 0.009925152489424015 0.016640058354228403 0.98291
4 0.6560364464692483 0.11779828037383179 0.012691185421412302 0.014688226122635057 0.982422
23 0.5800520143182557 0.11824714109870069 0.011877650244061178 0.010371553772509687 0.982422
5 0.6338268428246013 0.23620928014588555 0.014969093914741296 0.011055395304308182 0.982422
7 0.5700456049463065 0.44814226760884435 0.015782629092092416 0.015728331889674037 0.982422
8 0.25959966156849984 0.5345498828356507 0.015294504653433127 0.01073840346478231 0.982422
14 0.2896192229092092 0.5563597173467061 0.0039049788480312398 0.015215398222019602 0.982422
2 0.27416208786202406 0.6048552322771826 0.011552222844126263 0.010713474538408936 0.982422
0 0.25268474585095996 0.6284441121495327 0.021802736088512853 0.011062514520173239 0.982422
23 0.5089590732183534 0.701390515614315 0.01134883904978848 0.010485531251424663 0.982422
6 0.5362837617962902 0.30447917574652383 0.010413276928083305 0.010941417825393207 0.981934
5 0.5035846560364465 0.37394579986323223 0.007474366937845753 0.010713474538408936 0.981934
2 0.5731369319882851 0.3758832769546387 0.012691185421412302 0.010827440346478232 0.981934
22 0.2717213823625122 0.6286756617278323 0.013992845037422715 0.01045703104627308 0.981934
5 0.40969730165961604 0.14050029268292683 0.013667417637487796 0.010770463277866424 0.981445
7 0.3982468623494956 0.28231133804422154 0.015497888447770908 0.015500283565078644 0.981445
2 0.5219654227139603 0.5376110873033964 0.012691185421412302 0.011169361112377478 0.981445
18 0.5180605271721445 0.6522965197173467 0.018223234624145785 0.016526150900387507 0.981445
14 0.28636511552229094 0.13762249555504902 0.008135368434754311 0.01618419512195122 0.980957
7 0.5080133477383665 0.4471165169819923 0.016209723397331597 0.014930512878960564 0.980957
4 0.2715587686300032 0.5108274301344883 0.01106409840546697 0.012992919079097333 0.980957
8 0.6366742492678165 0.469903959881468 0.015457201692157502 0.01152553198085252 0.980957
4 0.6426944562316954 0.5397196589924778 0.013016596160104133 0.014673987690904947 0.980957
7 0.1954117227465018 0.7217916206975153 0.01871140904653433 0.015158444495099156 0.980957
8 0.5314025174096974 0.7243133403236837 0.014969093914741296 0.010798951812172327 0.980957
6 0.6021803110966483 0.18936635696375653 0.016270736869508622 0.011055395304308182 0.980469
2 0.6772697012691181 0.1897652664691133 0.012853882460136676 0.01139730439936175 0.980469
19 0.35698012886430197 0.2325621408707545 0.011389525805401887 0.010941417825393207 0.980469
9 0.47266513765050444 0.28014592933667654 0.015294504653433127 0.012081192614542968 0.980469
2 0.23104462349495608 0.28074067563255073 0.01171493654409372 0.011233469067700024 0.980469
0 0.4321509925154572 0.37309091041714154 0.023592653433127237 0.011283338591292455 0.980469
5 0.22567520468597463 0.352687984682015 0.013667417637487796 0.005125228538864828 0.980469
22 0.24910507777416205 0.4419306934123547 0.013342006898795965 0.010941417825393207 0.980469
4 0.4556621724698991 0.4187372217916572 0.011877650244061178 0.012764987462958741 0.980469
6 0.2055809124633908 0.5339639480282653 0.013016596160104133 0.011169361112377478 0.980469
13 0.5305889489098601 0.5594369692272624 0.008135368434754311 0.017095921586505584 0.980469
2 0.6551822245362838 0.6107818044221563 0.011470882655385616 0.010941417825393207 0.980469
2 0.5799707074520013 0.6792226779120127 0.013504720598763422 0.011055395304308182 0.980469
7 0.33664174943052394 0.2816275431958058 0.01659616426944354 0.01641212673808981 0.97998
9 0.6643955587373902 0.2832231812172327 0.014928407159127889 0.012309124230681558 0.97998
2 0.2748078776439961 0.5352177469797127 0.01237593804100228 0.01139730439936175 0.97998
23 0.5084608187438985 0.5848102046956918 0.012040347282785552 0.011596759152040118 0.97998
5 0.6433452443865929 0.5637109496238888 0.014969093914741296 0.011055395304308182 0.97998
4 0.27530105043931014 0.1856051935263278 0.01106409840546697 0.014246601322087988 0.979492
2 0.28789045232671656 0.11702193571917027 0.013545390693133746 0.011739236836106679 0.979492
23 0.30377478164659943 0.18589007886938683 0.012691185421412302 0.010941417825393207 0.979492
9 0.2129636758867556 0.280202883063597 0.013708104393101203 0.011739236836106679 0.979492
9 0.5021152177025708 0.39691133986779115 0.015619915392124959 0.012195100068383861 0.979492
18 0.5385616869508624 0.560241907453841 0.005857459941425317 0.015600069295646229 0.979492
7 0.6588025460462089 0.5668452719398221 0.015294504653433127 0.015728331889674037 0.979492
5 0.40798885779368693 0.630812593571917 0.014480969476082003 0.01131182712559836 0.979492
0 0.6516027230719167 0.7036699484841576 0.023023172144484218 0.011853144289947572 0.979492
18 0.6075495632931989 0.11568270617734215 0.018223234624145785 0.016526150900387507 0.979004
23 0.4229478216726326 0.1870031274219284 0.01385047471526196 0.011279778983359927 0.979004
6 0.4563131272372275 0.28014592933667654 0.015619915392124959 0.010485531251424663 0.979004
9 0.4066059746176375 0.3252791903350809 0.014806380214773835 0.011739236836106679 0.979004
2 0.3930605506020176 0.32545016822429906 0.01277254227139603 0.011055395304308182 0.979004
5 0.6357793739017247 0.4004729318440848 0.014643666514806378 0.011340327330749944 0.979004
2 0.19345919166937844 0.5338072669250057 0.01106409840546697 0.011482793343970822 0.979004
2 0.2086112593556785 0.6274219794848416 0.012650498665798893 0.011169361112377478 0.979004
9 0.3161405896518061 0.6286756617278323 0.014480969476082003 0.011853144289947572 0.979004
4 0.4523267582167263 0.6999087850467289 0.011877650244061178 0.012309124230681558 0.979004
13 0.6802798880572731 0.21186891452017323 0.008786206573381061 0.017680047412810578 0.978516
13 0.5832248148389196 0.3730481951219512 0.006833708818743898 0.016326696147709138 0.978516
4 0.6433452443865929 0.6095281221791656 0.011877650244061178 0.013904762252108502 0.978516
11 0.551496976244712 0.629359456576248 0.015294504653433127 0.01618419512195122 0.978516
2 0.5031219566547348 0.7237292144973786 0.006569311552229092 0.01139730439936175 0.978516
22 0.5476020774487471 0.724527033508092 0.01462333979824276 0.009801689719626168 0.978516
19 0.2871786840221282 0.20999539366309553 0.008786206573381061 0.010656485798951449 0.978027
2 0.40465344354051414 0.44232960291771145 0.012040347282785552 0.011625259357191702 0.978027
4 0.26960623755287993 0.5802940542511967 0.012365774682720468 0.013106943241395032 0.978027
14 0.32728596160104134 0.5792113498974242 0.007972671396029939 0.01595626350581263 0.978027
2 0.35746830328669055 0.629801081376795 0.012691185421412302 0.011539782083428311 0.978027
0 0.5655710615034168 0.702416266241167 0.023918047510575982 0.010941417825393207 0.978027
8 0.3368858366417182 0.11705753179849555 0.016758877969410998 0.010813201914748119 0.977539
2 0.6614871721444843 0.30727142557556414 0.009925152489424015 0.011055395304308182 0.977539
9 0.4692482499186462 0.44341230727148395 0.015782629092092416 0.011739236836106679 0.977539
4 0.522987589977221 0.44335535354456346 0.011135291897168892 0.014132693868247092 0.977539
2 0.19443537390172472 0.5108274301344883 0.01106409840546697 0.010713474538408936 0.977539
14 0.6255288773185812 0.49091066514702525 0.008460779173446143 0.017038967859585138 0.977539
5 0.646762132118451 0.5180078012309095 0.014643666514806378 0.010941417825393207 0.977539
14 0.28368048942401564 0.6260827499430134 0.007647243996095021 0.01618419512195122 0.977539
8 0.39301989716889035 0.6540061819010714 0.015782629092092416 0.011055395304308182 0.977539
21 0.4540352020826554 0.6801914748119444 0.01692149170191995 0.015728331889674037 0.977539
29 0.39489095476732833 0.1642352915431958 0.021802736088512853 0.022452723045361295 0.977051
5 0.6597787282785551 0.16617276863460223 0.013342006898795965 0.011169361112377478 0.977051
12 0.5357346072242108 0.18532030818326875 0.018752062479661567 0.01595626350581263 0.977051
4 0.3041001757240481 0.2763847658992478 0.012609828571428573 0.01607017095965352 0.977051
6 0.28075177611454605 0.3260200556188739 0.015294504653433127 0.010713474538408936 0.977051
0 0.27367391343963554 0.349156573512651 0.0224536908558412 0.011511281878276727 0.977051
2 0.4908883722746502 0.2799749514474584 0.012691185421412302 0.011511281878276727 0.977051
22 0.6727241809306865 0.35502619193070434 0.015111447575658967 0.010713474538408936 0.977051
8 0.3154898014969086 0.4182812418509232 0.01659616426944354 0.01139730439936175 0.977051
2 0.645053688252522 0.4238659749259175 0.011389525805401887 0.010941417825393207 0.977051
9 0.5000000728929385 0.6079324841577388 0.014643666514806378 0.012309124230681558 0.977051
2 0.503091399934917 0.6541771597902895 0.012365774682720468 0.011226349851834967 0.977051
0 0.46845517474780346 0.7242991018919535 0.02469079596485519 0.010257576293594712 0.977051
2 0.6457859498861047 0.14218147800319125 0.012528471721444842 0.010941417825393207 0.976562
2 0.21184504002603322 0.3264189651242307 0.011552222844126263 0.010941417825393207 0.976562
5 0.6391149547673284 0.32995208023706407 0.013992845037422715 0.010941417825393207 0.976562
13 0.47624463911487147 0.41816733439708226 0.0071591362186788155 0.01527235194894005 0.976562
5 0.5004880807028962 0.14149756644631867 0.016270736869508622 0.011169361112377478 0.976074
2 0.5922552085909535 0.1178767084568042 0.012365774682720468 0.011625259357191702 0.976074
2 0.6179628402212821 0.1889674474583998 0.012365774682720468 0.011169361112377478 0.976074
14 0.3965180917670029 0.2071175965352177 0.008135368434754311 0.01641212673808981 0.976074
9 0.32834361731207284 0.23216323136539777 0.015294504653433127 0.012195100068383861 0.976074
5 0.4145582193296453 0.2793481103259631 0.014277585681744224 0.01139730439936175 0.976074
6 0.6317116980149691 0.3529177369500798 0.016108039830784248 0.010827440346478232 0.976074
5 0.292537772860397 0.3520077027581491 0.01385047471526196 0.0037646763619785728 0.976074
13 0.5584118919622518 0.4430133977661272 0.007321833257403189 0.01755190152723957 0.976074
22 0.23218358607224213 0.5513448716662868 0.012691185421412302 0.006040572965580123 0.976074
2 0.38464045818418485 0.7002507408251653 0.012691185421412302 0.010941417825393207 0.976074
4 0.19626594467946634 0.11950082334169135 0.01065733081679141 0.014018669705949395 0.975586
5 0.45708587569150666 0.1869158294962389 0.015863969280833064 0.01139730439936175 0.975586
8 0.29000576374877973 0.2790061545475268 0.015009764009111618 0.010941417825393207 0.975586
8 0.6498536257728604 0.23660818965124233 0.015619915392124959 0.011283338591292455 0.975586
8 0.6475757006182884 0.28328013494415316 0.016270736869508622 0.011340327330749944 0.975586
9 0.2572404295476733 0.3944324522452701 0.014318255776114546 0.011853144289947572 0.975586
6 0.6382199127888057 0.49401639389104174 0.015782629092092416 0.011055395304308182 0.975586
19 0.6605922967783925 0.5877023569637565 0.01106409840546697 0.010485531251424663 0.975586
6 0.398796016921575 0.7001367166628676 0.014969093914741296 0.011169361112377478 0.975586
4 0.619427196876017 0.7021883346250285 0.012040347282785552 0.013904762252108502 0.975586
5 0.6323624861698666 0.7031000610895829 0.013992845037422715 0.011055395304308182 0.975586
2 0.3664172235600391 0.3020857187143834 0.012040347282785552 0.011454293138819238 0.975098
5 0.4977221477383664 0.3506952578071575 0.014806380214773835 0.010941417825393207 0.975098
13 0.6604295164334527 0.3517210084340096 0.0071591362186788155 0.017095921586505584 0.975098
5 0.3908232788805727 0.4652097123318897 0.015619915392124959 0.011226349851834967 0.975098
13 0.33597046794663193 0.5795531889674037 0.008501465929059551 0.01686798997036699 0.975098
13 0.41164983273673933 0.6745497880100296 0.006833708818743898 0.01686798997036699 0.975098
5 0.2756264445167589 0.3948027681787098 0.014643666514806378 0.011169361112377478 0.974609
23 0.5455987295802148 0.44426719671757464 0.012528471721444842 0.010941417825393207 0.974609
4 0.2507322147738366 0.48769091224071115 0.011389525805401887 0.013790738089810805 0.974609
7 0.3070697090790758 0.5389787937086847 0.015619915392124959 0.014816488716662869 0.974609
2 0.21316710966482263 0.6959767604285388 0.01134883904978848 0.01059949705949396 0.974609
2 0.40855833908233 0.6534078176430362 0.012691185421412302 0.011169361112377478 0.974609
11 0.6629515287992189 0.2110211442899476 0.006996422518711357 0.01595626350581263 0.974121
2 0.6773511747478035 0.23723503077273764 0.012691185421412302 0.011739236836106679 0.974121
5 0.2884802603319232 0.34858668611807614 0.006182887341360234 0.010827440346478232 0.974121
22 0.204279169541165 0.4628447321632095 0.014318255776114546 0.007978120082060634 0.974121
18 0.3932639843800846 0.39354908593571913 0.015294504653433127 0.014702581262821975 0.974121
23 0.2652131675886756 0.46493906542056074 0.011389525805401887 0.010058121540916343 0.974121
4 0.3002765870484868 0.1156257524504217 0.011389525805401887 0.013904762252108502 0.973633
6 0.6249593960299381 0.11884550535673581 0.01594532613081679 0.010941417825393207 0.973633
2 0.27318573901724696 0.30219962616822427 0.011389525805401887 0.011283338591292455 0.973633
4 0.29717493003579565 0.39503081650330524 0.012060690660592255 0.012764987462958741 0.973633
13 0.2785551578262284 0.4624600610895829 0.007484546957370648 0.016155718258490995 0.973633
19 0.5777740891636838 0.46847929974925917 0.010575990628050765 0.011069633736038295 0.973633
4 0.4881224393101204 0.18663094415317985 0.012365774682720468 0.01287901162525644 0.973145
5 0.2860397214448422 0.18632999972646455 0.01106409840546697 0.011571830225666744 0.973145
0 0.21575010218027987 0.3733759124686574 0.022941698665798895 0.011853144289947572 0.973145
2 0.3147575398633257 0.3483018007750171 0.012853882460136676 0.011169361112377478 0.973145
2 0.5294093328994468 0.3984499074538409 0.012853882460136676 0.010770463277866424 0.973145
5 0.6564431474129515 0.4007294570321404 0.01513179095346567 0.010827440346478232 0.973145
7 0.24780350146436708 0.467717076817871 0.02326709274324764 0.016469080465010257 0.973145
13 0.37422718125610155 0.6510713143378163 0.00829808213472177 0.017437877364941873 0.973145
8 0.6457859498861047 0.6342318012309096 0.016270736869508622 0.01131182712559836 0.973145
13 0.2941344197852262 0.13756554182812858 0.007321833257403189 0.016640058354228403 0.972656
5 0.5526765922551253 0.18782767266925005 0.014236898926130817 0.010941417825393207 0.972656
8 0.6414029433127237 0.1176487768406656 0.016413107191669378 0.013277921130613175 0.972656
8 0.35047191409046535 0.3019147408251653 0.016270736869508622 0.01139730439936175 0.972656
14 0.393141857468272 0.4399932163209483 0.007687930751708428 0.0167540825165261 0.972656
4 0.221607528799219 0.5098016795076362 0.010413276928083305 0.013904762252108502 0.972656
5 0.6725105837943378 0.540916387508548 0.015457201692157502 0.011625259357191702 0.972656
6 0.37162386202408076 0.2564395240483246 0.025057010087862024 0.011625259357191702 0.972168
7 0.25968113504718515 0.3284704663779348 0.025707798242759518 0.016298102575792114 0.972168
14 0.3807353960299381 0.48712102484613634 0.007972671396029939 0.017323969911100977 0.972168
2 0.46412308493328996 0.700934535673581 0.012040347282785552 0.011739236836106679 0.972168
6 0.42832740383989587 0.7240140998404376 0.016270736869508622 0.010827440346478232 0.972168
2 0.6611617780670355 0.634317348529747 0.010575990628050765 0.010998406564850694 0.972168
22 0.6174748324113245 0.7253248525188056 0.014318255776114546 0.008206063369044905 0.972168
5 0.6111292313699968 0.37542741372236155 0.014643666514806378 0.007750165124230681 0.97168
23 0.20517404490725674 0.5107704764075678 0.009925152489424015 0.010485531251424663 0.97168
13 0.543453094695737 0.5127650239343515 0.007626917279531403 0.015728331889674037 0.97168
13 0.2595183547022454 0.5786984162297698 0.006833708818743898 0.016640058354228403 0.97168
13 0.6828019004230393 0.16343747253248234 0.00829808213472177 0.01686798997036699 0.971191
14 0.265863955743573 0.18471477802598588 0.008460779173446143 0.01634093457943925 0.971191
6 0.40855833908233 0.2104228967403693 0.01594532613081679 0.011625259357191702 0.971191
14 0.6509925883501464 0.3044221053111466 0.0078099576960624795 0.016640058354228403 0.971191
4 0.5227789912137976 0.5136767503989059 0.01106409840546697 0.013790738089810805 0.971191
6 0.6545720898145134 0.49395944016412124 0.016270736869508622 0.010941417825393207 0.971191
8 0.5737878867556134 0.6556302967859585 0.016840184835665472 0.011283338591292455 0.971191
2 0.6347217181906931 0.6569409327558696 0.012203060982753009 0.011511281878276727 0.971191
2 0.31077117084282463 0.11717143925233646 0.011389525805401887 0.010585246956918168 0.970703
4 0.35584116628701595 0.18457944289947573 0.011389525805401887 0.013904762252108502 0.970703
0 0.2831110081353726 0.2568953872806018 0.01692149170191995 0.01059949705949396 0.970703
7 0.20232663846404167 0.2606564340095738 0.025870411975268466 0.01595626350581263 0.970703
6 0.4260494786853237 0.23298952723957145 0.01692149170191995 0.01111237237291999 0.970703
6 0.5316466046208916 0.2582630936858901 0.01594532613081679 0.010941417825393207 0.970703
6 0.32492672958021473 0.302313650330522 0.016270736869508622 0.011169361112377478 0.970703
22 0.4649364868206964 0.3501253704125826 0.014806380214773835 0.01059949705949396 0.970703
13 0.40644319427269765 0.39343517848187826 0.008460779173446143 0.017437877364941873 0.970703
9 0.6225999973966808 0.6337474611351721 0.015294504653433127 0.011739236836106679 0.970703
4 0.6259355782622844 0.6792796316389332 0.012365774682720468 0.013448782311374516 0.970703
4 0.19622512463390823 0.14229538545703216 0.011145455255450699 0.013790738089810805 0.970215
14 0.3499837396680768 0.27661269751538636 0.0078099576960624795 0.01618419512195122 0.970215
14 0.5229417715587374 0.3253362607704582 0.008135368434754311 0.01618419512195122 0.970215
2 0.5344940110641068 0.44466610622293135 0.012691185421412302 0.011283338591292455 0.970215
6 0.6295965532053368 0.5171529117848188 0.016270736869508622 0.011283338591292455 0.969727
2 0.458102877969411 0.5842831493047641 0.012203060982753009 0.011625259357191702 0.969727
23 0.406219433778067 0.6070207576931844 0.011023428311096648 0.010485531251424663 0.969727
2 0.48682069638789455 0.6081605324823341 0.012040347282785552 0.010713474538408936 0.969727
8 0.5257077045232672 0.6077616229769774 0.015294504653433127 0.012423031684522452 0.969727
6 0.43089006963878945 0.27946201777980395 0.01659616426944354 0.010713474538408936 0.969238
4 0.2984055294500488 0.43993614588557095 0.01106409840546697 0.013676830635969911 0.96875
2 0.3621867673283436 0.7230453029405061 0.012365774682720468 0.011283338591292455 0.96875
13 0.5144810257077774 0.32480908867107366 0.007647243996095021 0.017352446774561204 0.968262
5 0.26806057403189065 0.44175971552313653 0.014155542076147089 0.011169361112377478 0.968262
13 0.6600024887731858 0.5385229304764075 0.007728600846078751 0.01641212673808981 0.968262
4 0.47461766872762773 0.6066788019147482 0.012691185421412302 0.012764987462958741 0.968262
14 0.29246662935242435 0.626153942101664 0.009355671200780995 0.016925060405744246 0.968262
22 0.5026033921249593 0.3035958094369729 0.014643666514806378 0.010998406564850694 0.967773
23 0.47046851936218675 0.5843401030316845 0.012203060982753009 0.011283338591292455 0.967773
9 0.36967133094695737 0.6767722671529519 0.015457201692157502 0.011967168452245271 0.967773
14 0.24861706996420438 0.16224074401641211 0.007484546957370648 0.016982014132664692 0.967285
6 0.19777095476732834 0.1890813549122407 0.015294504653433127 0.010941417825393207 0.966797
9 0.3791084256426944 0.2785502913152496 0.015294504653433127 0.012423031684522452 0.966797
0 0.5637000039049789 0.27923408616366535 0.024894229742922224 0.01686798997036699 0.966797
8 0.41693777806703547 0.513106863004331 0.01659616426944354 0.011169361112377478 0.966797
13 0.6136510771233322 0.5376110873033964 0.008135368434754311 0.017323969911100977 0.966797
2 0.39424016661243083 0.5594369692272624 0.012203060982753009 0.01111237237291999 0.966797
0 0.22356005987634237 0.5345338354228403 0.02082655385616661 0.01139730439936175 0.966309
13 0.5178977468272047 0.6985411953498974 0.006508298080052067 0.01686798997036699 0.966309
2 0.46680771103156526 0.4203327431046273 0.011389525805401887 0.011169361112377478 0.96582
5 0.4080703312723723 0.48974241349441533 0.015619915392124959 0.011283338591292455 0.96582
13 0.5318906918320859 0.5359015418281285 0.006915065668727629 0.015614307727376339 0.96582
14 0.24096972600065086 0.16241172190563027 0.007484546957370648 0.01686798997036699 0.965332
5 0.2385291871135698 0.3721791839525872 0.014643666514806378 0.011169361112377478 0.965332
5 0.5952652287666774 0.4466605370412583 0.016108039830784248 0.011055395304308182 0.965332
2 0.5207451532704197 0.5850238978801002 0.011877650244061178 0.011853144289947572 0.965332
6 0.6505044139277579 0.2133006938682471 0.01659616426944354 0.010713474538408936 0.964844
6 0.3900097103807354 0.11739225165261 0.01594532613081679 0.011226349851834967 0.964355
5 0.3204523527497559 0.2787782229313882 0.013667417637487796 0.010713474538408936 0.964355
13 0.28368048942401564 0.3001481249145202 0.008948903612105433 0.016526150900387507 0.964355
13 0.2871786840221282 0.3925518121723273 0.007484546957370648 0.016469080465010257 0.964355
6 0.2840058835014644 0.4422512565306588 0.014969093914741296 0.009189087029860953 0.964355
6 0.4127887953140254 0.5834568534305904 0.007484546957370648 0.011340327330749944 0.964355
13 0.25626424731532704 0.16161390289491678 0.0078099576960624795 0.0167540825165261 0.963867
13 0.28457536479010737 0.16047412810576703 0.007484546957370648 0.017095921586505584 0.963867
13 0.6118613263911487 0.4628447321632095 0.008786206573381061 0.007978120082060634 0.963867
21 0.24031893784575334 0.1208399361750627 0.01659616426944354 0.016640058354228403 0.963379
19 0.4168666345590628 0.395714611351721 0.010392933550276602 0.010941417825393207 0.963379
13 0.38618612170517413 0.5101436352860725 0.008135368434754311 0.01641212673808981 0.963379
21 0.3999959596485519 0.5155003200364714 0.01749097299056297 0.01595626350581263 0.963379
13 0.40383987504067687 0.5576205188055618 0.0071591362186788155 0.015942025074082516 0.963379
13 0.28050768890335176 0.6948369856393891 0.007484546957370648 0.0167540825165261 0.963379
14 0.3236251532704198 0.719854143606109 0.007972671396029939 0.01686798997036699 0.963379
22 0.3784574708753661 0.3487007102803738 0.014969093914741296 0.010485531251424663 0.962891
22 0.5338432229092092 0.23465635741964894 0.014643666514806378 0.01074196307271484 0.961914
13 0.6130817624471201 0.28060179256895373 0.008460779173446143 0.018007764759516754 0.961914
13 0.5117759562642369 0.4883177533622065 0.007016765896518061 0.016640058354228403 0.961914
0 0.3790269521640091 0.5828298956006382 0.023592653433127237 0.01111237237291999 0.961914
14 0.6332573615359584 0.6077616229769774 0.007972671396029939 0.01607017095965352 0.961914
6 0.6610803045883502 0.3784049965808069 0.010738687666775139 0.011197861317529064 0.961426
2 0.44313375073218353 0.3524351007978117 0.012528471721444842 0.004590983906997949 0.960938
22 0.2879922525219655 0.5352177469797127 0.0071591362186788155 0.011055395304308182 0.960449
8 0.4706312997071266 0.6773991082744472 0.016270736869508622 0.011283338591292455 0.960449
8 0.3084119388219981 0.46330071210394347 0.016108039830784248 0.0070663352632778665 0.959961
11 0.5854011064106736 0.6992249901983132 0.01533517474780345 0.01618419512195122 0.959473
0 0.4075821568499838 0.11734241714155458 0.01789784054669704 0.011724998404376567 0.958008
19 0.46762127953140253 0.1637793116024618 0.012691185421412302 0.01139730439936175 0.958008
14 0.4440286260982753 0.27775247230453615 0.007972671396029939 0.01755190152723957 0.958008
6 0.6683616010413277 0.3784619503077274 0.025300930686625447 0.012166623204923637 0.958008
5 0.28278561405792385 0.4182812418509232 0.014480969476082003 0.011625259357191702 0.95752
2 0.43292390758216726 0.5134488187827673 0.012203060982753009 0.01139730439936175 0.95752
7 0.43084941620566225 0.4921928242534762 0.028148337129840547 0.015500283565078644 0.95752
5 0.35014635340058575 0.3719512523364486 0.014969093914741296 0.011625259357191702 0.957031
14 0.6734461125935567 0.1637793116024618 0.008786206573381061 0.017209945748803284 0.956543
14 0.5189554025382362 0.2552997492591748 0.008135368434754311 0.016526150900387507 0.956543
8 0.6008785681744224 0.7245839872350126 0.01692149170191995 0.009687712240711193 0.956543
13 0.5636185304262935 0.6287895691816731 0.0074031901073869175 0.018805583770230224 0.956055
23 0.32216079661568503 0.11655171734670618 0.010901401366742596 0.010400042306815592 0.955078
14 0.2229905785876993 0.5782710298609528 0.007647243996095021 0.016355173011169365 0.953613
19 0.24861706996420438 0.23415777889218145 0.010413276928083305 0.011055395304308182 0.953125
2 0.6322099691506671 0.2829381791657169 0.014826723592580538 0.010656485798951449 0.952148
5 0.31191013342011065 0.7228459648962844 0.015619915392124959 0.011511281878276727 0.952148
6 0.20777736413927755 0.3957715650786414 0.013667417637487796 0.010827440346478232 0.95166
6 0.38708099707126586 0.4190221071347162 0.024731616010413276 0.011739236836106679 0.95166
13 0.3090627269768956 0.6956918750854798 0.006996422518711357 0.016640058354228403 0.95166
5 0.5065895945330297 0.258377001139731 0.015619915392124959 0.011853144289947572 0.951172
18 0.6577448903351774 0.4633576658308639 0.013342006898795965 0.00695235778436289 0.950195
14 0.2896192229092092 0.6263962288579895 0.0039049788480312398 0.01686798997036699 0.950195
5 0.252847376244712 0.5810063259630728 0.005857459941425317 0.011454293138819238 0.949707
13 0.4196225707777416 0.4609642087987235 0.007565903807354377 0.011739236836106679 0.949219
22 0.4672958854539538 0.6316388894460907 0.014480969476082003 0.011283338591292455 0.94873
14 0.49153916042954765 0.6519831575108275 0.008135368434754311 0.01607017095965352 0.94873
12 0.26806057403189065 0.13847726829268292 0.026521366742596808 0.016982014132664692 0.946777
22 0.3000324998372925 0.37178027444723044 0.013667417637487796 0.010485531251424663 0.946777
2 0.2749756563618614 0.6519831575108275 0.012040347282785552 0.01059949705949396 0.946777
19 0.45273345916042956 0.7031534902211077 0.010738687666775139 0.005805510462730795 0.946777
0 0.6413927133094696 0.5875313790745385 0.024406055320533682 0.011283338591292455 0.946289
10 0.4405304315001627 0.25341922589468885 0.015782629092092416 0.016982014132664692 0.944336
2 0.4092092938496583 0.25604061454296784 0.014318255776114546 0.011739236836106679 0.943848
6 0.5176843163032867 0.3534662083428311 0.02296202538236251 0.0066816758604969235 0.943848
2 0.5299381607549626 0.46783110098016867 0.012691185421412302 0.01111237237291999 0.943359
13 0.5312399036771884 0.6524105438796444 0.007484546957370648 0.016355173011169365 0.943359
5 0.4296289801496908 0.39628449874629584 0.014562309664822649 0.011226349851834967 0.942871
13 0.32012695867230717 0.5324253804422157 0.007647243996095021 0.017209945748803284 0.942871
28 0.6584769853563294 0.6789947462958742 0.01594532613081679 0.020401221791657168 0.942871
8 0.3181337741620566 0.18571917100524277 0.016514807419459814 0.011682283109186233 0.941895
0 0.27387734721770257 0.35233715906086166 0.021802736088512853 0.004423577296558012 0.941895
1 0.6464367380410023 0.2669891165716891 0.01757244646924829 0.008790177524504218 0.940918
5 0.4123006208916368 0.16332344837018464 0.008460779173446143 0.010941417825393207 0.939941
2 0.6283761171493655 0.4239229286528379 0.013504720598763422 0.011283338591292455 0.939941
14 0.3036528213472177 0.3459652974697971 0.0071591362186788155 0.01618419512195122 0.938965
16 0.6282668527172145 0.3059892664691133 0.006920147347868532 0.009516757693184408 0.937988
14 0.3115847393426619 0.36961474903122865 0.007484546957370648 0.01607017095965352 0.9375
23 0.19492354832411327 0.39582863551401865 0.011796293394077449 0.01059949705949396 0.937012
5 0.349820959323137 0.46341461955778435 0.016270736869508622 0.006838391976293595 0.937012
10 0.24275947673283435 0.7168907991793937 0.014643666514806378 0.016640058354228403 0.936523
4 0.22657008005206639 0.6959198067016185 0.015457201692157502 0.011625259357191702 0.936035
13 0.5864790888382688 0.7212788037383178 0.0071591362186788155 0.016298102575792114 0.935547
14 0.4548486039700618 0.628333705949396 0.007647243996095021 0.016640058354228403 0.935059
0 0.5391108415229418 0.6757322780943698 0.023795920598763422 0.016440603601550034 0.935059
2 0.6756020774487471 0.447800311830408 0.012935239310120404 0.010941417825393207 0.933594
6 0.3745525753335503 0.46364255117392295 0.016270736869508622 0.0063824937314793705 0.933105
10 0.3566547347868532 0.32248694050604054 0.01594532613081679 0.01686798997036699 0.932617
14 0.4809632697689555 0.5344199279689993 0.008460779173446143 0.01686798997036699 0.932617
2 0.5379922056622193 0.6081605324823341 0.006996422518711357 0.012423031684522452 0.932617
12 0.37520336348844774 0.13756554182812858 0.019199416856492027 0.01607017095965352 0.930664
5 0.23625126195899773 0.14172549806245727 0.014155542076147089 0.011169361112377478 0.930176
23 0.28750407809957695 0.6754045607476635 0.008135368434754311 0.010257576293594712 0.929199
13 0.6490807107061504 0.18529889218144519 0.007565903807354377 0.020472413950307727 0.928711
27 0.5346566247966157 0.351493076817871 0.010413276928083305 0.010941417825393207 0.928223
6 0.45509269118125606 0.5516297570093458 0.016270736869508622 0.0054707089126966035 0.928223
4 0.6610803045883502 0.7241850777296558 0.010413276928083305 0.010485531251424663 0.928223
20 0.20037427399934915 0.4417027617962161 0.022290910510901398 0.022452723045361295 0.926758
10 0.35055322095671976 0.3922384499658081 0.015782629092092416 0.016640058354228403 0.926758
14 0.21550601496908559 0.46056529929336676 0.006020173641392776 0.01253705584682015 0.92627
18 0.3970060995769606 0.6754045607476635 0.02233156394402864 0.015044420332801458 0.92627
4 0.6555889254799869 0.32915426122635055 0.017247052391799543 0.01253705584682015 0.922363
13 0.2004149274324764 0.6928424381126055 0.0071591362186788155 0.01595626350581263 0.92041
7 0.3455906697038725 0.7020743104627308 0.025057010087862024 0.015500283565078644 0.915527
7 0.5126911750081353 0.6808752696603602 0.025707798242759518 0.015728331889674037 0.915039
7 0.24804758867556137 0.46318668794164575 0.02326709274324764 0.007294278550262138 0.914062
23 0.22917339928408723 0.21136310006838385 0.010413276928083305 0.010143610485525416 0.913574
19 0.4384965935567849 0.30242767449281965 0.010087866189391474 0.010713474538408936 0.913086
2 0.5340058366417182 0.5147595714611352 0.01171493654409372 0.011739236836106679 0.912598
6 0.5431073739017247 0.3045361294734443 0.024426382037097297 0.011454293138819238 0.911621
7 0.5280671031565245 0.4938738928652838 0.02554501789781972 0.016583104627307953 0.911621
8 0.42726974812886426 0.3524938751766583 0.015782629092092416 0.0047370095281513555 0.910645
23 0.6639073843150016 0.6575962507408252 0.011104785161080377 0.010086621746067928 0.90918
2 0.5218028089814514 0.37394579986323223 0.01317930986007159 0.010713474538408936 0.908203
14 0.5950211415554832 0.3542640156826989 0.006833708818743898 0.008277302211078185 0.908203
2 0.38171167822974295 0.44255753453385 0.013667417637487796 0.010941417825393207 0.907227
2 0.35087861503416856 0.6763164039206747 0.020338379433778066 0.011283338591292455 0.907227
9 0.5385616869508624 0.4227262001367677 0.005857459941425317 0.013904762252108502 0.906738
27 0.5660185824926781 0.6159551635286072 0.0078099576960624795 0.006471530613175291 0.906738
6 0.4216970621542467 0.5835422840209711 0.025300930686625447 0.012081192614542968 0.905762
7 0.5943703534005857 0.37881814451789375 0.01757244646924829 0.015500283565078644 0.905273
6 0.25592865655711033 0.18851146751766584 0.01199967718841523 0.011625259357191702 0.903809
7 0.2593557409697364 0.37475785730567585 0.024406055320533682 0.015813762480054706 0.903809
14 0.30397821542466646 0.3520878464554365 0.006589654930035795 0.003924952085707773 0.90332
22 0.37862025122030585 0.3520272981080465 0.014318255776114546 0.0038038553909277408 0.90332
27 0.5660592359258054 0.3959994966947801 0.012040347282785552 0.017095921586505584 0.90332
5 0.6756020774487471 0.26504445023934353 0.01618939668076798 0.004900844859813084 0.902832
13 0.5863976153595835 0.46250289309323 0.006182887341360234 0.00866196161385913 0.902832
13 0.6493654513504719 0.5850096594483701 0.009762455450699642 0.016440603601550034 0.902832
7 0.5040524370972991 0.16742645087759286 0.008379438984705499 0.015500283565078644 0.901855
10 0.6653920676863 0.2586049327558696 0.012691185421412302 0.01686798997036699 0.901367
5 0.5025473936869509 0.3509231894232961 0.005420185616661242 0.010941417825393207 0.901367
4 0.34437040026033194 0.35188483209482563 0.010575990628050765 0.003518923364485981 0.901367
2 0.6270414682720469 0.46962619375427406 0.004489705174096973 0.010941417825393207 0.901367
9 0.6282185517735113 0.21210396535217688 0.006843888838268793 0.011853144289947572 0.900391
7 0.43475431174747803 0.4211305621153408 0.02725346176374878 0.01527235194894005 0.898926
27 0.6602669027009437 0.5176658454524732 0.009762455450699642 0.01139730439936175 0.896484
19 0.5133420631304914 0.46455439434693413 0.01171493654409372 0.0045589240939138366 0.893066
6 0.20118784249918645 0.65033056576248 0.01317930986007159 0.01002963300661044 0.893066
4 0.35982753530751704 0.20822177524504218 0.01773506020175724 0.012323362662411672 0.892578
8 0.2842906241457859 0.514588593571917 0.013992845037422715 0.01584223934351493 0.892578
12 0.5269281405792385 0.11541205926601322 0.02749754897494305 0.017295376339183953 0.891113
13 0.43369665603644647 0.6049692564394803 0.010006509339407743 0.017323969911100977 0.891113
14 0.2883176465994143 0.6952358951447458 0.006508298080052067 0.01641212673808981 0.890137
2 0.19252366287015946 0.6404718522908593 0.010169223039375203 0.002849331935263278 0.888672
22 0.2528372128864302 0.44153178390699793 0.005837133224861699 0.01002963300661044 0.888184
18 0.510250569476082 0.18617508092090268 0.02342987308818744 0.014474532938226578 0.887207
7 0.247966115196876 0.3058753590152724 0.02668398047510576 0.015785285616594487 0.887207
4 0.3775423021151969 0.7206519626168224 0.005328665408395705 0.017323969911100977 0.887207
8 0.25718962941750734 0.11774132664691134 0.014501296192645624 0.01161100925461591 0.885742
13 0.6731207185161081 0.6550604093913837 0.007321833257403189 0.016298102575792114 0.885742
6 0.5269229755938822 0.16571690540232506 0.015386024861698667 0.010257576293594712 0.884766
6 0.3618613732508949 0.2790061545475268 0.015294504653433127 0.010713474538408936 0.884766
7 0.262284454279206 0.233644845224527 0.016270736869508622 0.021654904034647822 0.883301
2 0.19398801952489425 0.6950079635286073 0.014887737064757567 0.010713474538408936 0.883301
4 0.25241646651480637 0.14166854433553683 0.004949872046859746 0.011625259357191702 0.880859
4 0.2512482717865278 0.276569982220196 0.002659251025056948 0.017580378390699793 0.880859
19 0.5670760715912788 0.4684864189651243 0.011633579694109992 0.010941417825393207 0.880859
13 0.5406768317604946 0.5123090439936175 0.0016270736869508622 0.01686798997036699 0.879883
9 0.3218354025382362 0.7022007524048324 0.012691185421412302 0.0039000114884887166 0.879883
6 0.5393752554506996 0.6322800857077729 0.004230389586723071 0.010855940551629816 0.878906
18 0.5150505069964204 0.23324593571917027 0.021965516433452653 0.014588557100524277 0.877441
10 0.4861699082329971 0.3006610585821746 0.015294504653433127 0.016982014132664692 0.876465
18 0.27141631500162705 0.2780943113745156 0.02184355613407094 0.015044420332801458 0.875
10 0.5037423547022454 0.4178823323455665 0.01594532613081679 0.016982014132664692 0.873047
12 0.3399161835340058 0.4394802826532938 0.02794506996420436 0.017665808981080465 0.871582
8 0.31451345265213143 0.44237235322543883 0.015619915392124959 0.009431268748575335 0.870605
14 0.6343963241132444 0.1402154073398678 0.008135368434754311 0.016469080465010257 0.869629
9 0.21219092743247642 0.20241622976977433 0.012325087927107061 0.003647139275131069 0.867188
10 0.2112755587373902 0.2089767622521085 0.013830131337455257 0.01662581992249829 0.863281
29 0.3829930111291897 0.18657396708456805 0.016230066775138302 0.023022610439936173 0.861328
0 0.5532867269768955 0.7037749977661272 0.015213147803449399 0.007048525552769546 0.861328
27 0.47608202538236255 0.5521996444039207 0.006833708818743898 0.004330980806929565 0.86084
10 0.24324765115522287 0.5095737478914976 0.015294504653433127 0.016298102575792114 0.85791
10 0.48828505304262937 0.20782286573968545 0.01594532613081679 0.016768320948256213 0.855957
6 0.24064433192320206 0.3526096266241167 0.014643666514806378 0.004968512423068156 0.854004
13 0.5061015867230719 0.11528379667198542 0.009762455450699642 0.017380923638021427 0.853027
6 0.24764072111942725 0.28003190517437887 0.021802736088512853 0.011169361112377478 0.852051
23 0.6487959700618288 0.7280316717574653 0.012040347282785552 0.010998406564850694 0.851074
6 0.6601041223560039 0.3761112085707773 0.008460779173446143 0.0063824937314793705 0.848145
6 0.44907248421737717 0.46409841440620014 0.015782629092092416 0.0054707089126966035 0.847168
5 0.4681092873413602 0.5373831556872578 0.015619915392124959 0.011169361112377478 0.847168
11 0.5609745577611455 0.13870531661727833 0.024894229742922224 0.017095921586505584 0.84375
10 0.4985357162382037 0.46483927968999317 0.015619915392124959 0.016583104627307953 0.841797
11 0.33639766221932965 0.5331376754957831 0.02456883566547348 0.015899193070435375 0.839844
6 0.43776433192320213 0.1870298536585366 0.015457201692157502 0.01139730439936175 0.836426
4 0.19834043605597138 0.2801030973330294 0.015782629092092416 0.012565532710280373 0.836426
6 0.32321828571428574 0.3718941819010714 0.01553855854214123 0.011169361112377478 0.836426
22 0.6653107608200456 0.49435834966947795 0.0022779084933289948 0.011055395304308182 0.835449
13 0.610234356003905 0.1388192240711192 0.008786206573381061 0.019033515386368816 0.834473
6 0.6656361548974943 0.3305219676316389 0.0016270736869508622 0.01002963300661044 0.834473
11 0.626779620175724 0.3988488169591976 0.003965992320208266 0.017209945748803284 0.833496
1 0.5544256895541816 0.616172427991794 0.014074201887406443 0.006906059539548666 0.832031
6 0.2951106020175724 0.20982453248233418 0.024406055320533682 0.01111237237291999 0.82666
18 0.5234299459811259 0.4196489482562115 0.021151947933615363 0.014930512878960564 0.823242
18 0.26374881093394076 0.25564170503761113 0.021151947933615363 0.014132693868247092 0.819824
2 0.56691345785877 0.4648962334169136 0.01122681210543443 0.0038750825621153406 0.819824
11 0.3771304528473804 0.5079781098700706 0.004504966872762773 0.019603402780943698 0.818848
0 0.5367719362186788 0.3749429569181673 0.009437028050764724 0.01111237237291999 0.812988
7 0.6277812774487471 0.14685436790517437 0.00596932352749756 0.02005926601322088 0.810547
12 0.46518057403189067 0.5343486424435834 0.02326709274324764 0.016583104627307953 0.809082
8 0.2447120078099577 0.532311356279918 0.014643666514806378 0.0167540825165261 0.808105
5 0.25156860084607874 0.4182812418509232 0.0032846641067360884 0.011169361112377478 0.806641
27 0.29921893133745525 0.6144138532938227 0.006833708818743898 0.0033889218144517895 0.803223
23 0.21900420956719815 0.650159587873262 0.021640122356003905 0.01059949705949396 0.800781
14 0.3970060995769606 0.20150438659676315 0.007118449463065409 0.0054707089126966035 0.79834
10 0.59461444061178 0.5137907745612036 0.013016596160104133 0.017095921586505584 0.796875
6 0.3978196680767979 0.14050029268292683 0.008135368434754311 0.010371553772509687 0.794434
4 0.4315002043605597 0.4628447321632095 0.01513179095346567 0.007978120082060634 0.794434
6 0.2832329684347543 0.23296105037611123 0.022290910510901398 0.011967168452245271 0.792969
23 0.4319069053042629 0.30271255983587875 0.020501159778717866 0.010827440346478232 0.791992
6 0.6586397657012691 0.4239229286528379 0.014969093914741296 0.010941417825393207 0.791992
23 0.4888545343312724 0.7241850777296558 0.012040347282785552 0.010485531251424663 0.790527
19 0.364139298405467 0.7024126716206975 0.010901401366742596 0.0043238499202188285 0.789062
14 0.36121058509599746 0.4608501846364258 0.008623492873413602 0.011967168452245271 0.788086
6 0.5389683878945656 0.6558012746751767 0.0050439247640741945 0.010143610485525416 0.788086
11 0.3792990302635861 0.36619554137223614 0.008842138366417182 0.02484618007750171 0.786621
24 0.28459569150667097 0.7236864992021883 0.01606735307517084 0.01706744472304536 0.785156
13 0.23804101269118122 0.20230220560747664 0.005857459941425317 0.0038750825621153406 0.782715
12 0.3066221880898145 0.2992862329610212 0.018467321835340056 0.016426365169819924 0.78125
6 0.4380898926130817 0.6317529136083884 0.025057010087862024 0.010827440346478232 0.78125
18 0.53490071200781 0.326304940961933 0.01317930986007159 0.016298102575792114 0.777344
6 0.5383175997396681 0.1644632231593344 0.0063455843800846075 0.01002963300661044 0.775879
12 0.2303936687276277 0.41588790152723953 0.018548628701594534 0.01618419512195122 0.775879
8 0.36055963032866906 0.3518777012081149 0.018548628701594534 0.003504673261910189 0.775879
6 0.4260494786853237 0.6078185767038978 0.024406055320533682 0.011853144289947572 0.773438
2 0.6268037623169541 0.5871894232961021 0.0039787048486820695 0.011283338591292455 0.773438
6 0.34005863716238205 0.7227888944609072 0.023592653433127237 0.012394554821062229 0.770508
6 0.604783630328669 0.14243788648279004 0.01659616426944354 0.011226349851834967 0.769043
6 0.4733159258054019 0.18742876316389334 0.015619915392124959 0.011055395304308182 0.766113
2 0.3146762329970713 0.35204510781855486 0.012691185421412302 0.003839463141098701 0.764648
18 0.5097623950536935 0.20968203145657627 0.02310447901073869 0.015044420332801458 0.763672
4 0.25439302310445816 0.35251168488716667 0.007972671396029939 0.00476549806245726 0.763672
6 0.5779368695086234 0.35415004987462956 0.025382404165310773 0.008049347253248233 0.763672
6 0.5309551630328668 0.6323228010029633 0.024731616010413276 0.011055395304308182 0.762207
5 0.22941748649528146 0.1642352915431958 0.014969093914741296 0.011283338591292455 0.753418
4 0.6612227582167263 0.14195354638705263 0.01777571363488448 0.011853144289947572 0.751953
4 0.6433452443865929 0.6146177663095509 0.009925152489424015 0.0037967245042170045 0.749023
6 0.5353888864301984 0.2806587462958742 0.012203060982753009 0.012280647367221335 0.747559
1 0.6462739576960624 0.2603145949395943 0.01789784054669704 0.022110767266925006 0.741699
1 0.5527172456882525 0.464668301800775 0.01513179095346567 0.004330980806929565 0.741699
5 0.5521477643996096 0.16463420104855256 0.01659616426944354 0.010827440346478232 0.73877
13 0.6636023169541165 0.6096991000683839 0.005694762902700943 0.01595626350581263 0.73877
6 0.47982430719166935 0.3729199325279234 0.02326709274324764 0.012451508547982677 0.733887
6 0.5041134505694761 0.537725111465694 0.008552316042954767 0.010713474538408936 0.729492
8 0.2645114626749105 0.2078299849555505 0.015233491181256102 0.016469080465010257 0.728027
6 0.35274983924503744 0.5511738937770686 0.0071591362186788155 0.0063824937314793705 0.728027
12 0.6069800820045558 0.5835992377478915 0.02082655385616661 0.01686798997036699 0.728027
2 0.559388240807029 0.6563425684978345 0.0063455843800846075 0.0054707089126966035 0.726562
18 0.37146108167914094 0.39340670161841806 0.02310447901073869 0.0153294223843173 0.725098
8 0.6369183364790107 0.4655801449737862 0.015782629092092416 0.0025074111693640304 0.725098
10 0.6394504622193297 0.444153172555277 0.016250410152945004 0.0167540825165261 0.715332
10 0.36121058509599746 0.5329952678367905 0.015619915392124959 0.016526150900387507 0.715332
11 0.5042888601366743 0.15944837747891497 0.008903151838594208 0.024618248461363117 0.713867
7 0.6287270195899772 0.3327444467745612 0.00779979433778067 0.015728331889674037 0.712402
19 0.36251216140579234 0.5515158495555049 0.010738687666775139 0.005698652199680875 0.712402
13 0.44207609502115197 0.5517437811716435 0.008623492873413602 0.005242765625712332 0.712402
4 0.3771774875366092 0.5510599863232277 0.004573611194272698 0.006610437018463642 0.712402
18 0.5716725753335503 0.7234442124458628 0.02342987308818744 0.015671261454296787 0.712402
2 0.6259196784380084 0.2602005707772966 0.002228324633908233 0.009345791474811944 0.708984
2 0.6226814708753661 0.46540916708456803 0.01171493654409372 0.002849331935263278 0.708984
5 0.3391637617962903 0.5591021326646911 0.017084272046859746 0.011724998404376567 0.705566
2 0.6374878177676537 0.21312971597902897 0.0063455843800846075 0.005698652199680875 0.704102
11 0.4057110992515457 0.3457944362890358 0.021640122356003905 0.01595626350581263 0.704102
13 0.7891311213797593 0.35573498573056755 0.0045558169866579895 0.011162241896512423 0.702637
27 0.6280507230719167 0.5613674438112606 0.013667417637487796 0.014146932299977205 0.700684
1 0.2986902700943703 0.5507749842717119 0.019931678490074847 0.007180301071347162 0.695801
5 0.668249637487797 0.6150807837702302 0.01462333979824276 0.0047227594255755635 0.692871
6 0.4858445141555483 0.3975097041258263 0.015619915392124959 0.01139730439936175 0.690918
18 0.5468189990237553 0.5601493576475951 0.022860391799544418 0.016298102575792114 0.6875
14 0.6336642290920924 0.6142749585593801 0.0071591362186788155 0.0031111090038750855 0.6875
18 0.6306083238529124 0.536029746067928 0.011603072958021477 0.01917601641212674 0.682617
13 0.6653107608200456 0.7021312641896512 0.0022779084933289948 0.018349720537953043 0.679199
13 0.34404483957045234 0.6530943387280601 0.002440605532053368 0.011055395304308182 0.677246
10 0.6033192736739343 0.49105316617278316 0.013342006898795965 0.01686798997036699 0.675781
6 0.4982101555483241 0.11776268429450651 0.024406055320533682 0.012252053795304309 0.673828
18 0.3387568942401562 0.18440135746523822 0.021965516433452653 0.015201159790289492 0.672363
5 0.5955093159778718 0.25883286437200825 0.014969093914741296 0.011169361112377478 0.672363
2 0.33192328538887084 0.3522641462502849 0.012040347282785552 0.004277551675404605 0.672363
21 0.29210058184184834 0.46341461955778435 0.016677571103156527 0.006838391976293595 0.666992
10 0.20777736413927755 0.6703898317757009 0.013992845037422715 0.01607017095965352 0.666992
27 0.5447851610803774 0.35557826961477096 0.008542136023429873 0.010905798404376566 0.662109
21 0.6752358633257404 0.4401302904034648 0.013992845037422715 0.004918654570321404 0.662109
18 0.5107387438984705 0.552541600182357 0.014969093914741296 0.003647139275131069 0.658203
6 0.5986006430198504 0.4655801449737862 0.015782629092092416 0.0025074111693640304 0.656738
18 0.4656484217377156 0.20894116617278324 0.022494344288968432 0.01510149076817871 0.65332
7 0.1955743364790107 0.2656018498290404 0.012040347282785552 0.006015644039206747 0.651367
6 0.3836997643996095 0.20976746204695693 0.017419829482590302 0.011055395304308182 0.649414
11 0.2604947035470225 0.41577387736494187 0.013992845037422715 0.01527235194894005 0.649414
2 0.5778149092092417 0.4648962334169136 0.010413276928083305 0.0038750825621153406 0.649414
13 0.29218188870810285 0.44217645808069295 0.0017897840546697039 0.008982501390471848 0.649414
5 0.2516016484217377 0.5579624745839982 0.003366004295476733 0.010927167722817415 0.649414
14 0.2715994220631305 0.7015899236836106 0.005776119752684672 0.002678365716890814 0.647949
19 0.2242108480312398 0.14243788648279004 0.009599741750732183 0.010656485798951449 0.645996
6 0.37895582531727956 0.46575112286300435 0.008135368434754311 0.010656485798951449 0.645996
18 0.5835502089163684 0.20275818554821062 0.01513179095346567 0.0029632977433325736 0.638672
13 0.3765190268792711 0.6512422922270344 0.003266853237878295 0.018121672213357646 0.637207
13 0.3740644009111617 0.7030982871210395 0.006833708818743898 0.005695092591748347 0.635254
5 0.535307579563944 0.138790747207659 0.012365774682720468 0.017380923638021427 0.631836
8 0.41376497754637165 0.44358328516070206 0.005532049202733485 0.012764987462958741 0.631836
8 0.20850962577286042 0.1234257287440164 0.013342006898795965 0.015856477775245043 0.629883
10 0.3392247419459812 0.4630726637793481 0.012731855515782622 0.016640058354228403 0.622559
4 0.6257690474715262 0.23558243902439024 0.0019346868857793686 0.010257576293594712 0.620605
10 0.1922389222258379 0.6471464089354912 0.013342006898795965 0.016397888306359697 0.616699
27 0.3651154806378132 0.6534078176430362 0.009762455450699642 0.010827440346478232 0.615234
11 0.3780965217051741 0.11662302621381354 0.006437121249593231 0.02171185776156827 0.609375
18 0.3292384926781647 0.6045133932072031 0.02554501789781972 0.015158444495099156 0.609375
4 0.5148064197852262 0.3501253704125826 0.017247052391799543 0.013448782311374516 0.605957
2 0.671208840872112 0.7034420168680192 0.013260650048812236 0.010827440346478232 0.602051
10 0.3023104249918646 0.7197970731707317 0.01317930986007159 0.017095921586505584 0.600098
14 0.5641880117149365 0.37319069614770917 0.011877650244061178 0.016383649874629588 0.598145
13 0.39342659811259356 0.1372806564850695 0.014480969476082003 0.01641212673808981 0.596191
2 0.411975226814188 0.7032870513790745 0.009111617312072893 0.006072632778664235 0.59082
22 0.6607142570777742 0.19056296877136994 0.014725023364790106 0.010713474538408936 0.588867
10 0.19606251090139928 0.4615625730567586 0.016270736869508622 0.016640058354228403 0.586914
13 0.3113406521314676 0.20150438659676315 0.007647243996095021 0.0054707089126966035 0.57959
10 0.3514480963228116 0.5096307016184181 0.015294504653433127 0.016526150900387507 0.577637
5 0.6210543338756915 0.6143292630043309 0.014969093914741296 0.0032197412354684294 0.571777
18 0.26283354220631305 0.7183404349213586 0.022128130165961605 0.01579240483245954 0.571777
2 0.26470468311096645 0.20184634237519947 0.014643666514806378 0.0047868673808981075 0.565918
4 0.4424829625772861 0.23031118486437202 0.014969093914741296 0.016355173011169365 0.565918
14 0.2511065379238529 0.16195574196489626 0.002368162447120078 0.017323969911100977 0.563965
19 0.6272371545720794 0.5400757364941874 0.01789784054669704 0.011083883838614087 0.562012
13 0.6637447705824927 0.7047241876453156 0.0029694167263260656 0.008946893640300888 0.562012
29 0.6352912494630654 0.18683751812172328 0.020907860722421085 0.0177085242762708 0.556641
5 0.6274990859746177 0.16594483701846363 0.005394777220956719 0.012764987462958741 0.550781
13 0.255125284738041 0.2770614415317985 0.009111617312072893 0.016426365169819924 0.550781
13 0.25111734273999353 0.532482334169136 0.002387222909209242 0.016640058354228403 0.550781
6 0.44943869834038397 0.44316304134944157 0.024487528799219 0.011012656667426486 0.550781
13 0.501274966221933 0.5545290284932756 0.0028499222909209245 0.0280515778436289 0.548828
14 0.376179545720794 0.6976293521768863 0.012040347282785552 0.016640058354228403 0.548828
13 0.37976936049463067 0.46124909414178256 0.009752275431174748 0.011169361112377478 0.546875
23 0.3747151890660593 0.7233160665602917 0.011389525805401887 0.01096990635969911 0.541016
22 0.44508628180930687 0.7241850777296558 0.01513179095346567 0.010485531251424663 0.539062
8 0.20785883761796287 0.1458286172783223 0.012203060982753009 0.015044420332801458 0.537109
22 0.29067687862024083 0.1653179958969683 0.0017897840546697039 0.010485531251424663 0.533203
7 0.1980963488447771 0.5527695317984956 0.02098933420110641 0.003191252701162526 0.533203
13 0.37695121119427266 0.5563027636197857 0.004146500227790432 0.016811036243446546 0.53125
6 0.46259758151643343 0.23296105037611123 0.023063825577611455 0.012081192614542968 0.529297
2 0.6207289397982427 0.26420033298381584 0.013667417637487796 0.0032126220196033737 0.529297
6 0.6672632918971689 0.3306359917939366 0.006182887341360234 0.010143610485525416 0.529297
13 0.44297097038724376 0.7031677403236837 0.006020173641392776 0.005833998997036699 0.527344
13 0.2898633101204035 0.4857248415773877 0.003416854409371949 0.017836786870298608 0.525391
4 0.4123209476082004 0.3520415482106223 0.012325087927107061 0.003832343925233645 0.523438
2 0.6549787907582167 0.6145171402780943 0.01171493654409372 0.003595495782995213 0.523438
2 0.46794667360885134 0.46580807658992474 0.007484546957370648 0.002051512924549806 0.505859
24 0.2416205141555483 0.6887394356051972 0.012853882460136676 0.005926595486665147 0.503906
8 0.5388870810283111 0.5856507390015956 0.005206638464041653 0.010713474538408936 0.501953
