15 0.3764800252565115 0.17602992830390582 0.030781383425414366 0.01765649395398609 0.994629
24 0.26953425730071034 0.3674425939004815 0.01657457553275454 0.016853922311396468 0.993164
2 0.5623521894238358 0.3600855730337078 0.012233607576953433 0.011771014232209739 0.986816
5 0.1300314317284925 0.4795344333868379 0.01657457553275454 0.012038519850187265 0.986328
4 0.3606945035516969 0.6842563595505619 0.012233607576953433 0.014847506902086678 0.985352
20 0.39384357379636936 0.6858613932584269 0.0205208953433307 0.025815949491706795 0.983398
2 0.30820823993685875 0.1797752808988764 0.013417511602209945 0.01257355848047084 0.981934
21 0.622669183898974 0.5691547051899412 0.015514004104183108 0.01578384505082932 0.981934
2 0.6608129818468824 0.6118243852327448 0.011740317600631413 0.011235948207597645 0.981934
21 0.5274270812943962 0.5008025682182986 0.01578531965272297 0.017121455323702513 0.981445
21 0.5038476022099447 0.2502674628143392 0.015982643725335435 0.016318883681112895 0.981445
2 0.2683502320441989 0.27273930444087746 0.013022903867403315 0.012172286356340288 0.980957
20 0.4002567071823204 0.6785714884965222 0.03255721925808998 0.01257355848047084 0.979492
12 0.32951867403314916 0.13322628999464953 0.014206767482241514 0.02247189641519529 0.978516
2 0.646803498026835 0.24428180203317282 0.012233607576953433 0.011971650294275014 0.978516
9 0.2679558263614838 0.4775949149277689 0.014996063772691397 0.012038519850187265 0.978516
7 0.24388334017363852 0.6659643445692883 0.022099447513812154 0.018258429534510432 0.978027
0 0.48046573007103394 0.15449442482611023 0.03196528745067087 0.011771014232209739 0.978027
5 0.48145214838200473 0.4515785211342964 0.01578531965272297 0.012306052862493312 0.977539
4 0.23441194632991316 0.592027873729267 0.013417511602209945 0.013911168753344035 0.977539
18 0.27545397947908445 0.6385768646334938 0.01578531965272297 0.014713740395933653 0.975586
5 0.3341308363062352 0.5238094210807919 0.01484808082083662 0.012439819368646333 0.975098
5 0.33228113022888717 0.4098449052969502 0.014996063772691397 0.011235948207597645 0.975098
6 0.4147591981057617 0.6376404443017657 0.01617996779794791 0.011436584269662922 0.974609
2 0.6397001546961326 0.31326921348314607 0.011838999842146803 0.012707324986623863 0.974609
6 0.6440410418310971 0.19823440128410913 0.015390671507498026 0.011235948207597645 0.974121
4 0.5765588760852407 0.5652756682718031 0.014996063772691397 0.014446234777956127 0.971191
0 0.29360674348855564 0.2035847875869449 0.025256511444356748 0.012841091492776886 0.970703
2 0.34747423520126286 0.31808458855002675 0.011838999842146803 0.012038519850187265 0.970703
2 0.30623499921073405 0.6862627201712145 0.013417511602209945 0.013509896629213484 0.969727
2 0.1795580363062352 0.640733674906367 0.012628255722178374 0.011871332263242376 0.969238
4 0.2634173322809787 0.22595220203317284 0.011444351696921862 0.013116979775280898 0.969238
2 0.17768339700078928 0.20545746388443017 0.010457771744277821 0.011503481219903692 0.96875
5 0.4351814112075769 0.10747726484751205 0.01578531965272297 0.012707324986623863 0.968262
7 0.3300550011049724 0.1132958202247191 0.015403037095501183 0.017924026966292132 0.968262
5 0.3567480220994475 0.4770599036918138 0.014206767482241514 0.012038519850187265 0.968262
5 0.30820823993685875 0.6153023691813805 0.01578531965272297 0.011503481219903692 0.967773
21 0.3625691428571428 0.43383828271803104 0.01568667782162589 0.01869315013376137 0.967285
24 0.6081295153906866 0.2019797538790797 0.01578531965272297 0.01765649395398609 0.966797
2 0.6399467390686662 0.17522727447833067 0.012134965745856353 0.012306052862493312 0.965332
18 0.294396363062352 0.3863027672552167 0.014996063772691397 0.014446234777956127 0.965332
5 0.4335043788476717 0.4523809010165864 0.012036323914759275 0.010700909577314071 0.965332
13 0.4360696322020521 0.6784375302300696 0.00828728776637727 0.012841091492776886 0.964355
11 0.37766364640883976 0.6581060074906367 0.015390671507498026 0.01845906559657571 0.963867
13 0.17087626203630624 0.1548957517388978 0.007892639621152327 0.016853922311396468 0.963379
0 0.5035517979479085 0.4304273600856073 0.03314915106550908 0.012306052862493312 0.963379
0 0.23086027466456197 0.3416264526484751 0.023677999684293606 0.011771014232209739 0.963379
7 0.5286107024467245 0.4323167469234885 0.015390671507498026 0.014446234777956127 0.963379
4 0.28393855090765585 0.6615837174959872 0.013417511602209945 0.013911168753344035 0.963379
2 0.5814917758484609 0.49652220438737293 0.013022903867403315 0.012707324986623863 0.962891
1 0.47326378531965274 0.2265916404494382 0.015982643725335435 0.01765649395398609 0.962891
5 0.5931332091554854 0.33781425789192077 0.014601415627466457 0.010834676083467094 0.962891
5 0.42580902288871353 0.22471896415195292 0.01578531965272297 0.012306052862493312 0.962402
5 0.1857735627466456 0.3420277795612627 0.014798739700078925 0.01257355848047084 0.962402
7 0.3178768366219416 0.5259497399678973 0.015390671507498026 0.017121455323702513 0.962402
5 0.48796388318863454 0.24652211021936865 0.01617996779794791 0.012038519850187265 0.961426
0 0.3026833275453828 0.29547878865703586 0.022888703393843725 0.010700909577314071 0.960449
13 0.5400553370165745 0.5632690337078652 0.009471191791633781 0.018726598608881755 0.958984
5 0.34964467876874505 0.2717361241305511 0.014206767482241514 0.011904753344034244 0.958984
5 0.18034725177584846 0.2968164537185661 0.014601415627466457 0.011771014232209739 0.958984
0 0.13259668508287292 0.43459075013376136 0.024861863299131808 0.01257355848047084 0.958984
5 0.3253749897395422 0.27160243980738363 0.01578531965272297 0.011904753344034244 0.958496
8 0.20007885082872928 0.45652758052434456 0.01854773543804262 0.011771014232209739 0.958008
0 0.3528019447513812 0.4541198929909042 0.02683502320441989 0.012038519850187265 0.958008
5 0.39404118074191 0.47642462921348316 0.014996063772691397 0.012105416800428037 0.958008
2 0.6041830339384373 0.6110220053504548 0.013417511602209945 0.01337613012306046 0.957031
0 0.2738751444356748 0.4549225468164794 0.025256511444356748 0.011503481219903692 0.957031
11 0.6278611144435674 0.47124134831460673 0.014601415627466457 0.016318883681112895 0.957031
5 0.5087312012628256 0.5904225660781167 0.01568667782162589 0.012306052862493312 0.956543
7 0.27782162588792425 0.2528091086142322 0.01657457553275454 0.0149812734082397 0.955078
13 0.42245455406471977 0.1052701037988229 0.00848461183898974 0.018726598608881755 0.955078
18 0.398579270718232 0.4983948806848582 0.011049743962115234 0.014446234777956127 0.955078
0 0.2168507908445146 0.6635900781166398 0.03275454333070244 0.012841091492776886 0.955078
13 0.6361484830307814 0.21722853290529695 0.011049743962115234 0.020331741894060996 0.95459
2 0.6511443851617995 0.15168541037988229 0.012628255722178374 0.012306052862493312 0.95459
5 0.5078926850828729 0.19983943499197432 0.01578531965272297 0.012841091492776886 0.954102
6 0.5341356148382005 0.26859289887640453 0.01617996779794791 0.010700909577314071 0.954102
0 0.6712707940015785 0.21829855537720708 0.02683502320441989 0.01765649395398609 0.953613
18 0.23816082083662193 0.22598565050829322 0.015390671507498026 0.013986420973782773 0.953613
0 0.521112953433307 0.6583733761369717 0.022888703393843725 0.012306052862493312 0.953125
2 0.38427398263614837 0.2696629213483146 0.013812159747434886 0.008560727661851257 0.95166
5 0.6335832296764009 0.5193953729266988 0.015390671507498026 0.011771014232209739 0.951172
13 0.5406473496448303 0.6316211706795078 0.011049743962115234 0.021936857784911716 0.951172
5 0.31767963378058406 0.31848591546281435 0.022494095659037094 0.012306052862493312 0.951172
18 0.23086027466456197 0.4768593772070626 0.01578531965272297 0.013643663135366507 0.951172
5 0.2115234853985793 0.5939005500267523 0.014206767482241514 0.011235948207597645 0.951172
18 0.5891871318074191 0.5186598352059925 0.01657457553275454 0.015248806420545746 0.950684
0 0.3567480220994475 0.6616505596575709 0.02604576732438832 0.012306052862493312 0.950684
0 0.28137329755327545 0.3183519571963617 0.023677999684293606 0.012707324986623863 0.950684
5 0.22711140015785317 0.5243444323167469 0.014996063772691397 0.011771014232209739 0.950684
2 0.4162390276243093 0.5217362182985554 0.010655095816890291 0.01029963745318352 0.950195
5 0.26716661089187055 0.4336544119850187 0.014996063772691397 0.011771014232209739 0.950195
5 0.12943941910023676 0.476458050294275 0.015193387845303866 0.0058855071161048695 0.950195
5 0.23322792107340173 0.5702247276618513 0.01578531965272297 0.012841091492776886 0.950195
0 0.6428570165745856 0.541867214553237 0.02604576732438832 0.013108624505082933 0.949707
0 0.5941200315706393 0.6800428378812199 0.024072607419100236 0.009630804922418405 0.949707
4 0.6800511696921863 0.42651484729802036 0.013812159747434886 0.013877747672552168 0.949219
4 0.6100286110812944 0.3812200235420011 0.007720006314127861 0.014446234777956127 0.949219
13 0.28808223520126286 0.6361691771000535 0.01026044767166535 0.020331741894060996 0.949219
0 0.18162987845303868 0.11062076404494381 0.023480675611681136 0.014446234777956127 0.94873
6 0.3497929850039463 0.2487961134296415 0.01647593370165746 0.010700909577314071 0.94873
0 0.6282559242304657 0.2449170765115035 0.024467255564325177 0.011904753344034244 0.94873
2 0.36779784688239936 0.3872391054039594 0.011049743962115234 0.011503481219903692 0.948242
13 0.5818861815311761 0.22043887426431247 0.009076543646408839 0.017121455323702513 0.947266
0 0.36621941594317287 0.3638309256286784 0.025651159589581685 0.012841091492776886 0.946777
2 0.5986581215469613 0.1524880642054575 0.011838999842146803 0.012306052862493312 0.946289
4 0.4471190528808208 0.4510432359550562 0.013812159747434886 0.014446234777956127 0.945801
8 0.3888120726124704 0.5924292006420546 0.01637725146014207 0.010968442589620118 0.944824
5 0.12963702604577743 0.41144993900481536 0.01637725146014207 0.012306052862493312 0.944824
21 0.1590372217837411 0.41519529159978596 0.01736387182320442 0.01658641669341894 0.944824
0 0.6233135684293607 0.6107543627608347 0.024189757221783743 0.01337613012306046 0.944336
6 0.1535123093922652 0.3428304333868379 0.015390671507498026 0.010968442589620118 0.943359
24 0.24861863299131806 0.3905831310861423 0.014996063772691397 0.017121455323702513 0.943359
6 0.23283351539068667 0.4336544119850187 0.01657457553275454 0.011235948207597645 0.943359
0 0.6312155832675611 0.3361423820224719 0.02604576732438832 0.01257355848047084 0.942871
7 0.4169296416732439 0.4106472851792402 0.01617996779794791 0.016051378063135367 0.942383
6 0.3948796969218627 0.661316074906367 0.01627860962904499 0.011235948207597645 0.941895
0 0.4660614364640884 0.6807115334403424 0.0230860274664562 0.008293194649545211 0.941895
9 0.3115627087608524 0.2487961134296415 0.015390671507498026 0.012306052862493312 0.941406
5 0.14857940962904498 0.6408172823970038 0.014206767482241514 0.012239155912252542 0.941406
6 0.30623499921073405 0.4781299261637239 0.014996063772691397 0.010968442589620118 0.940918
8 0.6026046029992107 0.24558577207062599 0.01736387182320442 0.011771014232209739 0.939453
10 0.4046961957379637 0.12881224184055645 0.011641675769534333 0.01845906559657571 0.938965
2 0.46724546172059983 0.38496510219368646 0.013417511602209945 0.012306052862493312 0.938965
0 0.2478294175217048 0.27019793258426966 0.024861863299131808 0.00749065040128411 0.938477
0 0.5741908255722178 0.5428035527019797 0.025256511444356748 0.01257355848047084 0.938477
4 0.590568359905288 0.2671215494917068 0.013812159747434886 0.014044935259497057 0.938477
2 0.41278595737963697 0.43069489309791337 0.012233607576953433 0.011670668806848583 0.937988
0 0.48756907340173633 0.6142323467094704 0.031175991160220996 0.011771014232209739 0.937988
7 0.30904695816890293 0.45773128731942214 0.011937641673243883 0.01658641669341894 0.937988
2 0.3449093859510655 0.13282496308186195 0.012628255722178374 0.012038519850187265 0.937012
8 0.452051952644041 0.15395941359015516 0.01637725146014207 0.01257355848047084 0.937012
6 0.40960444514601424 0.3170145660781166 0.015834660773480662 0.011235948207597645 0.937012
18 0.49704006314127863 0.6353288834670947 0.01617996779794791 0.014053290529695023 0.936523
2 0.2211916779794791 0.456126253611557 0.013812159747434886 0.011771014232209739 0.936523
9 0.5680743046566693 0.4507758673087212 0.014996063772691397 0.012306052862493312 0.936523
0 0.15824800631412786 0.6173087298020331 0.024072607419100236 0.01257355848047084 0.936523
7 0.18330691081294395 0.6201177442482612 0.02683502320441989 0.01765649395398609 0.936523
2 0.20086806629834256 0.1107544483681113 0.013417511602209945 0.013911168753344035 0.936035
14 0.22395413417521703 0.3844300909577314 0.00868193591160221 0.01765649395398609 0.936035
9 0.5153908382004735 0.33781425789192077 0.015390671507498026 0.012172286356340288 0.936035
6 0.2947907687450671 0.24933112466559657 0.01736387182320442 0.010968442589620118 0.935547
5 0.34673432044198893 0.4323167469234885 0.015390671507498026 0.011235948207597645 0.935547
1 0.16446312865035517 0.48080525628678433 0.01756115548539858 0.01765649395398609 0.935059
4 0.31097069613259665 0.13188862493311931 0.014206767482241514 0.014446234777956127 0.934082
2 0.6629834254143646 0.5417335302300695 0.012628255722178374 0.012306052862493312 0.934082
8 0.6483819289660616 0.5882825211342964 0.01736387182320442 0.011771014232209739 0.933594
5 0.26361493922651935 0.3871054210807918 0.014601415627466457 0.012841091492776886 0.933105
7 0.28966066614048935 0.6892054189406099 0.01657457553275454 0.017522727447833068 0.932617
4 0.1752171491712707 0.5006688838951311 0.012628255722178374 0.014446234777956127 0.932617
9 0.229479046566693 0.295746431246656 0.015390671507498026 0.012038519850187265 0.932129
22 0.5524863898973954 0.4517122054574639 0.014996063772691397 0.012439819368646333 0.931641
6 0.4033149676400947 0.45425357731407173 0.014996063772691397 0.011503481219903692 0.931152
5 0.5327543867403315 0.5437398908507223 0.014996063772691397 0.012306052862493312 0.931152
0 0.2571032044198895 0.24959876725521668 0.024861863299131808 0.011771014232209739 0.930664
10 0.14729678295185478 0.2019797538790797 0.015193387845303866 0.018191532584269664 0.929199
5 0.3224153307024467 0.29440876618512574 0.014996063772691397 0.010834676083467094 0.928711
13 0.14552074506708762 0.660781063670412 0.011049743962115234 0.018191532584269664 0.928711
5 0.640884179952644 0.1052701037988229 0.01775847955801105 0.014446234777956127 0.928223
10 0.365232997632202 0.3145397624398074 0.015390671507498026 0.018592832102728732 0.928223
0 0.39384357379636936 0.6371722752273943 0.0205208953433307 0.011637247726056715 0.927734
4 0.4415941404893449 0.1293472530765115 0.014206767482241514 0.01578384505082932 0.927734
0 0.5392661215469613 0.12988226431246655 0.024861863299131808 0.013643663135366507 0.927734
8 0.5722179889502762 0.2458534146602461 0.014996063772691397 0.011771014232209739 0.927734
0 0.5653118484609313 0.4737827201712146 0.03354379921073402 0.011235948207597645 0.927734
0 0.23559597158642462 0.6166400342429106 0.024467255564325177 0.012306052862493312 0.927734
13 0.1386150086819258 0.13242363616907438 0.010655095816890291 0.0197966758694489 0.927246
7 0.43212315074980273 0.6636234991974318 0.01578531965272297 0.016452650187265917 0.927246
6 0.15301889818468825 0.2743446120920278 0.01657457553275454 0.011637247726056715 0.927246
5 0.375789411207577 0.6380418533975387 0.015390671507498026 0.011771014232209739 0.926758
5 0.6499603599052881 0.22097388550026753 0.01578531965272297 0.011771014232209739 0.926758
2 0.1619968808208366 0.31942225361155696 0.013022903867403315 0.012306052862493312 0.925781
7 0.3326755359116022 0.25100327447833065 0.01775847955801105 0.016452650187265917 0.924805
18 0.3919693385951066 0.3622258919208132 0.015982643725335435 0.0149812734082397 0.924805
5 0.6333860268350434 0.6340288582129481 0.01578531965272297 0.012306052862493312 0.924316
0 0.6698895659037095 0.15115039914392722 0.025256511444356748 0.011235948207597645 0.924316
5 0.2125099037095501 0.3880417592295345 0.015390671507498026 0.011235948207597645 0.924316
5 0.6069454901341752 0.47381614125200644 0.01657457553275454 0.01183788378812199 0.923828
4 0.5556432517758485 0.5200643424291065 0.012628255722178374 0.013108624505082933 0.922852
0 0.39542240883977897 0.4315308858212948 0.0230860274664562 0.011135630176565008 0.921875
2 0.6140488334648776 0.5187266773675763 0.013022903867403315 0.013643663135366507 0.921875
7 0.5114443567482242 0.6203099976457999 0.01578531965272297 0.007875211985018726 0.921875
5 0.45728106077348063 0.6611823905831996 0.01578531965272297 0.012306052862493312 0.921387
8 0.6116811870560379 0.49692353130016054 0.01736387182320442 0.012038519850187265 0.920898
7 0.40410418310970797 0.5481876340288925 0.022494095659037094 0.01812466302835741 0.920898
8 0.4603393212312549 0.4307117132156233 0.01696922367797948 0.011235948207597645 0.920898
8 0.18666137963693766 0.43447363937934724 0.01775847955801105 0.012540137399678974 0.92041
6 0.16426592580899765 0.6409844973782772 0.01637725146014207 0.012105416800428037 0.919434
0 0.44435659668508287 0.24719107972177637 0.024861863299131808 0.012306052862493312 0.919434
22 0.44386358958168903 0.4307117132156233 0.014009483820047354 0.010700909577314071 0.919434
18 0.1848857458563536 0.6817818298555378 0.01657457553275454 0.006153012734082397 0.919434
6 0.4976320757695343 0.5442080599250936 0.013812159747434886 0.010834676083467094 0.918945
8 0.13180746961325968 0.6413858790797218 0.018153127703235992 0.013108624505082933 0.918945
7 0.3956196116811365 0.6212003407169608 0.01696922367797948 0.009655898127340825 0.918457
22 0.5739936227308603 0.6128946816479401 0.014601415627466457 0.012306052862493312 0.917969
9 0.4306433212312549 0.6369715569823434 0.014009483820047354 0.011235948207597645 0.917969
5 0.1363455595895817 0.2703316169074371 0.014601415627466457 0.0072231173889780636 0.91748
2 0.6136544277821626 0.1753612327447833 0.011049743962115234 0.011771014232209739 0.91748
8 0.4510655343330703 0.10754410700909577 0.015390671507498026 0.013108624505082933 0.916504
2 0.6348905067087608 0.3590155505617978 0.02126085051302289 0.012306052862493312 0.916504
0 0.26696940805051306 0.18044397645799895 0.024861863299131808 0.012841091492776886 0.916016
5 0.37795985477505917 0.4322832984483681 0.012036323914759275 0.009864889459604067 0.916016
13 0.5485399084451461 0.22070624291064742 0.011049743962115234 0.018191532584269664 0.916016
2 0.28630619731649565 0.6161047490636705 0.012233607576953433 0.011771014232209739 0.916016
21 0.5113950560378848 0.4553235997859818 0.015883961483820045 0.01578384505082932 0.915527
0 0.658001224940805 0.5195290572498662 0.03127467340173639 0.011771014232209739 0.915527
9 0.5046368176795579 0.6838884537185661 0.015193387845303866 0.013844299197431782 0.915527
5 0.5430149960536701 0.497592226859283 0.014996063772691397 0.012306052862493312 0.915039
0 0.596093272296764 0.17522727447833067 0.022494095659037094 0.01337613012306046 0.913574
13 0.27348073875295975 0.5901551974317817 0.009471191791633781 0.017121455323702513 0.913086
0 0.24348853038674034 0.13409578598180846 0.022494095659037094 0.010834676083467094 0.912598
1 0.45343318074190997 0.639646887105404 0.01736387182320442 0.018191532584269664 0.912598
6 0.27150749802683505 0.6158373804173355 0.01657457553275454 0.012038519850187265 0.911133
2 0.1415746677190213 0.4575976029962547 0.010852419889502763 0.010165870947030498 0.910645
13 0.36345695974743486 0.634668433600856 0.007498031886345699 0.01871824333868379 0.909668
10 0.2709154853985793 0.13068491813804173 0.014206767482241514 0.01765649395398609 0.90918
4 0.33820044830307816 0.4992643766720171 0.013022903867403315 0.014312468271803103 0.908691
2 0.27446715706393054 0.5230070411985019 0.012628255722178374 0.01257355848047084 0.908691
9 0.16189827940015786 0.388175443552702 0.014206767482241514 0.012306052862493312 0.908203
5 0.2537491397000789 0.4553235997859818 0.015390671507498026 0.011503481219903692 0.907227
24 0.35516959116022095 0.3885767704654896 0.014206767482241514 0.01578384505082932 0.906738
13 0.6562005367008682 0.46976999892990906 0.008237946645619573 0.019261637239165328 0.906738
2 0.5576164925019732 0.1301499069020867 0.011838999842146803 0.012439819368646333 0.905762
4 0.21270710655090766 0.4769596404494382 0.013417511602209945 0.014513104333868378 0.905762
21 0.32616420520915546 0.20599247512038524 0.028018927229676402 0.018191532584269664 0.905273
0 0.5374900836621941 0.2463884258962012 0.025651159589581685 0.011771014232209739 0.904785
6 0.4876676748224152 0.6840555591225254 0.017166547750591947 0.012439819368646333 0.903809
4 0.6536603378058405 0.26621863242375604 0.013220187529597475 0.014513104333868378 0.903809
10 0.6472476085240726 0.6083466752273943 0.014009483820047354 0.017121455323702513 0.90332
24 0.39640882715074977 0.27314063135366506 0.014601415627466457 0.0149812734082397 0.90332
18 0.158149000789266 0.15730343927233817 0.01657457553275454 0.014446234777956127 0.902832
0 0.2186268287292818 0.6378578182985554 0.024072607419100236 0.01722177335473515 0.902832
22 0.20501175059194948 0.2272606099518459 0.013812159747434886 0.011503481219903692 0.901367
0 0.5074978752959748 0.565008025682183 0.024861863299131808 0.017121455323702513 0.901367
8 0.42008690765587997 0.1546281091492777 0.01657457553275454 0.012841091492776886 0.900391
2 0.38239934333070247 0.5460807362225789 0.021704799368587213 0.012439819368646333 0.900391
4 0.35556440094711916 0.10720962225789192 0.014206767482241514 0.0156500785446763 0.899902
6 0.6292793180741909 0.6797751952915998 0.015218038200473561 0.010165870947030498 0.899902
18 0.4153512107340174 0.20010707758159443 0.022494095659037094 0.0149812734082397 0.899902
1 0.14759258721389107 0.3683789320492242 0.015390671507498026 0.017121455323702513 0.899902
10 0.15390671507498027 0.5913589042268593 0.01578531965272297 0.017924026966292132 0.899902
4 0.28137329755327545 0.4320491043338684 0.013417511602209945 0.01337613012306046 0.898438
5 0.6288475327545383 0.19823440128410913 0.014996063772691397 0.010700909577314071 0.897461
14 0.2618389013417522 0.33821558480470837 0.00828728776637727 0.017522727447833068 0.897461
4 0.46635764483030784 0.3600855730337078 0.013614835674822417 0.01578384505082932 0.897461
8 0.6616021973164957 0.24474997110754415 0.01736387182320442 0.01264045543071161 0.896973
0 0.22059966535122336 0.11028627929373996 0.025256511444356748 0.015248806420545746 0.896484
5 0.37105371428571426 0.2938737549491707 0.01657457553275454 0.012038519850187265 0.896484
5 0.6616021973164957 0.31340289780631353 0.014996063772691397 0.01257355848047084 0.896484
5 0.5199289281767956 0.29233556340288924 0.014601415627466457 0.011637247726056715 0.895508
10 0.2395420489344909 0.5443420181915463 0.013417511602209945 0.018592832102728732 0.895508
18 0.13210327387529597 0.6629213825575174 0.01617996779794791 0.014446234777956127 0.895508
9 0.4330109676400947 0.2933387437132156 0.014601415627466457 0.011637247726056715 0.89502
5 0.21645638516179955 0.43377141316211876 0.01617996779794791 0.012306052862493312 0.89502
13 0.2707182825572218 0.6792401840556448 0.01026044767166535 0.011235948207597645 0.894043
2 0.23579317442778217 0.38790807490636703 0.013417511602209945 0.012306052862493312 0.891602
2 0.593330816101026 0.4502408560727662 0.021310191633780583 0.013108624505082933 0.891602
12 0.5907655627466457 0.47097370572498665 0.014996063772691397 0.016853922311396468 0.891602
24 0.36444337805840565 0.2742777699304441 0.01696922367797948 0.016452650187265917 0.889648
4 0.6804952801894238 0.4955858662386303 0.013812159747434886 0.015516312038523274 0.888672
23 0.21507515706393054 0.3646335794542536 0.018153127703235992 0.010700909577314071 0.888672
8 0.29360674348855564 0.41091492776886035 0.01578531965272297 0.011235948207597645 0.888672
20 0.32739740994475136 0.6384429063670413 0.03413577142857143 0.024612105724986625 0.88623
13 0.623187164640884 0.4475655259497058 0.010211146961325966 0.018191532584269664 0.88623
6 0.37835426045777426 0.2255216179775281 0.015587995580110498 0.011235948207597645 0.884766
2 0.1617006724546172 0.6647940588550026 0.021112867561168112 0.012306052862493312 0.884766
0 0.33178767861089187 0.6618513600856073 0.022000805682715077 0.012038519850187265 0.884277
8 0.16821240726124706 0.456126253611557 0.01617996779794791 0.011771014232209739 0.884277
2 0.2841357537490134 0.10874808774745853 0.022888703393843725 0.013911168753344035 0.883301
2 0.3058405935280189 0.6409008898876405 0.009471191791633781 0.007590968432316747 0.883301
13 0.5753748508287292 0.17375592509363294 0.009471191791633781 0.017924026966292132 0.883301
22 0.2610496858721389 0.5932315805243445 0.013417511602209945 0.011503481219903692 0.883301
7 0.34175211996842936 0.5495250251471375 0.025256511444356748 0.017054585767790263 0.882324
6 0.27308592896606154 0.5700910433386838 0.01657457553275454 0.011771014232209739 0.880859
14 0.5812945730071034 0.33440339004815406 0.007892639621152327 0.01738898833600856 0.879883
7 0.6602209692186267 0.33881743820224725 0.021310191633780583 0.01658641669341894 0.878906
6 0.5043410134175218 0.4743177314071696 0.014996063772691397 0.010165870947030498 0.878906
22 0.19810561010260458 0.47866493739967897 0.014206767482241514 0.01136971471375067 0.878906
0 0.48549723125493294 0.4743177314071696 0.0230860274664562 0.010165870947030498 0.878418
2 0.1369375722178374 0.571696077046549 0.010655095816890291 0.013108624505082933 0.878418
22 0.6437943766377269 0.4736490358480471 0.014305449723756905 0.011503481219903692 0.877441
6 0.1535123093922652 0.6874664269662921 0.01617996779794791 0.012439819368646333 0.875977
9 0.623914632991318 0.4052968988764045 0.014996063772691397 0.011771014232209739 0.874023
7 0.5355168429360694 0.22632427180310327 0.015390671507498026 0.016051378063135367 0.872559
22 0.2134963220205209 0.2962146003210273 0.014206767482241514 0.012038519850187265 0.872559
0 0.3239937616416732 0.3390850807918673 0.024467255564325177 0.015248806420545746 0.872559
10 0.2644041546961326 0.5439406912787588 0.01696922367797948 0.01779026046013911 0.872559
13 0.6185873275453828 0.3563402204387373 0.011049743962115234 0.018191532584269664 0.870605
1 0.23599037726913968 0.5032102557517388 0.01696922367797948 0.017924026966292132 0.870605
6 0.3808209123914759 0.5687533782771536 0.01657457553275454 0.011771014232209739 0.870605
5 0.44761246408839783 0.6845905703584805 0.015390671507498026 0.014044935259497057 0.869629
5 0.3962116243093923 0.2017121112894596 0.01578531965272297 0.012306052862493312 0.868652
10 0.5061166471981058 0.5179908657035848 0.012233607576953433 0.017522727447833068 0.868164
8 0.6785713401736385 0.5421348571428571 0.01726518958168903 0.012306052862493312 0.868164
18 0.49112074506708764 0.2215088967362226 0.01696922367797948 0.018191532584269664 0.867188
8 0.42758465666929757 0.4308453975387908 0.01736387182320442 0.012038519850187265 0.867188
0 0.396803636937648 0.5690207469234886 0.014601415627466457 0.011771014232209739 0.867188
16 0.128453000789266 0.5267523937934725 0.01736387182320442 0.014446234777956127 0.864258
5 0.4177188571428572 0.49919753451043336 0.014996063772691397 0.012038519850187265 0.863281
14 0.33780604262036307 0.31561005885500265 0.009471191791633781 0.01658641669341894 0.863281
18 0.604775046566693 0.3586142236490102 0.015390671507498026 0.013643663135366507 0.862305
13 0.2963691996842936 0.6134296928838952 0.00868193591160221 0.01658641669341894 0.862305
6 0.5201261310181532 0.1538254553237025 0.01657457553275454 0.012841091492776886 0.86084
2 0.6119832953433307 0.2915997517388978 0.011617025414364641 0.011235948207597645 0.858887
0 0.33109710497237566 0.4751203852327448 0.030781383425414366 0.008560727661851257 0.85791
6 0.5690607229676401 0.33848322739432857 0.014996063772691397 0.011904753344034244 0.85791
4 0.5970796906077349 0.2213749384697699 0.014996063772691397 0.014713740395933653 0.856934
0 0.48164975532754534 0.26912791011235954 0.024467255564325177 0.009630804922418405 0.85498
21 0.3942383835832675 0.22906633451043337 0.01736387182320442 0.016318883681112895 0.85498
4 0.2204024625098658 0.6861290358480471 0.013022903867403315 0.012974857998929909 0.853027
7 0.3616813259668508 0.22739429427501337 0.01637725146014207 0.017924026966292132 0.853027
24 0.13476712865035517 0.5046816051364366 0.02880822352012628 0.017121455323702513 0.852051
18 0.25493276085240724 0.6155697378277153 0.014996063772691397 0.014713740395933653 0.852051
5 0.45007911602209943 0.20144474264312467 0.013220187529597475 0.011235948207597645 0.851074
2 0.5576164925019732 0.2434457271268058 0.013417511602209945 0.01765649395398609 0.851074
14 0.5155880410418311 0.4720440021401819 0.007103383741120757 0.01738898833600856 0.850098
11 0.44692185003946333 0.5882825211342964 0.021507515706393053 0.01765649395398609 0.850098
21 0.33765785761641676 0.2985554456928839 0.015587995580110498 0.015917611556982344 0.850098
18 0.481353546961326 0.38389507972177633 0.015390671507498026 0.013911168753344035 0.850098
8 0.2215864877663773 0.2268592830390583 0.01775847955801105 0.01337613012306046 0.848145
24 0.3970008397790055 0.340556430176565 0.014206767482241514 0.012038519850187265 0.848145
13 0.199289635359116 0.5912252199036918 0.00868193591160221 0.017121455323702513 0.848145
18 0.1339779131807419 0.5930978962011771 0.024269931491712707 0.0149812734082397 0.845703
9 0.19415953275453826 0.6402487952915998 0.01578531965272297 0.01240637089352595 0.844727
9 0.6777821247040252 0.3818887191011236 0.015390671507498026 0.01257355848047084 0.842773
5 0.5181532943962115 0.2463884258962012 0.013417511602209945 0.010700909577314071 0.84082
6 0.5518943772691397 0.3154092584269663 0.01578531965272297 0.011503481219903692 0.84082
0 0.4439621910023678 0.3591492348849652 0.03354379921073402 0.017924026966292132 0.839844
18 0.6448796388318864 0.40422687640449434 0.015883961483820045 0.013911168753344035 0.839844
18 0.15430152486187845 0.5244783905831996 0.014601415627466457 0.013911168753344035 0.839844
8 0.32507894301499607 0.4329019445692884 0.018202428413575375 0.011938201819154629 0.838867
13 0.24309372059984216 0.4737827201712146 0.007892639621152327 0.011235948207597645 0.838867
13 0.33795382352012626 0.2691613311931514 0.008089963693764798 0.016252014125200644 0.838867
5 0.38752944593528016 0.45351803959336545 0.01578531965272297 0.01257355848047084 0.833496
8 0.6440410418310971 0.49692353130016054 0.01617996779794791 0.011503481219903692 0.831055
22 0.41633762904498817 0.17817024719101124 0.015390671507498026 0.011771014232209739 0.831055
2 0.23796361799526441 0.24973245157838417 0.012628255722178374 0.012038519850187265 0.830078
22 0.5868190812943962 0.2462547415730337 0.013417511602209945 0.011235948207597645 0.827637
4 0.3664166187845304 0.5197966998394864 0.023283351539068665 0.019261637239165328 0.82666
7 0.5114443567482242 0.6153023691813805 0.01578531965272297 0.017121455323702513 0.82666
22 0.3210341026045777 0.3868377784911718 0.013417511602209945 0.011771014232209739 0.82666
9 0.5481450986582478 0.5434725222043874 0.014996063772691397 0.012038519850187265 0.825684
8 0.4253156116811365 0.31728193472445154 0.014404091554853986 0.011503481219903692 0.825684
2 0.12233607576953433 0.15864110433386838 0.014404091554853986 0.012841091492776886 0.824219
14 0.12302668981846883 0.26752260246120924 0.00927386771902131 0.012841091492776886 0.824219
6 0.2501974680347277 0.3416264526484751 0.014996063772691397 0.011503481219903692 0.824219
9 0.5370956779794791 0.1534244023542001 0.01578531965272297 0.012038519850187265 0.823242
7 0.399566093133386 0.6174424141252006 0.02604576732438832 0.01765649395398609 0.820801
23 0.3801302983425414 0.3868377784911718 0.013614835674822417 0.011503481219903692 0.818848
13 0.25138108918705604 0.2239165842696629 0.01026044767166535 0.018191532584269664 0.817383
24 0.6124704025256511 0.5440075334403425 0.026440415469613256 0.0197966758694489 0.813965
10 0.659419226519337 0.6539593279828786 0.01541536227308603 0.01738898833600856 0.813965
8 0.6395029518547751 0.2683252562867844 0.01578531965272297 0.011235948207597645 0.813965
8 0.6069454901341752 0.4288390369181381 0.01736387182320442 0.011771014232209739 0.813965
13 0.165943362273086 0.5220707030497592 0.00868193591160221 0.019261637239165328 0.813965
22 0.6318629177584846 0.5888175323702515 0.01508238042620363 0.011771014232209739 0.812988
8 0.26085248303078135 0.6401818983413591 0.014206767482241514 0.011771014232209739 0.812988
22 0.649319450670876 0.38202240342429106 0.014502773796369377 0.012038519850187265 0.811523
5 0.5536700110497238 0.33721240449438206 0.01617996779794791 0.01337613012306046 0.810547
23 0.3973952454617206 0.40904225147137513 0.014601415627466457 0.012306052862493312 0.810547
7 0.6163427308602999 0.10580511503477796 0.020372912391475928 0.012841091492776886 0.809082
8 0.1280585951065509 0.45773128731942214 0.015390671507498026 0.011771014232209739 0.809082
4 0.4634965872138911 0.24581999357945425 0.012233607576953433 0.013978065703584805 0.808105
21 0.3224153307024467 0.48093894060995185 0.015390671507498026 0.015248806420545746 0.806641
8 0.18034725177584846 0.5484550026752274 0.014601415627466457 0.011169078651685394 0.805664
0 0.3070246187845304 0.5896201861958267 0.02604576732438832 0.018726598608881755 0.805664
18 0.4254142131018153 0.5893525436062065 0.020915543488555642 0.014713740395933653 0.804199
8 0.5955012596685083 0.49732485821294814 0.013417511602209945 0.011235948207597645 0.804199
23 0.6252958610891871 0.2902620866773675 0.014601415627466457 0.012841091492776886 0.803223
13 0.5209153464877664 0.6780364772605671 0.01026044767166535 0.013643663135366507 0.801758
2 0.5714283693764799 0.29139922525414663 0.011838999842146803 0.013509896629213484 0.801758
13 0.2947907687450671 0.452782227929374 0.009865839936858722 0.01738898833600856 0.800781
14 0.4457378247829518 0.6579805414660247 0.009076543646408839 0.01777354991974318 0.796875
2 0.33701642304656665 0.1796415965757089 0.014206767482241514 0.012306052862493312 0.795898
18 0.6136544277821626 0.6329588357410381 0.021310191633780583 0.013911168753344035 0.795898
22 0.22770341278610892 0.2730737891920813 0.014996063772691397 0.011235948207597645 0.794434
22 0.154498727703236 0.29695013804173354 0.014206767482241514 0.012306052862493312 0.792969
8 0.28926585635359114 0.4760567233814874 0.01657457553275454 0.006688078758694489 0.792969
24 0.40439998737174426 0.5250134018191547 0.014601415627466457 0.016318883681112895 0.789062
18 0.4757300331491713 0.6579052070626003 0.018942383583267563 0.01738898833600856 0.789062
6 0.43389878453038677 0.40797222899946495 0.01617996779794791 0.011235948207597645 0.786621
23 0.4583660805051302 0.47548829106474055 0.01657457553275454 0.011169078651685394 0.782715
9 0.4111089250197316 0.6603800107009096 0.015193387845303866 0.01257355848047084 0.78125
21 0.6649566661404893 0.591492862493312 0.01667325777426993 0.016318883681112895 0.778809
13 0.6846882651933701 0.6088816864633493 0.00868193591160221 0.018726598608881755 0.777344
0 0.6721586108918706 0.2669875912252541 0.022296771586424624 0.012841091492776886 0.777344
19 0.15370951223362272 0.4565944226859283 0.012628255722178374 0.011235948207597645 0.777344
13 0.24546177111286505 0.6787051728196897 0.007103383741120757 0.012306052862493312 0.777344
9 0.3042621625887924 0.27200376672017124 0.014996063772691397 0.012172286356340288 0.775879
18 0.29557998421468035 0.22498660674157306 0.021310191633780583 0.013911168753344035 0.774414
13 0.23914764325177584 0.5210675227394328 0.00868193591160221 0.01765649395398609 0.774414
24 0.5631414048934491 0.17817024719101124 0.013812159747434886 0.017121455323702513 0.773438
2 0.6104971617995264 0.31427239379347244 0.01026044767166535 0.011637247726056715 0.771973
23 0.5272298784530387 0.40743721776350994 0.024467255564325177 0.012038519850187265 0.771973
23 0.6793605556432518 0.44930451792402354 0.014601415627466457 0.012841091492776886 0.771973
5 0.13772678768745067 0.3420277795612627 0.01617996779794791 0.01257355848047084 0.769043
23 0.48756907340173633 0.33855006955591227 0.011838999842146803 0.011503481219903692 0.769043
4 0.2478294175217048 0.5933655387907972 0.012628255722178374 0.011771014232209739 0.769043
18 0.1726518958168903 0.5941679186730872 0.021704799368587213 0.01337613012306046 0.769043
13 0.48421460457774274 0.6337614895666132 0.00868193591160221 0.01765649395398609 0.767578
10 0.3482141499605367 0.5667470176565008 0.014601415627466457 0.017924026966292132 0.766113
23 0.6731947340173638 0.6110220053504548 0.013022903867403315 0.011235948207597645 0.764648
4 0.2805840820836622 0.29440876618512574 0.013417511602209945 0.013643663135366507 0.764648
6 0.3439225635359116 0.3643659368646335 0.01775847955801105 0.012306052862493312 0.764648
22 0.14542214364640885 0.2281467342964152 0.015193387845303866 0.011704117281968967 0.762207
2 0.46408859984214684 0.1772339090422686 0.027229671349644834 0.013643663135366507 0.760742
8 0.3330703456985004 0.5698234007490637 0.01578531965272297 0.012306052862493312 0.760742
6 0.17975523914759273 0.4111825703584805 0.021704799368587213 0.012306052862493312 0.757812
5 0.6250986582478295 0.3825574146602461 0.0205208953433307 0.011771014232209739 0.753418
13 0.1980070086819258 0.49846172284644197 0.006511451933701657 0.01805779347244516 0.753418
13 0.34372536069455406 0.10580511503477796 0.01026044767166535 0.020331741894060996 0.749023
18 0.3942383835832675 0.29347242803638307 0.01973163946329913 0.01257355848047084 0.747559
5 0.2055544625098658 0.6873327426431247 0.017462513654301497 0.013242363616907438 0.746094
22 0.5187449029202842 0.1308186024612092 0.014601415627466457 0.012038519850187265 0.746094
11 0.3168904183109708 0.2239165842696629 0.0205208953433307 0.01658641669341894 0.744629
22 0.5000001262825573 0.33855006955591227 0.013022903867403315 0.010700909577314071 0.744629
23 0.3085012558800316 0.38764043231674694 0.010710579321231255 0.011771014232209739 0.743164
27 0.220797272296764 0.5510969117174961 0.010655095816890291 0.017121455323702513 0.741699
10 0.12815719652722968 0.5698234007490637 0.013022903867403315 0.018726598608881755 0.740234
5 0.20501175059194948 0.6827181680042804 0.01617996779794791 0.004280363830925628 0.740234
6 0.6069454901341752 0.40476188764044946 0.01775847955801105 0.012306052862493312 0.73877
5 0.2859117916337806 0.592830253611557 0.014996063772691397 0.011771014232209739 0.73877
4 0.6346931826361484 0.44900345425361154 0.01317088681925809 0.0149812734082397 0.73584
10 0.12717037411207577 0.3396200920278224 0.013022903867403315 0.017924026966292132 0.733887
10 0.3776143456985004 0.45107665703584804 0.012529613891081294 0.01765649395398609 0.730957
6 0.23756921231254935 0.31808458855002675 0.024467255564325177 0.013643663135366507 0.729492
19 0.3466357190213102 0.40930989406099516 0.011986982794001578 0.012306052862493312 0.728027
18 0.1957379636937648 0.2693952787586945 0.01617996779794791 0.009095766292134832 0.726562
8 0.3011048966061563 0.15703579668271803 0.01657457553275454 0.011503481219903692 0.725098
2 0.24269931491712704 0.6396301491706795 0.022099447513812154 0.012105416800428037 0.725098
18 0.6136544277821626 0.6799091535580524 0.01657457553275454 0.014847506902086678 0.725098
5 0.33242895153906865 0.4131888707116105 0.015094705603788476 0.00451444836811129 0.723145
7 0.4705999305445935 0.33855006955591227 0.022099447513812154 0.012841091492776886 0.723145
10 0.5986581215469613 0.5399945382557517 0.014996063772691397 0.01845906559657571 0.72168
6 0.4704023235990529 0.2931379432851792 0.01617996779794791 0.01136971471375067 0.72168
5 0.26657459826361485 0.6630550668806848 0.01973163946329913 0.012172286356340288 0.720215
4 0.31603937490134176 0.1534244023542001 0.015070055248618784 0.01765649395398609 0.720215
4 0.18172847987371746 0.5232744098448368 0.022888703393843725 0.014713740395933653 0.720215
6 0.47592723599052883 0.6369715569823434 0.024664579636937647 0.011235948207597645 0.70752
2 0.34486008524072614 0.5922952423756019 0.010951061720599843 0.011235948207597645 0.705566
8 0.5753748508287292 0.26865974103798823 0.01696922367797948 0.011503481219903692 0.705566
6 0.49230477032359904 0.6812465446762975 0.007498031886345699 0.0072231173889780636 0.704102
4 0.6113265856353591 0.19903678116639917 0.01022961452249408 0.012306052862493312 0.702637
14 0.6519336006314128 0.10112369823434991 0.009076543646408839 0.020064208881754947 0.700684
12 0.5485399084451461 0.17455857891920812 0.014996063772691397 0.01765649395398609 0.699219
4 0.5355168429360694 0.28952654895666136 0.01657457553275454 0.018325299090422686 0.695801
24 0.15657056985003945 0.13175494060995185 0.025651159589581685 0.019261637239165328 0.694336
13 0.6692975532754538 0.5149813247726056 0.00868193591160221 0.021401819154628143 0.694336
2 0.6221265932123126 0.4279026987693954 0.013886151223362272 0.012038519850187265 0.694336
8 0.5041438105761641 0.1546281091492777 0.014601415627466457 0.011235948207597645 0.692871
13 0.22138928492501975 0.5684857356875335 0.007892639621152327 0.017121455323702513 0.692871
22 0.1696922367797948 0.6884865917602996 0.014601415627466457 0.013075176029962547 0.689453
13 0.3762824183109708 0.1524880642054575 0.010655095816890291 0.018726598608881755 0.6875
2 0.39779005524861877 0.2477260909577314 0.013022903867403315 0.013242363616907438 0.6875
4 0.6606157790055248 0.2893257485286249 0.011838999842146803 0.013108624505082933 0.684082
18 0.6120357076558801 0.449973213483146 0.011635492975532754 0.014446234777956127 0.684082
4 0.3727307466456196 0.4740169416800428 0.01736387182320442 0.01852596254681648 0.684082
2 0.19297550749802683 0.5481542129481005 0.010457771744277821 0.011235948207597645 0.682617
7 0.645422269928966 0.2930711011235955 0.01677189960536701 0.01738898833600856 0.672363
6 0.1692974269928966 0.3654359593365436 0.025651159589581685 0.012841091492776886 0.67041
18 0.28531977900552485 0.2693952787586945 0.02012628760852407 0.009095766292134832 0.666992
2 0.5120363693764799 0.2677902450508293 0.028018927229676402 0.012306052862493312 0.666992
24 0.18034725177584846 0.3222312680577849 0.025256511444356748 0.01765649395398609 0.663574
9 0.3247829771112865 0.6140983884430177 0.014996063772691397 0.012038519850187265 0.663574
2 0.254143545382794 0.4753880278223649 0.012233607576953433 0.008025689031567683 0.658203
18 0.415055406471981 0.29240240556447294 0.020915543488555642 0.013911168753344035 0.658203
4 0.6177981120757695 0.12774221936864633 0.024467255564325177 0.014446234777956127 0.65332
6 0.20994465035516968 0.5004680834670947 0.01854773543804262 0.01417870176565008 0.65332
11 0.4005525114443567 0.5904225660781167 0.007103383741120757 0.0149812734082397 0.651367
4 0.33820044830307816 0.1548957517388978 0.013022903867403315 0.015248806420545746 0.647949
6 0.6432518263614839 0.5651417100053504 0.024861863299131808 0.012038519850187265 0.647949
13 0.398184865035517 0.31380422471910113 0.00828728776637727 0.01765649395398609 0.647949
8 0.4368588476716654 0.2696629213483146 0.01617996779794791 0.008560727661851257 0.645996
6 0.422849363851618 0.13135361369716425 0.023283351539068665 0.011771014232209739 0.644043
22 0.25335432991318074 0.3643659368646335 0.014206767482241514 0.011771014232209739 0.644043
6 0.2722967134964483 0.2031834606741573 0.01736387182320442 0.012841091492776886 0.640625
5 0.5808997632202052 0.3606205842696629 0.022099447513812154 0.011771014232209739 0.640625
2 0.1832083093922652 0.6637240363830925 0.022691379321231255 0.012841091492776886 0.640625
2 0.37174432833464877 0.31768326163723914 0.011838999842146803 0.011235948207597645 0.638672
18 0.5625493922651934 0.6777688346709471 0.025651159589581685 0.01417870176565008 0.637207
18 0.4668506519337017 0.10700909577314072 0.014601415627466457 0.013643663135366507 0.637207
7 0.25591958326756115 0.15944348421615837 0.021704799368587213 0.018191532584269664 0.633301
10 0.1260853543804262 0.3622258919208132 0.012628255722178374 0.0197966758694489 0.631836
8 0.4101225067087609 0.2255216179775281 0.015982643725335435 0.011771014232209739 0.625977
22 0.5899763472770323 0.428910015623328 0.014206767482241514 0.011628892455858748 0.624512
18 0.6785713401736385 0.24274333654360622 0.013812159747434886 0.0156500785446763 0.624512
21 0.37490119021310186 0.2515382857142857 0.031175991160220996 0.017255221829855536 0.624512
5 0.2780188287292818 0.41358179578384163 0.014601415627466457 0.005333730551096844 0.616699
22 0.6190095760063141 0.26805788764044947 0.021550674033149173 0.011771014232209739 0.611328
23 0.5055250386740332 0.3155429427501338 0.014996063772691397 0.011637247726056715 0.611328
4 0.3081775280189424 0.4098449052969502 0.009865839936858722 0.012841091492776886 0.611328
6 0.5550512391475927 0.26859289887640453 0.023677999684293606 0.010700909577314071 0.607422
4 0.3616813259668508 0.3396869341894061 0.013812159747434886 0.013509896629213484 0.607422
4 0.6805445808997632 0.5161850315676833 0.013812159747434886 0.017924026966292132 0.604004
6 0.20836621941594316 0.6198940695559123 0.021704799368587213 0.007043383199571963 0.604004
8 0.626677089187056 0.17602992830390582 0.014996063772691397 0.011235948207597645 0.604004
4 0.32047898468823993 0.6803102065275549 0.013787509392265194 0.009095766292134832 0.600098
2 0.15242688555643252 0.43459075013376136 0.012430931649565904 0.01257355848047084 0.600098
0 0.4167324388318863 0.4747190583199572 0.02880822352012628 0.009363299304440877 0.598145
13 0.48401740173638513 0.17455857891920812 0.011049743962115234 0.019261637239165328 0.596191
21 0.2458561767955801 0.11062076404494381 0.022494095659037094 0.013643663135366507 0.594727
8 0.3646409850039463 0.5426698683788123 0.018745059510655093 0.018994104226859286 0.594727
12 0.36473958642462506 0.5668807019796682 0.015390671507498026 0.018191532584269664 0.594727
2 0.1525254869771113 0.5481542129481005 0.021507515706393053 0.012038519850187265 0.594727
21 0.559984138910813 0.1535580866773676 0.021310191633780583 0.023542001070090957 0.59082
18 0.37213873401736386 0.6144997153558053 0.01736387182320442 0.013911168753344035 0.59082
10 0.3239937616416732 0.17709995077581592 0.018153127703235992 0.018726598608881755 0.583008
22 0.3640489723756906 0.1559657742108079 0.012233607576953433 0.010433376565008026 0.581543
4 0.2997236685082873 0.31741561904761906 0.011838999842146803 0.013911168753344035 0.581543
38 0.5607733543804262 0.3801497271268057 0.021310191633780583 0.01738898833600856 0.581543
21 0.48243897079715864 0.10727673836276083 0.014996063772691397 0.01337613012306046 0.57959
14 0.3863458247829519 0.15222042161583735 0.007892639621152327 0.017924026966292132 0.577637
5 0.6452250670876085 0.42536105296950244 0.021704799368587213 0.01658641669341894 0.577637
24 0.6797060647198105 0.5672820288924558 0.01667325777426993 0.01738898833600856 0.575684
13 0.5347276274664562 0.3124665596575709 0.01578531965272297 0.017924026966292132 0.575684
1 0.20678778847671667 0.5496255623327982 0.01617996779794791 0.018191532584269664 0.575684
10 0.2659825856353591 0.29293741680042806 0.014996063772691397 0.01658641669341894 0.571777
13 0.16495653985793213 0.22324761476725521 0.014206767482241514 0.02247189641519529 0.567871
7 0.3119450317284925 0.3638309256286784 0.017635146961325968 0.012841091492776886 0.567871
6 0.3587212628255722 0.4995985874799358 0.025256511444356748 0.012841091492776886 0.567871
6 0.5201261310181532 0.22418395291599785 0.01578531965272297 0.011771014232209739 0.565918
12 0.3116876173638516 0.278491291599786 0.012131894554064718 0.024210806206527553 0.565918
19 0.42857147908445153 0.5223380716960941 0.013614835674822417 0.011503481219903692 0.563965
12 0.6510457837411208 0.17201720706260032 0.009964481767955802 0.018191532584269664 0.562012
13 0.6473708602999211 0.6742911246655966 0.02066891870560379 0.0211342861423221 0.560059
21 0.23480675611681137 0.6915295537720706 0.01775847955801105 0.01902755270197967 0.560059
0 0.6577421941594318 0.35848053932584273 0.02330800189423836 0.012306052862493312 0.554688
1 0.5548540363062352 0.6376028318887105 0.01657457553275454 0.018534317817014444 0.552734
2 0.16791619889502762 0.5490905510968432 0.01006312359905288 0.00749065040128411 0.552734
24 0.16120766535122336 0.17790260460139112 0.030781383425414366 0.0197966758694489 0.550781
6 0.6760064909234412 0.1966290936329588 0.01578531965272297 0.014446234777956127 0.550781
23 0.20047366061562746 0.3187532841091493 0.014601415627466457 0.012038519850187265 0.542969
2 0.5140096101026046 0.5211343649010166 0.011049743962115234 0.010968442589620118 0.539062
23 0.34767184214680347 0.523542052434457 0.012628255722178374 0.012306052862493312 0.535156
22 0.6634275359116022 0.565008025682183 0.013516193843725335 0.011235948207597645 0.533203
5 0.5313731586424626 0.4737827201712146 0.024072607419100236 0.011235948207597645 0.533203
5 0.5576164925019732 0.5662120064205458 0.022888703393843725 0.01257355848047084 0.53125
18 0.23677999684293605 0.20117710005350456 0.022099447513812154 0.01765649395398609 0.529297
2 0.4753356274664562 0.42762048239700373 0.012628255722178374 0.017016945960406635 0.529297
4 0.609313136543015 0.33580789727126803 0.018153127703235992 0.013242363616907438 0.525391
7 0.18587216416732438 0.23006962439807385 0.022099447513812154 0.018191532584269664 0.523438
18 0.5213101562746646 0.10647408453718567 0.013812159747434886 0.01337613012306046 0.523438
21 0.3203402557221784 0.21020599678972712 0.016876724230465667 0.0094970658105939 0.523438
6 0.5315707655880032 0.4502408560727662 0.024467255564325177 0.015516312038523274 0.523438
22 0.25493276085240724 0.6193025986088818 0.014206767482241514 0.005860413911182451 0.519531
22 0.5319651712707182 0.361155595505618 0.013417511602209945 0.010700909577314071 0.519531
7 0.45422239621152327 0.41515140588550026 0.023677999684293606 0.00847295623327983 0.515625
5 0.6835042399368587 0.6337446420545747 0.011049743962115234 0.009697701872659175 0.515625
6 0.45777406787687447 0.2693618576779026 0.023283351539068665 0.013309260567148208 0.513672
4 0.5059194443567482 0.1757625596575709 0.024467255564325177 0.015516312038523274 0.511719
46 0.41988930071033936 0.24846162867843766 0.023677999684293606 0.011503481219903692 0.511719
2 0.5453826424625099 0.3868377784911718 0.009471191791633781 0.006153012734082397 0.511719
22 0.31222253007103395 0.6610821273408239 0.014441107498026835 0.013978065703584805 0.509766
10 0.511049546961326 0.22105738341359016 0.012628255722178374 0.018291878009630818 0.507812
8 0.24269931491712704 0.17790260460139112 0.023677999684293606 0.01765649395398609 0.505859
9 0.1369375722178374 0.1589084729802033 0.015193387845303866 0.012306052862493312 0.503906
8 0.5497239337016575 0.6103530358480471 0.018153127703235992 0.017924026966292132 0.503906
