24 0.1614048681925809 0.1901228413510747 0.014996063772691397 0.012794261617195496 0.993164
24 0.48776627624309393 0.18474919959058342 0.01657457553275454 0.014329580348004094 0.988281
46 0.33741123283346486 0.6962641883316274 0.030781383425414366 0.011770733265097236 0.987793
18 0.6724544151539068 0.3196009334698055 0.01696922367797948 0.015609003889457523 0.98584
5 0.6925808239936859 0.6699079795291709 0.014206767482241514 0.010107466939611055 0.985352
9 0.3863458247829519 0.6956243193449334 0.015390671507498026 0.010747178710337769 0.981934
2 0.45254536385161803 0.4086488433981576 0.013022903867403315 0.01023541453428864 0.981934
5 0.6862666961325967 0.5065891504605936 0.014996063772691397 0.01023541453428864 0.981445
2 0.6303275643251777 0.6292220593654043 0.012924221625887924 0.00997951934493347 0.980957
11 0.5201261310181532 0.6479016745138177 0.014996063772691397 0.014329580348004094 0.980469
7 0.614727203157064 0.4498465015353122 0.01696922367797948 0.016376663254861822 0.980469
24 0.4638909928966062 0.2264585957011259 0.01657457553275454 0.013306025793244625 0.979492
2 0.6102999589581689 0.5081243643807574 0.012233607576953433 0.009595702763561923 0.979004
2 0.45086833149171274 0.5504094329580348 0.012628255722178374 0.00921185997952917 0.979004
18 0.3366220173638516 0.5103633817809621 0.018153127703235992 0.015353134902763563 0.979004
5 0.6857239842146803 0.44456876151484137 0.013812159747434886 0.00997951934493347 0.977051
2 0.6183897205998421 0.7124487860798362 0.013417511602209945 0.010747178710337769 0.977051
5 0.308997455406472 0.39124870419652 0.01578531965272297 0.00972365035823951 0.977051
0 0.6702346708760852 0.4044268085977482 0.023381993370165745 0.01023541453428864 0.976074
2 0.32240280347277034 0.5739509518935517 0.012850230149960538 0.00972365035823951 0.975586
2 0.17482233938437253 0.5163126960081883 0.012628255722178374 0.009851597952917093 0.975586
11 0.35102590686661406 0.30642282906857726 0.014601415627466457 0.01586489907881269 0.974609
5 0.6691003504340963 0.24098011054247698 0.014798739700078925 0.009595702763561923 0.974609
4 0.7023480220994476 0.6486694124872057 0.010457771744277821 0.011258969089048106 0.974121
5 0.37016589739542227 0.5724154759467758 0.013417511602209945 0.00997951934493347 0.973633
24 0.36819265666929757 0.6774564421699079 0.015390671507498026 0.012794261617195496 0.973145
1 0.37016589739542227 0.26970320573183215 0.01578531965272297 0.014329580348004094 0.973145
2 0.21941604419889504 0.7199335762538382 0.012628255722178374 0.010491309723643807 0.972656
5 0.24309372059984216 0.22904951484135108 0.014206767482241514 0.009787611054247696 0.972656
5 0.5485399084451461 0.2431871606960082 0.014996063772691397 0.010555270419651996 0.972656
23 0.3066298089976322 0.3715456131013306 0.013417511602209945 0.00972365035823951 0.972168
5 0.6905089818468824 0.4037872016376663 0.014601415627466457 0.01023541453428864 0.972168
5 0.29321233780584055 0.1865404135107472 0.014996063772691397 0.01023541453428864 0.971191
0 0.6442383659037095 0.46673490276356194 0.023184669297553275 0.010491309723643807 0.971191
11 0.36148371902131016 0.6930656294779939 0.014206767482241514 0.01586489907881269 0.970703
2 0.35240713496448306 0.22684246468781985 0.012628255722178374 0.010107466939611055 0.970703
2 0.16515374269928967 0.27047094370522007 0.013812159747434886 0.00997951934493347 0.970703
6 0.5690607229676401 0.6916580225179121 0.014206767482241514 0.00972365035823951 0.970215
2 0.5836622194159431 0.6913383500511772 0.011444351696921862 0.00972365035823951 0.970215
5 0.49704006314127863 0.3464688802456499 0.015390671507498026 0.00972365035823951 0.969727
2 0.6884371397000789 0.34211871443193453 0.013220187529597475 0.010491309723643807 0.969727
13 0.49348839147592743 0.22031721596724668 0.00828728776637727 0.01791198198567042 0.969238
2 0.3393844735595896 0.39048096622313205 0.012233607576953433 0.00972365035823951 0.969238
0 0.6214390503551697 0.32369509928352097 0.022167256195737964 0.00946775516888434 0.969238
7 0.5947120441988951 0.7144318034800409 0.01696922367797948 0.014329580348004094 0.967773
22 0.46369379005524863 0.6328044872057319 0.014601415627466457 0.01023541453428864 0.967285
18 0.5335436022099447 0.4036590706243603 0.01736387182320442 0.015609003889457523 0.967285
5 0.20146007892659826 0.18756388945752303 0.014206767482241514 0.00972365035823951 0.966797
22 0.6582477284925019 0.6079834923234391 0.015390671507498026 0.010491309723643807 0.966797
5 0.6535863867403314 0.4253294575230297 0.014650756748224152 0.00994755209825998 0.966797
11 0.5465666677190214 0.3426304524053224 0.015390671507498026 0.016376663254861822 0.966309
0 0.6707773827940016 0.5472108741044012 0.022888703393843725 0.010747178710337769 0.96582
2 0.3052485808997632 0.2894702313203685 0.012628255722178374 0.009851597952917093 0.96582
5 0.5207181436464089 0.2842886550665302 0.013812159747434886 0.010491309723643807 0.96582
9 0.48155074980268353 0.6519958403275333 0.014206767482241514 0.011258969089048106 0.965332
10 0.6617500994475138 0.6462066243602866 0.014206767482241514 0.018103890276356192 0.964844
18 0.38200453354380426 0.5488742190378709 0.01696922367797948 0.015353134902763563 0.964355
5 0.6022097932123126 0.5680655721596726 0.014996063772691397 0.01023541453428864 0.963867
0 0.3326755359116022 0.7177584933469805 0.023677999684293606 0.011770733265097236 0.963379
5 0.680149771112865 0.38395597952917093 0.014206767482241514 0.00972365035823951 0.963379
5 0.4323203535911603 0.38843401432958036 0.014206767482241514 0.00972365035823951 0.963379
18 0.5706391539068666 0.6064003275332651 0.01736387182320442 0.01564099733879222 0.962891
2 0.16643636937647988 0.2904939692937564 0.013022903867403315 0.009851597952917093 0.962891
0 0.5826758011049724 0.406090153531218 0.03157063930544594 0.011514838075742067 0.962891
2 0.22059966535122336 0.2290172855680655 0.011049743962115234 0.01023541453428864 0.962402
0 0.2600632675611681 0.698695009211873 0.024467255564325177 0.010747178710337769 0.962402
22 0.4262038326756117 0.2045483496417605 0.014206767482241514 0.010011512794268167 0.962402
7 0.5582085051302289 0.22441138178096212 0.01657457553275454 0.014073685158648925 0.961914
1 0.5564324672454617 0.3057829600818833 0.014996063772691397 0.013817816171954964 0.961914
2 0.46517361957379644 0.4492066325486182 0.012430931649565904 0.010491309723643807 0.961914
5 0.5276242841357538 0.18219024769703174 0.014206767482241514 0.010491309723643807 0.961426
2 0.5370956779794791 0.20266133879222106 0.013022903867403315 0.010747178710337769 0.961426
0 0.20895823204419892 0.20808476560900716 0.023677999684293606 0.009975536540429887 0.961426
13 0.29262032517758485 0.7151356069600819 0.009076543646408839 0.018039929580348002 0.960449
2 0.5199289281767956 0.20291707676560902 0.014996063772691397 0.01023541453428864 0.959961
7 0.3847669897395422 0.24865670419651997 0.01578531965272297 0.01368986857727738 0.959961
11 0.1901144498816101 0.49168376663254865 0.014798739700078925 0.016376663254861822 0.959961
38 0.5209153464877664 0.607295934493347 0.028413575374901343 0.01717631606960082 0.959473
7 0.2845305635359116 0.45477233981576254 0.02604576732438832 0.014585475537359264 0.959473
7 0.16357531176006315 0.2521749355168884 0.01736387182320442 0.015097239713408393 0.958984
9 0.583267409629045 0.5286591279426817 0.015390671507498026 0.00946775516888434 0.958496
3 0.6585932375690607 0.6260235005117707 0.023973965588003156 0.01893551033776868 0.958496
6 0.280189272296764 0.6363869150460594 0.01578531965272297 0.01023541453428864 0.958496
9 0.6472722588792422 0.40455467758444213 0.014502773796369377 0.01023541453428864 0.958008
0 0.3905881104972376 0.5126663336745138 0.024269931491712707 0.010619231115660184 0.95752
0 0.2809784877663773 0.6572256294779938 0.022099447513812154 0.009243853428863868 0.95752
0 0.5887923220205209 0.6302455353121802 0.022099447513812154 0.00972365035823951 0.957031
22 0.18606936700868193 0.35107478403275333 0.014601415627466457 0.01023541453428864 0.956543
9 0.20501175059194948 0.617195561924258 0.014601415627466457 0.01023541453428864 0.956055
18 0.5461718579321231 0.46468795087001025 0.018942383583267563 0.016376663254861822 0.955078
5 0.19060786108918706 0.6176273817809622 0.014206767482241514 0.009819604503582394 0.95459
1 0.3395816764009471 0.24948811463664278 0.015390671507498026 0.014073685158648925 0.954102
8 0.3332675485398579 0.3509466530194473 0.015390671507498026 0.01023541453428864 0.954102
7 0.6278611144435674 0.488613076765609 0.01617996779794791 0.013561920982599795 0.953613
21 0.5477506929755328 0.7123848515864892 0.03314915106550908 0.022006147799385874 0.953613
5 0.5761640662983425 0.1811667717502559 0.014206767482241514 0.00972365035823951 0.953125
1 0.6244111153906867 0.20291707676560902 0.014200625098658248 0.013306025793244625 0.953125
0 0.28966066614048935 0.41159166427840327 0.022888703393843725 0.010491309723643807 0.953125
2 0.6365428887134964 0.24181178300921188 0.011049743962115234 0.009595702763561923 0.952637
9 0.6870559116022099 0.2605233654042989 0.014601415627466457 0.009915558648925281 0.952637
19 0.3419493228097869 0.37039400614124873 0.012233607576953433 0.00921185997952917 0.952148
18 0.2580900268350434 0.16363876356192425 0.01736387182320442 0.01586489907881269 0.951172
5 0.3993684861878453 0.2465775230296827 0.009471191791633781 0.010299375230296826 0.951172
5 0.6475927134964483 0.5872569252814739 0.014601415627466457 0.01023541453428864 0.950684
9 0.6835042399368587 0.17886381985670421 0.01578531965272297 0.010747178710337769 0.950684
9 0.20461734490923442 0.432670133060389 0.014996063772691397 0.010043506243602866 0.950684
6 0.2515786961325967 0.20829071852610032 0.014601415627466457 0.00946775516888434 0.950195
2 0.26992906708760855 0.2694472057318321 0.01026044767166535 0.00972365035823951 0.950195
8 0.6546960568271507 0.3238869027635619 0.014601415627466457 0.009339807574206755 0.950195
0 0.580110547750592 0.6504606264073696 0.022099447513812154 0.00921185997952917 0.949707
22 0.6621942099447514 0.22118090808597748 0.014996063772691397 0.010619231115660184 0.949707
1 0.38555660931333857 0.5941657809621289 0.015094705603788476 0.013306025793244625 0.949219
5 0.229479046566693 0.6378262272262026 0.014601415627466457 0.010363362128966222 0.949219
3 0.3121547213891081 0.6737461453428865 0.024467255564325177 0.018167850972364383 0.949219
22 0.2594712549329124 0.45317292937563974 0.014601415627466457 0.01023541453428864 0.94873
2 0.23914764325177584 0.5955731258955989 0.013417511602209945 0.010491309723643807 0.94873
2 0.6407853360694554 0.3229273613101331 0.012924221625887924 0.00972365035823951 0.948242
0 0.4000591002367798 0.43026315660184233 0.021310191633780583 0.009483738792221084 0.947266
18 0.2616416985003946 0.2868476069600819 0.01775847955801105 0.015609003889457523 0.947266
21 0.2884766408839779 0.2914535107471853 0.0205208953433307 0.015097239713408393 0.947266
9 0.46645624625098664 0.18346972364380756 0.014601415627466457 0.01023541453428864 0.946777
4 0.20328541752170484 0.473643758444217 0.010951061720599843 0.011514838075742067 0.946777
5 0.6318075958958169 0.44530453224155575 0.014996063772691397 0.00997951934493347 0.945801
5 0.31175991160220995 0.6969037952917093 0.014996063772691397 0.01023541453428864 0.945312
2 0.47592723599052883 0.5498976949846469 0.012233607576953433 0.00921185997952917 0.944824
13 0.6289463362273086 0.6047849334698054 0.007646014838200474 0.018679641351074718 0.944824
1 0.1795580363062352 0.5990276847492323 0.01578531965272297 0.013817816171954964 0.944824
5 0.39384357379636936 0.6338279631525077 0.014601415627466457 0.01023541453428864 0.944824
0 0.31097069613259665 0.4937307185261003 0.022888703393843725 0.010491309723643807 0.944336
2 0.6491711444356748 0.7111053756397134 0.014206767482241514 0.01023541453428864 0.943848
2 0.6831098342541437 0.1998463868986694 0.014206767482241514 0.01023541453428864 0.943848
5 0.5044396148382004 0.6509723643807575 0.015193387845303866 0.008188331627430911 0.943359
22 0.3729776543014996 0.6347875046059366 0.015094705603788476 0.01017145383828045 0.942871
9 0.24546177111286505 0.6368347185261003 0.014996063772691397 0.00997951934493347 0.942383
1 0.6085239210734018 0.4682701166837257 0.014996063772691397 0.014073685158648925 0.941895
2 0.6111662775059195 0.5468270051177073 0.009884307498026835 0.00921185997952917 0.941895
5 0.35290054617206 0.7174385588536335 0.01578531965272297 0.010875126305015354 0.941895
2 0.3933998674033149 0.3892017523029683 0.012628255722178374 0.00921185997952917 0.941406
7 0.38146222573007105 0.4119755332650972 0.025749801420678772 0.014329580348004094 0.941406
2 0.6389109392265194 0.3027122702149437 0.011838999842146803 0.00972365035823951 0.94043
5 0.36582460615627466 0.451317780962129 0.014996063772691397 0.009851597952917093 0.94043
13 0.3393844735595896 0.5900716151484134 0.009471191791633781 0.01586489907881269 0.94043
5 0.6565706961325968 0.5070369539406345 0.012628255722178374 0.00946775516888434 0.938965
21 0.4638909928966062 0.34902757011258956 0.018942383583267563 0.014841344524053224 0.938477
8 0.6933700394632991 0.7113613756397134 0.014996063772691397 0.010491309723643807 0.937988
18 0.5116415595895817 0.4857983868986694 0.01736387182320442 0.015992846673490275 0.9375
2 0.6156276685082873 0.6088432278403275 0.012628255722178374 0.01056326223132037 0.9375
9 0.19780980584056826 0.5968526018423747 0.013614835674822417 0.00972365035823951 0.9375
2 0.4988161010260458 0.5495138259979528 0.01775847955801105 0.00946775516888434 0.936523
0 0.6000393496448303 0.5885364012282498 0.03157063930544594 0.010747178710337769 0.936523
24 0.4843132059984214 0.4101843193449335 0.01637725146014207 0.013817816171954964 0.936523
7 0.31767963378058406 0.6368986530194474 0.01657457553275454 0.013817816171954964 0.936035
1 0.35240713496448306 0.18833162743091095 0.015390671507498026 0.014073685158648925 0.935547
7 0.6243094427782163 0.263626022517912 0.01657457553275454 0.013945763766632547 0.935547
0 0.5568272770323599 0.6507163643807575 0.022099447513812154 0.008700095803480041 0.935059
5 0.25335432991318074 0.3920164421699079 0.014206767482241514 0.00972365035823951 0.935059
2 0.4696131081294396 0.4083931054247697 0.013022903867403315 0.011003073899692937 0.935059
18 0.4102211081294396 0.48784533879222114 0.018153127703235992 0.01586489907881269 0.93457
5 0.3308750901341752 0.49283511156601845 0.014601415627466457 0.010363362128966222 0.93457
0 0.17087626203630624 0.23029676151484135 0.03275454333070244 0.011258969089048106 0.934082
2 0.42353997790055253 0.6737461453428865 0.013220187529597475 0.010491309723643807 0.933594
2 0.3867402304656669 0.16453437052200615 0.013417511602209945 0.010747178710337769 0.933105
5 0.6708759842146803 0.5268359467758443 0.014206767482241514 0.009787611054247696 0.933105
22 0.42423059194948703 0.6125896581371545 0.014996063772691397 0.011258969089048106 0.933105
2 0.4126873559589581 0.6954325158648926 0.013022903867403315 0.00972365035823951 0.933105
5 0.3131411397000789 0.3509466530194473 0.014996063772691397 0.01023541453428864 0.933105
5 0.2604576732438832 0.4728762824974412 0.01578531965272297 0.00997951934493347 0.933105
2 0.22494095659037097 0.6984390092118731 0.011838999842146803 0.00921185997952917 0.932617
5 0.24842143014996054 0.7198693797338792 0.014601415627466457 0.010363362128966222 0.932129
18 0.26992906708760855 0.3889457523029683 0.01736387182320442 0.015353134902763563 0.932129
18 0.6716651996842936 0.4847109764585466 0.01736387182320442 0.013561920982599795 0.931641
13 0.22296771586424624 0.2457778178096213 0.007103383741120757 0.018039929580348002 0.931641
2 0.21625877821625886 0.45304506038894576 0.013417511602209945 0.01023541453428864 0.931641
7 0.42442779479084447 0.1663255844421699 0.017166547750591947 0.014329580348004094 0.931152
5 0.5812945730071034 0.24219538996929377 0.015390671507498026 0.00972365035823951 0.931152
6 0.24861863299131806 0.5747184278403276 0.014206767482241514 0.01023541453428864 0.931152
2 0.6115547428571428 0.2001023868986694 0.010624262667719021 0.00921185997952917 0.930664
18 0.4053128587213891 0.3052072876151484 0.018893042462509866 0.016504610849539407 0.930176
5 0.40015770165745856 0.5716479999999999 0.007892639621152327 0.012794261617195496 0.930176
5 0.6748224656669298 0.5676817031729784 0.014601415627466457 0.01023541453428864 0.929199
5 0.554459226519337 0.6923618259979529 0.014996063772691397 0.010875126305015354 0.929199
0 0.41554841357537486 0.34813196315250766 0.022099447513812154 0.00946775516888434 0.929199
13 0.557221682715075 0.5261324053224155 0.007103383741120757 0.015289148004094167 0.928711
9 0.6337804325177585 0.6905066775844421 0.014996063772691397 0.01023541453428864 0.928711
13 0.4372532533543804 0.15992846673490277 0.00868193591160221 0.01791198198567042 0.928711
7 0.6779793275453828 0.22215648556806553 0.01578531965272297 0.014233626202661208 0.928711
7 0.32616420520915546 0.5961889146366427 0.01578531965272297 0.013258048720573182 0.928223
0 0.5777429013417522 0.5483622190378711 0.021310191633780583 0.00946775516888434 0.927734
1 0.26361493922651935 0.6383059979529171 0.01578531965272297 0.014073685158648925 0.927734
9 0.5074978752959748 0.46801437871033774 0.014996063772691397 0.010491309723643807 0.927246
5 0.6311291453827941 0.4043388462640737 0.015957952959747435 0.00994755209825998 0.927246
5 0.6523284104183109 0.6708035864892528 0.014206767482241514 0.00997951934493347 0.927246
10 0.4411997348066299 0.6914022845445241 0.014601415627466457 0.01765608679631525 0.927246
23 0.623914632991318 0.24123584851586488 0.012628255722178374 0.009595702763561923 0.927246
9 0.5321627782162589 0.63075753531218 0.015390671507498026 0.011258969089048106 0.926758
9 0.6965766061562746 0.6899949396110542 0.015094705603788476 0.011003073899692937 0.926758
0 0.3515686187845304 0.4101843193449335 0.03176796337805841 0.013306025793244625 0.926758
8 0.2574980142067877 0.5957012569089049 0.015390671507498026 0.00972365035823951 0.926758
13 0.20915543488555643 0.22557897236438076 0.009471191791633781 0.01736822436028659 0.92627
9 0.3847669897395422 0.5716479999999999 0.014206767482241514 0.01023541453428864 0.92627
8 0.36779784688239936 0.7175024933469806 0.014996063772691397 0.010747178710337769 0.925781
22 0.19415953275453826 0.6379221289662231 0.014206767482241514 0.010491309723643807 0.925781
0 0.2726915232833465 0.6163319222108495 0.023677999684293606 0.010363362128966222 0.925293
5 0.2920283125493291 0.6147644790174003 0.01578531965272297 0.00997951934493347 0.925293
6 0.6753158768745068 0.5877686632548619 0.013614835674822417 0.00972365035823951 0.924805
18 0.691594405682715 0.564738882292733 0.01696922367797948 0.01586489907881269 0.922852
18 0.470797133385951 0.2593397911975435 0.01578531965272297 0.0053735893551688846 0.922852
6 0.2738751444356748 0.49385884953940634 0.014996063772691397 0.010747178710337769 0.922852
0 0.3273850443567482 0.18666828249744113 0.022370763062352014 0.010491309723643807 0.922363
2 0.2105366629834254 0.35158652200614127 0.011049743962115234 0.00972365035823951 0.922363
13 0.23105747750591948 0.44927082906857724 0.00828728776637727 0.018295798567041967 0.922363
5 0.6085239210734018 0.6294780593654044 0.014206767482241514 0.01023541453428864 0.921875
6 0.6326953319652723 0.5669139651995906 0.01504536448303078 0.01023541453428864 0.921875
22 0.5378848934490924 0.6516761678607984 0.01617996779794791 0.010619231115660184 0.921875
22 0.29597479400157856 0.6358751770726714 0.014996063772691397 0.010491309723643807 0.921387
5 0.5175612817679558 0.24449834186284544 0.01657457553275454 0.00997951934493347 0.920898
21 0.2123127008681926 0.6398414738996929 0.01973163946329913 0.01548105629477994 0.92041
7 0.3358388230465667 0.4326303050153531 0.015477028571428573 0.014089694984646878 0.919434
8 0.4325175564325177 0.5921188290685773 0.01578531965272297 0.01023541453428864 0.918945
5 0.22928184372533542 0.473899758444217 0.014996063772691397 0.010107466939611055 0.918945
9 0.6933700394632991 0.42492960491299897 0.014206767482241514 0.010363362128966222 0.918457
6 0.3222177237569061 0.6144287443193449 0.014601415627466457 0.010043506243602866 0.918457
5 0.4384372786108919 0.3274053961105425 0.014996063772691397 0.01023541453428864 0.91748
2 0.5619573796369376 0.4469036806550665 0.012628255722178374 0.01017145383828045 0.916016
5 0.32754543330702446 0.37128961310133063 0.014996063772691397 0.00972365035823951 0.916016
5 0.3416288277821626 0.5736949518935517 0.02145817458563536 0.00972365035823951 0.915527
5 0.6975137237569061 0.5875129252814739 0.014996063772691397 0.010747178710337769 0.915527
13 0.30248612470402525 0.32663765813715456 0.009076543646408839 0.01586489907881269 0.915039
5 0.5998421468034728 0.22236442988741043 0.014206767482241514 0.011003073899692937 0.913574
13 0.21073386582478293 0.408664905629478 0.00868193591160221 0.01861565445240532 0.913574
18 0.19751400157853197 0.40980045035823953 0.01657457553275454 0.015353134902763563 0.913086
22 0.6702839715864247 0.4452405977482088 0.014996063772691397 0.010619231115660184 0.912598
9 0.6614049944751381 0.28172970317297846 0.013417511602209945 0.009851597952917093 0.912598
0 0.16712698342541438 0.16837253633572158 0.03196528745067087 0.010747178710337769 0.911621
22 0.3350435864246251 0.5529683848515864 0.014996063772691397 0.01023541453428864 0.911621
9 0.6158248713496448 0.22121282292732858 0.014601415627466457 0.010491309723643807 0.911133
5 0.3346487766377269 0.6344678321392017 0.014996063772691397 0.010491309723643807 0.910645
7 0.1963299763220205 0.2306806305015353 0.014996063772691397 0.013306025793244625 0.909668
9 0.3393844735595896 0.6139649310133061 0.014996063772691397 0.010107466939611055 0.90918
14 0.6086134826835043 0.7091862927328556 0.004840400315706393 0.01714432262026612 0.90918
6 0.41633762904498817 0.24641768679631526 0.014404091554853986 0.009851597952917093 0.90918
13 0.6195737458563535 0.4014842497441146 0.00868193591160221 0.01586489907881269 0.90918
4 0.40726104498816096 0.6122057891504605 0.01026044767166535 0.011003073899692937 0.908691
0 0.603393818468824 0.4873336008188332 0.03157063930544594 0.011514838075742067 0.908203
4 0.7073795232833465 0.7107215066530195 0.011444351696921862 0.012282497441146366 0.908203
13 0.18044585319652723 0.32778926509723644 0.007300707813733228 0.01765608679631525 0.908203
5 0.6136544277821626 0.34416592835209825 0.014996063772691397 0.01023541453428864 0.908203
6 0.6704815785319653 0.5063970849539406 0.014996063772691397 0.010747178710337769 0.906738
8 0.3188632549329124 0.2894062968270215 0.014206767482241514 0.00997951934493347 0.906738
22 0.4363654364640884 0.43039914841351073 0.015390671507498026 0.010747178710337769 0.906738
7 0.33827448018942385 0.6610158444216991 0.02195146456195738 0.02021493387922211 0.905273
6 0.3676992454617206 0.3077662395087001 0.01578531965272297 0.011131021494370522 0.905273
7 0.6067482872928177 0.40711362947799384 0.01578531965272297 0.013561920982599795 0.905273
19 0.4922061689029203 0.5098516438075742 0.010457771744277821 0.00921185997952917 0.904785
16 0.5840566250986582 0.6701637175025589 0.019337031728492503 0.011770733265097236 0.904785
6 0.2683502320441989 0.1867964135107472 0.014206767482241514 0.01023541453428864 0.90332
5 0.33484597947908445 0.20675524257932448 0.014996063772691397 0.010747178710337769 0.90332
5 0.41130612786108917 0.5120906612077789 0.014206767482241514 0.009595702763561923 0.90332
18 0.4373518547750592 0.34518940429887407 0.01854773543804262 0.01586489907881269 0.90332
6 0.5749804451460142 0.2222365609007165 0.014996063772691397 0.00972365035823951 0.902832
1 0.23559597158642462 0.21008193244626405 0.014996063772691397 0.014073685158648925 0.901855
5 0.21468034727703236 0.6577533510747184 0.014601415627466457 0.011386890481064484 0.901855
2 0.16160207103393842 0.20971603848515866 0.012233607576953433 0.010263398976458546 0.901855
5 0.5591949234411997 0.26324215353121805 0.014996063772691397 0.00997951934493347 0.901855
5 0.5509075548539858 0.36540423336745137 0.014996063772691397 0.00972365035823951 0.901855
6 0.5481450986582478 0.4268167205731832 0.013417511602209945 0.00997951934493347 0.901855
13 0.2158643725335438 0.30719030501535316 0.01026044767166535 0.01676047983623337 0.901367
22 0.3847669897395422 0.18513306857727738 0.014996063772691397 0.01023541453428864 0.900391
9 0.7014602052091555 0.4840711074718526 0.014009483820047354 0.010363362128966222 0.900391
2 0.3531963504340963 0.6757291627430911 0.013022903867403315 0.009851597952917093 0.900391
8 0.6328186645619573 0.7118731136131013 0.016327950749802683 0.010747178710337769 0.900391
0 0.4660614364640884 0.24539394882292734 0.022494095659037094 0.00972365035823951 0.899902
5 0.5069062667719022 0.713920065506653 0.014996063772691397 0.011003073899692937 0.898926
0 0.3727307466456196 0.35017917707267143 0.023677999684293606 0.011003073899692937 0.898926
0 0.6280583172849251 0.5886642702149437 0.022888703393843725 0.011003073899692937 0.898438
14 0.45086833149171274 0.6298619283520982 0.00868193591160221 0.016632558444216988 0.898438
0 0.2186268287292818 0.3925281801432958 0.021310191633780583 0.00921185997952917 0.898438
13 0.5473558831886346 0.4027634636642784 0.00868193591160221 0.017400191606960082 0.898438
0 0.47484221625887924 0.5913510910951894 0.023480675611681136 0.010747178710337769 0.897461
5 0.580110547750592 0.4469036806550665 0.023677999684293606 0.010107466939611055 0.897461
22 0.27446715706393054 0.5953012994882293 0.015390671507498026 0.010443332650972366 0.897461
14 0.45372938910812943 0.44677581166837255 0.007695355958958169 0.016376663254861822 0.897461
5 0.5676794948697711 0.5286591279426817 0.014206767482241514 0.00946775516888434 0.895508
9 0.557221682715075 0.5683213101330603 0.014996063772691397 0.01023541453428864 0.895508
14 0.6776835232833465 0.3398157625383828 0.006116803788476717 0.015353134902763563 0.895508
5 0.29321233780584055 0.3100049948822928 0.014206767482241514 0.01023541453428864 0.89502
6 0.3685870623520126 0.18551693756397133 0.014996063772691397 0.01023541453428864 0.894043
13 0.6901145761641674 0.46219293346980556 0.01026044767166535 0.017272270214943708 0.894043
11 0.23934484609313336 0.6136490841351074 0.013812159747434886 0.01636867144319345 0.894043
14 0.28078128492501975 0.30719030501535316 0.007103383741120757 0.015609003889457523 0.893066
13 0.3346487766377269 0.30450348413510747 0.01696922367797948 0.02021493387922211 0.892578
2 0.45777406787687447 0.6115659201637667 0.013022903867403315 0.00972365035823951 0.891602
2 0.30485417521704816 0.5944217809621289 0.011838999842146803 0.010747178710337769 0.891113
22 0.6296367482241515 0.42496157215967245 0.014601415627466457 0.01023541453428864 0.890137
0 0.5031569881610103 0.5289470951893552 0.021704799368587213 0.01119498219037871 0.890137
5 0.5655090513022889 0.38549119344933475 0.014206767482241514 0.00972365035823951 0.890137
9 0.626282683504341 0.6706754554759468 0.014206767482241514 0.01023541453428864 0.889648
23 0.597474500394633 0.5075486919140225 0.012628255722178374 0.00997951934493347 0.888672
18 0.554459226519337 0.2828813101330604 0.021310191633780583 0.012538392630501535 0.888672
5 0.5347276274664562 0.5898158771750255 0.014206767482241514 0.01023541453428864 0.887207
9 0.6487767387529597 0.5666582272262026 0.01484808082083662 0.01023541453428864 0.887207
8 0.21665358800315704 0.18820375844421697 0.014996063772691397 0.00946775516888434 0.88623
5 0.5193369155485399 0.16197541862845447 0.014206767482241514 0.010747178710337769 0.88623
5 0.6286503299131808 0.17937555783009212 0.014996063772691397 0.010747178710337769 0.88623
0 0.25769521704814524 0.24875260593654042 0.03157063930544594 0.01068321801432958 0.885742
2 0.6737370418310971 0.26125887410440124 0.011444351696921862 0.009851597952917093 0.885742
13 0.6166140868192581 0.42009573797338795 0.009076543646408839 0.022461943091095192 0.884766
7 0.4327151633780584 0.247952900716479 0.01756115548539858 0.013817816171954964 0.884766
8 0.5962904751381215 0.20266133879222106 0.014996063772691397 0.010747178710337769 0.883301
11 0.42324376953433307 0.3051433531218014 0.015390671507498026 0.016632558444216988 0.883301
5 0.4956588350434096 0.3060389600818833 0.014009483820047354 0.01023541453428864 0.883301
5 0.7028414333070244 0.4018519778915046 0.00868193591160221 0.011370906857727738 0.882324
24 0.453038775059195 0.5126663336745138 0.01854773543804262 0.013306025793244625 0.882324
22 0.6366478345698501 0.5269957830092118 0.01409580047355959 0.00997951934493347 0.882324
14 0.20698499131807419 0.30719030501535316 0.0067087760063141285 0.016120768065506653 0.881836
18 0.5899763472770323 0.36335728147389973 0.01657457553275454 0.013817816171954964 0.880859
22 0.2679558263614838 0.20765084953940632 0.014996063772691397 0.00997951934493347 0.879883
5 0.5185477000789266 0.6722109314227227 0.014996063772691397 0.00997951934493347 0.879883
5 0.27348073875295975 0.3517143909928352 0.014601415627466457 0.00997951934493347 0.878906
6 0.3987764735595896 0.5926305670419653 0.00868193591160221 0.00972365035823951 0.878906
0 0.2618389013417522 0.33060395496417605 0.023283351539068665 0.01023541453428864 0.878418
21 0.5556432517758485 0.4900843561924258 0.025651159589581685 0.015992846673490275 0.875977
5 0.19465253985793213 0.2700870747185261 0.013812159747434886 0.009851597952917093 0.875977
9 0.4792817048145225 0.28633560696008187 0.014601415627466457 0.00972365035823951 0.875977
9 0.35832685714285717 0.28863855885363354 0.014996063772691397 0.011003073899692937 0.875
11 0.6575078137332281 0.36105432958034805 0.015193387845303866 0.01586489907881269 0.875
6 0.4506707245461721 0.1833418546571136 0.014601415627466457 0.00997951934493347 0.874023
2 0.24210730228887137 0.5140736786079836 0.013022903867403315 0.00972365035823951 0.873047
27 0.701657408050513 0.3206244094165814 0.00868193591160221 0.00997951934493347 0.872559
6 0.6744276558800315 0.3636130194472876 0.015390671507498026 0.00997951934493347 0.870605
8 0.35398597000789267 0.39048096622313205 0.01578531965272297 0.00972365035823951 0.868164
18 0.6309564716653512 0.38280463459570113 0.022124097868981847 0.012282497441146366 0.868164
6 0.43340577742699293 0.2868476069600819 0.015390671507498026 0.00997951934493347 0.867188
1 0.38244864404104184 0.2899180348004094 0.014700097868981847 0.013306025793244625 0.867188
4 0.6114005771112865 0.2389009293756397 0.010377597474348854 0.01772007369498465 0.867188
0 0.2811760947119179 0.653787054247697 0.022888703393843725 0.002558852323439099 0.867188
7 0.610133435706393 0.39692417441146366 0.007929655564325178 0.00774453715455476 0.866211
8 0.4098262983425414 0.6328044872057319 0.015587995580110498 0.011258969089048106 0.865234
8 0.17087626203630624 0.4337255762538383 0.015390671507498026 0.00921185997952917 0.864258
7 0.4830305793212312 0.572159737973388 0.026440415469613256 0.014585475537359264 0.863281
13 0.4284728776637727 0.7120009825997953 0.010852419889502763 0.01714432262026612 0.863281
2 0.197020590370955 0.45317292937563974 0.022691379321231255 0.010747178710337769 0.863281
5 0.6893253606945541 0.3222235578300921 0.014404091554853986 0.010107466939611055 0.861328
6 0.4221587498026835 0.40908074186284543 0.013812159747434886 0.009435761719549641 0.86084
13 0.31136550591949486 0.26341797338792217 0.00868193591160221 0.020758691504605936 0.86084
22 0.5305839431728493 0.34621288024565 0.014601415627466457 0.01023541453428864 0.86084
6 0.3198500773480663 0.4518934534288639 0.013812159747434886 0.00972365035823951 0.859863
14 0.6195737458563535 0.6264073694984647 0.006314127861089187 0.015353134902763563 0.858887
6 0.5335436022099447 0.2434748659160696 0.014206767482241514 0.010491309723643807 0.858887
6 0.25177589897395425 0.37205735107471855 0.014206767482241514 0.00972365035823951 0.856934
6 0.3188632549329124 0.5534801228249744 0.014996063772691397 0.00972365035823951 0.856934
24 0.23322792107340173 0.7222365281473899 0.01578531965272297 0.014073685158648925 0.855957
13 0.3736682683504341 0.6927456949846469 0.00878057774269929 0.01791198198567042 0.855957
13 0.30952174017363854 0.2576764462640737 0.011284043567482242 0.008700095803480041 0.85498
9 0.20955024467245462 0.2693193367451382 0.014206767482241514 0.01023541453428864 0.85498
13 0.20994465035516968 0.1641505015353122 0.00868193591160221 0.016632558444216988 0.854004
5 0.19317271033938435 0.6998463541453429 0.011838999842146803 0.00997951934493347 0.854004
23 0.6614542951854775 0.26196267758444214 0.012529613891081294 0.00946775516888434 0.854004
22 0.521112953433307 0.4398669559877175 0.011838999842146803 0.007868475742067553 0.853027
5 0.39330126598263615 0.2054760286591607 0.014700097868981847 0.010747178710337769 0.853027
9 0.3831885588003157 0.308149846468782 0.015390671507498026 0.010107466939611055 0.853027
13 0.22138928492501975 0.5313459488229273 0.009865839936858722 0.017400191606960082 0.853027
8 0.6168112896606156 0.5678095721596724 0.014996063772691397 0.00972365035823951 0.850098
14 0.6858722904498816 0.5844422354145343 0.007103383741120757 0.01688842743091095 0.850098
9 0.5657062541436464 0.6300856990788127 0.014206767482241514 0.010555270419651996 0.850098
13 0.5100631286503552 0.2609392016376663 0.009865839936858722 0.01842374616171955 0.850098
8 0.43626683504340963 0.4092887123848516 0.015193387845303866 0.00997951934493347 0.850098
7 0.500098727703236 0.4095444503582395 0.014798739700078925 0.014073685158648925 0.849121
2 0.4449486093133386 0.570880262026612 0.013220187529597475 0.00972365035823951 0.847168
0 0.6125505767955801 0.48714179733879226 0.012714572375690607 0.010619231115660184 0.847168
2 0.3099842778216259 0.4085849613101331 0.013812159747434886 0.017048368474923234 0.847168
13 0.4137727797947908 0.5875129252814739 0.009471191791633781 0.019959064892528147 0.845703
27 0.48145214838200473 0.16223141862845447 0.013812159747434886 0.011258969089048106 0.845703
1 0.640809986424625 0.22351577482088025 0.015538654459352803 0.013817816171954964 0.845703
13 0.5240726124704025 0.30181666325486184 0.007498031886345699 0.016376663254861822 0.845703
8 0.47918310339384373 0.42835219651995904 0.014798739700078925 0.00997951934493347 0.845703
13 0.42373718074191 0.5088921023541454 0.00927386771902131 0.018295798567041967 0.844727
14 0.2415152896606156 0.4705730685772774 0.007892639621152327 0.01586489907881269 0.844727
4 0.220797272296764 0.4119755332650972 0.010655095816890291 0.011258969089048106 0.84375
18 0.2353987687450671 0.5310899488229273 0.018153127703235992 0.015609003889457523 0.84375
4 0.17758479558011048 0.6178032016376663 0.011444351696921862 0.01068321801432958 0.842773
14 0.38121531807419096 0.20396062395087 0.007103383741120757 0.01486534616171955 0.841797
14 0.6588890418310971 0.4422977768679632 0.007596673717442779 0.016120768065506653 0.838867
22 0.5173636748224152 0.5096595783009212 0.014206767482241514 0.010107466939611055 0.837402
23 0.34411976637726915 0.533904900716479 0.013417511602209945 0.00921185997952917 0.835449
9 0.5501183393843725 0.5886642702149437 0.014206767482241514 0.010491309723643807 0.833496
10 0.6310179763220205 0.30008964585465714 0.012233607576953433 0.016632558444216988 0.832031
9 0.6091159337016575 0.17988729580348004 0.014601415627466457 0.010747178710337769 0.831055
9 0.2653905730071034 0.31013312589559877 0.014206767482241514 0.010491309723643807 0.831055
13 0.27190230781373326 0.16351063254861822 0.00828728776637727 0.01688842743091095 0.830078
10 0.5487371112865035 0.26058729989764584 0.013022903867403315 0.01567299078812692 0.830078
9 0.6498617584846094 0.24168365199590586 0.014305449723756905 0.010491309723643807 0.829102
7 0.5112471539068666 0.3077020429887411 0.01617996779794791 0.013817816171954964 0.829102
10 0.18172847987371746 0.676752900716479 0.014601415627466457 0.01688842743091095 0.827637
5 0.5065114569850039 0.2238996438075742 0.013812159747434886 0.01023541453428864 0.827637
4 0.5615625698500395 0.24296312794268168 0.009471191791633781 0.010747178710337769 0.827637
5 0.37075750591949486 0.3899692282497441 0.014601415627466457 0.00972365035823951 0.827637
9 0.47277037411207584 0.6731065383828045 0.014601415627466457 0.010491309723643807 0.82666
23 0.6386148520915549 0.6507805609007165 0.012134965745856353 0.00946775516888434 0.82666
8 0.4185084767166535 0.4293756724667349 0.014996063772691397 0.00972365035823951 0.82666
5 0.6752665761641674 0.4248816540429887 0.02002760536700868 0.010267407983623337 0.820801
2 0.28216251302288875 0.16581358444216993 0.012233607576953433 0.011770733265097236 0.819824
22 0.6509964830307814 0.5465712671443194 0.014601415627466457 0.010747178710337769 0.819824
6 0.2924231223362273 0.37116174411463665 0.013417511602209945 0.01023541453428864 0.819824
8 0.6492697458563536 0.3845955864892528 0.014305449723756905 0.00921185997952917 0.819824
14 0.3105762904498816 0.5704963930399182 0.005524871981057617 0.016120768065506653 0.818848
14 0.36148371902131016 0.6315250112589559 0.007103383741120757 0.01586489907881269 0.816406
16 0.44810587529597473 0.714176065506653 0.01775847955801105 0.011258969089048106 0.816406
22 0.4350828097868982 0.511002988741044 0.014206767482241514 0.00997951934493347 0.813965
2 0.522494181531176 0.38587506243602865 0.011838999842146803 0.00921185997952917 0.813965
0 0.20289060773480666 0.2505118526100307 0.032261253354380424 0.010747178710337769 0.812988
6 0.19830321704814524 0.6582650890481064 0.014601415627466457 0.010107466939611055 0.812988
13 0.6533148287292818 0.15621790788126919 0.00828728776637727 0.016632558444216988 0.811523
18 0.50187436148382 0.20278116356192424 0.019928963535911604 0.011274952712384852 0.810547
6 0.5962904751381215 0.2423235209825998 0.014206767482241514 0.01023541453428864 0.809082
22 0.2198104498816101 0.37205735107471855 0.01657457553275454 0.01023541453428864 0.808105
23 0.1792622320441989 0.6392016049129989 0.014009483820047354 0.01023541453428864 0.805664
4 0.4094318926598263 0.40876088597748206 0.010852419889502763 0.01269830747185261 0.804199
24 0.2330307182320442 0.17937555783009212 0.014996063772691397 0.006141248720573183 0.803223
6 0.2628257237569061 0.7198054452405322 0.014996063772691397 0.00997951934493347 0.801758
0 0.48421460457774274 0.6109263132036847 0.022888703393843725 0.01023541453428864 0.800781
10 0.3932519652722968 0.34582901125895604 0.01617996779794791 0.017400191606960082 0.800781
10 0.49506722651933704 0.5872569252814739 0.014798739700078925 0.01714432262026612 0.799316
4 0.35832685714285717 0.5729272139201638 0.01026044767166535 0.010747178710337769 0.79834
13 0.5307815501183899 0.6898668085977482 0.00868193591160221 0.01688842743091095 0.79834
2 0.4485002809786898 0.24478630910951896 0.013417511602209945 0.009915558648925281 0.796875
6 0.6395520909234412 0.15992846673490277 0.014502773796369377 0.010747178710337769 0.795898
13 0.327742636148382 0.3874105383828045 0.00868193591160221 0.016376663254861822 0.795898
13 0.6049722494080505 0.36054259160696006 0.009471191791633781 0.01765608679631525 0.795898
13 0.274269954222573 0.285952 0.00868193591160221 0.01688842743091095 0.792969
14 0.4260062257300711 0.22134084912998978 0.0067087760063141285 0.01548105629477994 0.792969
14 0.6422158648776637 0.4219550788126919 0.006906059668508287 0.015353134902763563 0.792969
6 0.6470007008681926 0.44568840122824976 0.014601415627466457 0.009851597952917093 0.791992
14 0.637973579163378 0.25639723234390993 0.00887925998421468 0.011258969089048106 0.790527
2 0.4641872012628256 0.4291196724667349 0.014404091554853986 0.00972365035823951 0.789062
6 0.3502366913970008 0.6351713735926304 0.015390671507498026 0.010491309723643807 0.786621
14 0.46764027150749804 0.202797147185261 0.007892639621152327 0.012554376253838281 0.785156
13 0.5651146456195738 0.4841350419651996 0.007892639621152327 0.01714432262026612 0.78418
2 0.5528807955801106 0.6305015353121801 0.011838999842146803 0.010491309723643807 0.78418
19 0.6619970071033938 0.5877686632548619 0.011444351696921862 0.00972365035823951 0.782715
4 0.6653510718232044 0.3803735516888434 0.014996063772691397 0.01688842743091095 0.78125
10 0.3085536681925809 0.18346972364380756 0.01092641136543015 0.017400191606960082 0.779785
5 0.39779005524861877 0.5501534329580348 0.012628255722178374 0.014329580348004094 0.779785
6 0.18932523441199683 0.47453936540429886 0.014404091554853986 0.00972365035823951 0.778809
22 0.2265193875295975 0.16760479836233366 0.024467255564325177 0.00946775516888434 0.775879
11 0.5309787529597475 0.3632291504605936 0.024072607419100236 0.016120768065506653 0.774414
13 0.5998421468034728 0.5257165690890481 0.009471191791633781 0.01893551033776868 0.773438
14 0.34175211996842936 0.22449129989764585 0.007892639621152327 0.015832905629477995 0.773438
6 0.4404105193370166 0.30667856704196517 0.015390671507498026 0.00921185997952917 0.773438
6 0.30347294711917916 0.20790684953940633 0.014206767482241514 0.01023541453428864 0.771973
7 0.3973952454617206 0.37103387512794267 0.013022903867403315 0.013561920982599795 0.771973
4 0.557221682715075 0.40535239140225177 0.011049743962115234 0.011294945342886387 0.770508
2 0.5962904751381215 0.6088790992835209 0.022888703393843725 0.010491309723643807 0.770508
24 0.6901638768745068 0.29375646264073696 0.013121545698500395 0.006908908085977482 0.764648
13 0.22138928492501975 0.428863934493347 0.012628255722178374 0.017400191606960082 0.762207
8 0.30643260615627466 0.6148926100307063 0.014206767482241514 0.00946775516888434 0.762207
11 0.3125495311760063 0.30667856704196517 0.025256511444356748 0.016632558444216988 0.759277
2 0.4634965872138911 0.6528594800409416 0.021310191633780583 0.01017145383828045 0.756348
4 0.5582085051302289 0.20194951729785057 0.014206767482241514 0.010859142681678608 0.756348
5 0.5159824467245461 0.40455467758444213 0.014996063772691397 0.01688842743091095 0.756348
9 0.6870559116022099 0.5266441432958036 0.014700097868981847 0.01017145383828045 0.753418
23 0.6434244192580899 0.4865661248720573 0.013121545698500395 0.00972365035823951 0.751953
6 0.6892263551696922 0.6493729539406345 0.012628255722178374 0.009659663459570113 0.750488
13 0.32177385572217837 0.5099795127942681 0.008731236621941595 0.016632558444216988 0.749023
13 0.25335432991318074 0.6133571340839303 0.011838999842146803 0.017400191606960082 0.747559
4 0.4196920978689819 0.3879222763561924 0.009865839936858722 0.010747178710337769 0.743164
6 0.30031568113654306 0.6566177277379734 0.014601415627466457 0.00994755209825998 0.740234
13 0.21211509392265193 0.6759212282497441 0.007103383741120757 0.01688842743091095 0.730957
4 0.42423059194948703 0.6944729744114636 0.01026044767166535 0.011514838075742067 0.729492
14 0.32320454617205996 0.2043244216990788 0.007103383741120757 0.016632558444216988 0.726562
6 0.49230477032359904 0.6315250112589559 0.014206767482241514 0.01023541453428864 0.726562
7 0.22296771586424624 0.6801432630501535 0.014996063772691397 0.013306025793244625 0.726562
2 0.5220993717442778 0.42732845854657114 0.011838999842146803 0.00972365035823951 0.725098
12 0.6760064909234412 0.46291272057318317 0.01578531965272297 0.018391752712384853 0.723145
21 0.27604558800315704 0.2285055475946776 0.014601415627466457 0.01023541453428864 0.716797
14 0.248224227308603 0.44984650153531214 0.007103383741120757 0.015992846673490275 0.716797
6 0.40920963535911603 0.5934261322415558 0.015834660773480662 0.007724544524053224 0.712402
19 0.6765980994475139 0.6489893469805527 0.012233607576953433 0.009851597952917093 0.710449
4 0.36819265666929757 0.5926305670419653 0.01026044767166535 0.011258969089048106 0.708984
4 0.5972768934490923 0.44626407369498466 0.010655095816890291 0.011770733265097236 0.70752
13 0.5217049660615627 0.5655066202661208 0.009471191791633781 0.016376663254861822 0.705566
6 0.5171664719810576 0.6314291095189355 0.014206767482241514 0.010555270419651996 0.705566
10 0.49674425887924234 0.7112974411463664 0.014009483820047354 0.017400191606960082 0.705566
14 0.43389878453038677 0.18065503377686795 0.011444351696921862 0.016120768065506653 0.705566
4 0.34767184214680347 0.2674162374616172 0.011148385793212312 0.011738739815762539 0.704102
13 0.6463101676400947 0.3600305916069601 0.00818864593528019 0.017400191606960082 0.702637
5 0.35832685714285717 0.46839824769703176 0.01617996779794791 0.016376663254861822 0.702637
5 0.2545383551696922 0.653531316274309 0.015390671507498026 0.0030706374616171956 0.702637
6 0.612075592738753 0.38433984851586495 0.014996063772691397 0.00921185997952917 0.700684
10 0.443370178374112 0.609518968270215 0.021310191633780583 0.01688842743091095 0.699219
4 0.5635358105761642 0.18155064073694985 0.009471191791633781 0.012282497441146366 0.699219
9 0.5767560789265983 0.4875896008188332 0.014206767482241514 0.011003073899692937 0.695801
14 0.2198104498816101 0.5925024360286592 0.007103383741120757 0.01765608679631525 0.692871
14 0.34333055090765585 0.4896365527123848 0.007498031886345699 0.016632558444216988 0.689453
13 0.4509669329123914 0.34403779733879225 0.00828728776637727 0.01714432262026612 0.6875
0 0.24013406156274666 0.2897901658137155 0.021704799368587213 0.010363362128966222 0.684082
24 0.5351224372533544 0.511066923234391 0.018153127703235992 0.01368986857727738 0.682617
23 0.6116965430149961 0.5276036847492324 0.010809261562746645 0.009275846878198567 0.682617
7 0.4650750181531176 0.4721085445240532 0.01617996779794791 0.014329580348004094 0.680664
8 0.2874902225730071 0.20765084953940632 0.015390671507498026 0.010491309723643807 0.679199
12 0.454814408839779 0.16210328761514842 0.024861863299131808 0.02047082906857728 0.679199
23 0.2920283125493291 0.5942936499488229 0.012628255722178374 0.00972365035823951 0.677246
22 0.49713906866614044 0.44824709109518934 0.014404091554853986 0.01023541453428864 0.673828
6 0.2673638137332281 0.37128961310133063 0.01578531965272297 0.011258969089048106 0.673828
7 0.18370172059984213 0.579068593654043 0.024072607419100236 0.015353134902763563 0.672363
6 0.32320454617205996 0.32996408597748206 0.013417511602209945 0.00997951934493347 0.67041
18 0.6657458816101025 0.20112989805527123 0.01973163946329913 0.00921987799385875 0.67041
23 0.25572197632202054 0.5143296786079836 0.012233607576953433 0.01023541453428864 0.67041
18 0.26085248303078135 0.5330092937563972 0.022888703393843725 0.011258969089048106 0.663574
23 0.42008690765587997 0.6517401023541454 0.013417511602209945 0.006653012896622313 0.658203
13 0.4238357821625887 0.488549142272262 0.00868193591160221 0.01765608679631525 0.656738
6 0.6432518263614839 0.20127783828045037 0.023677999684293606 0.009515732241555783 0.65332
12 0.6091376017679558 0.4221628659160696 0.005919479715864246 0.015960853224155577 0.651367
22 0.5589977205998421 0.3242068372569089 0.015390671507498026 0.010747178710337769 0.651367
13 0.3064356005682715 0.6475178055271239 0.006616276558800316 0.032497326509723645 0.649414
21 0.5363060584056827 0.571392 0.024467255564325177 0.01842374616171955 0.647949
6 0.31531158326756115 0.4727481514841351 0.013417511602209945 0.01023541453428864 0.647949
14 0.31235192423046565 0.6527635783009211 0.007103383741120757 0.016376663254861822 0.644043
13 0.39650742857142857 0.2584441842374616 0.013417511602209945 0.006653012896622313 0.642578
24 0.6538082399368588 0.6828300839303992 0.01696922367797948 0.006908908085977482 0.638672
32 0.4128849629044989 0.22466738178096213 0.01677189960536701 0.021238488433981576 0.637207
0 0.6002369565903709 0.5917129131627431 0.028413575374901343 0.004298074923234391 0.633301
24 0.4392264940805051 0.6449910829068577 0.014601415627466457 0.006908908085977482 0.633301
6 0.4894437127071823 0.4897004872057318 0.022494095659037094 0.010107466939611055 0.631836
22 0.398579270718232 0.3285567410440123 0.011049743962115234 0.010491309723643807 0.631836
0 0.6022097932123126 0.30335213920163767 0.021310191633780583 0.010619231115660184 0.629883
14 0.24269931491712704 0.4501344687819857 0.011838999842146803 0.015545043193449336 0.629883
2 0.26756101657458564 0.4117995037871034 0.021704799368587213 0.010331368679631525 0.625977
13 0.33859525808997637 0.5936360417604913 0.007498031886345699 0.00815235537359263 0.624512
24 0.3228097363851618 0.5327532937563971 0.023677999684293606 0.01023541453428864 0.624512
2 0.6271951507498027 0.15903285977482087 0.009372549960536701 0.00997951934493347 0.618652
13 0.4522495595895817 0.3849794554759468 0.009471191791633781 0.016632558444216988 0.618652
14 0.3145223677979479 0.20445229068577278 0.007103383741120757 0.016376663254861822 0.616699
0 0.4884568902920284 0.5927704368474924 0.018153127703235992 0.006421119344933469 0.615234
5 0.3530977490134175 0.5940778448311157 0.01775847955801105 0.00903596151484135 0.615234
6 0.5501183393843725 0.6708035864892528 0.01657457553275454 0.012538392630501535 0.615234
0 0.21073386582478293 0.5145214820880246 0.03196528745067087 0.011003073899692937 0.611328
14 0.5228885872138911 0.6890993326509723 0.007103383741120757 0.01791198198567042 0.609375
6 0.44149553906866607 0.26559305629477997 0.01578531965272297 0.009243853428863868 0.609375
13 0.24743501183898972 0.4291196724667349 0.00828728776637727 0.016376663254861822 0.607422
23 0.5347276274664562 0.4268167205731832 0.012233607576953433 0.01023541453428864 0.607422
0 0.2178372091554854 0.3951849570522006 0.022099447513812154 0.004290083111566019 0.607422
5 0.554064820836622 0.5456756601842375 0.01736387182320442 0.015353134902763563 0.605957
13 0.6002369565903709 0.646942133060389 0.014206767482241514 0.016504610849539407 0.605957
14 0.6799525682715075 0.23771761719549642 0.007892639621152327 0.01586489907881269 0.605957
13 0.5290055122336228 0.30181666325486184 0.01775847955801105 0.017400191606960082 0.604004
16 0.5315707655880032 0.32478250972364375 0.0205208953433307 0.010875126305015354 0.602051
5 0.34116010734017366 0.6530195783009212 0.01617996779794791 0.0040941658137154556 0.602051
2 0.44790826835043407 0.285952 0.010655095816890291 0.00997951934493347 0.598145
1 0.0075103570639305445 0.017080335721596722 0.015020714127861089 0.034160671443193444 0.596191
13 0.6525749139700079 0.45598761924257936 0.0067087760063141285 0.005117694165813715 0.596191
13 0.44455420363062353 0.6708035864892528 0.008089963693764798 0.016120768065506653 0.59082
1 0.5181532943962115 0.44677581166837255 0.01736387182320442 0.021494357420675538 0.586914
13 0.35260474191002367 0.48835733879222104 0.00828728776637727 0.02059877666325486 0.584961
21 0.6304263677979478 0.5087000368474923 0.01854773543804262 0.015097239713408393 0.583008
14 0.301696909234412 0.4497505997952917 0.006314127861089187 0.016312702558853635 0.583008
10 0.30993489629044985 0.22505125076765609 0.012924221625887924 0.01688842743091095 0.581543
2 0.3386690879242305 0.28863855885363354 0.023381993370165745 0.010747178710337769 0.581543
13 0.5844514348855565 0.300793187308086 0.007498031886345699 0.01765608679631525 0.581543
13 0.37080721073401735 0.368218923234391 0.013022903867403315 0.013306025793244625 0.581543
4 0.3962116243093923 0.6517401023541454 0.01026044767166535 0.006653012896622313 0.57959
14 0.6452250670876085 0.6051688024564995 0.009471191791633781 0.017400191606960082 0.577637
4 0.4050906014206788 0.38843401432958036 0.009668515864246252 0.01023541453428864 0.577637
4 0.23362273086029992 0.2496162456499488 0.01026044767166535 0.011386890481064484 0.57373
24 0.3643447766377269 0.5442680532241556 0.014404091554853986 0.006653012896622313 0.571777
2 0.399566093133386 0.7169907553735926 0.009076543646408839 0.011514838075742067 0.571777
13 0.3743095816890292 0.22220045363357216 0.00868193591160221 0.018879541453428864 0.569824
18 0.17038285082872928 0.3100049948822928 0.022888703393843725 0.012282497441146366 0.567871
19 0.3022889218626677 0.473259889457523 0.011049743962115234 0.00946775516888434 0.567871
13 0.284332956590371 0.3890736212896622 0.00868193591160221 0.017400191606960082 0.563965
2 0.42245455406471977 0.26605684339815766 0.014206767482241514 0.00972365035823951 0.563965
13 0.6498617584846094 0.27917101330603894 0.007695355958958169 0.016376663254861822 0.563965
14 0.23164949013417524 0.4291196724667349 0.007103383741120757 0.015353134902763563 0.562012
0 0.6112863772691397 0.2998336458546571 0.023677999684293606 0.01676047983623337 0.562012
21 0.6543016511444356 0.5289151279426817 0.018942383583267563 0.015353134902763563 0.560059
6 0.31950472991318074 0.16555784646878197 0.023381993370165745 0.010747178710337769 0.560059
4 0.6067482872928177 0.2613228085977482 0.010655095816890291 0.013306025793244625 0.560059
13 0.6665350970797159 0.6672211586489253 0.014996063772691397 0.01688842743091095 0.556641
23 0.30149970639305446 0.24859250767656088 0.011838999842146803 0.010491309723643807 0.556641
13 0.6937648492501973 0.4558597502558854 0.01578531965272297 0.0053735893551688846 0.556641
19 0.3502366913970008 0.5529683848515864 0.012233607576953433 0.00921185997952917 0.556641
24 0.5718231791633781 0.3569601637666326 0.014996063772691397 0.006908908085977482 0.552734
24 0.30149970639305446 0.525844438075742 0.014206767482241514 0.006908908085977482 0.550781
6 0.28334653827940015 0.2691914677584442 0.013812159747434886 0.01023541453428864 0.546875
10 0.45885949171270723 0.3244625752302968 0.023480675611681136 0.016376663254861822 0.546875
10 0.5134175974743489 0.58687305629478 0.013417511602209945 0.01714432262026612 0.544922
18 0.5714283693764799 0.4671187717502559 0.021704799368587213 0.011514838075742067 0.541016
13 0.5828730039463299 0.25435001842374616 0.005524871981057617 0.006653012896622313 0.541016
2 0.6902131775848461 0.3602865916069601 0.013812159747434886 0.01688842743091095 0.541016
10 0.23559597158642462 0.511642857727738 0.014206767482241514 0.016632558444216988 0.539062
2 0.5761640662983425 0.59175289580348 0.011444351696921862 0.004386037256908905 0.537109
6 0.3906867119179163 0.2666964503582395 0.024467255564325177 0.012026602251791198 0.535156
6 0.31412796211523286 0.5138179406345957 0.022888703393843725 0.00972365035823951 0.535156
19 0.663279229676401 0.46635103377686793 0.01026044767166535 0.00946775516888434 0.533203
2 0.6760064909234412 0.6908266120777892 0.02545383551696922 0.01023541453428864 0.533203
6 0.6479875232833464 0.26202661207778916 0.014206767482241514 0.009595702763561923 0.533203
8 0.5209153464877664 0.22309993858751279 0.013417511602209945 0.01119498219037871 0.533203
21 0.49585644198895024 0.24635375230296827 0.02683502320441989 0.015097239713408393 0.53125
5 0.7028414333070244 0.5875129252814739 0.007103383741120757 0.010747178710337769 0.525391
24 0.3479183456985004 0.3414791074718526 0.010753737647987371 0.006397143909928352 0.523438
2 0.3984313685872139 0.40903271238485156 0.00828728776637727 0.00972365035823951 0.521484
9 0.3850631981057616 0.22684246468781985 0.014798739700078925 0.011514838075742067 0.519531
5 0.593330816101026 0.2598515291709314 0.013022903867403315 0.004350061003070625 0.519531
4 0.22000805682715074 0.29017403480040943 0.01026044767166535 0.01023541453428864 0.519531
18 0.3695738847671665 0.16146368065506653 0.019337031728492503 0.01688842743091095 0.515625
24 0.45343318074190997 0.3600305916069601 0.015390671507498026 0.007164803275332652 0.515625
2 0.5860298658247829 0.4252815066530195 0.013022903867403315 0.00972365035823951 0.515625
11 0.6103214977111286 0.4002047737973388 0.008293470560378846 0.019959064892528147 0.513672
4 0.23559597158642462 0.5742066898669396 0.011049743962115234 0.011770733265097236 0.511719
2 0.4809591412786109 0.4694856581371546 0.012036323914759275 0.00946775516888434 0.509766
2 0.6877465256511445 0.48311156601842375 0.012233607576953433 0.014073685158648925 0.509766
18 0.26124688871349644 0.4291196724667349 0.018153127703235992 0.016376663254861822 0.509766
22 0.40213094238358327 0.16453437052200615 0.003946327892659826 0.011770733265097236 0.505859
10 0.7009174932912391 0.5023668536335721 0.013516193843725335 0.01714432262026612 0.505859
13 0.5812945730071034 0.25639723234390993 0.011049743962115234 0.011258969089048106 0.505859
5 0.3099842778216259 0.3944692785261003 0.01775847955801105 0.0028507185261003073 0.505859
22 0.2805840820836622 0.5333931627430911 0.014996063772691397 0.00997951934493347 0.501953
