24 0.18656277821625888 0.39099296622313207 0.015587995580110498 0.012282497441146366 0.997559
24 0.2687450418310971 0.6118219201637666 0.01696922367797948 0.011258969089048106 0.996582
24 0.5595897332280978 0.5063970849539406 0.01578531965272297 0.012282497441146366 0.995605
21 0.5489343141278611 0.7105936376663256 0.01775847955801105 0.015609003889457523 0.990234
2 0.626677089187056 0.1555783009211873 0.013417511602209945 0.01023541453428864 0.989746
24 0.4889503014996054 0.2826892446264074 0.01617996779794791 0.01317810440122825 0.98877
2 0.37569080978689817 0.6709314554759468 0.013417511602209945 0.00972365035823951 0.986816
24 0.23638518705603787 0.7175024933469806 0.01657457553275454 0.014841344524053224 0.984863
2 0.6667322999210734 0.46155332650972364 0.013417511602209945 0.00997951934493347 0.983887
9 0.6342738841357538 0.4827276970317298 0.014305449723756905 0.010491309723643807 0.983887
2 0.4897395169692186 0.19971851791197542 0.013022903867403315 0.01023541453428864 0.983887
21 0.31767963378058406 0.6531154800409417 0.018942383583267563 0.01490533142272262 0.982422
24 0.6448549884767167 0.5245649621289662 0.016426592580899763 0.013306025793244625 0.981934
2 0.3480169471191792 0.6707393899692937 0.011740317600631413 0.00972365035823951 0.981934
2 0.24289651775848461 0.30674250153531213 0.012233607576953433 0.009595702763561923 0.981934
5 0.22099447513812154 0.4086488433981576 0.014206767482241514 0.00972365035823951 0.981934
2 0.6827150244672455 0.33892015557830096 0.013022903867403315 0.01023541453428864 0.981445
18 0.39463278926598266 0.4019459406345957 0.01736387182320442 0.015868881883316276 0.980957
13 0.33701642304656665 0.2199333469805527 0.00868193591160221 0.017400191606960082 0.980469
2 0.17600636464088398 0.28697547594677586 0.011444351696921862 0.009595702763561923 0.980469
2 0.4018351381215469 0.3023286632548618 0.013022903867403315 0.010107466939611055 0.97998
2 0.27545397947908445 0.6312692732855681 0.013022903867403315 0.01023541453428864 0.979492
2 0.34806624782951856 0.16018420470829067 0.01736387182320442 0.011514838075742067 0.978516
1 0.5295975248618785 0.40404293961105425 0.014996063772691397 0.013817816171954964 0.978027
22 0.6286503299131808 0.5236054206755374 0.014206767482241514 0.010107466939611055 0.977539
5 0.2501974680347277 0.6528914472876152 0.014206767482241514 0.00997951934493347 0.977539
2 0.5189425098658248 0.2604272016376663 0.012628255722178374 0.00997951934493347 0.977539
5 0.6073402999210734 0.2999615148413511 0.014996063772691397 0.009851597952917093 0.977539
2 0.20047366061562746 0.2874232794268168 0.011838999842146803 0.01023541453428864 0.977051
2 0.45007911602209943 0.5061413469805527 0.013022903867403315 0.00972365035823951 0.976562
18 0.33228113022888717 0.6062723799385875 0.01736387182320442 0.015896866325486182 0.976074
18 0.6537589392265194 0.6007708429887411 0.01835045177584846 0.015449089048106449 0.975586
4 0.6866615059194949 0.15506656294779939 0.011247027624309392 0.011770733265097236 0.975098
5 0.2507890765588003 0.5929703369498465 0.014206767482241514 0.006820945752302968 0.974609
7 0.5856354601420679 0.669396241555783 0.01736387182320442 0.014073685158648925 0.974609
7 0.31703828003157064 0.3689866612077789 0.016031984846093132 0.014073685158648925 0.974609
5 0.2501974680347277 0.5701125240532241 0.014206767482241514 0.00997951934493347 0.974609
5 0.4312353338595107 0.4242260634595701 0.015587995580110498 0.010043506243602866 0.974121
2 0.3488554632991318 0.6091950771750255 0.012233607576953433 0.009667681473899693 0.974121
7 0.5392661215469613 0.2864637379733879 0.02012628760852407 0.021238488433981576 0.974121
7 0.3980365588003157 0.6514841023541453 0.033050509234411996 0.014585475537359264 0.973633
5 0.3956196116811365 0.20133380716479019 0.015390671507498026 0.009627696212896622 0.973633
11 0.640884179952644 0.3567041637666325 0.014206767482241514 0.01586489907881269 0.973633
7 0.19337031728492501 0.593910042988741 0.01617996779794791 0.014329580348004094 0.973633
2 0.1930741089187056 0.6128453961105425 0.011838999842146803 0.00972365035823951 0.973633
5 0.3543803756906077 0.7125127205731832 0.015390671507498026 0.010747178710337769 0.973145
7 0.23875283346487766 0.3906090972364381 0.01657457553275454 0.013306025793244625 0.973145
12 0.30051288397790055 0.42582521187308087 0.023677999684293606 0.017400191606960082 0.973145
2 0.3500394885556432 0.4664789027635619 0.011838999842146803 0.00972365035823951 0.973145
18 0.5647198358326756 0.6026101125895599 0.018153127703235992 0.015353134902763563 0.972168
2 0.5968824877663772 0.6054248024564995 0.011838999842146803 0.00972365035823951 0.97168
9 0.5824781941594317 0.5243092241555782 0.014996063772691397 0.00997951934493347 0.971191
0 0.29597479400157856 0.4478634841351075 0.022099447513812154 0.00946775516888434 0.971191
18 0.20076946487766376 0.18231837871033776 0.01756115548539858 0.016120768065506653 0.970703
5 0.5621545824782952 0.646878198567042 0.013812159747434886 0.01023541453428864 0.970703
18 0.6022097932123126 0.2149435742067554 0.018153127703235992 0.015353134902763563 0.970703
7 0.6740332501973165 0.300793187308086 0.01736387182320442 0.014329580348004094 0.970703
2 0.481353546961326 0.40289159467758445 0.012036323914759275 0.00972365035823951 0.970703
11 0.45876089029202843 0.21801426407369498 0.013614835674822417 0.01586489907881269 0.970215
5 0.6483819289660616 0.7071390788126919 0.014206767482241514 0.010747178710337769 0.969727
9 0.6217319450670876 0.25742070829068575 0.01396014269928966 0.00921185997952917 0.969727
18 0.40568261404893446 0.3813970276356193 0.018153127703235992 0.015353134902763563 0.969727
2 0.2186268287292818 0.20483615967246674 0.013022903867403315 0.01023541453428864 0.969238
2 0.4423837600631413 0.3631012814738997 0.012233607576953433 0.00972365035823951 0.969238
5 0.6146408460931334 0.5031345916069601 0.014996063772691397 0.01023541453428864 0.96875
18 0.24704020205209154 0.2420675209825998 0.01775847955801105 0.016376663254861822 0.968262
5 0.35595880662983426 0.6292859938587513 0.014206767482241514 0.010747178710337769 0.967285
5 0.5207181436464089 0.3216478853633572 0.015390671507498026 0.01023541453428864 0.967285
0 0.39226514285714287 0.24129978300921187 0.021310191633780583 0.00921185997952917 0.966797
0 0.6969217111286504 0.5831627594677584 0.0205208953433307 0.011258969089048106 0.966797
5 0.42679544119968427 0.3433981903787104 0.014206767482241514 0.00972365035823951 0.966797
7 0.31570639305445936 0.4493986980552712 0.015390671507498026 0.014201632753326511 0.966797
21 0.6057614648776638 0.4847109764585466 0.01736387182320442 0.015225187308085976 0.966309
5 0.6231254175217048 0.5831627594677584 0.014601415627466457 0.01023541453428864 0.966309
18 0.3247829771112865 0.6893550706243603 0.018153127703235992 0.01586489907881269 0.966309
0 0.2186268287292818 0.3894574902763562 0.021310191633780583 0.00921185997952917 0.96582
2 0.3228097363851618 0.5680655721596726 0.012628255722178374 0.00972365035823951 0.96582
29 0.6422158648776637 0.6651739447287616 0.023579317442778216 0.020982593244626407 0.965332
2 0.30189411207576955 0.6504606264073696 0.012628255722178374 0.008700095803480041 0.965332
18 0.37174432833464877 0.24078804503582396 0.01657457553275454 0.013306025793244625 0.963867
2 0.632251383109708 0.5427328393039919 0.011937641673243883 0.00972365035823951 0.963867
0 0.5416337679558011 0.6255756970317298 0.022099447513812154 0.010299375230296826 0.963867
10 0.6630820268350434 0.43807574206755373 0.015587995580110498 0.01548105629477994 0.963379
22 0.33701642304656665 0.2845446550665302 0.014996063772691397 0.010747178710337769 0.963379
2 0.2198104498816101 0.6516119713408394 0.013417511602209945 0.006908908085977482 0.963379
7 0.6479875232833464 0.6471341985670419 0.015390671507498026 0.014585475537359264 0.962891
0 0.6533148287292818 0.399708940839304 0.03206392928176796 0.011546831525076766 0.962891
6 0.6459402102604578 0.6861565117707267 0.015637336700868195 0.010875126305015354 0.962891
2 0.5104579384372533 0.4025077256908905 0.013417511602209945 0.01023541453428864 0.962891
5 0.6097079463299132 0.6253838935516888 0.014206767482241514 0.01023541453428864 0.962402
7 0.30090769376479876 0.40836105957011254 0.01657457553275454 0.013242065097236438 0.961426
5 0.22730860299921074 0.6116939725690891 0.014996063772691397 0.009659663459570113 0.960938
2 0.620757771112865 0.3799896827021494 0.012628255722178374 0.00972365035823951 0.960449
18 0.5331491965272296 0.4406346939611054 0.01775847955801105 0.015353134902763563 0.960449
13 0.6590369439621152 0.6628709928352098 0.00828728776637727 0.016632558444216988 0.959961
0 0.5459746550907656 0.2567169048106448 0.03196528745067087 0.017272270214943708 0.959961
2 0.5773480915548539 0.4420420388945752 0.011838999842146803 0.00921185997952917 0.959961
2 0.173243908445146 0.46954959263050156 0.013812159747434886 0.010491309723643807 0.959961
2 0.22888703393843723 0.6736182763561924 0.011838999842146803 0.00997951934493347 0.959473
5 0.3174824309392265 0.24385873490276358 0.014206767482241514 0.010491309723643807 0.958984
18 0.5931332091554854 0.6228249416581371 0.01736387182320442 0.015353134902763563 0.958984
7 0.6029994127861089 0.5257165690890481 0.01657457553275454 0.013817816171954964 0.958008
2 0.6790647513812155 0.4401229559877175 0.013220187529597475 0.01023541453428864 0.958008
9 0.6933700394632991 0.3994250612077789 0.014996063772691397 0.010451324462640736 0.95752
5 0.6614049944751381 0.23797335516888435 0.014206767482241514 0.01023541453428864 0.95752
12 0.6440410418310971 0.23580639508700102 0.01736387182320442 0.01827981494370522 0.95752
0 0.17008664246250987 0.2061156356192426 0.023677999684293606 0.01023541453428864 0.957031
18 0.5755720536700869 0.1535313490276356 0.01736387182320442 0.016376663254861822 0.957031
0 0.6337744113654301 0.5630757993858752 0.03197761262825572 0.010491309723643807 0.956543
5 0.6579519242304657 0.35926311566018426 0.015292029676400948 0.01023541453428864 0.956543
18 0.21310191633780584 0.22210842988741042 0.01736387182320442 0.015353134902763563 0.956055
8 0.31393035516969214 0.6097068413510747 0.014206767482241514 0.00953973387922211 0.956055
7 0.31669281136543015 0.16440623950870012 0.026440415469613256 0.016120768065506653 0.955566
21 0.5520915801104972 0.5267400450358238 0.0205208953433307 0.014585475537359264 0.955078
5 0.3664166187845304 0.20194951729785057 0.014601415627466457 0.010443332650972366 0.955078
7 0.17778199842146805 0.6354913080859774 0.01775847955801105 0.014841344524053224 0.955078
13 0.25177589897395425 0.16031207369498465 0.009471191791633781 0.01688842743091095 0.95459
7 0.21823201894238362 0.1663255844421699 0.01854773543804262 0.014329580348004094 0.954102
2 0.6187722052091554 0.21801426407369498 0.013688827150749804 0.01023541453428864 0.954102
7 0.17403312391475928 0.45163771545547593 0.01756115548539858 0.013306025793244625 0.954102
7 0.26361493922651935 0.22594685772773798 0.01657457553275454 0.014329580348004094 0.953613
13 0.3623719400157853 0.5240532241555783 0.007892639621152327 0.016376663254861822 0.953125
9 0.6584574585635359 0.3799896827021494 0.014576765272296765 0.00972365035823951 0.953125
9 0.5236778026835044 0.564867013306039 0.014996063772691397 0.01023541453428864 0.952637
8 0.36621941594317287 0.5882804012282498 0.014996063772691397 0.00972365035823951 0.952637
7 0.19810561010260458 0.35081878403275335 0.01617996779794791 0.013817816171954964 0.95166
13 0.5390685146014207 0.3370010726714432 0.007892639621152327 0.01893551033776868 0.95166
0 0.17975523914759273 0.5716479999999999 0.022099447513812154 0.00972365035823951 0.95166
5 0.6464088498816102 0.3197288024564995 0.014996063772691397 0.00997951934493347 0.951172
0 0.6764008966061562 0.5012794431934493 0.022888703393843725 0.00972365035823951 0.950684
2 0.6073402999210734 0.15634603889457524 0.012628255722178374 0.010491309723643807 0.950684
9 0.3307022951854775 0.18270224769703175 0.014996063772691397 0.010747178710337769 0.950195
7 0.3221469247040253 0.46980559263050153 0.017505671981057618 0.013817816171954964 0.950195
18 0.606156274664562 0.5808598075742067 0.01736387182320442 0.01586489907881269 0.950195
13 0.5615625698500395 0.15404308700102357 0.009471191791633781 0.017400191606960082 0.950195
2 0.6827150244672455 0.17592126100307062 0.013220187529597475 0.00997951934493347 0.950195
7 0.5582085051302289 0.3030961392016377 0.024861863299131808 0.014841344524053224 0.950195
2 0.24348853038674034 0.46890998567041964 0.011049743962115234 0.00895599099283521 0.950195
7 0.4518547498026835 0.3047594841351075 0.02762431949486977 0.014201632753326511 0.949707
18 0.580110547750592 0.3989252978505629 0.01696922367797948 0.016120768065506653 0.949707
0 0.2640093449092344 0.4074974984646878 0.022888703393843725 0.01023541453428864 0.949219
5 0.6333860268350434 0.5028146571136131 0.014996063772691397 0.01023541453428864 0.94873
11 0.6228911987371745 0.23541466530194471 0.01511939636937648 0.01586489907881269 0.94873
7 0.36325975690607737 0.4488230255885363 0.01578531965272297 0.014585475537359264 0.94873
0 0.6864638989739542 0.31896106448311157 0.023677999684293606 0.010491309723643807 0.947754
24 0.6286503299131808 0.4025096646878199 0.01657457553275454 0.013334036438075741 0.947266
18 0.2340175406471981 0.5667860962128966 0.018153127703235992 0.01586489907881269 0.947266
5 0.6963301026045778 0.5010234431934494 0.015390671507498026 0.01023541453428864 0.946777
22 0.6566692975532754 0.5626919303991811 0.014996063772691397 0.01023541453428864 0.946777
22 0.4709943362273086 0.6264073694984647 0.014996063772691397 0.01023541453428864 0.946777
2 0.696625906866614 0.6439676069600818 0.021902123441199687 0.011003073899692937 0.946777
2 0.4123915516969219 0.40429893961105423 0.011838999842146803 0.00972365035823951 0.946777
46 0.684293455406472 0.3789662067553736 0.03235989518547751 0.011258969089048106 0.946777
5 0.32793983898973955 0.4264249907881269 0.013812159747434886 0.009867581576253838 0.946777
14 0.3683898595106551 0.6882037256908905 0.006314127861089187 0.015353134902763563 0.946289
5 0.45580123125493294 0.46443195087001027 0.014206767482241514 0.00997951934493347 0.945801
6 0.32991307971586425 0.6301176663254862 0.014996063772691397 0.009595702763561923 0.944824
14 0.33879246093133386 0.6679886345957011 0.005919479715864246 0.015097239713408393 0.944824
7 0.23204429992107342 0.3295802169907881 0.01657457553275454 0.013561920982599795 0.944824
5 0.19968444514601422 0.5301946038894575 0.013812159747434886 0.00895599099283521 0.944824
18 0.27288872612470405 0.20202146980552713 0.01736387182320442 0.014073685158648925 0.944336
11 0.5923439936858721 0.43948308700102356 0.014996063772691397 0.016056807369498466 0.944336
6 0.5036503993685872 0.5858495803480042 0.015193387845303866 0.00972365035823951 0.943848
11 0.38698713812154695 0.2188459627430911 0.014798739700078925 0.016120768065506653 0.943848
4 0.20935263772691398 0.40840104483111567 0.010655095816890291 0.010347352302968271 0.943848
5 0.5651146456195738 0.5442680532241556 0.014206767482241514 0.00972365035823951 0.942871
0 0.4138713812154696 0.6279425834186285 0.023480675611681136 0.00972365035823951 0.942871
0 0.3125616543014996 0.63075753531218 0.018103786582478295 0.00972365035823951 0.942383
0 0.30090769376479876 0.6722748659160696 0.03235989518547751 0.010619231115660184 0.942383
13 0.3989740805051302 0.21814239508700103 0.00868193591160221 0.017400191606960082 0.941895
1 0.39719804262036307 0.6718270624360286 0.013812159747434886 0.014585475537359264 0.941895
0 0.6635754380426204 0.17643299897645856 0.022494095659037094 0.00997951934493347 0.941895
2 0.4197906992896606 0.2826253101330604 0.011641675769534333 0.00972365035823951 0.941895
13 0.3792424814522494 0.40180400081883316 0.007892639621152327 0.01711232917093142 0.941895
2 0.39167313022888717 0.5667860962128966 0.012233607576953433 0.01023541453428864 0.941895
22 0.24940825256511442 0.3270215271238486 0.014206767482241514 0.00997951934493347 0.941406
22 0.606156274664562 0.23829328966223132 0.014601415627466457 0.00997951934493347 0.941406
13 0.4416931460142068 0.5234136171954964 0.009076543646408839 0.01586489907881269 0.94043
9 0.5976717032359905 0.36079832958034797 0.014601415627466457 0.00972365035823951 0.94043
2 0.44455420363062353 0.5455475291709313 0.011838999842146803 0.00972365035823951 0.939941
18 0.3329160991318074 0.383572110542477 0.018264094711917915 0.014329580348004094 0.939453
13 0.6872535185477506 0.6205219897645855 0.007103383741120757 0.01765608679631525 0.938965
7 0.3266821051302289 0.6738740143295804 0.017117206629834254 0.015097239713408393 0.938965
0 0.19060786108918706 0.32714939611054245 0.022888703393843725 0.013561920982599795 0.938965
18 0.6458170797158643 0.4173489129989765 0.018153127703235992 0.01586489907881269 0.938477
1 0.32601618184688236 0.20445229068577278 0.015094705603788476 0.013817816171954964 0.937988
2 0.1808406629834254 0.4291196724667349 0.012036323914759275 0.00972365035823951 0.937988
7 0.6195737458563535 0.3620778055271238 0.025256511444356748 0.014329580348004094 0.937988
5 0.1990924325177585 0.44959050153531216 0.014601415627466457 0.01023541453428864 0.937988
2 0.29123909707971585 0.2233879058341863 0.011444351696921862 0.00997951934493347 0.937012
5 0.6183897205998421 0.3398157625383828 0.014206767482241514 0.00972365035823951 0.937012
9 0.5189425098658248 0.6266633694984647 0.014206767482241514 0.011003073899692937 0.936523
18 0.29064708445146015 0.7120649170931422 0.01736387182320442 0.014201632753326511 0.936523
9 0.3699682904498816 0.32433470624360283 0.014206767482241514 0.01023541453428864 0.936523
2 0.31767963378058406 0.3862589314227226 0.011838999842146803 0.00895599099283521 0.936523
22 0.21941604419889504 0.5918628290685773 0.014996063772691397 0.010747178710337769 0.936523
0 0.670086768745067 0.5220062722620267 0.030781383425414366 0.010747178710337769 0.936035
5 0.559984138910813 0.6253838935516889 0.014206767482241514 0.01023541453428864 0.935547
7 0.29400155327545385 0.6128294648925282 0.022888703393843725 0.014489521392016376 0.933105
5 0.42580902288871353 0.4042109248720573 0.013614835674822417 0.010107466939611055 0.932129
22 0.6362470440410418 0.46180906448311154 0.01376281862667719 0.01023541453428864 0.932129
9 0.6432518263614839 0.4414021699078812 0.014601415627466457 0.00972365035823951 0.932129
24 0.47553283030781374 0.6482855435005118 0.018942383583267563 0.012794261617195496 0.931641
5 0.45797167482241513 0.6476459365404299 0.014601415627466457 0.010491309723643807 0.931152
2 0.5149960284135754 0.6679886345957011 0.012628255722178374 0.01023541453428864 0.930664
22 0.4980268855564326 0.5452917911975436 0.014206767482241514 0.00972365035823951 0.929199
2 0.4751380205209155 0.28198570317297855 0.014601415627466457 0.009851597952917093 0.929199
18 0.29597479400157856 0.1811667717502559 0.01578531965272297 0.014073685158648925 0.928711
9 0.454814408839779 0.5261324053224155 0.014996063772691397 0.01017145383828045 0.928711
21 0.24546177111286505 0.6757291627430911 0.0205208953433307 0.01548105629477994 0.928711
5 0.17985384056827153 0.26720818833162746 0.013614835674822417 0.010107466939611055 0.927734
13 0.609313136543015 0.2762281924257933 0.00868193591160221 0.01765608679631525 0.927734
7 0.5149960284135754 0.5470830051177072 0.01657457553275454 0.012794261617195496 0.927246
22 0.41229295027624313 0.24155578300921188 0.014009483820047354 0.01023541453428864 0.927246
5 0.23855563062352012 0.2865916069600819 0.015390671507498026 0.00972365035823951 0.92627
21 0.6567557758484609 0.20130980552712383 0.016007294080505132 0.009579719140225179 0.92627
6 0.6515391949486977 0.4616811954964176 0.014996063772691397 0.01023541453428864 0.925781
2 0.6209549739542226 0.4827276970317298 0.012233607576953433 0.00972365035823951 0.925293
7 0.3056247534017364 0.3702661371545547 0.005000748855564325 0.016376663254861822 0.925293
18 0.6031966156274664 0.4002007123848516 0.01696922367797948 0.013537945547594677 0.924805
0 0.5607733543804262 0.6670930276356193 0.03157063930544594 0.010491309723643807 0.924805
9 0.5505131491712708 0.4225627185261003 0.014206767482241514 0.010427322824974411 0.924316
1 0.4909235422257301 0.4452405977482088 0.014996063772691397 0.013817816171954964 0.923828
0 0.6910023930544593 0.481192483111566 0.023677999684293606 0.010491309723643807 0.922852
2 0.4675412659826361 0.36220567451381785 0.012233607576953433 0.00921185997952917 0.922852
5 0.2003750591949487 0.570880262026612 0.014009483820047354 0.00997951934493347 0.922852
8 0.2158643725335438 0.571136262026612 0.015390671507498026 0.01023541453428864 0.922852
8 0.26085248303078135 0.6328044872057319 0.014601415627466457 0.010491309723643807 0.922852
11 0.5268350686661404 0.33904802456499483 0.014206767482241514 0.015353134902763563 0.921875
13 0.3271506235201263 0.5849539733879222 0.007892639621152327 0.016632558444216988 0.921875
22 0.547158680347277 0.6061925404298873 0.014601415627466457 0.010747178710337769 0.921387
0 0.5964876779794791 0.38126915864892524 0.022099447513812154 0.01023541453428864 0.921387
6 0.17778199842146805 0.6133252192425793 0.01617996779794791 0.01023541453428864 0.920898
23 0.47750607103393844 0.24040417604912998 0.012628255722178374 0.00972365035823951 0.92041
5 0.6393053449092344 0.29951371136131016 0.014996063772691397 0.010747178710337769 0.92041
2 0.22928184372533542 0.22466738178096213 0.012233607576953433 0.00972365035823951 0.918945
0 0.5516967703235991 0.19856691095189355 0.022099447513812154 0.01023541453428864 0.918945
5 0.6867601073401736 0.21724678812691914 0.014404091554853986 0.00997951934493347 0.918945
11 0.3930543583267561 0.5246928311156602 0.01578531965272297 0.015609003889457523 0.918945
5 0.2383584277821626 0.18385359263050152 0.014206767482241514 0.010491309723643807 0.918457
18 0.6539068413575375 0.4806807451381781 0.01657457553275454 0.012794261617195496 0.918457
24 0.432418955011839 0.6487653142272262 0.017166547750591947 0.01119498219037871 0.918457
2 0.31136550591949486 0.3464688802456499 0.012628255722178374 0.01023541453428864 0.918457
2 0.19514595106550908 0.24641768679631526 0.014996063772691397 0.01023541453428864 0.917969
16 0.3482634506708761 0.5268679140225179 0.018942383583267563 0.010491309723643807 0.917969
21 0.4792817048145225 0.425913252814739 0.019337031728492503 0.014729406755373592 0.91748
0 0.6769929092344119 0.5624359303991812 0.023283351539068665 0.010747178710337769 0.91748
13 0.23263631254932912 0.2423235209825998 0.009076543646408839 0.01842374616171955 0.916504
0 0.34875686187845306 0.6906984810644831 0.021902123441199687 0.011258969089048106 0.916504
22 0.445244817679558 0.48592625588536337 0.014798739700078925 0.01023541453428864 0.916016
19 0.5321627782162589 0.21954974002047084 0.011838999842146803 0.00972365035823951 0.916016
0 0.5666930765588003 0.36156606755373594 0.029202831254932914 0.01023541453428864 0.915527
7 0.31068713622730865 0.5505373019447288 0.015168697079715866 0.013306025793244625 0.915039
2 0.37845286187845306 0.6903146120777891 0.011838999842146803 0.010107466939611055 0.914062
6 0.35595880662983426 0.36514849539406347 0.014206767482241514 0.00972365035823951 0.914062
0 0.2691398516179953 0.6512283643807574 0.022888703393843725 0.007676567451381781 0.914062
4 0.4431729755327546 0.4641120163766632 0.01026044767166535 0.011386890481064484 0.913086
7 0.5463694648776637 0.24168365199590586 0.02880822352012628 0.015097239713408393 0.913086
2 0.36779784688239936 0.3849794554759468 0.013022903867403315 0.00946775516888434 0.913086
24 0.6041830339384373 0.1791198198567042 0.018942383583267563 0.013817816171954964 0.912598
9 0.4721783614838201 0.1998463868986694 0.014996063772691397 0.00972365035823951 0.912598
22 0.6977109265982636 0.5624359303991812 0.01578531965272297 0.011258969089048106 0.911621
2 0.5872138910812944 0.6463664605936541 0.013417511602209945 0.01023541453428864 0.911621
13 0.6677191223362273 0.5993154947799386 0.01026044767166535 0.019479267963152507 0.911621
7 0.4426795643251776 0.16159154964176048 0.01617996779794791 0.014585475537359264 0.911621
0 0.199289635359116 0.6509723643807575 0.023677999684293606 0.01586489907881269 0.911133
32 0.19554076085240726 0.22500329989764586 0.01736387182320442 0.020758691504605936 0.911133
6 0.2154695627466456 0.3482600941658137 0.01578531965272297 0.00972365035823951 0.911133
7 0.26953425730071034 0.4302712794268168 0.03433305509076559 0.015609003889457523 0.911133
14 0.24230450513022886 0.6082394923234391 0.007892639621152327 0.01586489907881269 0.911133
6 0.6341012104183109 0.2791070788126919 0.01346685272296764 0.01023541453428864 0.910645
7 0.4110103235990529 0.6102867062436028 0.03453037916337806 0.01586489907881269 0.90918
22 0.6887333480662983 0.4194280941658137 0.014798739700078925 0.010747178710337769 0.90918
0 0.6852802778216258 0.2571647082906858 0.03157063930544594 0.00972365035823951 0.90918
0 0.5157852438831887 0.42272255475946774 0.021310191633780583 0.00997951934493347 0.90918
0 0.39581681452249406 0.48765353531218014 0.01657457553275454 0.010107466939611055 0.90918
22 0.5619573796369376 0.40186785670419656 0.014996063772691397 0.010491309723643807 0.908203
4 0.6574585130228887 0.15519443193449334 0.011444351696921862 0.012794261617195496 0.906738
6 0.45451860457774274 0.6269191074718525 0.015193387845303866 0.01023541453428864 0.905762
5 0.5286107024467245 0.3820368966223132 0.014996063772691397 0.011258969089048106 0.905762
5 0.21823201894238362 0.2664886632548618 0.014601415627466457 0.010267407983623337 0.905273
22 0.5653118484609313 0.2805144237461617 0.015390671507498026 0.010875126305015354 0.905273
18 0.4376480631412786 0.6256396315250767 0.01617996779794791 0.014329580348004094 0.903809
14 0.18725339226519336 0.4470318116683726 0.005130223835832675 0.014329580348004094 0.903809
0 0.40647182951854777 0.5858495803480042 0.021902123441199687 0.011770733265097236 0.90332
22 0.1781768082083662 0.6546826612077788 0.015982643725335435 0.00997951934493347 0.90332
6 0.4809591412786109 0.3222874923234391 0.01578531965272297 0.01023541453428864 0.90332
6 0.19790840726124703 0.5106833162743091 0.014206767482241514 0.00997951934493347 0.90332
0 0.5812945730071034 0.23925283111566018 0.022099447513812154 0.01023541453428864 0.902832
0 0.6286503299131808 0.7071390788126919 0.022494095659037094 0.010747178710337769 0.901367
6 0.5351224372533544 0.42272255475946774 0.014996063772691397 0.00972365035823951 0.900391
19 0.6903117790055248 0.2374616171954964 0.012628255722178374 0.00972365035823951 0.899902
13 0.6156276685082873 0.3973900839303992 0.007892639621152327 0.016376663254861822 0.898926
21 0.17738759273875296 0.49219550460593653 0.022888703393843725 0.015353134902763563 0.898438
13 0.3541831728492502 0.19856691095189355 0.010359129913180741 0.01688842743091095 0.897461
9 0.5280190939226519 0.1989507799385875 0.014206767482241514 0.01023541453428864 0.897461
5 0.6919888113654301 0.29823449744114633 0.015390671507498026 0.01023541453428864 0.897461
9 0.3827941531176007 0.5876407942681678 0.014996063772691397 0.010491309723643807 0.897461
27 0.5215073591160221 0.24193965199590584 0.01026044767166535 0.013306025793244625 0.896973
11 0.42186254143646407 0.17758434390992833 0.015390671507498026 0.016376663254861822 0.896484
5 0.5777429013417522 0.38152515864892533 0.01578531965272297 0.01023541453428864 0.896484
22 0.6574585130228887 0.29861810440122827 0.014206767482241514 0.010491309723643807 0.895508
9 0.34135771428571426 0.6500128229273286 0.014601415627466457 0.01023541453428864 0.89502
23 0.6591234222573007 0.21673478812691913 0.011863650197316495 0.00921185997952917 0.89502
9 0.22099447513812154 0.4291196724667349 0.014206767482241514 0.00921185997952917 0.89502
8 0.525256637726914 0.6476459365404299 0.014206767482241514 0.01023541453428864 0.894043
2 0.34214692975532757 0.34518940429887407 0.013417511602209945 0.01023541453428864 0.893066
2 0.2628257237569061 0.24539394882292734 0.011838999842146803 0.00972365035823951 0.892578
8 0.6359508760852407 0.6041453265097236 0.014601415627466457 0.00997951934493347 0.892578
6 0.2646013575374901 0.5097235127942682 0.01617996779794791 0.010363362128966222 0.892578
5 0.2403316685082873 0.4489828618219038 0.013417511602209945 0.009595702763561923 0.891113
8 0.5749804451460142 0.6258956315250768 0.014206767482241514 0.011770733265097236 0.890137
8 0.5840566250986582 0.21924578915046058 0.014206767482241514 0.010907119754350053 0.890137
8 0.675611681136543 0.2378135189355169 0.014996063772691397 0.010107466939611055 0.890137
5 0.4960536448303078 0.4231064237461617 0.014009483820047354 0.010491309723643807 0.890137
2 0.6314127861089187 0.1765608679631525 0.011838999842146803 0.01023541453428864 0.889648
13 0.6456935854775059 0.15340321801432957 0.012332289818468824 0.016376663254861822 0.889648
21 0.3366220173638516 0.7137921965199591 0.0205208953433307 0.01765608679631525 0.888672
22 0.37943968429360697 0.18091103377686796 0.014996063772691397 0.01023541453428864 0.888184
2 0.2537491397000789 0.6111823132036848 0.013022903867403315 0.00997951934493347 0.888184
24 0.3207163958958169 0.5087000368474923 0.015631153906866615 0.00921185997952917 0.887207
9 0.5728095974743488 0.46302460593654043 0.014206767482241514 0.00997951934493347 0.88623
2 0.5039462036306235 0.28057835823950866 0.013022903867403315 0.01023541453428864 0.88623
4 0.6463101676400947 0.27840327533265097 0.010704436937647988 0.011514838075742067 0.88623
9 0.37213873401736386 0.3652763643807574 0.014996063772691397 0.01023541453428864 0.885742
5 0.3871350402525651 0.44588020470829065 0.014996063772691397 0.00972365035823951 0.885742
13 0.5116415595895817 0.5629479303991812 0.00868193591160221 0.01688842743091095 0.884766
11 0.4873718705603789 0.6248721555783009 0.014601415627466457 0.017400191606960082 0.884277
6 0.5461718579321231 0.4027634636642784 0.014996063772691397 0.00972365035823951 0.883301
5 0.31915942288871346 0.405834153531218 0.014379441199684293 0.00997951934493347 0.883301
13 0.24901344277821624 0.7114892446264074 0.00828728776637727 0.01765608679631525 0.882324
0 0.4136741783741121 0.2003581248720573 0.022691379321231255 0.00972365035823951 0.882324
7 0.3960140173638516 0.18295798567041965 0.01617996779794791 0.014329580348004094 0.880859
0 0.3547751854775059 0.17975942681678606 0.022099447513812154 0.014329580348004094 0.880859
2 0.484116003157064 0.5255884380757421 0.022296771586424624 0.00972365035823951 0.880859
9 0.34925027308602996 0.48810133879222106 0.014996063772691397 0.010363362128966222 0.880859
13 0.32912386424625095 0.3629734124872057 0.007892639621152327 0.017400191606960082 0.879883
21 0.396803636937648 0.548618219037871 0.014601415627466457 0.014585475537359264 0.878906
13 0.4217639400157853 0.4634244585465711 0.007300707813733228 0.016344669805527123 0.878418
13 0.30609492053670084 0.19946251791197542 0.006033558326756117 0.017400191606960082 0.878418
13 0.30544578374112075 0.7095701617195497 0.00868193591160221 0.01791198198567042 0.876465
5 0.38792425572217837 0.3845955864892528 0.014996063772691397 0.00972365035823951 0.876465
2 0.2521703046566693 0.5299386038894575 0.013417511602209945 0.00997951934493347 0.876465
22 0.24269931491712704 0.22466738178096213 0.014206767482241514 0.01023541453428864 0.875
6 0.6460142825572218 0.2576764462640737 0.01578531965272297 0.008700095803480041 0.875
6 0.5011837474348856 0.6676689621289663 0.013417511602209945 0.010363362128966222 0.873047
4 0.3302646503551697 0.24357076765609006 0.010346764325177586 0.010811165609007165 0.873047
38 0.5080898879242305 0.6049130644831117 0.026440415469613256 0.02047082906857728 0.870605
0 0.27782162588792425 0.4895086837256909 0.028413575374901343 0.010747178710337769 0.870605
13 0.5678766977111287 0.5607728474923235 0.007498031886345699 0.016632558444216988 0.869629
9 0.27111268823993684 0.38766627635619244 0.015390671507498026 0.00997951934493347 0.869629
2 0.30805730702446726 0.5090839058341863 0.009958298973954222 0.00972365035823951 0.868652
9 0.6982043378058406 0.6233366796315251 0.015193387845303866 0.01023541453428864 0.868652
22 0.196132773480663 0.6328684216990789 0.014601415627466457 0.010875126305015354 0.868652
2 0.29360674348855564 0.5687051791197544 0.011049743962115234 0.00921185997952917 0.868652
21 0.3942383835832675 0.6930656294779939 0.018942383583267563 0.016376663254861822 0.868164
13 0.20836621941594316 0.691722219037871 0.01026044767166535 0.01688842743091095 0.867188
13 0.5601813417521704 0.684749166837257 0.007103383741120757 0.016376663254861822 0.867188
6 0.4702051207576954 0.3430143213920164 0.01578531965272297 0.00972365035823951 0.867188
8 0.6827150244672455 0.6033775885363357 0.015489353749013416 0.010747178710337769 0.866211
5 0.3563536164167324 0.26341797338792217 0.014206767482241514 0.010523276970317297 0.865234
6 0.194751545382794 0.2666964503582395 0.015390671507498026 0.00946775516888434 0.864258
13 0.25927405209155485 0.3844677175025588 0.00868193591160221 0.01688842743091095 0.864258
7 0.17610496606156273 0.35107478403275333 0.02663773954222573 0.014585475537359264 0.863281
11 0.46694965745856354 0.4825998280450359 0.025256511444356748 0.016376663254861822 0.86084
22 0.5043410134175218 0.6463664605936541 0.02762431949486977 0.00972365035823951 0.86084
0 0.4467246471981058 0.25946766018423745 0.022494095659037094 0.005117694165813715 0.859863
2 0.5532756053670087 0.443193383828045 0.011049743962115234 0.00972365035823951 0.859863
14 0.6086273555801105 0.21507170522006142 0.0049236457774269925 0.01586489907881269 0.858887
23 0.4457378247829518 0.22102099324462643 0.012233607576953433 0.009883565199590584 0.858887
4 0.2353987687450671 0.5298107349027635 0.010655095816890291 0.010747178710337769 0.85791
13 0.4090370828729282 0.17732860593654043 0.00828728776637727 0.01791198198567042 0.856934
6 0.4333071760063141 0.20078604053224156 0.01578531965272297 0.008532189150460594 0.855957
2 0.6210783469613259 0.27846720982599793 0.011543033938437253 0.00972365035823951 0.855957
7 0.39344916811365427 0.46839824769703176 0.021310191633780583 0.013561920982599795 0.85498
18 0.17778199842146805 0.5095956438075743 0.024072607419100236 0.012922209211873082 0.85498
2 0.3076626588792423 0.4270727205731832 0.009169043093922651 0.01023541453428864 0.854004
2 0.2233621215469613 0.5309620798362333 0.011838999842146803 0.00997951934493347 0.854004
14 0.26815302920284134 0.15980033572159674 0.007498031886345699 0.016632558444216988 0.849121
2 0.6977109265982636 0.4596981780962129 0.023677999684293606 0.012666314022517913 0.849121
22 0.3543803756906077 0.32471857523029685 0.014206767482241514 0.01023541453428864 0.849121
14 0.18310970797158643 0.24360299692937562 0.007103383741120757 0.01586489907881269 0.848145
12 0.5367008681925809 0.5429888393039918 0.025256511444356748 0.01791198198567042 0.848145
18 0.3472770323599053 0.5665300962128966 0.01657457553275454 0.013817816171954964 0.848145
8 0.4162390276243093 0.3030961392016377 0.014404091554853986 0.009851597952917093 0.847168
2 0.5749804451460142 0.4222108167860798 0.011838999842146803 0.01023541453428864 0.847168
5 0.42738745382794 0.5655066202661208 0.015587995580110498 0.01023541453428864 0.845703
18 0.36133581689029204 0.2825613756397134 0.02584844325177585 0.012922209211873082 0.841797
9 0.6436462320441989 0.624616155578301 0.014206767482241514 0.01023541453428864 0.839844
2 0.5690607229676401 0.5250767001023541 0.011838999842146803 0.00946775516888434 0.838867
16 0.5465666677190214 0.15634603889457524 0.0205208953433307 0.011003073899692937 0.838867
22 0.3802288997632202 0.16082407369498466 0.025256511444356748 0.01023541453428864 0.838867
4 0.6432517859510656 0.17604912998976457 0.009767157695343332 0.011258969089048106 0.838867
5 0.3989740805051302 0.609774706243603 0.01026044767166535 0.015097239713408393 0.832031
46 0.3678471475927388 0.34416592835209825 0.03374112328334649 0.011514838075742067 0.831055
9 0.2521703046566693 0.20445229068577278 0.014996063772691397 0.01023541453428864 0.830078
6 0.4133779700078927 0.4458162702149437 0.013417511602209945 0.009787611054247696 0.830078
2 0.4952644293606946 0.23899683111566017 0.012233607576953433 0.011770733265097236 0.830078
14 0.2900550718232044 0.6476459365404299 0.007892639621152327 0.014841344524053224 0.830078
6 0.45007911602209943 0.5655066202661208 0.01578531965272297 0.00972365035823951 0.829102
14 0.6819258089976322 0.4584506693961105 0.007103383741120757 0.016312702558853635 0.82666
14 0.6582477284925019 0.31614637461617195 0.006314127861089187 0.015609003889457523 0.825684
23 0.5655090513022889 0.4422977768679632 0.011049743962115234 0.00946775516888434 0.824219
46 0.4339977900552486 0.6888433326509724 0.03393844735595896 0.012026602251791198 0.824219
22 0.5526835927387529 0.32145608188331626 0.01578531965272297 0.011003073899692937 0.823242
8 0.620757771112865 0.46296067144319347 0.015390671507498026 0.009851597952917093 0.822266
9 0.42373718074191 0.5460592671443194 0.014009483820047354 0.00946775516888434 0.822266
18 0.3143374901341752 0.5877686632548619 0.0162046181531176 0.012794261617195496 0.822266
13 0.7005723883188635 0.4373719385875128 0.00878057774269929 0.016632558444216988 0.822266
6 0.3429360644041042 0.20253320777891504 0.015390671507498026 0.00972365035823951 0.822266
6 0.18153127703235988 0.5307063418628454 0.007103383741120757 0.00946775516888434 0.822266
4 0.25138108918705604 0.18321398567041966 0.011049743962115234 0.011770733265097236 0.819824
7 0.3239443397000789 0.22517911975435004 0.015489353749013416 0.014329580348004094 0.819824
7 0.3051699988003157 0.4503582395087001 0.00404189044988161 0.01586489907881269 0.819824
5 0.5876087008681926 0.17732860593654043 0.014996063772691397 0.010747178710337769 0.818848
9 0.32991307971586425 0.5282752589559877 0.014206767482241514 0.00972365035823951 0.817383
13 0.399566093133386 0.5832906284544525 0.009076543646408839 0.01688842743091095 0.817383
2 0.18350451775848461 0.7159672794268168 0.017166547750591947 0.010747178710337769 0.816406
5 0.704419864246251 0.3771749928352098 0.005524871981057617 0.00972365035823951 0.813965
13 0.30347294711917916 0.20290908495394064 0.009076543646408839 0.011210965813715456 0.811523
2 0.6680149265982636 0.31883319549641764 0.011838999842146803 0.00946775516888434 0.811523
2 0.4686266898184688 0.7103378996929376 0.015390671507498026 0.012026602251791198 0.809082
7 0.4696131081294396 0.6700358485158648 0.027229671349644834 0.014329580348004094 0.808105
6 0.27288872612470405 0.2653690235414534 0.014601415627466457 0.00994755209825998 0.808105
6 0.43873308287292817 0.18065503377686795 0.015587995580110498 0.00997951934493347 0.806641
5 0.7042226614048934 0.25502185465711363 0.005919479715864246 0.010811165609007165 0.804199
10 0.328778597632202 0.34327032139201635 0.02126085051302289 0.01688842743091095 0.803223
14 0.5532756053670087 0.27737979938587515 0.006314127861089187 0.015353134902763563 0.801758
23 0.41209534333070247 0.46628709928352097 0.01006312359905288 0.00997951934493347 0.799316
22 0.3188632549329124 0.3055911566018424 0.014996063772691397 0.010619231115660184 0.799316
2 0.6420678011049724 0.19690382804503584 0.011838999842146803 0.00972365035823951 0.796875
7 0.6641674506708761 0.5441401842374616 0.01657457553275454 0.014073685158648925 0.795898
2 0.3885655690607735 0.32382296827021495 0.012233607576953433 0.00972365035823951 0.795898
13 0.5755720536700869 0.4802329416581372 0.009076543646408839 0.019191405527123846 0.792969
23 0.3693269771112865 0.6293499283520982 0.011937641673243883 0.010363362128966222 0.792969
4 0.6941592549329124 0.33828054861821905 0.01026044767166535 0.011258969089048106 0.792969
14 0.3755918042620363 0.44268164585465714 0.0067087760063141285 0.015097239713408393 0.791992
24 0.5820837884767167 0.5461873981576254 0.018153127703235992 0.013561920982599795 0.791992
7 0.6067482872928177 0.6485095762538382 0.01696922367797948 0.014393541044012281 0.791992
2 0.42738745382794 0.4448886960081883 0.013022903867403315 0.010043506243602866 0.78418
13 0.37751574427782164 0.5626919303991811 0.010359129913180741 0.01944730071647902 0.78418
2 0.40923428571428566 0.6898668085977482 0.012628255722178374 0.00997951934493347 0.78125
8 0.19514595106550908 0.40916058137154554 0.014601415627466457 0.00946775516888434 0.78125
2 0.6099299530860299 0.17707260593654042 0.007547373007103394 0.010747178710337769 0.778809
24 0.3447610797158643 0.427840196519959 0.01913970765588003 0.013817816171954964 0.778809
6 0.6775849218626677 0.399760900716479 0.014996063772691397 0.010531294984646878 0.777344
9 0.33701642304656665 0.26444144933469804 0.014206767482241514 0.010523276970317297 0.777344
6 0.5086819005524863 0.2400205690890481 0.013417511602209945 0.00972365035823951 0.774414
4 0.2726915232833465 0.18283011668372567 0.024072607419100236 0.010491309723643807 0.770508
4 0.6544249029202841 0.33853628659160695 0.009915140647198107 0.011258969089048106 0.770508
1 0.6028018058405683 0.4226586202661208 0.014996063772691397 0.015353134902763563 0.767578
13 0.6923836211523283 0.2749487164790174 0.012430931649565904 0.016120768065506653 0.767578
6 0.45599843409629043 0.20061412487205732 0.015390671507498026 0.00921185997952917 0.764648
13 0.5374900836621941 0.5215584687819858 0.00868193591160221 0.01548105629477994 0.763672
11 0.34081492154696136 0.3625895435005118 0.014404091554853986 0.015353134902763563 0.763672
8 0.5432121988950276 0.5652508822927328 0.014996063772691397 0.00972365035823951 0.762207
12 0.4413969376479874 0.6048170317297851 0.024072607419100236 0.017560132650972362 0.762207
4 0.4483030781373323 0.44472885977482085 0.01026044767166535 0.01023541453428864 0.762207
23 0.30031568113654306 0.2451382108495394 0.012628255722178374 0.00972365035823951 0.760742
9 0.6570641073401736 0.5831627594677584 0.015390671507498026 0.010491309723643807 0.760742
13 0.2993292628255722 0.5455475291709313 0.00828728776637727 0.016376663254861822 0.759277
7 0.2492106456195738 0.3702661371545547 0.02683502320441989 0.013817816171954964 0.757812
13 0.481353546961326 0.20069008638689867 0.003946327892659826 0.008340254657113612 0.756348
7 0.5053274317284925 0.3641247574206755 0.01617996779794791 0.013561920982599795 0.754883
14 0.6819258089976322 0.45445240532241554 0.006314127861089187 0.008188331627430911 0.751953
24 0.36917907498026836 0.6489893469805527 0.023283351539068665 0.02047082906857728 0.747559
4 0.7060475958958169 0.7049003234390994 0.023973965588003156 0.013050156806550665 0.747559
8 0.3530977490134175 0.38561932446264074 0.015292029676400948 0.01023541453428864 0.741699
7 0.6799525682715075 0.20162166960081884 0.024664579636937647 0.01020342108495394 0.741699
6 0.474940817679558 0.22031721596724668 0.013812159747434886 0.00946775516888434 0.740234
6 0.49112074506708764 0.2610351033776868 0.007892639621152327 0.009659663459570113 0.740234
2 0.1719612817679558 0.3899692282497441 0.013614835674822417 0.00972365035823951 0.73877
13 0.33267561673243884 0.48541451791197543 0.01736387182320442 0.024309099692937566 0.732422
2 0.6278611144435674 0.6459186571136132 0.023677999684293606 0.00997951934493347 0.732422
6 0.5205209408050513 0.30124099078812694 0.013417511602209945 0.009851597952917093 0.732422
2 0.3764800252565115 0.6070720327533266 0.011049743962115234 0.01218654329580348 0.729492
14 0.5183504972375691 0.35849537768679635 0.0067087760063141285 0.015353134902763563 0.729492
7 0.39404118074191 0.3669397093142272 0.02012628760852407 0.014329580348004094 0.728027
27 0.48786487766377273 0.22262016786079836 0.009865839936858722 0.013306025793244625 0.725098
13 0.35990528808208366 0.158137252814739 0.013417511602209945 0.017400191606960082 0.723145
5 0.3145223677979479 0.2581884462640737 0.023677999684293606 0.007676567451381781 0.723145
6 0.5734016101026045 0.17809634390992835 0.013022903867403315 0.01023541453428864 0.716797
4 0.34372536069455406 0.6292220593654043 0.011049743962115234 0.011258969089048106 0.716797
23 0.5931332091554854 0.6871160532241555 0.012628255722178374 0.00972365035823951 0.715332
4 0.18528015153906868 0.30757417400204706 0.011049743962115234 0.011514838075742067 0.713867
4 0.2537491397000789 0.44831128761514843 0.011049743962115234 0.012282497441146366 0.713867
9 0.20126287608524074 0.4905321596724667 0.01617996779794791 0.00972365035823951 0.713867
12 0.5110002462509866 0.21788639508700103 0.02614444956590371 0.01791198198567042 0.712402
4 0.29557998421468035 0.32548631320368476 0.009471191791633781 0.011770733265097236 0.710449
13 0.3942383835832675 0.34109523848515866 0.007892639621152327 0.01688842743091095 0.710449
13 0.24072607419100236 0.20112586284544523 0.007892639621152327 0.016376663254861822 0.708984
4 0.6734412375690607 0.15442669396110542 0.015587995580110498 0.012538392630501535 0.708984
1 0.007115708918705603 0.015593020266120779 0.014231458247829518 0.031186145342886388 0.70752
13 0.3446624782951855 0.40208387144319346 0.014700097868981847 0.015624987512794267 0.70752
15 0.5582085051302289 0.4827916315250767 0.022888703393843725 0.020982593244626407 0.70752
2 0.18804260773480663 0.2868476069600819 0.012233607576953433 0.00997951934493347 0.705566
24 0.5958956653512234 0.4549641432958034 0.021310191633780583 0.006141248720573183 0.704102
13 0.4917127576953434 0.3595188536335721 0.01026044767166535 0.016632558444216988 0.702637
6 0.1894238358326756 0.5509211709314228 0.007300707813733228 0.00921185997952917 0.702637
13 0.6973165209155485 0.25460601842374614 0.007892639621152327 0.014841344524053224 0.699219
21 0.196132773480663 0.4314226243602866 0.01617996779794791 0.014073685158648925 0.697754
22 0.373914771902131 0.48810133879222106 0.024861863299131808 0.01023541453428864 0.694336
13 0.4381414743488556 0.4416901371545548 0.008089963693764798 0.016952414329580348 0.689453
6 0.4638909928966062 0.24078804503582396 0.013614835674822417 0.00972365035823951 0.689453
2 0.5753748508287292 0.25953185670419654 0.012628255722178374 0.01023541453428864 0.689453
16 0.2178372091554854 0.24564994882292732 0.01854773543804262 0.011003073899692937 0.6875
12 0.41791646408839783 0.5637154063459571 0.012628255722178374 0.016376663254861822 0.6875
22 0.3149171775848461 0.5916629342067553 0.01617996779794791 0.004206103582395087 0.686035
12 0.6825178216258879 0.6621674513817809 0.015193387845303866 0.01765608679631525 0.686035
6 0.6799525682715075 0.5406858874104401 0.014996063772691397 0.011770733265097236 0.684082
6 0.5288083093922652 0.17860808188331628 0.014996063772691397 0.010747178710337769 0.684082
18 0.1993882367797948 0.16107981166837257 0.019534315390686664 0.01714432262026612 0.679199
2 0.7006709897395422 0.70624347185261 0.013022903867403315 0.010491309723643807 0.679199
10 0.222178500394633 0.5475947430910952 0.01578531965272297 0.01714432262026612 0.679199
4 0.3884669676400947 0.6074717543500512 0.009372549960536701 0.010747178710337769 0.677246
12 0.4426795643251776 0.6656856827021495 0.01835045177584846 0.018679641351074718 0.677246
9 0.4666534490923441 0.5852097113613102 0.013812159747434886 0.00972365035823951 0.673828
13 0.6014205777426993 0.2517271320368475 0.009076543646408839 0.00895599099283521 0.673828
2 0.3827941531176007 0.5460592671443194 0.011838999842146803 0.00972365035823951 0.673828
14 0.18271489818468825 0.6716991934493346 0.005919479715864246 0.015609003889457523 0.672363
4 0.27940005682715074 0.2241236765609007 0.011838999842146803 0.010491309723643807 0.672363
13 0.6273924748224151 0.29650721801432955 0.00917522588792423 0.01791198198567042 0.67041
10 0.3378304909234412 0.158137252814739 0.01317088681925809 0.017400191606960082 0.668945
0 0.5978689060773481 0.26036326714431934 0.029202831254932914 0.013561920982599795 0.668945
23 0.695738089976322 0.35900711566018423 0.012628255722178374 0.01023541453428864 0.668945
18 0.16890302131018153 0.24385873490276358 0.018942383583267563 0.01688842743091095 0.665527
23 0.5848462446724546 0.6050409334698056 0.012628255722178374 0.00972365035823951 0.662109
10 0.16791619889502762 0.2844165240532242 0.014206767482241514 0.016120768065506653 0.662109
4 0.4181136669297553 0.42438589969293755 0.009865839936858722 0.011003073899692937 0.658203
5 0.6237174301499606 0.19962657277379736 0.015390671507498026 0.006213227430910952 0.656738
24 0.4678374743488556 0.44511246673490273 0.02012628760852407 0.010491309723643807 0.656738
4 0.26262811681136544 0.549385957011259 0.009865839936858722 0.00972365035823951 0.656738
6 0.4291634917127072 0.26055533265097236 0.014206767482241514 0.011770733265097236 0.65332
7 0.682024410418311 0.20796284462640735 0.029794803472770325 0.022885744933469804 0.651367
10 0.6611087861089187 0.2752047164790174 0.012726897553275452 0.01714432262026612 0.649414
24 0.20047366061562746 0.5424768393039918 0.013812159747434886 0.006653012896622313 0.647949
4 0.36089170639305446 0.6085433645854657 0.010655095816890291 0.01097108045035824 0.645996
10 0.4057812154696133 0.3208801473899693 0.021902123441199687 0.01714432262026612 0.644043
0 0.6529204230465667 0.5005117052200614 0.022888703393843725 0.014585475537359264 0.637207
13 0.6969710118389898 0.6611437134083931 0.012628255722178374 0.019191405527123846 0.637207
6 0.48717426361483823 0.2589559222108495 0.013022903867403315 0.006141248720573183 0.637207
10 0.4706985319652723 0.25614123234390995 0.014009483820047354 0.011770733265097236 0.635254
13 0.3224153307024467 0.7096340962128966 0.007892639621152327 0.01791198198567042 0.631836
24 0.5441990213101816 0.17016375025588537 0.013812159747434886 0.006653012896622313 0.629883
38 0.6067482872928177 0.3201126714431935 0.02880822352012628 0.02226201678607984 0.629883
6 0.5039462036306235 0.6252638853633573 0.01617996779794791 0.011626802047082906 0.625977
23 0.20540656037884766 0.6120779201637666 0.011838999842146803 0.00921185997952917 0.624512
6 0.30643260615627466 0.692297891504606 0.01578531965272297 0.00997951934493347 0.622559
13 0.4005525114443567 0.42604924462640736 0.007103383741120757 0.016376663254861822 0.622559
8 0.6057614648776638 0.1996945424769703 0.01973163946329913 0.006349166837256909 0.620605
6 0.5303867403314917 0.6054248024564995 0.01578531965272297 0.00972365035823951 0.616699
7 0.6418150743488555 0.2194496982599795 0.023887608524072613 0.013569912794268169 0.616699
23 0.25631398895027624 0.46852611668372574 0.012233607576953433 0.00946775516888434 0.616699
8 0.3913773259668508 0.4875896008188332 0.007300707813733228 0.00972365035823951 0.615234
2 0.27762442304656665 0.44831128761514843 0.012628255722178374 0.010491309723643807 0.613281
8 0.3131411397000789 0.18142277175025587 0.014601415627466457 0.013561920982599795 0.611328
7 0.611415973480663 0.5602611095189355 0.010309788792423046 0.016376663254861822 0.611328
6 0.6300315580110497 0.3193449334698055 0.01578531965272297 0.011258969089048106 0.607422
46 0.431531138121547 0.7099540307062436 0.03393844735595896 0.011770733265097236 0.605957
6 0.27940005682715074 0.16287102558853633 0.014996063772691397 0.00972365035823951 0.604004
14 0.3871350402525651 0.3414791074718526 0.007103383741120757 0.015609003889457523 0.604004
21 0.6100841067087608 0.48483884544524053 0.007831013733228098 0.013945763766632547 0.600098
24 0.3643447766377269 0.4179247688843398 0.014009483820047354 0.007484659160696008 0.598145
16 0.6759567861089186 0.5816275455475947 0.0205208953433307 0.011770733265097236 0.598145
2 0.6109843498026836 0.6635747963152508 0.00960684956590371 0.015992846673490275 0.598145
4 0.418705679558011 0.5264840450358239 0.009865839936858722 0.010491309723643807 0.596191
2 0.33859525808997637 0.5915130025793245 0.011444351696921862 0.0039062403275332653 0.594727
6 0.4420875516969218 0.28217750665301944 0.014206767482241514 0.009339807574206755 0.592773
1 0.17008664246250987 0.3302200859774821 0.014996063772691397 0.015097239713408393 0.59082
22 0.2914362999210734 0.5291708659160695 0.024467255564325177 0.00972365035823951 0.588867
13 0.5378848934490924 0.2005261625383828 0.004735616101026046 0.007980413510747186 0.581543
6 0.19810561010260458 0.3077020429887411 0.014601415627466457 0.010107466939611055 0.577637
46 0.3883190655090765 0.28352091709314226 0.024467255564325177 0.010491309723643807 0.575684
4 0.45599843409629043 0.5445240532241555 0.009668515864246252 0.01023541453428864 0.57373
13 0.37963688713496446 0.6253838935516889 0.00828728776637727 0.017400191606960082 0.57373
13 0.39285715548539857 0.2584441842374616 0.007498031886345699 0.007164803275332652 0.569824
5 0.3563536164167324 0.2602353981576254 0.014206767482241514 0.003582401637666326 0.569824
2 0.40074971428571426 0.4456564339815763 0.010457771744277821 0.009339807574206755 0.563965
4 0.4033149676400947 0.34442166632548615 0.011444351696921862 0.010747178710337769 0.563965
2 0.6982043378058406 0.5955172094165814 0.011838999842146803 0.006029310951893552 0.562012
14 0.5292027150749802 0.5216224032753326 0.006314127861089187 0.015097239713408393 0.560059
13 0.6734412375690607 0.6417605568065508 0.013516193843725335 0.016376663254861822 0.560059
13 0.6151079501183898 0.4338537072671443 0.006218557221783741 0.006141248720573183 0.558105
6 0.35193877821625885 0.30316007369498466 0.02283940268350434 0.012154549846468783 0.556641
13 0.19337031728492501 0.4710850685772774 0.004735616101026046 0.008700095803480041 0.552734
46 0.5035517979479085 0.46419193449334695 0.03354379921073402 0.011994635005117708 0.550781
8 0.44988150907655877 0.5872569252814739 0.015390671507498026 0.013306025793244625 0.548828
13 0.347869044988161 0.19831117297850562 0.022494095659037094 0.01842374616171955 0.542969
12 0.6111385155485399 0.5808598075742067 0.009841149171270719 0.01714432262026612 0.542969
4 0.5868190812943962 0.42163514431934496 0.009471191791633781 0.010875126305015354 0.541016
2 0.5329519936858721 0.46379234390992835 0.023283351539068665 0.010619231115660184 0.541016
13 0.44790826835043407 0.42041960286591606 0.007498031886345699 0.01765608679631525 0.541016
13 0.20284130702446723 0.6708675209825998 0.01617996779794791 0.01688842743091095 0.535156
4 0.6586425382794001 0.6860286427840327 0.01026044767166535 0.011770733265097236 0.535156
11 0.23520116179952644 0.5930443070624359 0.014206767482241514 0.0069688859774820885 0.533203
13 0.21033946014206786 0.4272726468781986 0.00868193591160221 0.01533712507676561 0.533203
24 0.26657459826361485 0.5295547349027636 0.015390671507498026 0.010747178710337769 0.533203
4 0.5355168429360694 0.6670290931422722 0.011444351696921862 0.012282497441146366 0.53125
6 0.31631069044988164 0.3261259201637666 0.023850632991318073 0.01023541453428864 0.529297
6 0.611810621625888 0.7082906857727738 0.01118536132596685 0.01023541453428864 0.527344
6 0.5923439936858721 0.15660177686796314 0.01617996779794791 0.01023541453428864 0.527344
13 0.502367772691397 0.5632036683725691 0.00828728776637727 0.01586489907881269 0.525391
14 0.2620365082872928 0.15992846673490277 0.009076543646408839 0.01688842743091095 0.521484
2 0.3683898595106551 0.46801437871033774 0.023677999684293606 0.01023541453428864 0.521484
8 0.554459226519337 0.46347240941658135 0.01854773543804262 0.009851597952917093 0.513672
8 0.3155091902131018 0.488613076765609 0.014996063772691397 0.00946775516888434 0.511719
14 0.4197906992896606 0.64572659160696 0.007103383741120757 0.016120768065506653 0.509766
29 0.3077428331491713 0.3053351566018424 0.009267725335438043 0.014073685158648925 0.507812
13 0.25572197632202054 0.40779330030706246 0.006314127861089187 0.009387784646878198 0.503906
