24 0.5852406503551697 0.6946229213483146 0.01736387182320442 0.018191532584269664 0.996582
24 0.27486196685082875 0.3004281219903692 0.014996063772691397 0.01765649395398609 0.995117
12 0.3847669897395422 0.66803782129481 0.014206767482241514 0.02240502685928304 0.993652
24 0.3389896637726914 0.3250400085607277 0.01657457553275454 0.017121455323702513 0.993164
12 0.18409612628255723 0.4584002568218299 0.013812159747434886 0.021669352166934188 0.993164
24 0.44455420363062353 0.48414928196896734 0.01637725146014207 0.016853922311396468 0.992188
12 0.612075592738753 0.27561543499197433 0.013417511602209945 0.021803091278758697 0.991211
24 0.5580108981846883 0.4843498084537186 0.01657457553275454 0.017255221829855536 0.989258
2 0.4757300331491713 0.43642989577314073 0.011444351696921862 0.010834676083467094 0.98877
2 0.5408445524861878 0.2992241412520064 0.011838999842146803 0.011771014232209739 0.98877
14 0.5272298784530387 0.26859289887640453 0.006314127861089187 0.010700909577314071 0.988281
12 0.6608129818468824 0.391519469234885 0.013812159747434886 0.02220439079721776 0.987793
2 0.2647985603788477 0.5044142364901016 0.011838999842146803 0.01257355848047084 0.987305
12 0.4723755643251775 0.6452649159978598 0.013417511602209945 0.021936857784911716 0.986816
12 0.23283351539068667 0.41399131086142316 0.012628255722178374 0.021936857784911716 0.986328
4 0.30954024814522496 0.18218296843231677 0.012776238674033148 0.014446234777956127 0.985352
35 0.6223855431728492 0.2958132734082397 0.018498434727703236 0.016318883681112895 0.985352
15 0.6148380489344909 0.20411979882289996 0.030781383425414366 0.019261637239165328 0.984863
24 0.1756115548539858 0.5308987993579455 0.015982643725335435 0.017121455323702513 0.984863
12 0.32458577426992896 0.5976459026217228 0.013812159747434886 0.02247189641519529 0.984375
7 0.1564719684293607 0.1852596254681648 0.01617996779794791 0.01658641669341894 0.983887
11 0.4133779700078927 0.24959876725521668 0.014798739700078925 0.017924026966292132 0.983887
11 0.3650353906866614 0.3883091278758694 0.014206767482241514 0.01738898833600856 0.983887
24 0.23460914917127074 0.438871113964687 0.01696922367797948 0.017522727447833068 0.983887
9 0.6764008966061562 0.43663055922953453 0.014996063772691397 0.012172286356340288 0.981934
5 0.46694965745856354 0.15971112680577848 0.015193387845303866 0.011771014232209739 0.981934
5 0.3267561370165746 0.22906633451043337 0.015440012628255721 0.012841091492776886 0.981934
6 0.5035517979479085 0.2992241412520064 0.01696922367797948 0.011771014232209739 0.981445
2 0.2884766408839779 0.48113974103798823 0.012233607576953433 0.012172286356340288 0.981445
2 0.16022084293606945 0.4369984376672017 0.012233607576953433 0.011771014232209739 0.980469
11 0.3129439368587214 0.4557249266987694 0.014996063772691397 0.01738898833600856 0.97998
5 0.4208761231254933 0.39138578491171744 0.013220187529597475 0.011771014232209739 0.979004
2 0.636074370323599 0.52795610058855 0.012233607576953433 0.01257355848047084 0.978027
0 0.31675463930544595 0.15997849545211343 0.025922434727703232 0.012841091492776886 0.978027
14 0.5282162967640095 0.4333867693953986 0.0067087760063141285 0.01658641669341894 0.977539
21 0.5895815374901342 0.5786517710005351 0.01736387182320442 0.01658641669341894 0.976074
2 0.37016589739542227 0.22980203659711076 0.012628255722178374 0.012774221936864635 0.974609
24 0.597474500394633 0.25591891278758694 0.024467255564325177 0.017455857891920813 0.974609
2 0.12628255722178375 0.6436596083467094 0.01578531965272297 0.01337613012306046 0.974609
6 0.4528411681136543 0.5510969117174961 0.01657457553275454 0.011503481219903692 0.973633
22 0.35332000631412785 0.18352063349384698 0.01396014269928966 0.011771014232209739 0.973145
2 0.5128255848460931 0.6447299047619047 0.013022903867403315 0.012306052862493312 0.972168
21 0.5947120441988951 0.23354733440342432 0.01736387182320442 0.016051378063135367 0.972168
5 0.1818270812943962 0.20880359892990905 0.015587995580110498 0.006692242696629214 0.972168
5 0.5978689060773481 0.6447299047619047 0.01578531965272297 0.011503481219903692 0.971191
5 0.5295975248618785 0.3683789320492242 0.014996063772691397 0.011235948207597645 0.971191
12 0.4960536448303078 0.34507101551631886 0.013812159747434886 0.021468688710540394 0.970703
2 0.6260850765588004 0.13750665382557517 0.013022903867403315 0.01257355848047084 0.970215
7 0.42758465666929757 0.18619596361690743 0.014601415627466457 0.016051378063135367 0.970215
24 0.45935290292028413 0.4612426923488496 0.01578531965272297 0.017188324879614768 0.969238
2 0.3401736486187845 0.5973782600321028 0.01346685272296764 0.013108624505082933 0.96875
2 0.6531669265982636 0.32196362546816476 0.012924221625887924 0.01257355848047084 0.968262
2 0.1844909360694554 0.3665062557517389 0.011444351696921862 0.012306052862493312 0.967285
2 0.4828333764798738 0.39165342750133764 0.012628255722178374 0.012306052862493312 0.966797
2 0.5434098058405683 0.6219987210272874 0.01578531965272297 0.011252686142322098 0.966309
2 0.43439219573796367 0.32236495238095236 0.010852419889502763 0.012172286356340288 0.966309
0 0.1722574901341752 0.13603530444087747 0.023677999684293606 0.012038519850187265 0.964844
7 0.4307419226519337 0.6008559700374532 0.023875283346487766 0.017121455323702513 0.964844
6 0.2571032044198895 0.1827179796682718 0.01657457553275454 0.011771014232209739 0.964355
0 0.587411093922652 0.5059524280363831 0.03235989518547751 0.011637247726056715 0.964355
24 0.5155880410418311 0.5305645885500268 0.014601415627466457 0.016452650187265917 0.964355
24 0.5722179889502762 0.43953980952380955 0.023677999684293606 0.016051378063135367 0.964355
2 0.15666917127071825 0.4589686891385768 0.013812159747434886 0.011904753344034244 0.963867
0 0.36715653354380423 0.2067951289459604 0.024960545540647198 0.01337613012306046 0.963379
7 0.3271506235201263 0.4173356104868914 0.02604576732438832 0.017121455323702513 0.963379
24 0.20205209155485399 0.25441414232209736 0.015390671507498026 0.018191532584269664 0.962891
6 0.48520142699289653 0.2532101615837346 0.01578531965272297 0.010968442589620118 0.962891
5 0.6128280347277032 0.1607811492776886 0.013343520126282557 0.01257355848047084 0.962891
12 0.3547751854775059 0.22983129373996788 0.014206767482241514 0.02174457699304441 0.962891
7 0.6140488334648776 0.6247868062065276 0.01578531965272297 0.01682885650080257 0.962402
24 0.197020590370955 0.6929507715355805 0.01677189960536701 0.01779026046013911 0.961914
8 0.6276639116022099 0.16064746495452115 0.01696922367797948 0.012841091492776886 0.961914
5 0.6108919715864246 0.2294007370786517 0.014996063772691397 0.012306052862493312 0.961914
2 0.525256637726914 0.25297621401819154 0.012628255722178374 0.012372922418405563 0.961914
9 0.44613263456985003 0.2524077817014446 0.015390671507498026 0.01257355848047084 0.961426
2 0.445244817679558 0.3449704783306581 0.012825579794790843 0.012841091492776886 0.960938
0 0.5868190812943962 0.41466028036383096 0.02604576732438832 0.012841091492776886 0.960938
5 0.2016572817679558 0.5275547736757624 0.023283351539068665 0.012439819368646333 0.960938
2 0.3133387466456196 0.667469115034778 0.013417511602209945 0.012439819368646333 0.960449
2 0.677880726124704 0.6914794221508828 0.012036323914759275 0.012172286356340288 0.960449
9 0.3046565682715075 0.3449704783306581 0.014206767482241514 0.012038519850187265 0.959961
2 0.5455802494080505 0.4588015837346175 0.012233607576953433 0.01257355848047084 0.959961
2 0.21941604419889504 0.43619578384162655 0.013417511602209945 0.012038519850187265 0.958984
2 0.47918310339384373 0.276484657035848 0.010457771744277821 0.011904753344034244 0.958984
2 0.4784924893449093 0.5976459026217228 0.013022903867403315 0.01257355848047084 0.958008
4 0.5447910339384373 0.22980198180845374 0.012233607576953433 0.013911168753344035 0.958008
18 0.3203402557221784 0.619315090422686 0.01579150244672455 0.013643663135366507 0.95752
24 0.6288969951065508 0.46194480898876406 0.015982643725335435 0.01805779347244516 0.95752
18 0.6441890247829518 0.15944348421615837 0.015193387845303866 0.014446234777956127 0.95752
2 0.25039467087608525 0.5511303327982878 0.012233607576953433 0.012239155912252542 0.95752
2 0.17166547750591948 0.2710005864098448 0.014206767482241514 0.0058855071161048695 0.957031
5 0.5990529313338596 0.6217227779561262 0.014601415627466457 0.012306052862493312 0.956055
2 0.2604576732438832 0.2979533183520599 0.013417511602209945 0.012439819368646333 0.956055
6 0.6639698437253355 0.27610031460674156 0.01696922367797948 0.011470032744783306 0.956055
5 0.24901344277821624 0.20599247512038524 0.01657457553275454 0.012038519850187265 0.955566
2 0.2967640094711918 0.2295346131621188 0.013417511602209945 0.012306052862493312 0.955078
2 0.479084501973165 0.22980198180845374 0.011444351696921862 0.011235948207597645 0.955078
6 0.30741902446724545 0.5751737870518995 0.01578531965272297 0.012306052862493312 0.955078
7 0.6130376839779006 0.5082932734082397 0.01376281862667719 0.016853922311396468 0.95459
18 0.6477406156274664 0.3669073087212413 0.015292029676400948 0.014713740395933653 0.95459
9 0.6752168713496448 0.5520332498662387 0.01578531965272297 0.013108624505082933 0.954102
24 0.22849262825572217 0.6235954542536115 0.014996063772691397 0.017121455323702513 0.954102
13 0.1692974269928966 0.17924026966292136 0.009076543646408839 0.019261637239165328 0.953613
13 0.17048145224940806 0.47856467415730336 0.00868193591160221 0.017857130016051364 0.953613
0 0.5807025603788476 0.2067951289459604 0.03275454333070244 0.01337613012306046 0.953125
24 0.3391130771902131 0.5074237774210808 0.02205010639305446 0.017924026966292132 0.952637
8 0.3105762904498816 0.43679774681647937 0.014996063772691397 0.011503481219903692 0.952637
8 0.23441194632991316 0.5506955848047084 0.01736387182320442 0.01257355848047084 0.952637
6 0.6128652123125493 0.3220973097913323 0.014996063772691397 0.012038519850187265 0.952148
9 0.528413499605367 0.41385762653825575 0.014601415627466457 0.012306052862493312 0.95166
24 0.4477110655090765 0.4604066174424827 0.009471191791633781 0.011771014232209739 0.95166
13 0.6022097932123126 0.571696077046549 0.00828728776637727 0.017121455323702513 0.951172
24 0.32636140805051306 0.670545772070626 0.014996063772691397 0.018325299090422686 0.951172
23 0.21625877821625886 0.691144937399679 0.013417511602209945 0.011771014232209739 0.951172
6 0.549921136543015 0.18405564472980204 0.01617996779794791 0.011503481219903692 0.951172
24 0.5357144498816101 0.6005886013911182 0.027229671349644834 0.018191532584269664 0.950195
6 0.15627476558800316 0.2744114542536115 0.015193387845303866 0.012439819368646333 0.950195
0 0.4569848524072613 0.436329468164794 0.024467255564325177 0.011235948207597645 0.950195
5 0.26696940805051306 0.2295346131621188 0.014996063772691397 0.011771014232209739 0.949707
2 0.27900565114443565 0.5278224162653825 0.012628255722178374 0.012038519850187265 0.949707
0 0.2511838863456985 0.1589084729802033 0.023677999684293606 0.014446234777956127 0.949219
8 0.44810587529597473 0.3225654788657036 0.014996063772691397 0.012841091492776886 0.949219
5 0.6518842999210734 0.5749064184055644 0.015390671507498026 0.011771014232209739 0.94873
7 0.16554855248618783 0.30056180631353663 0.025256511444356748 0.017522727447833068 0.94873
7 0.25927405209155485 0.4176364276083467 0.01617996779794791 0.013443027073301231 0.947754
10 0.2178372091554854 0.1797752808988764 0.014601415627466457 0.01845906559657571 0.947266
6 0.6282559242304657 0.5057516276083468 0.01578531965272297 0.011503481219903692 0.947266
0 0.5061166471981058 0.2525414660246121 0.024467255564325177 0.012306052862493312 0.947266
7 0.3086030497237569 0.13941275120385233 0.01657457553275454 0.017054585767790263 0.946777
22 0.19830321704814524 0.18285166399143926 0.014996063772691397 0.012038519850187265 0.946777
5 0.1752171491712707 0.22846431674692347 0.01617996779794791 0.012841091492776886 0.946777
9 0.4238357821625887 0.34513785767790267 0.013812159747434886 0.012239155912252542 0.946777
9 0.3993684861878453 0.43659711075441415 0.015193387845303866 0.012038519850187265 0.946777
6 0.24348853038674034 0.6443285778491171 0.01578531965272297 0.011503481219903692 0.946777
24 0.5355168429360694 0.5775814745853398 0.01775847955801105 0.01765649395398609 0.946289
0 0.6795581625887924 0.13804166506153023 0.024467255564325177 0.01257355848047084 0.946289
0 0.47227696290449883 0.5741037645799892 0.023480675611681136 0.01337613012306046 0.945801
8 0.15627476558800316 0.5976459026217228 0.01696922367797948 0.012306052862493312 0.945801
2 0.2586820394632991 0.2525414660246121 0.02012628760852407 0.010968442589620118 0.944824
6 0.22395413417521703 0.5046816051364366 0.01696922367797948 0.011235948207597645 0.944824
5 0.3962116243093923 0.5508292691278759 0.014996063772691397 0.012306052862493312 0.944824
6 0.38264584688239933 0.43713212199036916 0.014601415627466457 0.011235948207597645 0.944336
2 0.5163772565114444 0.4582665724986624 0.011838999842146803 0.012306052862493312 0.944336
4 0.17067865509076557 0.45733023434991976 0.013022903867403315 0.013242363616907438 0.943848
6 0.43626683504340963 0.43663055922953453 0.01696922367797948 0.010934994114499733 0.943359
6 0.32991307971586425 0.4587347415730337 0.01617996779794791 0.01136971471375067 0.942871
2 0.18271489818468825 0.5507958480470839 0.012233607576953433 0.012372922418405563 0.942871
0 0.6136544277821626 0.39218843873729264 0.022494095659037094 0.011771014232209739 0.941895
14 0.25493276085240724 0.22605662921348316 0.007892639621152327 0.018191532584269664 0.941406
5 0.2040253322809787 0.32136177207062605 0.015390671507498026 0.012172286356340288 0.941406
6 0.4893451112865036 0.5056179432851792 0.01617996779794791 0.011503481219903692 0.94043
8 0.37963688713496446 0.5506955848047084 0.017166547750591947 0.01257355848047084 0.94043
8 0.40020700236779794 0.41425895345104335 0.014305449723756905 0.010700909577314071 0.94043
24 0.6597275580110498 0.4165329566613162 0.014996063772691397 0.017121455323702513 0.94043
0 0.2786108413575375 0.1365034735152488 0.02604576732438832 0.013242363616907438 0.939941
18 0.5925416006314127 0.5270197624398073 0.022888703393843725 0.016051378063135367 0.939941
7 0.2545383551696922 0.43953980952380955 0.01578531965272297 0.01658641669341894 0.939453
5 0.23421474348855567 0.4588015837346175 0.014601415627466457 0.011235948207597645 0.939453
0 0.6578040220994474 0.4585339411449973 0.033050509234411996 0.015516312038523274 0.939453
6 0.346487816890292 0.43663055922953453 0.022888703393843725 0.011536929695024078 0.939453
7 0.5810969660615628 0.6471375922953452 0.014996063772691397 0.015516312038523274 0.938965
24 0.32093837032359906 0.5072900930979133 0.01577913685872139 0.01658641669341894 0.938477
7 0.3462162588792423 0.670244708400214 0.016229268508287292 0.015516312038523274 0.937988
24 0.20639297868981848 0.2767355890850723 0.015390671507498026 0.017689942429106473 0.937988
5 0.6156276685082873 0.3683789320492242 0.01657457553275454 0.012841091492776886 0.937988
5 0.33681922020520916 0.6207864398073836 0.014996063772691397 0.012306052862493312 0.937988
19 0.6530683251775848 0.6440943563402889 0.011543033938437253 0.012105416800428037 0.9375
6 0.5122335722178374 0.41399131086142316 0.01578531965272297 0.011235948207597645 0.9375
22 0.29656680662983426 0.5976459026217228 0.013812159747434886 0.011771014232209739 0.9375
0 0.22770341278610892 0.252273823434992 0.025256511444356748 0.011771014232209739 0.937012
2 0.636290202367798 0.6673688517924024 0.012837904972375691 0.01183788378812199 0.937012
0 0.19435673559589584 0.41345629962546815 0.024467255564325177 0.012306052862493312 0.937012
7 0.46793607576953433 0.5070224505082932 0.024664579636937647 0.01765649395398609 0.936523
6 0.6625886156274664 0.3452381209202782 0.01617996779794791 0.011503481219903692 0.936523
13 0.1633781089187056 0.6415362465489567 0.00828728776637727 0.01722177335473515 0.936035
8 0.4283742762430939 0.5048152894596041 0.01736387182320442 0.013242363616907438 0.935547
5 0.557221682715075 0.2067951289459604 0.014996063772691397 0.013108624505082933 0.935547
8 0.5901735501183899 0.34590681647940075 0.01578531965272297 0.011771014232209739 0.935547
0 0.3326755359116022 0.18365431781701444 0.025256511444356748 0.01337613012306046 0.935059
29 0.13516193843725335 0.436329468164794 0.03393844735595896 0.023542001070090957 0.935059
10 0.35694562904498817 0.3426967490636704 0.01775847955801105 0.016853922311396468 0.93457
8 0.23362273086029992 0.5743714071696094 0.014996063772691397 0.011503481219903692 0.934082
4 0.3103788451460142 0.5949705724986624 0.013861500868192581 0.01658641669341894 0.933594
2 0.6823206187845304 0.2526751503477796 0.014206767482241514 0.012038519850187265 0.933594
5 0.36187852880820837 0.136704 0.01578531965272297 0.012306052862493312 0.932617
9 0.6136544277821626 0.5749064184055644 0.014206767482241514 0.011771014232209739 0.932129
0 0.4058551665351223 0.13683795826645265 0.024121948539857933 0.01257355848047084 0.932129
14 0.3569577521704814 0.3654359593365436 0.008459961483820048 0.018191532584269664 0.932129
11 0.3542324735595896 0.5249465596575709 0.013121545698500395 0.01765649395398609 0.931641
22 0.4723755643251775 0.6217227779561262 0.014206767482241514 0.011771014232209739 0.931641
2 0.16850821152328332 0.11209211342964151 0.013022903867403315 0.014446234777956127 0.931152
5 0.6614049944751381 0.43760031845906905 0.014996063772691397 0.01136971471375067 0.931152
6 0.1643645272296764 0.2057251064740503 0.01736387182320442 0.011771014232209739 0.930664
5 0.5958956653512234 0.5980469555912252 0.014996063772691397 0.010968442589620118 0.930664
2 0.6069454901341752 0.41439263777421076 0.012628255722178374 0.012841091492776886 0.930664
12 0.6292423425414364 0.43713212199036916 0.013812159747434886 0.021936857784911716 0.930664
6 0.2521703046566693 0.48167475227394324 0.01617996779794791 0.012038519850187265 0.930664
0 0.4376480631412786 0.6214554093097914 0.022888703393843725 0.011771014232209739 0.930176
2 0.18074206156274664 0.32015779133226324 0.014404091554853986 0.012439819368646333 0.930176
24 0.5392661215469613 0.4390047982878545 0.01617996779794791 0.015516312038523274 0.930176
4 0.6122422453038674 0.6436596083467094 0.011912991318074191 0.013643663135366507 0.929199
5 0.6570641073401736 0.299090456928839 0.014206767482241514 0.011771014232209739 0.929199
13 0.3924623456985004 0.10968442589620117 0.010951061720599843 0.019529170251471373 0.928711
13 0.38146222573007105 0.18044397645799895 0.01006312359905288 0.018994104226859286 0.928711
5 0.32116959873717443 0.2094473108614232 0.014675407103393844 0.007962983413590155 0.928711
9 0.6799525682715075 0.34510443659711076 0.01736387182320442 0.01337613012306046 0.928711
2 0.1623912865035517 0.5280897849117175 0.012233607576953433 0.011771014232209739 0.928711
22 0.6383681868981846 0.6444622621722846 0.014009483820047354 0.011771014232209739 0.928223
6 0.41278595737963697 0.5518658705189942 0.015390671507498026 0.012372922418405563 0.927734
6 0.5098659258089977 0.4814739518459069 0.01578531965272297 0.011904753344034244 0.927734
0 0.38299135595895817 0.16024613804173354 0.024664579636937647 0.012841091492776886 0.927734
5 0.3273482304656669 0.4369984376672017 0.015390671507498026 0.012038519850187265 0.927734
13 0.24388334017363852 0.2491974403424291 0.007892639621152327 0.01765649395398609 0.927246
24 0.5445934269928966 0.2786249759229535 0.02604576732438832 0.01765649395398609 0.927246
2 0.1363455595895817 0.6902085992509364 0.013022903867403315 0.012707324986623863 0.926758
0 0.6586425382794001 0.6926162867843767 0.025256511444356748 0.014446234777956127 0.926758
6 0.429656498816101 0.2532101615837346 0.01617996779794791 0.012841091492776886 0.925781
24 0.5503155422257301 0.5306982728731943 0.02604576732438832 0.017121455323702513 0.925293
6 0.5570244798737174 0.32162914071696097 0.01696922367797948 0.013108624505082933 0.925293
9 0.681530999210734 0.27588280363830925 0.014996063772691397 0.012707324986623863 0.923828
22 0.4518547498026835 0.39125210058855003 0.014996063772691397 0.012841091492776886 0.923828
22 0.2178372091554854 0.5506955848047084 0.013417511602209945 0.012038519850187265 0.922852
9 0.3228097363851618 0.5746387758159442 0.014206767482241514 0.012306052862493312 0.921387
9 0.4688238926598263 0.5516653440342428 0.014996063772691397 0.012774221936864635 0.920898
7 0.47947890765588 0.347779492776886 0.01617996779794791 0.01738898833600856 0.920898
22 0.20244690134175217 0.11309529373996789 0.014206767482241514 0.012707324986623863 0.92041
0 0.5576164925019732 0.1356339775280899 0.023677999684293606 0.0149812734082397 0.92041
8 0.4381414743488556 0.41385762653825575 0.015193387845303866 0.011771014232209739 0.919434
5 0.4526439652722968 0.668572832530765 0.013417511602209945 0.011570350775815943 0.918945
8 0.2545383551696922 0.4585339411449973 0.018153127703235992 0.012306052862493312 0.918945
0 0.2134963220205209 0.6679372841091493 0.03196528745067087 0.01257355848047084 0.918457
5 0.27150749802683505 0.4585339411449973 0.014601415627466457 0.011771014232209739 0.918457
5 0.24940825256511442 0.5733011107544141 0.015390671507498026 0.012306052862493312 0.918457
24 0.41357557695343333 0.5775814745853398 0.015193387845303866 0.017121455323702513 0.91748
6 0.5382792991318074 0.6685394114499733 0.01578531965272297 0.011771014232209739 0.91748
0 0.6305772602999211 0.22966829748528625 0.024165106866614047 0.012306052862493312 0.916504
11 0.366614225730071 0.4336544119850187 0.014996063772691397 0.017121455323702513 0.916504
6 0.36089170639305446 0.5733011107544141 0.018153127703235992 0.012841091492776886 0.916504
0 0.2647985603788477 0.6671349042268594 0.025256511444356748 0.011637247726056715 0.916016
8 0.6400945603788477 0.13750665382557517 0.014206767482241514 0.011235948207597645 0.916016
8 0.4137727797947908 0.16024613804173354 0.014996063772691397 0.011235948207597645 0.916016
19 0.24388334017363852 0.2291332862493312 0.012233607576953433 0.012306052862493312 0.915527
29 0.6177794424625098 0.6704120877474585 0.02324633559589582 0.028892524344569286 0.915527
24 0.3622729344909234 0.6466527126805779 0.01578531965272297 0.01755617592295345 0.915527
2 0.626282683504341 0.27556502942750133 0.012233607576953433 0.0128076430176565 0.915527
8 0.3452051902131018 0.13677111610486892 0.017955803630623518 0.013242363616907438 0.915039
11 0.49595504340962904 0.41131625468164795 0.014798739700078925 0.01658641669341894 0.915039
8 0.3429361452249408 0.574772734082397 0.018153127703235992 0.01337613012306046 0.915039
20 0.277032410418311 0.6201177442482612 0.03472770323599053 0.023006962439807384 0.915039
22 0.33780604262036307 0.16024613804173354 0.014206767482241514 0.01257355848047084 0.914062
5 0.5136148003157064 0.6219987210272874 0.03235989518547751 0.011252686142322098 0.914062
0 0.5222965745856353 0.13690480042803638 0.025651159589581685 0.012974857998929909 0.914062
2 0.5035517979479085 0.13630294703049758 0.01026044767166535 0.01257355848047084 0.913574
11 0.36740344119968427 0.27263904119850185 0.014996063772691397 0.018392196040663455 0.913574
6 0.5655090513022889 0.41385762653825575 0.01657457553275454 0.012306052862493312 0.913086
14 0.5741908255722178 0.47458537399678974 0.007103383741120757 0.009630804922418405 0.913086
8 0.26519337016574585 0.20692881326912788 0.01617996779794791 0.011771014232209739 0.912598
10 0.40439998737174426 0.18031029213483146 0.013220187529597475 0.018191532584269664 0.912598
6 0.6633782352012628 0.3683789320492242 0.014996063772691397 0.012306052862493312 0.912598
6 0.17275049723756905 0.6209203980738363 0.014996063772691397 0.011771014232209739 0.912598
4 0.4344907971586424 0.1365034735152488 0.011838999842146803 0.011904753344034244 0.911621
23 0.6131733417521705 0.4824102899946495 0.012628255722178374 0.011235948207597645 0.90918
0 0.38891067403314916 0.3683789320492242 0.024861863299131808 0.012306052862493312 0.90918
24 0.23914764325177584 0.36958263884430176 0.01736387182320442 0.016051378063135367 0.90918
18 0.2805840820836622 0.20545746388443017 0.014996063772691397 0.014446234777956127 0.908691
22 0.26223371112865035 0.34470310968432316 0.013812159747434886 0.012038519850187265 0.908203
14 0.12687456985003945 0.2677902450508293 0.00828728776637727 0.012306052862493312 0.907227
5 0.6065510844514601 0.3445357303370786 0.014996063772691397 0.012907961048689139 0.907227
14 0.366614225730071 0.5944355612627074 0.00868193591160221 0.018191532584269664 0.906738
5 0.45678764956590373 0.6219904205457464 0.015193387845303866 0.011771014232209739 0.905762
0 0.165943362273086 0.6673020096308186 0.03196528745067087 0.012105416800428037 0.905762
8 0.37608521546961327 0.2990236147672552 0.01696922367797948 0.013108624505082933 0.905762
9 0.1594316274664562 0.319957264847512 0.014601415627466457 0.01257355848047084 0.905762
12 0.27584838516179955 0.4141252691278759 0.014206767482241514 0.021936857784911716 0.905273
5 0.6541533449092344 0.598180913857678 0.013318869771112865 0.011771014232209739 0.904785
13 0.32754543330702446 0.6888709341894061 0.009471191791633781 0.019930442375601924 0.904785
13 0.25631398895027624 0.6405832252541466 0.009471191791633781 0.020331741894060996 0.904785
8 0.3669100299921073 0.4583334146602461 0.014798739700078925 0.011503481219903692 0.903809
6 0.19751400157853197 0.4814238202247191 0.014601415627466457 0.011470032744783306 0.90332
7 0.43439219573796367 0.23251070561797751 0.022494095659037094 0.01765649395398609 0.902832
8 0.5694555327545383 0.3448367940074907 0.01736387182320442 0.013108624505082933 0.901367
13 0.4032656669297553 0.6401818983413591 0.011345709865824782 0.020331741894060996 0.900391
6 0.2888714506708761 0.3224986367041199 0.014206767482241514 0.011771014232209739 0.900391
6 0.46773887292817684 0.6682049266987694 0.01637725146014207 0.011771014232209739 0.899902
0 0.6333860268350434 0.3220973097913323 0.024861863299131808 0.01257355848047084 0.898926
11 0.6460142825572218 0.3417604109149277 0.014996063772691397 0.018191532584269664 0.898926
13 0.3557616037884767 0.43342027265917604 0.007892639621152327 0.017890578491171746 0.898438
13 0.27841363851617995 0.5711610658105939 0.01026044767166535 0.019529170251471373 0.898438
23 0.5864246756116812 0.275949645799893 0.014206767482241514 0.012038519850187265 0.897461
11 0.48904890292028413 0.6185124365971107 0.014996063772691397 0.018191532584269664 0.896973
22 0.4641872012628256 0.3220973097913323 0.014404091554853986 0.012841091492776886 0.896973
24 0.5301895374901342 0.5315009266987694 0.015390671507498026 0.01658641669341894 0.896484
24 0.13220187529597474 0.4613429555912253 0.02604576732438832 0.01578384505082932 0.896484
6 0.23283351539068667 0.3903157624398074 0.01578531965272297 0.011771014232209739 0.895508
0 0.40272295501183897 0.4582665724986624 0.0230860274664562 0.012841091492776886 0.895508
24 0.14443572533543805 0.34590681647940075 0.014996063772691397 0.01578384505082932 0.89502
24 0.5785321168113654 0.25307647726056715 0.014206767482241514 0.017121455323702513 0.89502
22 0.5017757600631413 0.4367307950775816 0.013022903867403315 0.010433376565008026 0.89502
6 0.1584452091554854 0.4814739518459069 0.014206767482241514 0.011503481219903692 0.894043
24 0.14088405367008683 0.5762440834670947 0.015390671507498026 0.017121455323702513 0.894043
22 0.5864246756116812 0.4822766056714821 0.014206767482241514 0.011904753344034244 0.893066
0 0.42906489029202843 0.20706249759229534 0.0230860274664562 0.012306052862493312 0.893066
13 0.22138928492501975 0.3417604109149277 0.00868193591160221 0.01845906559657571 0.893066
4 0.2188240315706393 0.4119849502407705 0.014206767482241514 0.015248806420545746 0.893066
5 0.6148380489344909 0.5979132712680578 0.022888703393843725 0.012306052862493312 0.892578
38 0.5682715074980268 0.26845894060995185 0.014996063772691397 0.010968442589620118 0.891602
7 0.20836621941594316 0.3473781658640985 0.01657457553275454 0.016051378063135367 0.891602
0 0.28176810734017366 0.24986613590155163 0.024467255564325177 0.01658641669341894 0.891113
8 0.6511443851617995 0.6217228327447832 0.014996063772691397 0.010700909577314071 0.889648
5 0.5367008681925809 0.16024613804173354 0.014206767482241514 0.012841091492776886 0.889648
5 0.17758479558011048 0.5743714071696094 0.0205208953433307 0.012306052862493312 0.889648
5 0.6333860268350434 0.39205448047084 0.014996063772691397 0.01257355848047084 0.888184
13 0.20639297868981848 0.5481876340288925 0.007103383741120757 0.01651951974317817 0.887207
5 0.3159037171270718 0.5280897849117175 0.014601415627466457 0.01257355848047084 0.88623
5 0.4111089250197316 0.6682717688603531 0.015587995580110498 0.012306052862493312 0.88623
2 0.612865050670876 0.11222579775280898 0.013368210891870562 0.015248806420545746 0.88623
6 0.42146813575374903 0.5285579539860888 0.014601415627466457 0.012172286356340288 0.885742
0 0.46014211838989744 0.27166928196896734 0.024072607419100236 0.004547896843231675 0.885742
14 0.6363456858721389 0.26912791011235954 0.007596673717442779 0.009630804922418405 0.885742
8 0.15864241199684292 0.22873195933654358 0.01696922367797948 0.013108624505082933 0.884766
2 0.6375789310181531 0.20706249759229534 0.013220187529597475 0.012841091492776886 0.884277
5 0.6764008966061562 0.48259437988229 0.01657457553275454 0.012874539967897272 0.883301
6 0.28670100710339386 0.4588015837346175 0.014996063772691397 0.011235948207597645 0.883301
9 0.30347294711917916 0.3220304676297485 0.013417511602209945 0.012172286356340288 0.882324
7 0.3063893548855564 0.30831988014981276 0.006548427466456195 0.031032569288389517 0.881836
8 0.5489343141278611 0.41519529159978596 0.015390671507498026 0.012038519850187265 0.881836
2 0.5059194443567482 0.22980198180845374 0.012233607576953433 0.011771014232209739 0.880859
13 0.2993292628255722 0.4554575580524345 0.010655095816890291 0.01765649395398609 0.880859
7 0.4486978879242305 0.2101391546281434 0.015390671507498026 0.01658641669341894 0.879883
8 0.6665350970797159 0.25307647726056715 0.018153127703235992 0.011771014232209739 0.879883
6 0.38289275453827937 0.4585339411449973 0.01578531965272297 0.011503481219903692 0.878906
23 0.1550907403314917 0.251471443552702 0.013220187529597475 0.011771014232209739 0.877441
13 0.22138928492501975 0.456126253611557 0.01026044767166535 0.01765649395398609 0.877441
8 0.6580505256511444 0.48246042161583735 0.018153127703235992 0.01367711161048689 0.876465
2 0.49112074506708764 0.5743714071696094 0.013022903867403315 0.012841091492776886 0.875977
9 0.4003553086029992 0.27539792402354196 0.014996063772691397 0.012874539967897272 0.875977
8 0.5220993717442778 0.6684054531835206 0.01736387182320442 0.01257355848047084 0.874023
24 0.45254536385161803 0.694221594435527 0.024269931491712707 0.01779026046013911 0.873047
4 0.24723740489344911 0.3903157624398074 0.011838999842146803 0.012841091492776886 0.873047
0 0.44060772217837413 0.52795610058855 0.022888703393843725 0.012038519850187265 0.872559
18 0.6688534427782162 0.16024613804173354 0.014897381531176007 0.014446234777956127 0.872559
24 0.23164949013417524 0.6001872744783306 0.025256511444356748 0.016853922311396468 0.872559
0 0.5526835927387529 0.3681112894596041 0.03196528745067087 0.011771014232209739 0.871582
2 0.31767963378058406 0.299090456928839 0.012628255722178374 0.013911168753344035 0.868652
8 0.49230477032359904 0.23000267265917604 0.014601415627466457 0.010834676083467094 0.868652
6 0.2967640094711918 0.4158139377207063 0.025256511444356748 0.00978130936329588 0.868652
22 0.4095304940805051 0.36797760513643657 0.013812159747434886 0.011235948207597645 0.868164
2 0.49585644198895024 0.4811564515783842 0.010852419889502763 0.012272604387372927 0.867188
7 0.5272298784530387 0.6951579325842697 0.01578531965272297 0.01805779347244516 0.867188
4 0.28334653827940015 0.27454513857677904 0.023283351539068665 0.015382545532370251 0.867188
8 0.37115231570639307 0.6918139069020867 0.015390671507498026 0.012038519850187265 0.866211
24 0.3174824309392265 0.3694489545211343 0.015390671507498026 0.019261637239165328 0.866211
9 0.3851617995264404 0.5282237431781701 0.014206767482241514 0.012306052862493312 0.864258
22 0.512430775059195 0.3448702150882825 0.013812159747434886 0.012239155912252542 0.861328
1 0.14680337174427782 0.2075975088282504 0.01657457553275454 0.018191532584269664 0.86084
14 0.5181532943962115 0.3651685906902087 0.00868193591160221 0.01765649395398609 0.86084
13 0.41840947119179167 0.47458537399678974 0.011641675769534333 0.009630804922418405 0.86084
5 0.684293455406472 0.16118247619047618 0.01657457553275454 0.012841091492776886 0.859863
7 0.30720945603788474 0.6238630420545747 0.00818864593528019 0.014914403852327448 0.858887
8 0.6499603599052881 0.5292269234884965 0.014996063772691397 0.011102181701444624 0.85791
11 0.2841357537490134 0.6654627544141253 0.012628255722178374 0.0149812734082397 0.855957
24 0.36385176953433307 0.4162653140716961 0.01578531965272297 0.016051378063135367 0.85498
22 0.1894238358326756 0.43659711075441415 0.013022903867403315 0.011771014232209739 0.85498
0 0.39029190213101816 0.22791264975922954 0.02584844325177585 0.015850714606741572 0.854004
8 0.5779401041831097 0.3685126163723917 0.01736387182320442 0.012306052862493312 0.854004
35 0.40213094238358327 0.48107289887640453 0.023283351539068665 0.02247189641519529 0.853027
24 0.6479875232833464 0.5551096329588016 0.01617996779794791 0.01658641669341894 0.853027
0 0.3482141499605367 0.11195815516318888 0.025552477348066295 0.015516312038523274 0.853027
0 0.34130821152328333 0.20652748635634027 0.02614444956590371 0.01337613012306046 0.853027
22 0.5536700110497238 0.2528091086142322 0.014206767482241514 0.011235948207597645 0.852051
6 0.3434293543804262 0.2754313451043338 0.015292029676400948 0.013075176029962547 0.852051
0 0.6170084925019731 0.5284911118245051 0.024072607419100236 0.012038519850187265 0.851074
13 0.398184865035517 0.3402890615302301 0.011838999842146803 0.021936857784911716 0.850098
7 0.6499603599052881 0.6708131407169609 0.014601415627466457 0.017054585767790263 0.848145
6 0.3922158421468035 0.2528091086142322 0.025355153275453828 0.01337613012306046 0.845703
14 0.4936859984214681 0.13376130123060462 0.00828728776637727 0.018726598608881755 0.844727
2 0.30843958958168904 0.5049492477260566 0.00997066456195738 0.007758156019261637 0.84375
7 0.583267409629045 0.11342950454788657 0.02683502320441989 0.024879611342964153 0.84375
22 0.3876284514601421 0.20706249759229534 0.014798739700078925 0.012306052862493312 0.84375
14 0.6685083378058406 0.2968164537185661 0.007892639621152327 0.01765649395398609 0.84375
5 0.4535317821625888 0.41385762653825575 0.014601415627466457 0.011235948207597645 0.84375
5 0.3685870623520126 0.3681112894596041 0.014206767482241514 0.012306052862493312 0.842773
19 0.6471979037095501 0.39125210058855003 0.012628255722178374 0.01257355848047084 0.841797
0 0.6562251870560379 0.204654810058855 0.023381993370165745 0.017121455323702513 0.84082
22 0.3326755359116022 0.6437935666131621 0.013417511602209945 0.011503481219903692 0.84082
16 0.19623137490134177 0.13596846227929374 0.017166547750591947 0.012974857998929909 0.839844
13 0.477703273875296 0.47849783199571966 0.00828728776637727 0.01812466302835741 0.839844
10 0.4087412786108918 0.203852430176565 0.014404091554853986 0.018191532584269664 0.838867
22 0.21033946014206786 0.36704126698769396 0.013417511602209945 0.011235948207597645 0.838867
8 0.4900353212312549 0.5510969117174961 0.01835045177584846 0.013643663135366507 0.837402
6 0.37011659668508284 0.5278224162653825 0.01687054143646409 0.01257355848047084 0.835449
23 0.4713891460142068 0.5283574275013376 0.013022903867403315 0.011503481219903692 0.835449
14 0.5872138910812944 0.6185124365971107 0.007892639621152327 0.018191532584269664 0.834473
8 0.4372532533543804 0.6680044002140181 0.01637725146014207 0.011771014232209739 0.833496
6 0.38397777426992896 0.2757491193151418 0.01657457553275454 0.01257355848047084 0.833496
0 0.30781383425414366 0.4775280727661852 0.02683502320441989 0.003745325200642055 0.833496
4 0.13614835674822415 0.3893794242910647 0.013022903867403315 0.014446234777956127 0.832031
5 0.25138108918705604 0.2714019133226324 0.011838999842146803 0.005082935473515249 0.830078
8 0.31373315232833465 0.275949645799893 0.01578531965272297 0.013643663135366507 0.830078
5 0.31271582004735593 0.23010299069020868 0.010346764325177586 0.007356883895131086 0.830078
5 0.5049330260457774 0.6217227779561262 0.015390671507498026 0.012306052862493312 0.829102
18 0.13121545698500395 0.4111825703584805 0.024467255564325177 0.016318883681112895 0.829102
11 0.18241909392265193 0.478698632423756 0.014206767482241514 0.017589624398073836 0.829102
22 0.4051896069455406 0.11316213590155164 0.014009483820047354 0.01257355848047084 0.827637
11 0.3970008397790055 0.388175443552702 0.014206767482241514 0.01765649395398609 0.827637
2 0.19297550749802683 0.2753477924023542 0.012628255722178374 0.0149812734082397 0.825684
8 0.2115234853985793 0.6436596083467094 0.01578531965272297 0.011771014232209739 0.825684
22 0.645422269928966 0.4360286236490102 0.013516193843725335 0.01103531214553237 0.824219
8 0.15686677821625886 0.6209203980738363 0.01637725146014207 0.011503481219903692 0.824219
8 0.6386148520915549 0.5979132712680578 0.016426592580899763 0.01257355848047084 0.823242
8 0.3547751854775059 0.2528091086142322 0.01736387182320442 0.01136971471375067 0.823242
2 0.6518842999210734 0.2526751503477796 0.011543033938437253 0.01257355848047084 0.822266
9 0.34569860142067876 0.4585339411449973 0.014996063772691397 0.012038519850187265 0.822266
2 0.6156276685082873 0.45906895238095236 0.013417511602209945 0.012841091492776886 0.818848
8 0.4192976921862668 0.43753344890315676 0.015390671507498026 0.010968442589620118 0.818848
11 0.4364640378847671 0.5478865703584804 0.014996063772691397 0.01738898833600856 0.817383
9 0.21329911917916336 0.4815407940074906 0.014996063772691397 0.012172286356340288 0.817383
5 0.4745460078926599 0.11276080898876405 0.014601415627466457 0.013911168753344035 0.81543
4 0.15962923441199683 0.5724987308721242 0.013417511602209945 0.013911168753344035 0.81543
5 0.1402920410418311 0.2712679550561798 0.012825579794790843 0.005350441091492776 0.813965
5 0.29715881925808996 0.20928847854467628 0.01578531965272297 0.007653646655965757 0.813965
24 0.5536700110497238 0.43873715569823435 0.013417511602209945 0.016051378063135367 0.811523
5 0.4301499100236779 0.4815407940074906 0.013812159747434886 0.011904753344034244 0.810547
24 0.5860298658247829 0.5543406741573034 0.01657457553275454 0.01812466302835741 0.810547
22 0.28966066614048935 0.43659711075441415 0.014206767482241514 0.011235948207597645 0.810547
4 0.23322792107340173 0.10908229855537721 0.014206767482241514 0.020599247512038524 0.809082
5 0.34964467876874505 0.2993578255751739 0.014996063772691397 0.012172286356340288 0.809082
2 0.3247829771112865 0.32276627929373997 0.012628255722178374 0.013643663135366507 0.809082
0 0.6581984277821626 0.22874866987693956 0.02959747940015785 0.014345916746923487 0.809082
24 0.39088391475927386 0.6470036340288925 0.014601415627466457 0.01658641669341894 0.808105
2 0.24546177111286505 0.4146853187800963 0.01026044767166535 0.007540809416800428 0.805664
6 0.26519337016574585 0.5738363959336543 0.01578531965272297 0.012841091492776886 0.803223
13 0.17738759273875296 0.6647940588550026 0.009076543646408839 0.01658641669341894 0.803223
6 0.5157852438831887 0.32196362546816476 0.01578531965272297 0.011904753344034244 0.79834
24 0.4595501057616417 0.3452381209202782 0.014601415627466457 0.013643663135366507 0.79834
13 0.17008664246250987 0.4751203852327448 0.007498031886345699 0.008560727661851257 0.795898
6 0.4661600378847672 0.2298187471375067 0.014206767482241514 0.011536929695024078 0.794434
13 0.6566692975532754 0.15864110433386838 0.00868193591160221 0.01658641669341894 0.791992
6 0.440212912391476 0.27414381166399143 0.01677189960536701 0.015917611556982344 0.791992
24 0.5063142541436465 0.5306314307116105 0.01696922367797948 0.014713740395933653 0.790527
13 0.4845108129439621 0.6414192179775281 0.009668515864246252 0.018392196040663455 0.790527
8 0.5303867403314917 0.4589352680577849 0.01578531965272297 0.012841091492776886 0.790527
8 0.26519337016574585 0.5280897849117175 0.014206767482241514 0.01136971471375067 0.790527
5 0.3930543583267561 0.2982878031032638 0.01578531965272297 0.01257355848047084 0.789062
6 0.12628255722178375 0.5049492477260566 0.01657457553275454 0.01417870176565008 0.788086
24 0.5655090513022889 0.5548756853932585 0.028018927229676402 0.01812466302835741 0.786621
18 0.4782952865035517 0.13456395505617977 0.0205208953433307 0.0149812734082397 0.786621
22 0.5662982667719021 0.2992241412520064 0.014206767482241514 0.012306052862493312 0.786621
22 0.41633762904498817 0.6912117795612627 0.014601415627466457 0.012974857998929909 0.785156
5 0.36148371902131016 0.15957744248261102 0.01736387182320442 0.01337613012306046 0.78418
14 0.4861878453038674 0.478698632423756 0.007103383741120757 0.01772339090422686 0.782715
5 0.1432517000789266 0.4773943884430176 0.012825579794790843 0.004012830818619583 0.782715
10 0.640884179952644 0.296281442482611 0.01736387182320442 0.017121455323702513 0.782715
22 0.4853986298342542 0.5280897849117175 0.013812159747434886 0.011503481219903692 0.779785
6 0.4743488050513022 0.41425895345104335 0.024861863299131808 0.011235948207597645 0.779785
22 0.1687054143646409 0.25120380096308187 0.013812159747434886 0.011771014232209739 0.777344
13 0.623914632991318 0.4795344333868379 0.007892639621152327 0.016987688817549494 0.777344
2 0.5836622194159431 0.2995586260032103 0.009471191791633781 0.007624389513108614 0.777344
0 0.2691398516179953 0.4775280727661852 0.025256511444356748 0.003745325200642055 0.775879
14 0.2119178910812944 0.4554575580524345 0.00828728776637727 0.01738898833600856 0.774414
13 0.3593132754538279 0.6645264162653824 0.010655095816890291 0.018726598608881755 0.774414
8 0.6361484830307814 0.5757087982878545 0.01657457553275454 0.012841091492776886 0.771973
13 0.3569949297553276 0.6167737185660781 0.01026044767166535 0.019529170251471373 0.771973
8 0.30189411207576955 0.6445959464954522 0.018153127703235992 0.012038519850187265 0.771973
13 0.3428374225730071 0.5246120749063671 0.01016180584056827 0.020064208881754947 0.770508
14 0.4260062257300711 0.5715623927233815 0.00828728776637727 0.01845906559657571 0.769043
5 0.32912386424625095 0.27608333012306047 0.012628255722178374 0.011771014232209739 0.769043
38 0.40227884451460144 0.47458537399678974 0.015094705603788476 0.009630804922418405 0.769043
9 0.3022889218626677 0.2528091086142322 0.014206767482241514 0.012038519850187265 0.767578
6 0.38101811523283347 0.39165342750133764 0.01617996779794791 0.011771014232209739 0.767578
18 0.21468034727703236 0.1589084729802033 0.01578531965272297 0.013911168753344035 0.766113
4 0.13595115390686663 0.296281442482611 0.025651159589581685 0.014446234777956127 0.766113
8 0.4631017774269929 0.25347780417335475 0.007892639621152327 0.013108624505082933 0.764648
6 0.4111089250197316 0.2995586260032103 0.021507515706393053 0.011904753344034244 0.763672
24 0.1604184498816101 0.3457731321562333 0.01657457553275454 0.01845906559657571 0.760742
12 0.34905307024467247 0.4111825703584805 0.013910801578531964 0.01658641669341894 0.760742
2 0.21665358800315704 0.6203851128945961 0.01026044767166535 0.00749065040128411 0.760742
5 0.37179362904498814 0.2524077817014446 0.015292029676400948 0.012841091492776886 0.757812
0 0.154498727703236 0.6904093996789727 0.023480675611681136 0.012306052862493312 0.753418
6 0.6735398389897396 0.5961745532370252 0.024269931491712707 0.016853922311396468 0.751953
5 0.3028809344909234 0.36797760513643657 0.013417511602209945 0.011503481219903692 0.750488
6 0.48194555958958163 0.20946402140181913 0.01696922367797948 0.008013142429106473 0.750488
5 0.3106070023677979 0.3919207961476726 0.014909747119179162 0.012038519850187265 0.750488
23 0.2647985603788477 0.2755483188871054 0.011838999842146803 0.013108624505082933 0.749023
11 0.2983424404104183 0.29614775815944355 0.022888703393843725 0.01779026046013911 0.749023
22 0.4350828097868982 0.4585339411449973 0.013022903867403315 0.011503481219903692 0.747559
22 0.4299527071823205 0.15971112680577848 0.014601415627466457 0.012841091492776886 0.746094
13 0.5286107024467245 0.31902092669876936 0.007892639621152327 0.017924026966292132 0.746094
13 0.3328729408050513 0.5749064184055644 0.0036010249092344117 0.012306052862493312 0.744629
14 0.6643646535122336 0.6410513669341894 0.00887925998421468 0.017857130016051364 0.743164
5 0.580110547750592 0.16051378063135366 0.021310191633780583 0.012841091492776886 0.741699
4 0.6575449913180742 0.13683795826645265 0.019164358011049726 0.01337613012306046 0.741699
22 0.4658642336227309 0.48165804173354737 0.013812159747434886 0.012071968325307651 0.740234
22 0.23026826203630624 0.690877568753344 0.013812159747434886 0.011771014232209739 0.737305
9 0.4103197095501184 0.2295346131621188 0.014601415627466457 0.012306052862493312 0.73584
22 0.3149171775848461 0.4815407940074906 0.013417511602209945 0.011235948207597645 0.73584
10 0.2738751444356748 0.1575708079186731 0.014206767482241514 0.01845906559657571 0.732422
35 0.1405878453038674 0.15797213483146066 0.03157063930544594 0.018994104226859286 0.732422
2 0.17482233938437253 0.346141037988229 0.007892639621152327 0.007557519957196362 0.732422
22 0.17048145224940806 0.681647871589085 0.012628255722178374 0.006420545746388443 0.732422
0 0.3133387466456196 0.11088813269127876 0.023677999684293606 0.017522727447833068 0.726562
10 0.28334653827940015 0.11021943713215623 0.01854773543804262 0.018994104226859286 0.72168
4 0.32510359337016576 0.3892454660246121 0.013516193843725335 0.0149812734082397 0.72168
13 0.48046573007103394 0.6653290700909577 0.00887925998421468 0.017522727447833068 0.720215
8 0.3989740805051302 0.13677111610486892 0.01026044767166535 0.012439819368646333 0.71875
2 0.6638712423046567 0.5288924387372926 0.012233607576953433 0.012439819368646333 0.716797
18 0.5501183393843725 0.34309780203317286 0.021310191633780583 0.015516312038523274 0.713867
22 0.6807417837411207 0.3224986367041199 0.014404091554853986 0.012038519850187265 0.713867
11 0.49230477032359904 0.6650614275013377 0.014601415627466457 0.01765649395398609 0.712402
2 0.6617994001578531 0.5524345767790262 0.01006312359905288 0.011235948207597645 0.712402
23 0.5386741089187056 0.2533441198501873 0.013417511602209945 0.011771014232209739 0.712402
13 0.0020409928334648776 0.43301900053504544 0.003989494301499605 0.04420814553237025 0.712402
22 0.29104189423835836 0.5046816051364366 0.013022903867403315 0.010834676083467094 0.710449
10 0.15410432202052093 0.38764043231674694 0.013417511602209945 0.018191532584269664 0.708984
2 0.13022903867403315 0.20853606591760301 0.013417511602209945 0.00615720406634564 0.708984
12 0.6770915106550908 0.41251996147672554 0.019337031728492503 0.020331741894060996 0.70752
13 0.5165744593528019 0.6812465446762975 0.006314127861089187 0.0072231173889780636 0.704102
13 0.4005525114443567 0.25013377849117174 0.007103383741120757 0.01765649395398609 0.702637
13 0.39779005524861877 0.664392731942215 0.011049743962115234 0.018191532584269664 0.702637
0 0.671961408050513 0.6236456680577849 0.0230860274664562 0.014546552808988764 0.702637
22 0.19968444514601422 0.4593365949705725 0.013417511602209945 0.010165870947030498 0.702637
5 0.46596283504340963 0.20888090572498663 0.014996063772691397 0.0068469110754414125 0.702637
0 0.25887924230465664 0.11309529373996789 0.029992127545382795 0.012172286356340288 0.700684
13 0.36483818784530386 0.4743177314071696 0.011247027624309392 0.010165870947030498 0.700684
2 0.45876089029202843 0.5280897849117175 0.011838999842146803 0.011771014232209739 0.699219
4 0.2825573228097869 0.2704655751738898 0.021704799368587213 0.006955584376672017 0.697754
10 0.5564324672454617 0.571696077046549 0.014996063772691397 0.018994104226859286 0.697754
5 0.22770341278610892 0.6436596083467094 0.014996063772691397 0.012306052862493312 0.695801
24 0.5122335722178374 0.18378800214018193 0.024861863299131808 0.014446234777956127 0.692871
9 0.3062537011523283 0.25307647726056715 0.006351143804262036 0.011771014232209739 0.692871
2 0.46191775217048153 0.3681112894596041 0.012628255722178374 0.012306052862493312 0.692871
10 0.24940825256511442 0.13376130123060462 0.014206767482241514 0.019261637239165328 0.690918
8 0.6844910623520126 0.11443295880149813 0.02012628760852407 0.014044935259497057 0.690918
6 0.16949503393843723 0.41251996147672554 0.022888703393843725 0.013911168753344035 0.690918
24 0.2900550718232044 0.5535045992509363 0.02762431949486977 0.01845906559657571 0.690918
18 0.2458561767955801 0.691144937399679 0.01578531965272297 0.01738898833600856 0.689453
23 0.15094705603788477 0.4135902578919208 0.014206767482241514 0.011771014232209739 0.689453
7 0.5295975248618785 0.20933650080256822 0.01657457553275454 0.016051378063135367 0.686035
22 0.20224929439621153 0.5976459026217228 0.013022903867403315 0.011771014232209739 0.686035
5 0.33228113022888717 0.4814071096843232 0.01026044767166535 0.008025689031567683 0.684082
14 0.6306235706393055 0.5495250251471375 0.007103383741120757 0.017589624398073836 0.682617
24 0.1363455595895817 0.3467094703049759 0.03157063930544594 0.018191532584269664 0.682617
11 0.12578914601420677 0.5944355612627074 0.015587995580110498 0.01765649395398609 0.677246
4 0.34037089187056035 0.22846431674692347 0.012628255722178374 0.014446234777956127 0.675781
7 0.655485272296764 0.18646333226324238 0.02762431949486977 0.017924026966292132 0.675781
5 0.6475927134964483 0.2755483188871054 0.014996063772691397 0.01257355848047084 0.675781
13 0.29123909707971585 0.36490094810058854 0.01026044767166535 0.018726598608881755 0.673828
13 0.38003169692186267 0.26805788764044947 0.00818864593528019 0.011771014232209739 0.672363
6 0.14364650986582478 0.3212949299090423 0.013812159747434886 0.012306052862493312 0.67041
22 0.5213101562746646 0.5510969117174961 0.012628255722178374 0.010968442589620118 0.666992
13 0.65735991160221 0.4751203852327448 0.01696922367797948 0.008560727661851257 0.666992
13 0.4254142131018153 0.5484550026752274 0.010457771744277821 0.019194767683253077 0.662109
5 0.3788476716653512 0.5971108913857678 0.01696922367797948 0.012841091492776886 0.662109
2 0.6479875232833464 0.41524440963081866 0.009964481767955802 0.008211696522204387 0.662109
13 0.3791434759273875 0.6177100567148207 0.00828728776637727 0.01845906559657571 0.660156
22 0.6420678011049724 0.11302845157838416 0.014601415627466457 0.012974857998929909 0.660156
2 0.5102603314917127 0.20916098533975389 0.014206767482241514 0.007407042910647405 0.660156
13 0.3285072820836622 0.681647871589085 0.007300707813733228 0.006420545746388443 0.656738
7 0.680149771112865 0.18432328731942216 0.022888703393843725 0.013911168753344035 0.656738
24 0.37608521546961327 0.6471375922953452 0.014996063772691397 0.016853922311396468 0.651367
12 0.200670863456985 0.2030497763509898 0.022099447513812154 0.018191532584269664 0.649414
4 0.4185084767166535 0.11222579775280898 0.011049743962115234 0.015248806420545746 0.645996
5 0.29715881925808996 0.2042534831460674 0.01617996779794791 0.01765649395398609 0.644043
4 0.1336821089187056 0.5500603103263777 0.024072607419100236 0.013309260567148208 0.644043
24 0.5716259763220205 0.2538791310861423 0.01854773543804262 0.01658641669341894 0.635254
6 0.41752165430149957 0.41524964194756553 0.01736387182320442 0.008652690422685929 0.631836
6 0.6258878737174427 0.3452381209202782 0.022888703393843725 0.011503481219903692 0.629883
13 0.3548737868981847 0.2689942257891921 0.007498031886345699 0.00989833793472445 0.62793
13 0.3508287040252565 0.47866493739967897 0.00868193591160221 0.019127870733012305 0.62793
5 0.5749804451460142 0.6217227779561262 0.014206767482241514 0.011235948207597645 0.625977
6 0.1535123093922652 0.2710005864098448 0.01026044767166535 0.0058855071161048695 0.622559
2 0.17048145224940806 0.3901818041733548 0.009076543646408839 0.011503481219903692 0.622559
13 0.6797553654301499 0.45692890743713216 0.01026044767166535 0.018191532584269664 0.620605
13 0.6282559242304657 0.11021943713215623 0.01026044767166535 0.0197966758694489 0.618652
2 0.40050321073401735 0.2715355976457999 0.015292029676400948 0.004815402461209203 0.618652
6 0.5071034696132597 0.5510969117174961 0.01617996779794791 0.011503481219903692 0.616699
18 0.38437258405682717 0.343900455858748 0.014996063772691397 0.014713740395933653 0.615234
23 0.4518547498026835 0.23006962439807385 0.013022903867403315 0.011235948207597645 0.613281
14 0.3429361452249408 0.4781299261637239 0.007892639621152327 0.018592832102728732 0.609375
6 0.31471997474348856 0.6920812755484216 0.01578531965272297 0.012841091492776886 0.605957
35 0.5753748508287292 0.22906217057249867 0.023677999684293606 0.02268091514178705 0.605957
22 0.2726915232833465 0.1841893290529695 0.013417511602209945 0.012306052862493312 0.604004
11 0.6256906708760852 0.4155464047084002 0.024072607419100236 0.00926298127340824 0.604004
4 0.4096290955011839 0.619850101658641 0.023875283346487766 0.014446234777956127 0.604004
18 0.2458561767955801 0.5264847512038523 0.022888703393843725 0.016853922311396468 0.602051
2 0.1891280315706393 0.2510701166399144 0.012430931649565904 0.012306052862493312 0.600098
18 0.6127232101026046 0.13804166506153023 0.013059879400157855 0.012841091492776886 0.598145
22 0.6759074853985793 0.644629367576244 0.01578531965272297 0.011771014232209739 0.596191
24 0.35050824940805053 0.5072229769930444 0.015440012628255721 0.017522727447833068 0.594727
24 0.6850826708760852 0.1524880642054575 0.014897381531176007 0.006688078758694489 0.59082
24 0.6792619542225731 0.3707866195826645 0.018153127703235992 0.016853922311396468 0.59082
0 0.5000001262825573 0.27180324023542 0.029992127545382795 0.004280363830925628 0.586914
5 0.39976329597474347 0.16024613804173354 0.00868193591160221 0.008025689031567683 0.584961
13 0.6243094427782163 0.47485274264312466 0.00868193591160221 0.009095766292134832 0.584961
18 0.6797553654301499 0.20518982129481006 0.023283351539068665 0.01658641669341894 0.581543
2 0.23480675611681137 0.29895677260567144 0.022888703393843725 0.01257355848047084 0.581543
12 0.47612484293606944 0.4563938962011771 0.01617996779794791 0.017121455323702513 0.581543
35 0.27604558800315704 0.3651685906902087 0.01973163946329913 0.01658641669341894 0.57959
3 0.4750394191002368 0.6887372498662386 0.02032361168113654 0.018860365115034777 0.577637
18 0.3792917821625888 0.11128945960406635 0.014798739700078925 0.016051378063135367 0.577637
5 0.496448454617206 0.4772607041198502 0.011444351696921862 0.004280363830925628 0.577637
7 0.0020409928334648776 0.5632690337078652 0.004032656669297553 0.019529170251471373 0.57373
4 0.18962103867403315 0.3404227458533975 0.0205208953433307 0.018994104226859286 0.567871
13 0.4208761231254933 0.29347242803638307 0.00848461183898974 0.023542001070090957 0.567871
6 0.35389949171270724 0.6213968128410914 0.016352601104972376 0.01004881498127341 0.565918
14 0.4976320757695343 0.6418037795612627 0.014206767482241514 0.01755617592295345 0.563965
13 0.4384372786108919 0.6874162953451044 0.009865839936858722 0.025113695880149813 0.562012
10 0.45807027624309393 0.11035312145532371 0.01775847955801105 0.019261637239165328 0.562012
13 0.4399171081294397 0.6799091535580524 0.008089963693764798 0.009630804922418405 0.550781
13 0.6631806282557222 0.26993056393793474 0.014206767482241514 0.008025689031567683 0.550781
4 0.20284130702446723 0.388710454788657 0.013812159747434886 0.0149812734082397 0.550781
12 0.15430152486187845 0.5019394328517924 0.015193387845303866 0.018325299090422686 0.548828
10 0.3528019447513812 0.15703579668271803 0.013417511602209945 0.018726598608881755 0.544922
5 0.6752168713496448 0.47779571535580523 0.014206767482241514 0.00321028657035848 0.544922
18 0.24052887134964485 0.6647272166934189 0.021704799368587213 0.01571694810058855 0.541016
12 0.2204024625098658 0.3187532841091493 0.01617996779794791 0.017924026966292132 0.541016
11 0.12815719652722968 0.6813805029427502 0.018942383583267563 0.006955584376672017 0.541016
9 0.6432518263614839 0.5059524280363831 0.014206767482241514 0.012306052862493312 0.539062
2 0.6665350970797159 0.32236495238095236 0.013022903867403315 0.012038519850187265 0.539062
13 0.28472776637726915 0.5941679186730872 0.01026044767166535 0.018726598608881755 0.539062
9 0.26381214206787684 0.5506955848047084 0.014206767482241514 0.012841091492776886 0.537109
10 0.23086027466456197 0.2748127811663991 0.025256511444356748 0.024210806206527553 0.533203
2 0.4061020741910024 0.598715925093633 0.015341370797158643 0.01337613012306046 0.527344
18 0.5617601767955801 0.6217479259497057 0.011444351696921862 0.01075106859283039 0.527344
18 0.6318075958958169 0.36704126698769396 0.014996063772691397 0.014446234777956127 0.525391
6 0.31827459636937644 0.643525924023542 0.01518720505130229 0.01337613012306046 0.521484
2 0.3830899573796369 0.41399131086142316 0.01854773543804262 0.010968442589620118 0.521484
13 0.6798046661404893 0.572231088282504 0.010655095816890291 0.018726598608881755 0.519531
2 0.13220187529597474 0.665529596575709 0.025651159589581685 0.01417870176565008 0.519531
46 0.13575395106550908 0.2506687897271268 0.024664579636937647 0.01257355848047084 0.517578
9 0.5909627655880032 0.18365431781701444 0.014601415627466457 0.013108624505082933 0.515625
22 0.38989749644830307 0.5742374489031568 0.012628255722178374 0.011235948207597645 0.515625
2 0.3695738847671665 0.3224986367041199 0.0230860274664562 0.01257355848047084 0.513672
13 0.1857735627466456 0.642857146281434 0.014601415627466457 0.023140728945960407 0.509766
13 0.3499655374901342 0.2035847875869449 0.007547373007103394 0.018191532584269664 0.509766
11 0.5986581215469613 0.2966159272338149 0.01775847955801105 0.019127870733012305 0.509766
8 0.4005525114443567 0.5282905853397538 0.007103383741120757 0.012306052862493312 0.509766
2 0.4230465666929755 0.13657031567683253 0.009865839936858722 0.007758156019261637 0.507812
14 0.34214692975532757 0.47418404708400214 0.006314127861089187 0.010433376565008026 0.503906
12 0.4660614364640884 0.20398611449973247 0.014996063772691397 0.016853922311396468 0.501953
