11 0.6319354085258705 0.28003190517437887 0.014236898926130817 0.01607017095965352 0.998047
11 0.4215749352424341 0.4614771424663779 0.016108039830784248 0.010713474538408936 0.998047
1 0.3900097103807354 0.35646156589924777 0.016270736869508622 0.012672437656713016 0.99707
1 0.7894361887406443 0.447401413995897 0.013464033843150015 0.016583104627307953 0.99707
1 0.3369468167914091 0.6331775737405972 0.01533517474780345 0.016640058354228403 0.99707
1 0.5351447992190043 0.7235582366081604 0.012691185421412302 0.011739236836106679 0.99707
1 0.5636185304262935 0.19318435741964896 0.015619915392124959 0.016640058354228403 0.996582
1 0.36397651806052717 0.1923866551173923 0.015294504653433127 0.01607017095965352 0.996094
24 0.7232345720794012 0.17004783952587188 0.014318255776114546 0.014360625484385686 0.996094
1 0.6260981919947933 0.44708798176430364 0.014969093914741296 0.015728331889674037 0.996094
11 0.7739993804100227 0.25746527467517666 0.014318255776114546 0.01607017095965352 0.995605
1 0.5647574930035796 0.5395486811032596 0.014643666514806378 0.015728331889674037 0.995605
24 0.3664172235600391 0.4475723802142694 0.013667417637487796 0.015500283565078644 0.995117
16 0.5201756719817767 0.6768862913152496 0.01692149170191995 0.011169361112377478 0.995117
11 0.47315331207289296 0.6269659995441076 0.01594532613081679 0.01618419512195122 0.994629
21 0.6495282316954116 0.2162639215865056 0.017247052391799543 0.015158444495099156 0.993164
11 0.45220463130491373 0.5808354647823114 0.015375861503416856 0.016355173011169365 0.993164
19 0.461112898145135 0.19033503715523137 0.011389525805401887 0.010941417825393207 0.992188
0 0.5602018093068662 0.3740027535901527 0.02408066124308493 0.01059949705949396 0.992188
19 0.7825211064106736 0.37434470936858905 0.009803125545069964 0.009915655527695464 0.992188
19 0.39456556068987964 0.3747150253020287 0.010087866189391474 0.010827440346478232 0.992188
1 0.3963553114220631 0.1701618636881696 0.014969093914741296 0.014816488716662869 0.991211
23 0.797958081353726 0.17021881741509004 0.010901401366742596 0.01059949705949396 0.991211
23 0.4944678737390173 0.2136425329382266 0.013342006898795965 0.01059949705949396 0.991211
38 0.767653779368695 0.23454244996580803 0.020501159778717866 0.016212671985411445 0.991211
23 0.7552879713634885 0.6742506642352405 0.011877650244061178 0.010058121540916343 0.991211
7 0.5369345499511877 0.42375195076361977 0.009111617312072893 0.015500283565078644 0.990723
19 0.41315484282460135 0.4447800136767723 0.011470882655385616 0.010941417825393207 0.990723
18 0.6057598125610153 0.18868244540688398 0.015457201692157502 0.014816488716662869 0.990234
23 0.44146596029938173 0.25985861499886026 0.01212170413276928 0.010941417825393207 0.989746
1 0.5596729814513505 0.3540004413038523 0.016840184835665472 0.01595626350581263 0.989746
7 0.5340058366417182 0.4005015254160018 0.014969093914741296 0.016298102575792114 0.989746
2 0.5221282030589002 0.4906256630955095 0.012365774682720468 0.01111237237291999 0.989258
2 0.3809794832411325 0.6067928260770459 0.012203060982753009 0.011283338591292455 0.989258
18 0.40731774292222583 0.6512422922270344 0.018426668402212822 0.016640058354228403 0.989258
8 0.6671819850309144 0.21347167175746523 0.016352093719492353 0.011055395304308182 0.98877
7 0.3953689658314351 0.2844768634602234 0.018568955418158152 0.014588557100524277 0.988281
2 0.6438334188089815 0.5137907745612036 0.013016596160104133 0.011169361112377478 0.988281
0 0.5240807341360234 0.2603145949395943 0.02326709274324764 0.011625259357191702 0.987793
18 0.483891983078425 0.46461134807385457 0.018223234624145785 0.01686798997036699 0.987793
0 0.5194435769606248 0.1222432386596763 0.023592653433127237 0.011269088488716663 0.987305
0 0.3848845453953791 0.26008666332345565 0.024406055320533682 0.012309124230681558 0.987305
2 0.73787830523918 0.2134430781855482 0.011552222844126263 0.011340327330749944 0.987305
0 0.6243084412626098 0.3741737314793709 0.02342987308818744 0.010257576293594712 0.987305
18 0.4070939824275952 0.18817674766355139 0.015619915392124959 0.014859204011853202 0.986816
4 0.33387564985356327 0.3513790526555733 0.012853882460136676 0.013676830635969911 0.986816
0 0.43845594012365763 0.35229089582858447 0.022941698665798895 0.011625259357191702 0.986816
23 0.6400504335828181 0.3064451297013905 0.011104785161080377 0.010656485798951449 0.986816
4 0.6722664965831435 0.5361294734442672 0.013016596160104133 0.013904762252108502 0.986816
12 0.3417670810283111 0.5349470067016184 0.028311117474780344 0.018150265785274674 0.986816
7 0.5885129267816466 0.284704795076362 0.01789784054669704 0.014132693868247092 0.986328
2 0.33525869964204363 0.3741737314793709 0.01317930986007159 0.010257576293594712 0.986328
2 0.6294490345590628 0.30607481376795076 0.009304837748128864 0.010827440346478232 0.986328
0 0.7654571610803774 0.37462959471164803 0.022290910510901398 0.009345791474811944 0.986328
5 0.4770582076147087 0.3973672031000684 0.015294504653433127 0.012252053795304309 0.986328
2 0.4304425486495282 0.44472305994985184 0.012935239310120404 0.011739236836106679 0.986328
13 0.5414700735437683 0.5815477364941875 0.008420109079075823 0.017095921586505584 0.986328
7 0.6544093094695738 0.6318668210622294 0.02408066124308493 0.01584223934351493 0.986328
2 0.3956232164009112 0.6303994456348302 0.01317930986007159 0.011995645315705494 0.986328
23 0.787015976570127 0.1697060004558924 0.010820044516758867 0.010485531251424663 0.98584
4 0.5432903143507973 0.5361294734442672 0.012020020566221933 0.014132693868247092 0.98584
0 0.7199601379759193 0.44438468712103946 0.024446875366091768 0.011660878778208343 0.98584
1 0.796300454279206 0.721905644859813 0.013321680182232346 0.014816488716662869 0.98584
2 0.6727140175724048 0.28265329382265786 0.012365774682720468 0.010941417825393207 0.985352
29 0.7674909990237553 0.19109014087075452 0.02082655385616661 0.01891949122407112 0.985352
2 0.596485498210218 0.35177796216093 0.012853882460136676 0.011283338591292455 0.985352
2 0.4126668350146437 0.536984246181901 0.01277254227139603 0.01139730439936175 0.985352
8 0.4563131272372275 0.5365283829496239 0.016108039830784248 0.011625259357191702 0.985352
7 0.7334852352749757 0.2665795282425347 0.01789784054669704 0.007970989195349899 0.984863
2 0.5339855099251546 0.6066788019147482 0.012894569215750083 0.011739236836106679 0.984863
9 0.7380410855841197 0.6287326154547527 0.013992845037422715 0.01139730439936175 0.984863
7 0.38984709664822653 0.7262650558468201 0.01659616426944354 0.015557354000455893 0.984863
23 0.5001626866254474 0.30641665283793024 0.012040347282785552 0.01059949705949396 0.984375
5 0.5464122980800521 0.4444951283337133 0.015375861503416856 0.01139730439936175 0.984375
18 0.6689004256426944 0.4423865566446319 0.015274161275626424 0.014930512878960564 0.984375
8 0.5116336192645623 0.5367563145657626 0.015619915392124959 0.011169361112377478 0.984375
5 0.5165961705174097 0.28315187235012534 0.014318255776114546 0.011368815865055847 0.983887
4 0.5122031005532054 0.30516297059493963 0.01171493654409372 0.013220850695235925 0.983887
0 0.41535146111291893 0.37405970731707316 0.022860391799544418 0.010485531251424663 0.983887
7 0.7954767224210869 0.3329154246637794 0.013260650048812236 0.015500283565078644 0.983887
18 0.6531077331597788 0.1651470180077502 0.01789784054669704 0.016526150900387507 0.983398
14 0.5453546423690205 0.18782767266925005 0.014318255776114546 0.01641212673808981 0.983398
18 0.5323786996420435 0.37240711556872574 0.01594532613081679 0.013790738089810805 0.983398
7 0.7151805271721445 0.2666115763847732 0.017247052391799543 0.008035108821518122 0.983398
23 0.4553774318255776 0.4443811041714156 0.011470882655385616 0.010485531251424663 0.983398
23 0.44297097038724376 0.44472305994985184 0.012040347282785552 0.010941417825393207 0.983398
8 0.6496908454279207 0.3742022083428311 0.01692149170191995 0.011796190563027125 0.983398
0 0.3664172235600391 0.7031730855710052 0.02342987308818744 0.005844677820834283 0.983398
0 0.7515456895541817 0.3074424034647823 0.02326709274324764 0.011226349851834967 0.98291
4 0.38895222128213475 0.4635855974470025 0.012365774682720468 0.006496471210394347 0.98291
9 0.6195899772209568 0.39816502211078186 0.014969093914741296 0.011568270617734215 0.98291
5 0.40497883761796294 0.4674037146113518 0.01594532613081679 0.011625259357191702 0.98291
13 0.473722793361536 0.510941454296786 0.008135368434754311 0.016640058354228403 0.98291
2 0.7763382857142856 0.44470879817643033 0.012203060982753009 0.010855940551629816 0.98291
9 0.6128376752359258 0.6290175007978117 0.014643666514806378 0.01139730439936175 0.98291
0 0.7469898392450375 0.5600638103487577 0.02310447901073869 0.010941417825393207 0.98291
23 0.6210543338756915 0.7230453029405061 0.011877650244061178 0.011169361112377478 0.98291
2 0.7630166221932964 0.6514132701162526 0.012203060982753009 0.011055395304308182 0.98291
18 0.8122356003904979 0.7167768917255527 0.013097953010087862 0.01618419512195122 0.98291
4 0.7770094005857467 0.6266241604741281 0.009111617312072893 0.013220850695235925 0.982422
9 0.8121542935242434 0.6270800237064053 0.013342006898795965 0.01139730439936175 0.982422
2 0.48958679596485516 0.1907339466605881 0.012365774682720468 0.011739236836106679 0.981934
18 0.6439960325414904 0.12013478367905174 0.016270736869508622 0.014916274447230454 0.981934
4 0.5468189990237553 0.28265329382265786 0.012528471721444842 0.014132693868247092 0.981934
4 0.4096159947933616 0.3052485178937771 0.012853882460136676 0.01361976020059266 0.981934
5 0.646762132118451 0.2834653512651014 0.014318255776114546 0.010912929291087304 0.981934
13 0.6385454734786854 0.16537494962388877 0.0078099576960624795 0.016640058354228403 0.981445
23 0.6585584588350146 0.351493076817871 0.01228441783273674 0.01002963300661044 0.981445
0 0.3725187373901725 0.5369272924549806 0.032216013016596164 0.01253705584682015 0.981445
8 0.3970011012040352 0.5367563145657626 0.016850348193947283 0.011853144289947572 0.981445
9 0.6587210725675235 0.5134488187827673 0.014969093914741296 0.012081192614542968 0.981445
6 0.8015782362512204 0.5369272924549806 0.013992845037422715 0.010485531251424663 0.981445
2 0.5200943651155223 0.6304992313653978 0.012853882460136676 0.011853144289947572 0.981445
9 0.4993491181256101 0.3513790526555733 0.015782629092092416 0.011739236836106679 0.980957
23 0.6466401718190693 0.3513220989286528 0.011674266449723398 0.01139730439936175 0.980957
9 0.5024406117800195 0.44403926510143604 0.015294504653433127 0.011853144289947572 0.980957
2 0.6387080872111943 0.3973672031000684 0.012853882460136676 0.011055395304308182 0.980957
0 0.5262568590953466 0.4455778326874858 0.023307912788805726 0.011967168452245271 0.980957
14 0.7748129489098601 0.41879417551857756 0.0074031901073869175 0.01595626350581263 0.980957
18 0.5507647146111292 0.5117392733074995 0.015294504653433127 0.014930512878960564 0.980957
9 0.7598438216726325 0.536699360838842 0.014318255776114546 0.011625259357191702 0.980957
4 0.8143913986332575 0.535844588101208 0.010982758216726327 0.013562806473672213 0.980957
22 0.803042592905955 0.5597789250056987 0.012853882460136676 0.010485531251424663 0.980957
6 0.4071348024731533 0.7233872587189424 0.01594532613081679 0.010941417825393207 0.980957
5 0.39261302961275624 0.3977661126054251 0.014318255776114546 0.010713474538408936 0.980469
2 0.47217696322811586 0.5371552240711193 0.013016596160104133 0.011739236836106679 0.980469
9 0.484461464367068 0.6764303113745156 0.014806380214773835 0.011853144289947572 0.980469
7 0.6266676732834363 0.19335533530886712 0.01806045427920599 0.016640058354228403 0.97998
6 0.5153759010738692 0.3742306852062913 0.01659616426944354 0.010143610485525416 0.97998
22 0.3657662687927107 0.5605196735810348 0.014318255776114546 0.01054250832003647 0.97998
13 0.6304914285714286 0.6729541499886027 0.0078099576960624795 0.0167540825165261 0.97998
7 0.7501626397657013 0.28498979712787786 0.01757244646924829 0.013562806473672213 0.979492
14 0.3519362707452001 0.4191361312970139 0.008135368434754311 0.016298102575792114 0.979492
8 0.7113569384965831 0.3971107946204696 0.016433450569476083 0.01139730439936175 0.979492
6 0.5811909768955419 0.5370411999088216 0.015782629092092416 0.010941417825393207 0.979492
4 0.4018060370972991 0.5831148976521541 0.011877650244061178 0.012821941189879189 0.979492
6 0.7232345720794012 0.6290175007978117 0.014318255776114546 0.010257576293594712 0.979492
9 0.7816262310445817 0.558803008889902 0.013545390693133746 0.01266531844084796 0.979492
2 0.6516433765050439 0.7224470553909277 0.012040347282785552 0.011226349851834967 0.979492
8 0.6317930048812236 0.14471731935263277 0.01692149170191995 0.01111237237291999 0.979004
7 0.6461113439635535 0.24002739731023479 0.017247052391799543 0.015044420332801458 0.979004
6 0.43076794272697694 0.6301572755869614 0.016108039830784248 0.010827440346478232 0.979004
5 0.6337455359583468 0.6293025028493275 0.015294504653433127 0.010941417825393207 0.979004
2 0.6853237461763748 0.19079101709596535 0.012853882460136676 0.011511281878276727 0.978516
22 0.4596485414904003 0.3742876389332117 0.01513179095346567 0.01002963300661044 0.978516
6 0.8100389821021803 0.33074989924777753 0.013667417637487796 0.010941417825393207 0.978516
12 0.3914740670354702 0.44445592596307276 0.028311117474780344 0.013598402552997492 0.978516
4 0.6059225929059552 0.6522680428538864 0.012365774682720468 0.012081192614542968 0.978516
5 0.5920924282460136 0.6529233608388421 0.014318255776114546 0.011055395304308182 0.978516
0 0.4804750953465669 0.16742645087759286 0.02310447901073869 0.011625259357191702 0.978027
0 0.7038723748779694 0.19067699293366766 0.02424344158802473 0.010941417825393207 0.978027
6 0.5320533055645948 0.2832374196489629 0.01594532613081679 0.010998406564850694 0.978027
8 0.7638809741620567 0.3292682853886483 0.016453793947282788 0.011169361112377478 0.978027
6 0.7886429469573707 0.42158654205607476 0.005532049202733485 0.01002963300661044 0.978027
7 0.41339893003579564 0.6329496421244586 0.015375861503416856 0.0167540825165261 0.978027
8 0.7567523280182233 0.6057670754501938 0.015294504653433127 0.010713474538408936 0.978027
5 0.34721764009111616 0.3517210084340096 0.014480969476082003 0.010941417825393207 0.977539
6 0.48324119492352746 0.3517210084340096 0.01594532613081679 0.010941417825393207 0.977539
4 0.7802635079726652 0.3975381809892865 0.009925152489424015 0.012992919079097333 0.977539
4 0.421422484868207 0.7221335764759517 0.012345431304913765 0.014360625484385686 0.977539
2 0.7927819329645297 0.6963756699338955 0.011247155483241133 0.010485531251424663 0.977539
5 0.48340380865603644 0.37440166309550943 0.015619915392124959 0.009801689719626168 0.977051
18 0.3896843163032867 0.4191930850239344 0.01594532613081679 0.015044420332801458 0.977051
9 0.7429221633582819 0.3978801367677228 0.014318255776114546 0.011739236836106679 0.977051
18 0.8097950615034168 0.4191930850239344 0.016270736869508622 0.016982014132664692 0.977051
8 0.6926048760169216 0.5368132682926829 0.016352093719492353 0.011169361112377478 0.977051
4 0.44516758867556133 0.6286756617278323 0.01171493654409372 0.012992919079097333 0.977051
23 0.7531880549300358 0.6512992459539548 0.0068540521965506016 0.009801689719626168 0.977051
6 0.5850145655711031 0.19079101709596535 0.02456883566547348 0.011625259357191702 0.976562
22 0.6534331272372275 0.19087644768634604 0.014155542076147089 0.010827440346478232 0.976562
2 0.38025748493329 0.3977376357419649 0.010738687666775139 0.010827440346478232 0.976562
2 0.4630654292222584 0.5137907745612036 0.012691185421412302 0.012081192614542968 0.976562
5 0.37162386202408076 0.6299293439708229 0.015619915392124959 0.011169361112377478 0.976562
2 0.6030751864627399 0.12292003100068384 0.012040347282785552 0.01139730439936175 0.976074
21 0.6422672619589977 0.26270805197173464 0.01639278047510576 0.015728331889674037 0.976074
2 0.8114220318906605 0.26168230134488263 0.011389525805401887 0.010827440346478232 0.976074
6 0.6041328421737715 0.37405970731707316 0.01659616426944354 0.010485531251424663 0.976074
2 0.35356324113244386 0.4447800136767723 0.012528471721444842 0.011283338591292455 0.976074
5 0.5938821789781972 0.4443811041714156 0.014969093914741296 0.01139730439936175 0.976074
5 0.4043280494630654 0.6067928260770459 0.014969093914741296 0.01139730439936175 0.976074
0 0.5123657142857143 0.1456576393891042 0.02310447901073869 0.011055395304308182 0.975586
6 0.7791247120078099 0.352518827444723 0.014155542076147089 0.010485531251424663 0.975586
9 0.6381386059225512 0.5370411999088216 0.01513179095346567 0.011625259357191702 0.975586
23 0.5214774149040026 0.16742645087759286 0.011389525805401887 0.010257576293594712 0.975098
5 0.7860396277253499 0.12343284795988148 0.010738687666775139 0.010941417825393207 0.975098
2 0.518711315327042 0.3517210084340096 0.012691185421412302 0.011625259357191702 0.975098
5 0.7041977689554182 0.37383177570093457 0.014806380214773835 0.010941417825393207 0.975098
14 0.7897819095346567 0.37262080875313425 0.0032541407094044904 0.01575680875313426 0.975098
23 0.5076472502440612 0.21398448871666287 0.011877650244061178 0.011055395304308182 0.974609
9 0.4871460904653433 0.2827102475495783 0.01513179095346567 0.012650963300661044 0.974609
6 0.5537747347868532 0.39816502211078186 0.016433450569476083 0.011625259357191702 0.974609
2 0.6121054136023429 0.42084567677228174 0.012365774682720468 0.01139730439936175 0.974609
9 0.5159453823625122 0.4671757829952131 0.013992845037422715 0.012252053795304309 0.974609
5 0.7858770139928408 0.5368132682926829 0.01106409840546697 0.010941417825393207 0.974609
2 0.7537626178978197 0.5137907745612036 0.00801334149040026 0.011169361112377478 0.974609
4 0.5684997748128865 0.39742415682698884 0.010575990628050765 0.013790738089810805 0.974121
7 0.6451349951187765 0.5634830180077501 0.01659616426944354 0.015443329838158194 0.974121
18 0.553937515131793 0.7204809847276042 0.015782629092092416 0.01607017095965352 0.974121
5 0.501952437357631 0.7027812952815136 0.014643666514806378 0.0050611205835422845 0.974121
6 0.41272781516433454 0.1675404750398906 0.015986012886430197 0.010713474538408936 0.973633
6 0.475024369671331 0.19050601504444953 0.014969093914741296 0.011739236836106679 0.973633
2 0.6278881093394078 0.25985861499886026 0.012040347282785552 0.011169361112377478 0.973633
5 0.37862025122030585 0.3059607896056531 0.014969093914741296 0.011055395304308182 0.973633
23 0.7903513908232997 0.30761338135400046 0.012040347282785552 0.01088442908593572 0.973633
18 0.7945411936218678 0.3506952578071575 0.013504720598763422 0.013790738089810805 0.973633
2 0.7080215242434104 0.5370411999088216 0.012040347282785552 0.01139730439936175 0.973633
5 0.40969730165961604 0.6765443355368133 0.013667417637487796 0.010713474538408936 0.973633
22 0.7587048590953466 0.26008666332345565 0.013667417637487796 0.010485531251424663 0.973145
6 0.766514816791409 0.5597789250056987 0.014643666514806378 0.010371553772509687 0.973145
5 0.5334363553530752 0.14474579621609301 0.014480969476082003 0.010827440346478232 0.972656
2 0.7754637370647575 0.16890818144517894 0.01122681210543443 0.01139730439936175 0.972656
23 0.4663195366091767 0.283109157054935 0.01106409840546697 0.010485531251424663 0.972656
5 0.7752196498535633 0.21515274036927287 0.014643666514806378 0.010998406564850694 0.972656
5 0.764236891636837 0.4209597009345794 0.013504720598763422 0.010941417825393207 0.972656
2 0.4965831851610804 0.5373831556872578 0.012853882460136676 0.011055395304308182 0.972656
6 0.7859583208590954 0.6054820733986779 0.010901401366742596 0.010257576293594712 0.972656
5 0.39944680507647246 0.7008206282197401 0.01594532613081679 0.010713474538408936 0.972656
6 0.5287178913114221 0.23717807704581717 0.015782629092092416 0.011283338591292455 0.972168
5 0.5810283631630329 0.3978230663323456 0.014806380214773835 0.01139730439936175 0.972168
32 0.7672469118125611 0.40192618554821063 0.013342006898795965 0.01994524185092318 0.972168
23 0.5699641314676213 0.4905402325051288 0.01317930986007159 0.010428542511967176 0.972168
12 0.7185364347543117 0.5111693859129245 0.027619509274324765 0.016982014132664692 0.972168
22 0.8114220318906605 0.5137907745612036 0.012203060982753009 0.010713474538408936 0.972168
4 0.5323786996420435 0.6986551028037383 0.011389525805401887 0.012992919079097333 0.972168
18 0.7325903599088839 0.7188283929792569 0.014806380214773835 0.015044420332801458 0.972168
6 0.518141834038399 0.7026886987918851 0.015457201692157502 0.004875915933439708 0.972168
23 0.36015292938496585 0.35217687166628675 0.011389525805401887 0.010485531251424663 0.97168
13 0.5035643126586398 0.37024159015272395 0.007454040221282135 0.018121672213357646 0.97168
14 0.5916857273023105 0.37132441121495324 0.007972671396029939 0.01595626350581263 0.97168
22 0.7757891311422063 0.28376447503989055 0.014318255776114546 0.01059949705949396 0.97168
6 0.798486742596811 0.627763818554821 0.01317930986007159 0.010713474538408936 0.97168
2 0.7396680559713635 0.651926203783907 0.011389525805401887 0.010941417825393207 0.97168
6 0.39212502180279857 0.2362804723045361 0.016270736869508622 0.011140872578071575 0.971191
0 0.6265050595509274 0.23807556507864144 0.021802736088512853 0.011881737861864599 0.971191
0 0.7567523280182233 0.21446882881240026 0.022128130165961605 0.011169361112377478 0.971191
23 0.34860068987959647 0.3746865484385685 0.012691185421412302 0.009231825666742648 0.971191
14 0.514969033517735 0.3264759188511511 0.0078099576960624795 0.0167540825165261 0.971191
9 0.7031809332899447 0.35103709687713697 0.015050434103481938 0.012081192614542968 0.971191
1 0.5153759010738692 0.40055847914292225 0.015294504653433127 0.015044420332801458 0.971191
13 0.5084608187438985 0.41805331023478454 0.008135368434754311 0.017209945748803284 0.971191
2 0.6560364464692483 0.39785165990426263 0.012365774682720468 0.011340327330749944 0.971191
23 0.5056947191669378 0.5598074018691588 0.013342006898795965 0.010371553772509687 0.971191
7 0.663887057598438 0.6094142147253249 0.01789784054669704 0.01595626350581263 0.971191
5 0.5740318073543769 0.7229313954866651 0.014643666514806378 0.011169361112377478 0.971191
5 0.4588552997071266 0.3518349158878505 0.015579245297754637 0.010941417825393207 0.970703
14 0.6055971988285064 0.4421016713015728 0.007484546957370648 0.01641212673808981 0.970703
13 0.6581515912788806 0.5572714438112606 0.007484546957370648 0.016127241395030772 0.970703
22 0.3799549500813537 0.12263502894916799 0.010153961340709405 0.010143610485525416 0.970215
5 0.5255450907907583 0.30618872122179164 0.014643666514806378 0.011169361112377478 0.970215
12 0.4287341047835991 0.39548667973558244 0.029124685974617634 0.017380923638021427 0.970215
6 0.35437680963228113 0.6302712997492592 0.01659616426944354 0.010941417825393207 0.970215
2 0.48844783338756914 0.72350128288124 0.012365774682720468 0.011625259357191702 0.970215
13 0.6374878177676537 0.6499814907681787 0.008623492873413602 0.016996252564394805 0.970215
5 0.7858770139928408 0.19267154046045132 0.014643666514806378 0.010941417825393207 0.969727
5 0.7869346697038724 0.2603145949395943 0.008948903612105433 0.011169361112377478 0.969727
13 0.5229417715587374 0.32607700934579437 0.007484546957370648 0.017209945748803284 0.969727
5 0.7476407940123658 0.3516069842717119 0.01594532613081679 0.01139730439936175 0.969727
0 0.7399934500488122 0.3294392632778664 0.030589042629352425 0.011625259357191702 0.969727
4 0.4057110992515457 0.3967973157054935 0.011389525805401887 0.014132693868247092 0.969727
16 0.5370973302961276 0.4909391420104855 0.008786206573381061 0.010143610485525416 0.969727
9 0.40628058054018873 0.5596079471164804 0.015294504653433127 0.011796190563027125 0.969727
14 0.384477677839245 0.14238093275586963 0.008460779173446143 0.016127241395030772 0.969238
23 0.7266514598112594 0.21415546660588103 0.010413276928083305 0.010143610485525416 0.969238
7 0.7375529111617312 0.6775131324367449 0.02310447901073869 0.01584223934351493 0.969238
2 0.5183859212495933 0.7233872587189423 0.012203060982753009 0.011511281878276727 0.969238
5 0.7236414396355353 0.19079101709596535 0.014155542076147089 0.011055395304308182 0.96875
13 0.5003254669703873 0.1879844121267381 0.008135368434754311 0.017010490996124915 0.96875
8 0.5062642004555808 0.4907112103943469 0.016270736869508622 0.011169361112377478 0.96875
8 0.7556133654409372 0.5826019639844997 0.015294504653433127 0.010770463277866424 0.96875
6 0.5177351330946958 0.699794877592888 0.01659616426944354 0.010941417825393207 0.96875
7 0.5891433882199805 0.7018463788465922 0.01761309990237553 0.01641212673808981 0.96875
0 0.8045884230393752 0.19364033736038297 0.021640122356003905 0.010713474538408936 0.968262
22 0.4685161548974943 0.44472305994985184 0.014155542076147089 0.010713474538408936 0.968262
23 0.5990075105759843 0.4205607914292227 0.012528471721444842 0.010371553772509687 0.968262
14 0.8011715353075172 0.5110553617506268 0.00724047640741946 0.0167540825165261 0.968262
13 0.46518057403189067 0.5814338290403465 0.010413276928083305 0.017437877364941873 0.968262
6 0.6693072931988285 0.1906200392067472 0.015436874975593881 0.011055395304308182 0.967773
8 0.6428570699642044 0.32886937588329157 0.01594532613081679 0.011283338591292455 0.967773
2 0.6344573709079075 0.3518349158878505 0.01212170413276928 0.011625259357191702 0.967773
0 0.5417243241132443 0.4644403701846364 0.024263768304588353 0.0047868673808981075 0.967773
22 0.42905949886104783 0.16736949715067245 0.014643666514806378 0.010257576293594712 0.967285
8 0.4265376531077123 0.19044906131752903 0.015782629092092416 0.011169361112377478 0.967285
22 0.6148715131793037 0.2834511128333713 0.013992845037422715 0.010713474538408936 0.967285
0 0.5145623325740318 0.514132613631183 0.022616304588350147 0.010941417825393207 0.967285
5 0.7718840689879597 0.6738659931616139 0.013342006898795965 0.010827440346478232 0.967285
2 0.5369345499511877 0.1676543824937315 0.009111617312072893 0.011739236836106679 0.966797
7 0.38903352814838915 0.2162639215865056 0.01659616426944354 0.015728331889674037 0.966797
7 0.511389532053368 0.23934348575336217 0.01692149170191995 0.01584223934351493 0.966797
6 0.3950537351122682 0.30624567494871213 0.016270736869508622 0.01054250832003647 0.966797
14 0.7597625148063781 0.3496124367449282 0.007647243996095021 0.01641212673808981 0.966797
11 0.7164009632281159 0.46515275860496924 0.022616304588350147 0.016640058354228403 0.966797
2 0.372437430523918 0.7232733512651014 0.010738687666775139 0.01139730439936175 0.966797
13 0.47193304262935243 0.6736380615454752 0.006671011780019525 0.01686798997036699 0.966797
23 0.6441588128864302 0.6988830344198769 0.012365774682720468 0.010713474538408936 0.966797
6 0.7497559388219981 0.7204240310006839 0.014643666514806378 0.010485531251424663 0.966797
0 0.5566627946631956 0.7028347244130385 0.023023172144484218 0.005160847959881468 0.966797
23 0.5660998893589326 0.12195123410075223 0.01171493654409372 0.010827440346478232 0.966309
8 0.5904449645297755 0.16776840665602918 0.01663683436381386 0.01139730439936175 0.966309
23 0.33387564985356327 0.19042058445406884 0.012365774682720468 0.01059949705949396 0.966309
5 0.4349577455255451 0.3741737314793709 0.01553855854214123 0.010257576293594712 0.966309
6 0.6478197878294826 0.44466610622293135 0.024894229742922224 0.011511281878276727 0.966309
6 0.8074356628701594 0.4451219694552086 0.021802736088512853 0.011511281878276727 0.966309
23 0.5506427543117475 0.16833829405060405 0.012040347282785552 0.012423031684522452 0.96582
13 0.3489260839570452 0.2100595833143378 0.007484546957370648 0.01673984408479599 0.96582
5 0.6319557852261634 0.21318666970594938 0.014969093914741296 0.011055395304308182 0.96582
13 0.49129507321835336 0.4417027617962161 0.006833708818743898 0.016982014132664692 0.96582
13 0.6278270458835015 0.5345623472988374 0.006060860397006183 0.017836786870298608 0.96582
14 0.41425315196876017 0.12018461819010713 0.0045558169866579895 0.0153294223843173 0.965332
5 0.3756915379108363 0.2836790444495099 0.016270736869508622 0.011055395304308182 0.965332
5 0.5028473127237227 0.328926329610212 0.015782629092092416 0.01139730439936175 0.965332
7 0.6873575841197527 0.37394579986323223 0.017409666124308495 0.010713474538408936 0.965332
8 0.6500162395053694 0.4209026304992022 0.01659616426944354 0.01139730439936175 0.965332
22 0.5710217871786528 0.4443811041714156 0.014643666514806378 0.010941417825393207 0.965332
22 0.7000894396355353 0.6289605470708913 0.014643666514806378 0.010713474538408936 0.965332
2 0.45175727692808326 0.653806727148393 0.012528471721444842 0.011055395304308182 0.965332
14 0.8145948324113245 0.37361808251652606 0.005857459941425317 0.016725605653065877 0.964844
5 0.4579400976244712 0.6299293439708229 0.013992845037422715 0.011169361112377478 0.964844
4 0.5027660058574682 0.6301572755869614 0.012528471721444842 0.012650963300661044 0.964844
22 0.424747735763098 0.6546614998860268 0.014155542076147089 0.01054250832003647 0.964844
6 0.7848193582818093 0.23820382767266923 0.01317930986007159 0.010827440346478232 0.964355
18 0.6638464041653108 0.44372578618645997 0.005206638464041653 0.012138146341463414 0.964355
5 0.5016270432801823 0.699794877592888 0.014969093914741296 0.011055395304308182 0.964355
2 0.7100553621867882 0.16788243081832688 0.012691185421412302 0.011169361112377478 0.963867
21 0.7874226775138301 0.2184294470025074 0.007972671396029939 0.01527235194894005 0.963867
22 0.5344940110641068 0.5136767503989059 0.013992845037422715 0.011169361112377478 0.963867
5 0.7873413706475756 0.5132208871666286 0.008135368434754311 0.01139730439936175 0.963379
22 0.5086234324764074 0.6069067335308866 0.014318255776114546 0.010941417825393207 0.963379
14 0.39293842369020504 0.14175409163437427 0.008135368434754311 0.016013217232733076 0.962891
6 0.4084770322160755 0.23655111921586505 0.014969093914741296 0.011169361112377478 0.962891
2 0.656361840546697 0.6992249901983132 0.01171493654409372 0.011169361112377478 0.962891
5 0.5124471877643996 0.1906058007750171 0.014969093914741296 0.01131182712559836 0.962402
22 0.5205010660592255 0.2138135108274447 0.014318255776114546 0.010827440346478232 0.961914
13 0.4759192450374227 0.27991799772053794 0.006833708818743898 0.01641212673808981 0.961914
4 0.4139277578913114 0.3280146031456576 0.005206638464041653 0.013334874857533622 0.961914
13 0.6554466384640416 0.46516699703669934 0.008054011584770582 0.0174663542284021 0.961914
23 0.47250252391799547 0.7237292144973786 0.013016596160104133 0.011169361112377478 0.960938
6 0.6588838529124634 0.3292682853886483 0.01513179095346567 0.010941417825393207 0.959961
23 0.7864261685649203 0.6280488206063369 0.009396357956394404 0.009573734761796215 0.959961
5 0.5729743182557762 0.6296871739229543 0.014155542076147089 0.011340327330749944 0.959473
2 0.7801822011064108 0.329382309550946 0.012365774682720468 0.010485531251424663 0.958984
27 0.36836975463716237 0.6070207576931844 0.009762455450699642 0.010941417825393207 0.958984
6 0.486332521965506 0.5136767503989059 0.01659616426944354 0.010941417825393207 0.958496
0 0.7717214552554507 0.5134488187827673 0.021802736088512853 0.011853144289947572 0.958496
5 0.48877322746501795 0.6302142293138819 0.014318255776114546 0.011140872578071575 0.958496
6 0.4084770322160755 0.35402895317984956 0.016108039830784248 0.007807153863688169 0.958008
6 0.34656685193621867 0.7001367166628676 0.01659616426944354 0.010713474538408936 0.958008
2 0.5357142805076472 0.5608046756325508 0.011552222844126263 0.011283338591292455 0.957031
2 0.3461601509925155 0.1895372181445179 0.011877650244061178 0.01139730439936175 0.956543
5 0.3773401845753335 0.1455720920902667 0.00488885857468272 0.01088442908593572 0.956543
7 0.37487796941099905 0.23940055618873948 0.016270736869508622 0.01584223934351493 0.956543
14 0.8129678620240807 0.2832231812172327 0.007321833257403189 0.01686798997036699 0.956543
2 0.40937190758216724 0.42158654205607476 0.01317930986007159 0.01139730439936175 0.955566
13 0.5230840585746828 0.651185338500114 0.006467627985681745 0.01607017095965352 0.955566
2 0.7763586124308494 0.7202530531114657 0.01899614969085584 0.010827440346478232 0.955566
8 0.36169859290595513 0.12254959835878733 0.01594532613081679 0.011340327330749944 0.955078
2 0.4841360702896193 0.3061317674948712 0.020663773511226814 0.011055395304308182 0.955078
5 0.58029610152945 0.3742306852062913 0.015294504653433127 0.010143610485525416 0.955078
1 0.6301660344939798 0.42329608753134257 0.015294504653433127 0.01595626350581263 0.955078
13 0.8020664106736087 0.6935833033963985 0.006996422518711357 0.015500283565078644 0.955078
8 0.38870813407094046 0.6539777050376111 0.01594532613081679 0.010998406564850694 0.95459
13 0.6137325506020176 0.44175971552313653 0.0078099576960624795 0.017095921586505584 0.953613
14 0.38374558281809307 0.6274219794848416 0.008460779173446143 0.016383649874629588 0.953613
22 0.380948993166287 0.3742876389332117 0.01212170413276928 0.01002963300661044 0.953125
6 0.3739830940449072 0.4648962334169136 0.01594532613081679 0.0038750825621153406 0.953125
14 0.7167263573055646 0.7188283929792569 0.0078099576960624795 0.017095921586505584 0.953125
6 0.4053855385616661 0.1446318887622521 0.015619915392124959 0.010713474538408936 0.952637
7 0.7646029891311422 0.6989970585821745 0.025138316954116502 0.015044420332801458 0.952637
4 0.7369021230068337 0.1897652664691133 0.010738687666775139 0.013334874857533622 0.952148
14 0.49544422258379434 0.3715523428310919 0.008460779173446143 0.015386376111237748 0.952148
2 0.7744670615034169 0.30724294871210395 0.019524977546371624 0.010827440346478232 0.952148
13 0.5635372235600391 0.5107704764075678 0.008623492873413602 0.017095921586505584 0.95166
6 0.534168616986658 0.3290403537725097 0.014643666514806378 0.010941417825393207 0.951172
12 0.3730882186788155 0.3723644002735354 0.0278229430523918 0.017238422612263507 0.951172
13 0.7006995743573056 0.46181898153635736 0.007077779368695086 0.01002963300661044 0.951172
14 0.47079408005206635 0.3492136439480283 0.008135368434754311 0.016982014132664692 0.950684
5 0.5632931363488448 0.46455439434693413 0.016270736869508622 0.0045589240939138366 0.950684
7 0.485763040676863 0.5629131306131753 0.025382404165310773 0.01618419512195122 0.950684
14 0.4473642069638789 0.37160929655801234 0.00829808213472177 0.015386376111237748 0.950195
13 0.3604783234624146 0.41885112924549806 0.009111617312072893 0.01686798997036699 0.950195
2 0.5381548193947282 0.12257807522224753 0.006671011780019525 0.010827440346478232 0.949707
0 0.4454116758867556 0.46432646273079553 0.02326709274324764 0.005014822338728061 0.94873
5 0.4346323514480963 0.7236151903350809 0.014236898926130817 0.011169361112377478 0.94873
0 0.76895535567849 0.12314796261682241 0.021477342011064104 0.012195100068383861 0.948242
22 0.7557964558411976 0.44470879817643033 0.012081034038398959 0.01088442908593572 0.948242
7 0.6555685987634233 0.5861636726692501 0.01899614969085584 0.016526150900387507 0.948242
13 0.782134732183534 0.4189651534077958 0.0071591362186788155 0.016640058354228403 0.947266
13 0.6570126287015945 0.11972875495782995 0.008460779173446143 0.016925060405744246 0.946777
4 0.7201432450374227 0.3732618883063597 0.015782629092092416 0.011853144289947572 0.946777
14 0.712089200130166 0.6263962288579895 0.008135368434754311 0.01641212673808981 0.946289
2 0.37194925610152946 0.3521199179393663 0.011877650244061178 0.011055395304308182 0.945801
0 0.5234299459811259 0.2643383524048325 0.02408066124308493 0.003488649190790973 0.945801
2 0.6234950393752033 0.3059607896056531 0.02082655385616661 0.011169361112377478 0.945801
22 0.44333718451025056 0.19027808342831093 0.014399612626098275 0.010371553772509687 0.945312
11 0.8036933810608526 0.14517318258490994 0.022616304588350147 0.016925060405744246 0.944336
23 0.4628823221607549 0.6766012892637338 0.011104785161080377 0.01059949705949396 0.944336
0 0.5306704223885453 0.6540631356279918 0.021640122356003905 0.01111237237291999 0.944336
2 0.5327245870484868 0.6302712997492592 0.012243731077123333 0.011625259357191702 0.943848
11 0.6942726664497233 0.44153178390699793 0.02456883566547348 0.01618419512195122 0.943359
7 0.6023429248291572 0.7253390909505357 0.024406055320533682 0.016155718258490995 0.942871
14 0.7614707920598764 0.717685116936403 0.00829808213472177 0.016590223843173012 0.942871
12 0.636023461112919 0.4648108028265329 0.02749754897494305 0.017494831091862322 0.942383
6 0.6178002264887732 0.5374401094141783 0.024731616010413276 0.01139730439936175 0.941895
14 0.7852262258379433 0.14423297925689538 0.0071591362186788155 0.0167540825165261 0.941406
14 0.5586966326065733 0.44261448826077043 0.007647243996095021 0.017323969911100977 0.941406
13 0.3834862172469899 0.5343059038067016 0.01028106996420436 0.01686798997036699 0.940918
5 0.5388870810283111 0.2597447075450194 0.005206638464041653 0.01139730439936175 0.94043
7 0.7600064354051416 0.6311830262138136 0.022941698665798895 0.015500283565078644 0.939453
22 0.42202245623169543 0.2828812254387964 0.014562309664822649 0.01059949705949396 0.938965
23 0.36153597917344615 0.5838700013676772 0.014318255776114546 0.01074196307271484 0.938965
2 0.6562195535307517 0.26008666332345565 0.01171493654409372 0.010941417825393207 0.938477
13 0.7674909990237553 0.3497834146341463 0.007647243996095021 0.015728331889674037 0.937988
11 0.6902049905629678 0.39471733758832916 0.025138316954116502 0.016469080465010257 0.9375
23 0.7825820865603645 0.6514987007066333 0.013342006898795965 0.009915655527695464 0.937012
4 0.5289619785226164 0.18885342329610214 0.01789784054669704 0.014816488716662869 0.936523
8 0.8070289619264562 0.2164918532026442 0.015782629092092416 0.011511281878276727 0.936523
0 0.6708834467946632 0.464668301800775 0.022534997722095673 0.004330980806929565 0.936523
2 0.656626254474455 0.7025391018919536 0.01228441783273674 0.004576733804422157 0.936035
7 0.3651154806378132 0.2155801267380898 0.025707798242759518 0.016298102575792114 0.935059
2 0.8121542935242434 0.3532026222931388 0.010413276928083305 0.010713474538408936 0.93457
2 0.3854641233973316 0.5600922872122179 0.012365774682720468 0.011226349851834967 0.934082
5 0.7895989690855841 0.2643882102575792 0.012731855515782622 0.0035883765671301574 0.933594
23 0.7600064354051416 0.4678026241167085 0.016270736869508622 0.011454293138819238 0.933594
0 0.5268466671005532 0.584553796216093 0.029124685974617634 0.012109669478003193 0.933594
2 0.3764758076147088 0.7233303049920219 0.003170251350471852 0.012195100068383861 0.931641
2 0.388667430654084 0.32858449054023253 0.021477342011064104 0.011625259357191702 0.931152
12 0.7097299681093394 0.326760920902667 0.027334768630003257 0.017095921586505584 0.930664
14 0.33298077448747154 0.7205948921814452 0.008786206573381061 0.017665808981080465 0.930664
13 0.8080866176374878 0.3710251707317073 0.006508298080052067 0.020600676544335537 0.929199
16 0.6291007312723722 0.6536927029860953 0.008608247835990889 0.011967168452245271 0.928711
13 0.7525321351122681 0.32658994301344885 0.005552392580540189 0.016982014132664692 0.927734
14 0.7657622784249919 0.4439038599498518 0.006182887341360234 0.012480102119899705 0.927734
9 0.5159453823625122 0.46352864372008207 0.013992845037422715 0.006610437018463642 0.927246
10 0.7399934500488122 0.3716235349897424 0.014318255776114546 0.0160416940961933 0.927246
27 0.5221232046859746 0.6067928260770459 0.009772618808981452 0.011625259357191702 0.92627
8 0.5027660058574682 0.5809208953726921 0.01594532613081679 0.016640058354228403 0.925781
6 0.4491539576960625 0.7000797629359472 0.007972671396029939 0.01059949705949396 0.924805
2 0.7471526195899773 0.5369771269660361 0.011552222844126263 0.010870178983359928 0.924316
14 0.48877322746501795 0.394546359699111 0.0078099576960624795 0.016583104627307953 0.922363
6 0.38537255320533675 0.19076604148620926 0.024894229742922224 0.011447173922954183 0.921875
5 0.5397006495281483 0.23666514337816277 0.0035795681093394077 0.011625259357191702 0.921875
2 0.41083626423690206 0.5133349113289263 0.011389525805401887 0.011853144289947572 0.917969
5 0.37784991864627404 0.6536072723957147 0.005943898470549951 0.011568270617734215 0.916504
13 0.4262120924178327 0.21080033188967404 0.006671011780019525 0.016055932527923412 0.916016
5 0.40465344354051414 0.46421243856849786 0.014969093914741296 0.005242765625712332 0.915039
23 0.554873043931012 0.12206514155459311 0.011796293394077449 0.01088442908593572 0.913086
16 0.342967023755288 0.46461134807385457 0.027050194598112594 0.00444494661499886 0.911621
0 0.6065733810608526 0.702444719762936 0.014643666514806378 0.004387969546387052 0.911621
13 0.7325088864301985 0.5575849227262366 0.007484546957370648 0.015443329838158194 0.911133
5 0.7529389027009437 0.35155003054479145 0.006365927757891311 0.011625259357191702 0.910645
8 0.7541795488447771 0.5600353334852974 0.008837056687276277 0.010941417825393207 0.910645
14 0.3552716849983729 0.2798039735582402 0.007972671396029939 0.01641212673808981 0.909668
11 0.33973307647250245 0.11958625393207203 0.025219623820370973 0.016127241395030772 0.90918
12 0.4320696856492028 0.3036813567358103 0.019280890335177353 0.016298102575792114 0.90918
7 0.8086560989261308 0.6542056366537498 0.022616304588350147 0.015728331889674037 0.908691
2 0.3772016296778392 0.6767722671529519 0.0046473371949235275 0.010485531251424663 0.908203
14 0.42527656361861377 0.11884550535673581 0.008379438984705499 0.018292650102575792 0.906738
22 0.6666531571753986 0.3741737314793709 0.014399612626098275 0.01002963300661044 0.905762
10 0.7344614175073219 0.6033736184180533 0.01171493654409372 0.01618419512195122 0.903809
11 0.6463554311747478 0.6729541499886027 0.02375526716563619 0.01618419512195122 0.903809
0 0.5356329736413928 0.4676031693640301 0.01171493654409372 0.010998406564850694 0.90332
16 0.6993979980475106 0.722019552313654 0.024894229742922224 0.011625259357191702 0.901855
5 0.3771228219980475 0.6297833416913609 0.004423610022779043 0.011632378573056759 0.901367
23 0.6623820475105759 0.6762594501937542 0.008135368434754311 0.009687712240711193 0.899902
21 0.8071102687927106 0.6761454260314566 0.024894229742922224 0.015158444495099156 0.898438
14 0.3355027868532379 0.14229538545703216 0.014318255776114546 0.016298102575792114 0.897461
10 0.33704845037422715 0.3036813567358103 0.016433450569476083 0.016526150900387507 0.897461
11 0.621705122030589 0.32651863414634147 0.02408066124308493 0.016440603601550034 0.897461
5 0.5205825395379109 0.4207887230453613 0.014969093914741296 0.011169361112377478 0.896484
13 0.7661081158477058 0.4616480036471393 0.007647243996095021 0.010371553772509687 0.892578
18 0.7896192958021476 0.3508091652609984 0.0035795681093394077 0.013676830635969911 0.891602
11 0.6297439385616661 0.3261910335080921 0.009894645753335502 0.017665808981080465 0.891602
4 0.5281534083957045 0.5364714292227034 0.016260573511226815 0.012309124230681558 0.891113
0 0.535470193296453 0.6771142229313881 0.012040347282785552 0.01139730439936175 0.891113
7 0.5023986587699316 0.17730653366765445 0.005041392255125284 0.0044022079781171645 0.888672
23 0.40465344354051414 0.3288124221563711 0.010901401366742596 0.010485531251424663 0.887207
7 0.5061930569476082 0.3569317025757921 0.012711512137975918 0.013612640984727606 0.887207
5 0.5400260436055971 0.4451290770002279 0.0029287299707126584 0.014346387052655575 0.887207
7 0.7528474324764074 0.17118761431502166 0.026358586397657015 0.015158444495099156 0.884277
0 0.5885129267816466 0.26429561376795074 0.022779084933289947 0.003396041030316845 0.883301
8 0.4159615958346892 0.7027545923865968 0.01553855854214123 0.005007691452017324 0.883301
6 0.4146600195248943 0.6065078240255299 0.003742265148063781 0.011511281878276727 0.882324
6 0.611942799869834 0.46478232596307273 0.016270736869508622 0.004103025849099612 0.881836
4 0.5322973927757891 0.7026833535445635 0.009396357956394404 0.004865225438796444 0.881836
10 0.4051416179629027 0.2566674556644632 0.01513179095346567 0.016640058354228403 0.880859
2 0.6274482358607224 0.5835422840209711 0.005282913634884478 0.010827440346478232 0.875
0 0.5678896400911161 0.2834511128333713 0.02351117995444191 0.012081192614542968 0.874023
7 0.37766432905955094 0.2701946077045817 0.005572735958346892 0.015201159790289492 0.874023
4 0.45021144679466324 0.7227034638705265 0.016758877969410998 0.01253705584682015 0.874023
5 0.4352831396029938 0.6980852154091635 0.019280890335177353 0.015614307727376339 0.870605
4 0.6542466957370647 0.30556188010029633 0.01594532613081679 0.01287901162525644 0.869629
29 0.5098387202082655 0.6508149058582174 0.02000282199804751 0.01760885525416002 0.869629
6 0.3589326599414253 0.722760417597447 0.015619915392124959 0.011739236836106679 0.869629
5 0.6317116980149691 0.6068497798039663 0.01513179095346567 0.011055395304308182 0.868652
4 0.6641717982427595 0.25883286437200825 0.0045558169866579895 0.014360625484385686 0.867188
2 0.8115848122356004 0.26481650695235925 0.01171493654409372 0.0044164580806929565 0.866211
14 0.5759843384315002 0.4615340961932984 0.009762455450699642 0.01059949705949396 0.865234
19 0.5283721705174097 0.5519717127877821 0.011186142011064106 0.0047868673808981075 0.862305
6 0.5078607973966808 0.16782536038294962 0.015924999414253172 0.010827440346478232 0.86084
13 0.5045303815164335 0.46525242762708 0.009386177936869508 0.02629931707317073 0.856934
0 0.46829239440286363 0.7028507484841577 0.03022282850634559 0.005200026988830635 0.85498
27 0.6415656570126912 0.19053099065420562 0.009660755222909208 0.01157538983359927 0.851074
9 0.6284931290595509 0.6989970585821745 0.007393026749105109 0.012081192614542968 0.849121
10 0.6083631317930361 0.696432623660816 0.01659616426944354 0.016298102575792114 0.848145
2 0.7518152018223234 0.1462844805105995 0.004057512528473804 0.005926595486665147 0.847168
13 0.7522334156849984 0.12035559607932528 0.004939692027334851 0.016583104627307953 0.845703
9 0.6643345785876993 0.5605767440164121 0.004230389586723071 0.01059949705949396 0.844727
14 0.4713635613407094 0.353843748529747 0.008135368434754311 0.007422494460907226 0.842773
14 0.768335057598438 0.3538009982220196 0.007830301073869183 0.007351267289719626 0.84082
5 0.5976244607875041 0.5372121777980396 0.014969093914741296 0.011055395304308182 0.839844
8 0.3793905671330947 0.1676543824937315 0.009004835405141555 0.01059949705949396 0.836426
5 0.6867067959648552 0.7020458219284249 0.014399612626098275 0.003590150535673581 0.835449
2 0.5014008102570778 0.5376110873033964 0.0031168687276277255 0.010941417825393207 0.834473
19 0.3449397149365441 0.7233872587189423 0.012365774682720468 0.011625259357191702 0.834473
10 0.5275179485844452 0.5579624745839982 0.012487801627074519 0.01662581992249829 0.832031
9 0.7033843670680118 0.702041363665375 0.013667417637487796 0.003563435969911101 0.829102
6 0.3788948118451025 0.46817305675860493 0.008033684868206964 0.011568270617734215 0.825684
7 0.33664174943052394 0.6153211915204011 0.014155542076147089 0.005203586596763164 0.818848
6 0.4117108128864302 0.35229089582858447 0.025585671330946958 0.01139730439936175 0.817383
9 0.6247966156849983 0.7025551376339184 0.013992845037422715 0.004608781946660589 0.812988
8 0.4113244386592906 0.699794877592888 0.0071591362186788155 0.010485531251424663 0.810547
11 0.670680179629027 0.7021847166628675 0.013992845037422715 0.003867963346250285 0.809082
5 0.5440530660592255 0.2642110234784591 0.014725023364790106 0.0032339913380442214 0.806641
0 0.6995606117800196 0.1449738445406884 0.023592653433127237 0.011283338591292455 0.801758
9 0.5023745166287016 0.2595167759288808 0.0050439247640741945 0.01253705584682015 0.801758
18 0.6628702219329645 0.41799635650786415 0.0071591362186788155 0.016640058354228403 0.800781
12 0.7959242434103482 0.3726492856165945 0.015782629092092416 0.015870716206975152 0.800781
13 0.7331598411975269 0.5520857369500798 0.008460779173446143 0.0045589240939138366 0.799316
4 0.7722096296778392 0.6051402343286985 0.014480969476082003 0.01139730439936175 0.79834
4 0.5972990667100553 0.396455476635514 0.01659616426944354 0.013106943241395032 0.794434
14 0.36088519101854866 0.46193300569865514 0.009437028050764724 0.009801689719626168 0.785156
7 0.7578912905955093 0.7033921240027353 0.012040347282785552 0.006282766355140187 0.78418
22 0.6484705759843801 0.1449738445406884 0.014643666514806378 0.01002963300661044 0.782715
14 0.5398632632606574 0.18789174561203556 0.0032541407094044904 0.015828000911784816 0.782715
14 0.7600064354051416 0.35396127394574883 0.0071591362186788155 0.007643318532026442 0.78125
6 0.4566385213146762 0.7001367166628676 0.0071591362186788155 0.010713474538408936 0.78125
7 0.7901887770907908 0.3329154246637794 0.002440605532053368 0.015728331889674037 0.779785
2 0.7014724894240156 0.28359361385912923 0.016514807419459814 0.010770463277866424 0.777344
6 0.6614058652782298 0.6530658618646 0.006182887341360234 0.01059949705949396 0.774414
13 0.7071266488773186 0.14246636334625026 0.009111617312072893 0.01618419512195122 0.773438
22 0.6762223755287992 0.3516069842717119 0.02145701529450049 0.010713474538408936 0.770508
2 0.3355027868532379 0.4447800136767723 0.013992845037422715 0.01139730439936175 0.770508
13 0.6572567159127888 0.5516297570093458 0.008623492873413602 0.0054707089126966035 0.770508
18 0.36836975463716237 0.6754616311830408 0.022941698665798895 0.014360625484385686 0.770508
14 0.664822586397657 0.6959198067016185 0.0032541407094044904 0.01527235194894005 0.766113
6 0.36251216140579234 0.7229313954866651 0.006671011780019525 0.011625259357191702 0.764648
13 0.8041815554832412 0.3537546999772054 0.006020173641392776 0.007251539913380443 0.763672
14 0.5400260436055971 0.3089526108958286 0.0029287299707126584 0.016469080465010257 0.759277
5 0.34314996420436056 0.2831662274903123 0.016758877969410998 0.011739236836106679 0.757812
14 0.414985413602343 0.4615340961932984 0.003091443670680117 0.01059949705949396 0.753418
4 0.707207955743573 0.6047413248233416 0.017084272046859746 0.01253705584682015 0.750488
13 0.500813474780345 0.4615910499202188 0.01594532613081679 0.010485531251424663 0.747559
13 0.6897168161405792 0.6526099986323227 0.003091443670680117 0.010713474538408936 0.747559
2 0.4136023638138627 0.21335764759516754 0.005857459941425317 0.011283338591292455 0.744629
23 0.4489098704848682 0.3035103788465922 0.012365774682720468 0.01595626350581263 0.73877
10 0.4648551799544419 0.4646398249373148 0.015457201692157502 0.016640058354228403 0.73877
2 0.4908883722746502 0.23655111921586505 0.012365774682720468 0.011625259357191702 0.737305
27 0.6314676108037749 0.5120811123774789 0.010087866189391474 0.014930512878960564 0.73584
7 0.7395054422388545 0.46455439434693413 0.022779084933289947 0.0045589240939138366 0.729492
2 0.789293901724699 0.6967745794392523 0.004230389586723071 0.009915655527695464 0.729492
10 0.6571754090465343 0.5347617670389788 0.015294504653433127 0.01641212673808981 0.728027
0 0.7853888395704524 0.6736380615454752 0.012040347282785552 0.010485531251424663 0.726562
6 0.7234786592905956 0.14468884248917255 0.022616304588350147 0.011967168452245271 0.725098
2 0.6631956160104133 0.23639449646683383 0.006508298080052067 0.011140872578071575 0.720215
16 0.6630328356654734 0.14494525096877137 0.006833708818743898 0.0103145650330522 0.712402
6 0.5925806026684022 0.6284477301116936 0.02342987308818744 0.01253705584682015 0.710449
18 0.39354872502440613 0.6739087084568042 0.017694406768630003 0.016212671985411445 0.704102
16 0.34323143768304587 0.4679094123546843 0.026846760820045557 0.011411554501937543 0.702637
4 0.4280020097624471 0.5126509997720539 0.01749097299056297 0.012195100068383861 0.702637
22 0.6651481470875367 0.3067016548894461 0.0026033192320208264 0.010656485798951449 0.695801
13 0.7869753231369997 0.3538900467745612 0.0023592653433127234 0.007458113881923865 0.695801
13 0.5015355563944028 0.23867392933667653 0.0033965110315652457 0.01797928789605653 0.694336
7 0.7525550109990237 0.3571169072258947 0.005587980995769607 0.013954596763163893 0.689453
8 0.6121054136023429 0.26429115550490084 0.015619915392124959 0.0033942670617734213 0.684082
6 0.6031564933289945 0.28265329382265786 0.009762455450699642 0.011140872578071575 0.679199
11 0.4360560546697039 0.5338642556644632 0.02375526716563619 0.015585830863916116 0.679199
2 0.7916531337455255 0.6510713143378163 0.010169223039375203 0.0103145650330522 0.677246
27 0.48259024015619917 0.44395728908137677 0.010413276928083305 0.012601128789605653 0.673828
14 0.48747148454279204 0.6150326998860269 0.006833708818743898 0.004626591657168908 0.672363
7 0.5914416400911162 0.4644403701846364 0.02082655385616661 0.0047868673808981075 0.666992
10 0.33485199869834037 0.280202883063597 0.014155542076147089 0.017323969911100977 0.665527
6 0.5919296479010738 0.12203666469113288 0.009762455450699642 0.01111237237291999 0.663574
6 0.5746421086885779 0.5603488124002735 0.01716557891311422 0.011055395304308182 0.662109
8 0.4812886638464042 0.2642706731707317 0.015619915392124959 0.0033533023934351493 0.658203
13 0.42267324438659293 0.41845221974014135 0.0078099576960624795 0.01641212673808981 0.656738
2 0.41024645623169537 0.20332807294278551 0.01212170413276928 0.0018235696375655346 0.651367
4 0.5393752554506996 0.5357234447230454 0.004230389586723071 0.015001705037611123 0.651367
27 0.5338432229092092 0.21398448871666287 0.009925152489424015 0.011625259357191702 0.649414
13 0.5549136973641393 0.4676885999544107 0.001871140904653433 0.010428542511967176 0.649414
8 0.6819068584445168 0.6263962288579895 0.021477342011064104 0.01641212673808981 0.649414
8 0.6137325506020176 0.3536531986323228 0.021477342011064104 0.007055644768634602 0.644043
16 0.5038642983403839 0.3986779557784363 0.008033684868206964 0.021882835650786414 0.642578
5 0.6708326300032541 0.6758605406883975 0.024751942726976894 0.011055395304308182 0.640625
27 0.7464203579563945 0.6975723984499659 0.008135368434754311 0.010371553772509687 0.640625
6 0.5682558542141231 0.6764873818098929 0.025382404165310773 0.010827440346478232 0.62793
19 0.5056845891311422 0.6765443355368133 0.011694593166287017 0.011169361112377478 0.62793
11 0.4301984614383339 0.1426088643720082 0.025382404165310773 0.016355173011169365 0.624512
4 0.5016270432801823 0.16640070025074083 0.01773506020175724 0.013220850695235925 0.620605
5 0.46461109274324763 0.2598016612719398 0.016433450569476083 0.011169361112377478 0.615234
23 0.7572405024406117 0.4644403701846364 0.010738687666775139 0.0047868673808981075 0.615234
6 0.6640091845102505 0.19055946751766584 0.004881227725349821 0.010549639206747207 0.613281
13 0.5769198672307192 0.7047882956006383 0.007891314546046208 0.009075109550945978 0.613281
2 0.37633979355678493 0.35246187371780263 0.002923648291571754 0.010371553772509687 0.609375
19 0.6643345785876993 0.12115341509003875 0.004230389586723071 0.011739236836106679 0.607422
2 0.4885291402538236 0.7028187003419194 0.008948903612105433 0.005093168725780716 0.607422
14 0.7901074702245362 0.28219743059038066 0.0026033192320208264 0.014844965580123092 0.604004
19 0.6448197643996095 0.70225774114429 0.011206468727627726 0.004013988967403693 0.604004
18 0.6628702219329645 0.3712103870526556 0.0071591362186788155 0.01607017095965352 0.600098
3 0.4121380071591279 0.4883462302256668 0.008786206573381061 0.017494831091862322 0.600098
18 0.731695484542792 0.5342346649646683 0.017247052391799543 0.017038967859585138 0.598145
8 0.5340058366417182 0.35349113726920445 0.014969093914741296 0.006731533713243675 0.596191
6 0.7639724943703221 0.2836220907225895 0.008603149495606898 0.010827440346478232 0.592773
32 0.7325088864301985 0.49165141372236154 0.016270736869508622 0.019090469113289262 0.59082
14 0.4088838997722095 0.21065082835650786 0.014318255776114546 0.01641212673808981 0.586914
13 0.678205396680768 0.5808924185092318 0.009599741750732183 0.016925060405744246 0.57959
8 0.6627887484542792 0.2135855792113061 0.007321833257403189 0.01139730439936175 0.567871
14 0.6930523970061828 0.46181898153635736 0.008786206573381061 0.01002963300661044 0.567871
27 0.8151236602668402 0.5828584891725552 0.009111617312072893 0.010941417825393207 0.562012
13 0.5929873036121055 0.6735952295418282 0.008948903612105433 0.016611581490768176 0.560059
6 0.4349170920924178 0.702950475860497 0.01903680312398308 0.005399470070663324 0.550781
4 0.42039531923202084 0.32744471575108275 0.018467321835340056 0.013334874857533622 0.544922
6 0.4647738730881874 0.2640391702758149 0.014480969476082003 0.0028902849327558694 0.541016
13 0.6230881718190694 0.6736380615454752 0.006996422518711357 0.016526150900387507 0.541016
7 0.43101202993817117 0.4210166546614999 0.024406055320533682 0.02119904080237064 0.53125
13 0.6914659134396356 0.35360511474811945 0.00829808213472177 0.006959477000227946 0.525391
22 0.5769606872762773 0.35348936330066105 0.01594532613081679 0.006727974105311147 0.521484
4 0.7906972782297429 0.39041488032824256 0.010779374422388546 0.00558468639161158 0.517578
14 0.5559306996420436 0.26399999124686574 0.0074031901073869175 0.0028119268748575334 0.511719
8 0.41376497754637165 0.5832003282425348 0.005532049202733485 0.011169361112377478 0.507812
6 0.3418687146111292 0.5846820588101208 0.025341750732183536 0.011169361112377478 0.505859
14 0.7473967068011714 0.2640382832915432 0.008948903612105433 0.002888510964212446 0.501953
13 0.8138627373901725 0.4424436270800091 0.008786206573381061 0.017095921586505584 0.501953
