29 0.32407999747434885 0.1980551729785056 0.02320936006314128 0.02047082906857728 0.994141
11 0.5532756053670087 0.23106449948822927 0.014996063772691397 0.016120768065506653 0.992188
11 0.16742319179163379 0.20256923643807576 0.014601415627466457 0.012098580962128966 0.990723
2 0.3452544909234412 0.48451891095189353 0.012134965745856353 0.00972365035823951 0.989746
29 0.3366220173638516 0.7102097686796316 0.025651159589581685 0.020726724257932445 0.988281
2 0.1967243820047356 0.4692938546571136 0.011444351696921862 0.00946775516888434 0.987793
13 0.3212313054459353 0.4011322955987718 0.00868193591160221 0.016184754964176047 0.98584
18 0.6725534206787688 0.2269703336745138 0.017166547750591947 0.01586489907881269 0.984375
5 0.24506696132596686 0.6097588274309109 0.013417511602209945 0.00997951934493347 0.982422
2 0.36306255406471977 0.1977994350051177 0.013417511602209945 0.00997951934493347 0.982422
2 0.4606355295974744 0.4819599590583419 0.012825579794790843 0.00997951934493347 0.980957
2 0.18202428413575375 0.5905833531218013 0.012825579794790843 0.01023541453428864 0.978516
13 0.24861863299131806 0.44287371136131015 0.009076543646408839 0.018167850972364383 0.978027
2 0.3194552675611681 0.44568840122824976 0.012628255722178374 0.009595702763561923 0.978027
7 0.5368980710339385 0.6037614575230297 0.01696922367797948 0.014073685158648925 0.977539
2 0.6663871949486977 0.18909936540429886 0.013713477505919495 0.01023541453428864 0.977539
1 0.5698499384372533 0.4183726509723644 0.014996063772691397 0.014329580348004094 0.977539
2 0.33514206661404894 0.6279425834186285 0.011641675769534333 0.00972365035823951 0.977051
7 0.3192580647198106 0.28326517911975435 0.01578531965272297 0.014073685158648925 0.977051
2 0.3654302004735596 0.2594676601842375 0.011838999842146803 0.00972365035823951 0.976562
5 0.42906489029202843 0.48311156601842375 0.014996063772691397 0.010491309723643807 0.975586
5 0.6897197663772692 0.45371663459570116 0.014798739700078925 0.010043506243602866 0.974609
5 0.4830305793212312 0.1535313490276356 0.013417511602209945 0.00997951934493347 0.974609
13 0.17363871823204421 0.42464163766632546 0.007498031886345699 0.018167850972364383 0.974609
2 0.6272691018153118 0.3540173428863869 0.011838999842146803 0.00921185997952917 0.974609
11 0.1584452091554854 0.4055784155578301 0.01578531965272297 0.01586489907881269 0.974121
5 0.3851617995264404 0.6259275987717502 0.014601415627466457 0.009787611054247696 0.973633
18 0.3802782004735596 0.31742585056294775 0.01785716179952644 0.01586489907881269 0.973633
11 0.37618381689029207 0.41977999590583415 0.015193387845303866 0.015097239713408393 0.973633
21 0.29715881925808996 0.46801437871033774 0.018153127703235992 0.01496929211873081 0.973633
2 0.3603000978689819 0.5239253551688843 0.011049743962115234 0.00921185997952917 0.973633
18 0.37845286187845306 0.23592640327533265 0.01657457553275454 0.016376663254861822 0.972656
0 0.40479479715864247 0.48323943500511773 0.024269931491712707 0.010491309723643807 0.972656
11 0.5678766977111287 0.4552840777891505 0.014996063772691397 0.016120768065506653 0.972168
5 0.6104971617995264 0.23259971340839306 0.014206767482241514 0.00972365035823951 0.972168
18 0.6775849218626677 0.6144447279426817 0.018153127703235992 0.016568571545547594 0.97168
5 0.6010261720599842 0.4573310296827021 0.013417511602209945 0.010363362128966222 0.971191
0 0.3773185414364641 0.4632164094165814 0.024763221468034727 0.01023541453428864 0.970215
2 0.46162194790844513 0.2984902354145343 0.013614835674822417 0.00946775516888434 0.970215
7 0.4337015816890292 0.40225172569089046 0.01696922367797948 0.014329580348004094 0.970215
18 0.5889899289660616 0.413766747185261 0.01854773543804262 0.01586489907881269 0.969727
11 0.395422408839779 0.6437435742067553 0.01657457553275454 0.016504610849539407 0.969238
5 0.16022084293606945 0.24385873490276358 0.015390671507498026 0.011003073899692937 0.96875
9 0.5130227876874507 0.2548617563971341 0.014206767482241514 0.00997951934493347 0.96875
22 0.36306255406471977 0.32158395087001024 0.014206767482241514 0.010107466939611055 0.96875
46 0.2202052596685083 0.5893038771750256 0.031175991160220996 0.011258969089048106 0.96875
2 0.2951855785319653 0.4248976376663255 0.012628255722178374 0.00921185997952917 0.968262
18 0.19159427940015786 0.25742070829068575 0.01696922367797948 0.00921185997952917 0.967773
18 0.25473555801104975 0.21801426407369498 0.01775847955801105 0.014841344524053224 0.966797
0 0.1525254869771113 0.22453951279426815 0.023677999684293606 0.010491309723643807 0.966797
2 0.3362272075769534 0.2808340962128966 0.013417511602209945 0.00921185997952917 0.966797
5 0.2462509865824783 0.3449334042988741 0.014996063772691397 0.00997951934493347 0.966309
2 0.3511245082872928 0.585977449334698 0.013614835674822417 0.00972365035823951 0.96582
2 0.5222965745856353 0.684173494370522 0.013417511602209945 0.010107466939611055 0.96582
18 0.27466476400947115 0.4219550788126919 0.01775847955801105 0.015609003889457523 0.96582
13 0.49625084767166533 0.6608240409416581 0.008089963693764798 0.017272270214943708 0.965332
2 0.280189272296764 0.46622316479017406 0.011838999842146803 0.00972365035823951 0.965332
2 0.35102590686661406 0.5051176090071648 0.013417511602209945 0.00997951934493347 0.964844
5 0.35990528808208366 0.15711351484135105 0.014206767482241514 0.01023541453428864 0.964355
0 0.33977887924230465 0.2397645690890481 0.023677999684293606 0.010747178710337769 0.964355
2 0.5682715074980268 0.4989764912998977 0.011838999842146803 0.009851597952917093 0.964355
9 0.612075592738753 0.5578300266120777 0.014206767482241514 0.01023541453428864 0.964355
2 0.6274663046566693 0.4552201432958035 0.013022903867403315 0.006653012896622313 0.964355
7 0.23559597158642462 0.44933476356192426 0.01736387182320442 0.014201632753326511 0.964355
2 0.19830321704814524 0.6107343787103378 0.013417511602209945 0.01023541453428864 0.963867
2 0.5889899289660616 0.37512804094165814 0.011444351696921862 0.00972365035823951 0.963867
2 0.6619970071033938 0.5360797215967247 0.009865839936858722 0.00921185997952917 0.963379
7 0.5753748508287292 0.5611567164790173 0.014996063772691397 0.014329580348004094 0.963379
2 0.3831885588003157 0.6882037256908905 0.012628255722178374 0.00997951934493347 0.963379
2 0.6933700394632991 0.6381461617195496 0.013812159747434886 0.01017145383828045 0.963379
4 0.14739538437253355 0.24417866939611052 0.011444351696921862 0.010363362128966222 0.963379
11 0.6261715548539858 0.41274300921187307 0.014872731176006316 0.015353134902763563 0.962402
0 0.2409232770323599 0.2836490481064483 0.023283351539068665 0.01023541453428864 0.961914
5 0.38146222573007105 0.6058085928352099 0.014996063772691397 0.010139460388945754 0.960938
7 0.23066307182320442 0.4083931054247697 0.01578531965272297 0.013817816171954964 0.960938
5 0.31037868350434095 0.3015609252814739 0.01578531965272297 0.00972365035823951 0.960449
9 0.33388417111286506 0.40225172569089046 0.014453432675611682 0.00972365035823951 0.960449
2 0.28926585635359114 0.2007180708290686 0.012628255722178374 0.008364256294779939 0.959961
23 0.1683110086819258 0.5916068290685773 0.014009483820047354 0.00997951934493347 0.959961
7 0.3962116243093923 0.6074717543500512 0.01578531965272297 0.014329580348004094 0.959961
9 0.3058405935280189 0.3225434923234391 0.014206767482241514 0.00972365035823951 0.959473
2 0.40565796369376483 0.5429888393039918 0.01267759684293607 0.00921185997952917 0.958984
2 0.4384372786108919 0.5424768393039918 0.011444351696921862 0.01023541453428864 0.958984
10 0.7101419794790845 0.67720070419652 0.013812159747434886 0.01970316970317298 0.958984
2 0.32162571112865035 0.2584441842374616 0.013417511602209945 0.007164803275332652 0.958496
2 0.5374900836621941 0.3567041637666325 0.011838999842146803 0.00972365035823951 0.958496
5 0.6097079463299132 0.518807451381781 0.01578531965272297 0.00946775516888434 0.958008
5 0.17166547750591948 0.2845446550665302 0.014601415627466457 0.01023541453428864 0.958008
2 0.2119178910812944 0.6312692732855681 0.012628255722178374 0.00972365035823951 0.958008
2 0.2247433496448303 0.2428352589559877 0.011444351696921862 0.01023541453428864 0.95752
18 0.180544454617206 0.24193965199590584 0.01775847955801105 0.013561920982599795 0.95752
2 0.5528807955801106 0.601074636642784 0.011838999842146803 0.01023541453428864 0.95752
9 0.6018153875295975 0.17118722620266122 0.014996063772691397 0.010491309723643807 0.95752
0 0.6791633528018943 0.4750511033776868 0.022888703393843725 0.00972365035823951 0.957031
13 0.3366220173638516 0.21605920491299896 0.007892639621152327 0.016960406141248722 0.956543
13 0.16683117916337806 0.34327032139201635 0.00848461183898974 0.017400191606960082 0.956543
13 0.5114443567482242 0.210849670419652 0.007498031886345699 0.01842374616171955 0.956055
4 0.6758088839779006 0.29100570726714436 0.011543033938437253 0.011131021494370522 0.956055
2 0.3835833685872139 0.5437563152507676 0.011049743962115234 0.00921185997952917 0.956055
1 0.4003553086029992 0.4654554268167861 0.014601415627466457 0.013561920982599795 0.955566
0 0.30781383425414366 0.15890472876151485 0.022888703393843725 0.00972365035823951 0.955078
22 0.34372536069455406 0.17809634390992835 0.014206767482241514 0.00997951934493347 0.955078
13 0.2217836906077348 0.15736951484135106 0.007498031886345699 0.016120768065506653 0.953125
2 0.4937845998421468 0.684877297850563 0.012825579794790843 0.01023541453428864 0.953125
9 0.5903711570639306 0.2122570153531218 0.014996063772691397 0.01023541453428864 0.953125
2 0.28827943804262035 0.3015609252814739 0.012233607576953433 0.00972365035823951 0.953125
5 0.47967651460142063 0.23624607574206755 0.014996063772691397 0.010491309723643807 0.952148
0 0.5104579384372533 0.43938718526100307 0.02683502320441989 0.010555270419651996 0.95166
9 0.3719415311760063 0.4429376458546571 0.015390671507498026 0.010107466939611055 0.95166
0 0.6708759842146803 0.5979261248720573 0.022888703393843725 0.010839150051177074 0.951172
5 0.553077998421468 0.45829057113613103 0.014601415627466457 0.00997951934493347 0.950684
14 0.4330109676400947 0.6425280327533266 0.006314127861089187 0.01586489907881269 0.950195
0 0.42679544119968427 0.29887410440122825 0.023677999684293606 0.00946775516888434 0.950195
5 0.45442000315706393 0.31921706448311155 0.014206767482241514 0.00946775516888434 0.950195
9 0.5706391539068666 0.5394064114636643 0.014206767482241514 0.00972365035823951 0.949707
7 0.5955012596685083 0.684365297850563 0.01736387182320442 0.014329580348004094 0.949707
5 0.5029597853196527 0.6226970726714433 0.014206767482241514 0.010363362128966222 0.947754
2 0.6002369565903709 0.31448302968270214 0.011838999842146803 0.00997951934493347 0.946777
8 0.4675412659826361 0.3994370358239509 0.014206767482241514 0.01023541453428864 0.946289
5 0.4449486093133386 0.6449910829068577 0.01578531965272297 0.01017145383828045 0.945801
9 0.4446528050513023 0.624616155578301 0.014798739700078925 0.01023541453428864 0.945312
7 0.23283351539068667 0.4904042906857728 0.01657457553275454 0.014329580348004094 0.944824
22 0.6108919715864246 0.4161975680655067 0.014996063772691397 0.010491309723643807 0.944336
0 0.42442779479084447 0.21750252610030707 0.022888703393843725 0.01023541453428864 0.943848
6 0.45974730860299917 0.7064994718526101 0.01578531965272297 0.00972365035823951 0.942383
2 0.1930741089187056 0.1617196806550665 0.013220187529597475 0.00972365035823951 0.941895
22 0.3960140173638516 0.23848509314227226 0.014601415627466457 0.01023541453428864 0.941406
0 0.6077347056037885 0.7025971095189355 0.022888703393843725 0.01023541453428864 0.941406
23 0.15933302604577743 0.4489508945752303 0.013220187529597475 0.00972365035823951 0.941406
0 0.18034725177584846 0.6529553817809621 0.03196528745067087 0.010363362128966222 0.940918
18 0.41594322336227313 0.23656601023541451 0.01696922367797948 0.012538392630501535 0.940918
2 0.23993685872138912 0.6509723643807575 0.011838999842146803 0.008188331627430911 0.940918
22 0.5897791444356748 0.6416324257932446 0.014206767482241514 0.01023541453428864 0.94043
13 0.43942369692186267 0.5583417645854657 0.01026044767166535 0.019191405527123846 0.938965
13 0.3239937616416732 0.6668372896622313 0.00868193591160221 0.01688842743091095 0.938477
0 0.34609300710339386 0.26036326714431934 0.023677999684293606 0.010875126305015354 0.937988
5 0.4475138626677191 0.5834184974411464 0.014601415627466457 0.010747178710337769 0.937012
7 0.26065528018942385 0.6110541821903787 0.01578531965272297 0.014073685158648925 0.937012
18 0.6731450292028414 0.5532241228249744 0.01687054143646409 0.015353134902763563 0.936523
22 0.5015785572217838 0.398669297850563 0.014996063772691397 0.00972365035823951 0.936523
1 0.651514544593528 0.43794787308085975 0.014650756748224152 0.014329580348004094 0.936035
18 0.20871132438831888 0.158137252814739 0.017462513654301497 0.015609003889457523 0.935059
11 0.4054607608524073 0.6224332118730809 0.0249112044198895 0.01639264687819857 0.935059
5 0.49536303078137334 0.6438075087001024 0.014996063772691397 0.010363362128966222 0.935059
5 0.46408859984214684 0.6030078427840327 0.014996063772691397 0.01052728597748209 0.934082
22 0.381215318074191 0.21929374002047083 0.015193387845303866 0.011258969089048106 0.934082
6 0.29459356590370955 0.6079834923234391 0.01578531965272297 0.01023541453428864 0.933105
2 0.35793204735595896 0.6891632671443193 0.012628255722178374 0.009339807574206755 0.932617
12 0.20540656037884766 0.4050585285568065 0.025651159589581685 0.017512155578300923 0.932617
6 0.18370172059984213 0.20228137400204707 0.01617996779794791 0.010419331013306039 0.932129
7 0.23164949013417524 0.5505373019447288 0.02762431949486977 0.013817816171954964 0.932129
5 0.5436070086819258 0.3971340839303992 0.014996063772691397 0.00997951934493347 0.931641
22 0.32162571112865035 0.46494368884339815 0.014206767482241514 0.010107466939611055 0.931152
11 0.3983820678768745 0.4002686820880245 0.011444351696921862 0.014457527942681677 0.930664
5 0.4083464688239937 0.2579324462640737 0.015193387845303866 0.008188331627430911 0.930176
18 0.39226514285714287 0.37794273080859775 0.01854773543804262 0.015353134902763563 0.930176
13 0.6523284104183109 0.5344166386898669 0.00828728776637727 0.016376663254861822 0.929199
2 0.3541831728492502 0.46404808188331625 0.013417511602209945 0.010619231115660184 0.929199
2 0.6268746961325967 0.7024053060388946 0.012233607576953433 0.010491309723643807 0.928711
5 0.4295578973954223 0.4211393899692938 0.013812159747434886 0.009819604503582394 0.927734
8 0.3907853133385951 0.17630512998976458 0.015587995580110498 0.00997951934493347 0.927246
2 0.2792028539857932 0.5674257031729785 0.015390671507498026 0.010491309723643807 0.927246
5 0.4196920978689819 0.6665812896622313 0.014996063772691397 0.00997951934493347 0.926758
0 0.5834650165745856 0.27341350255885366 0.02683502320441989 0.00997951934493347 0.926758
2 0.31570639305445936 0.526228307062436 0.014206767482241514 0.00921185997952917 0.926758
1 0.23599037726913968 0.2236439058341863 0.01657457553275454 0.014329580348004094 0.92627
22 0.6592345509076559 0.6189867758444217 0.015094705603788476 0.01023541453428864 0.92627
3 0.6179953149171271 0.14713396929375638 0.024467255564325177 0.01791198198567042 0.92627
0 0.6250708962904499 0.21097753940634595 0.021661641041831096 0.011514838075742067 0.92627
2 0.4494871033938438 0.2565890358239509 0.011247027624309392 0.009659663459570113 0.92627
2 0.17146787056037885 0.22326003684749232 0.011838999842146803 0.011003073899692937 0.925781
6 0.3970008397790055 0.21801426407369498 0.014206767482241514 0.00972365035823951 0.925293
12 0.5939228287292818 0.23029676151484135 0.01578531965272297 0.01688842743091095 0.925293
20 0.48391880031570644 0.43833174206755376 0.024269931491712707 0.020726724257932445 0.925293
13 0.26026047040252565 0.27897894779938587 0.00828728776637727 0.015353134902763563 0.924805
35 0.533938411996843 0.23208797543500512 0.022888703393843725 0.01791198198567042 0.924316
2 0.6195737458563535 0.5785568556806551 0.013417511602209945 0.00972365035823951 0.923828
13 0.19415953275453826 0.22031721596724668 0.007892639621152327 0.016376663254861822 0.922852
1 0.2322415027624309 0.4280322620266121 0.014206767482241514 0.013561920982599795 0.922363
22 0.35516959116022095 0.4433854493346981 0.014996063772691397 0.010747178710337769 0.922363
22 0.5363060584056827 0.5812436765609008 0.014996063772691397 0.00997951934493347 0.921875
5 0.6851816764009471 0.5359518526100306 0.014206767482241514 0.00997951934493347 0.921875
13 0.5422257805840569 0.3331626448311157 0.00868193591160221 0.01714432262026612 0.921875
4 0.4756314317284924 0.541581494370522 0.011444351696921862 0.011514838075742067 0.921387
6 0.3525303867403315 0.5450357911975434 0.016623916653512233 0.00921185997952917 0.921387
8 0.46408859984214684 0.2369498792221085 0.014009483820047354 0.01023541453428864 0.921387
7 0.6398973575374901 0.5399181494370522 0.01617996779794791 0.014329580348004094 0.920898
5 0.6612073875295974 0.6803992630501535 0.014996063772691397 0.010491309723643807 0.920898
11 0.4102211081294396 0.7061156028659161 0.015587995580110498 0.016632558444216988 0.920898
5 0.3749011902131018 0.3817808966223132 0.014601415627466457 0.00972365035823951 0.920898
22 0.6432518263614839 0.2924769866939611 0.014206767482241514 0.01023541453428864 0.920898
18 0.16002364009471193 0.4269448515864893 0.01696922367797948 0.013817816171954964 0.92041
9 0.36158232044198896 0.3623335435005118 0.014798739700078925 0.00997951934493347 0.919434
13 0.25927405209155485 0.48247195905834184 0.007498031886345699 0.01842374616171955 0.919434
13 0.29064708445146015 0.2551177563971341 0.007892639621152327 0.013817816171954964 0.918457
1 0.6543016511444356 0.23234397543500512 0.01578531965272297 0.013817816171954964 0.918457
5 0.2324387056037885 0.5285312589559877 0.014996063772691397 0.00972365035823951 0.918457
22 0.6475434127861089 0.4558597502558854 0.015489353749013416 0.01023541453428864 0.91748
0 0.6385655109707972 0.6192425138178096 0.021902123441199687 0.010747178710337769 0.91748
5 0.7024466235201263 0.4943705875127943 0.009471191791633781 0.010491309723643807 0.916016
2 0.6213497837411208 0.5381269355168884 0.011444351696921862 0.008700095803480041 0.916016
0 0.4784924893449093 0.5020471811668372 0.023677999684293606 0.010491309723643807 0.915527
0 0.5730072044198895 0.43743613510747187 0.022099447513812154 0.00946775516888434 0.915039
24 0.5359116527229677 0.368730923234391 0.014206767482241514 0.006653012896622313 0.915039
2 0.6318075958958169 0.5588535025588536 0.012628255722178374 0.00972365035823951 0.913574
8 0.19721779321231256 0.6939612364380757 0.014009483820047354 0.01023541453428864 0.913086
13 0.2174428034727703 0.2606192671443193 0.007892639621152327 0.01676047983623337 0.913086
21 0.3046565682715075 0.36566023336745135 0.01973163946329913 0.014841344524053224 0.913086
2 0.6304263677979478 0.49731314636642787 0.013022903867403315 0.00972365035823951 0.911621
0 0.3270027617995264 0.5866173183213921 0.02195146456195738 0.01023541453428864 0.911133
5 0.1986976227308603 0.24309099692937564 0.014601415627466457 0.00997951934493347 0.909668
2 0.1730467056037885 0.4490787635619243 0.013417511602209945 0.01023541453428864 0.90918
0 0.2683502320441989 0.5475947430910952 0.023677999684293606 0.00946775516888434 0.908203
13 0.3081374408839779 0.21647905015353122 0.007343866140489345 0.01586489907881269 0.907227
5 0.42511840883977897 0.27865927533265095 0.014996063772691397 0.010363362128966222 0.907227
13 0.2797948666140489 0.6262155660184237 0.007892639621152327 0.01772007369498465 0.906738
13 0.4291634917127072 0.1925536622313204 0.00868193591160221 0.016632558444216988 0.906738
22 0.17166547750591948 0.3673233162743091 0.014601415627466457 0.011003073899692937 0.906738
8 0.6081295153906866 0.3341863828045036 0.014601415627466457 0.00997951934493347 0.906738
5 0.6712707940015785 0.4142104368474923 0.013417511602209945 0.00998753735926305 0.905762
4 0.3429361452249408 0.42289863664278404 0.01026044767166535 0.010779172159672466 0.905762
5 0.27012626992896605 0.4865661248720573 0.014601415627466457 0.00972365035823951 0.905273
11 0.398579270718232 0.6225050071647902 0.011049743962115234 0.016184754964176047 0.904785
22 0.3970008397790055 0.32068834390992834 0.013812159747434886 0.010363362128966222 0.904785
5 0.24644818942383584 0.6300537318321392 0.014601415627466457 0.00972365035823951 0.903809
7 0.404992 0.4238741617195496 0.01756115548539858 0.013561920982599795 0.903809
13 0.196132773480663 0.4239700634595701 0.009076543646408839 0.017080335721596722 0.903809
24 0.3656274033149171 0.5873847942681679 0.01617996779794791 0.013050156806550665 0.903809
0 0.4293606945540647 0.3602865916069601 0.023283351539068665 0.00921185997952917 0.90332
14 0.41890288239936857 0.41811665097236433 0.0067087760063141285 0.01586489907881269 0.90332
0 0.6284160303078138 0.23106449948822927 0.02217343898973954 0.01023541453428864 0.901367
0 0.2805840820836622 0.3647646264073695 0.022888703393843725 0.00972365035823951 0.901367
13 0.6112863772691397 0.5355679836233367 0.01026044767166535 0.017400191606960082 0.900391
23 0.4733623867403315 0.33892015557830096 0.012628255722178374 0.00997951934493347 0.900391
22 0.6045778437253354 0.4367962661207779 0.013812159747434886 0.00997951934493347 0.899902
13 0.4323203535911603 0.6210337277379734 0.00868193591160221 0.01842374616171955 0.898926
24 0.1920876906077348 0.7173746243602865 0.022296771586424624 0.014073685158648925 0.898926
13 0.20461734490923442 0.36348515046059365 0.00868193591160221 0.01688842743091095 0.898438
2 0.6499603599052881 0.3738485649948823 0.013812159747434886 0.01023541453428864 0.897461
2 0.25887924230465664 0.4049685748208803 0.012628255722178374 0.00927982968270215 0.896973
2 0.20678778847671667 0.2641377604912999 0.011049743962115234 0.009339807574206755 0.896484
22 0.48510242146803473 0.3183214575230297 0.014009483820047354 0.010491309723643807 0.896484
2 0.30873248429360695 0.5665300962128966 0.011136060615627465 0.00972365035823951 0.895508
6 0.4070391917916338 0.4424259078812692 0.01425610860299921 0.01023541453428864 0.895508
2 0.3304557916337806 0.5250767001023541 0.013516193843725335 0.00921185997952917 0.89502
13 0.6450274601420679 0.6576094984646877 0.009471191791633781 0.01692042088024565 0.89502
5 0.6720600094711917 0.6594166960081883 0.014996063772691397 0.011131021494370522 0.89502
13 0.38456978689818466 0.3967502149437052 0.014601415627466457 0.02021493387922211 0.89502
13 0.6361484830307814 0.18615654452405322 0.006314127861089187 0.019191405527123846 0.894043
22 0.20358122178374113 0.3052712221084954 0.013516193843725335 0.00997951934493347 0.894043
0 0.34323203030781374 0.6479016745138179 0.023184669297553275 0.011003073899692937 0.892578
14 0.4451458121546961 0.19242579324462641 0.007498031886345699 0.01586489907881269 0.891602
20 0.655485272296764 0.35248212896622316 0.024467255564325177 0.02021493387922211 0.891113
19 0.46112853670086823 0.2571647082906858 0.009865839936858722 0.008700095803480041 0.889648
0 0.4757300331491713 0.4609134575230297 0.020915543488555642 0.010491309723643807 0.888672
13 0.5777429013417522 0.20944206345957012 0.00868193591160221 0.01688842743091095 0.888184
13 0.23460914917127074 0.6276868454452406 0.007498031886345699 0.017400191606960082 0.888184
7 0.5688635201262826 0.5826510214943705 0.01736387182320442 0.014329580348004094 0.88623
22 0.6619970071033939 0.16914027430910952 0.014206767482241514 0.010491309723643807 0.88623
2 0.5363060584056827 0.2754607164790174 0.012628255722178374 0.00997951934493347 0.884277
23 0.30623499921073405 0.44540043398157625 0.012233607576953433 0.010043506243602866 0.884277
18 0.45382799052880823 0.6636387308085978 0.01696922367797948 0.014073685158648925 0.880859
13 0.38792425572217837 0.4193961269191402 0.007892639621152327 0.01586489907881269 0.880859
13 0.580504953433307 0.45240519140225177 0.009076543646408839 0.012282497441146366 0.879883
7 0.27762442304656665 0.6504606264073696 0.01657457553275454 0.00921185997952917 0.879883
8 0.5765588760852407 0.3555528188331627 0.01578531965272297 0.00972365035823951 0.878418
22 0.2330307182320442 0.15992846673490277 0.013812159747434886 0.01023541453428864 0.877441
5 0.3225261360694554 0.5070369539406345 0.015070055248618784 0.00921185997952917 0.877441
6 0.34017368902920286 0.3822926345957011 0.014996063772691397 0.00921185997952917 0.877441
13 0.31037868350434095 0.46296067144319347 0.007103383741120757 0.016120768065506653 0.877441
7 0.6827150244672454 0.4976970153531218 0.024467255564325177 0.015353134902763563 0.876465
1 0.3356351949486977 0.5466991361310133 0.014996063772691397 0.013050156806550665 0.876465
0 0.6377269139700079 0.3136513572159672 0.022888703393843725 0.010363362128966222 0.875977
22 0.6952939794790844 0.7008700921187309 0.014108125651144436 0.010875126305015354 0.875
2 0.2478294175217048 0.691914022517912 0.011838999842146803 0.009851597952917093 0.874023
2 0.6203629613259668 0.6400972118730808 0.011838999842146803 0.010299375230296826 0.874023
6 0.46132614364640884 0.21623911238485158 0.015390671507498026 0.009883565199590584 0.874023
2 0.4506707245461721 0.42041960286591606 0.025256511444356748 0.01023541453428864 0.874023
4 0.5315707655880032 0.39815761228249746 0.01026044767166535 0.01023541453428864 0.873047
0 0.6116811870560379 0.49814481883316275 0.021310191633780583 0.010619231115660184 0.873047
6 0.6148380489344909 0.3955988700102354 0.014206767482241514 0.00997951934493347 0.873047
24 0.2403316685082873 0.21358431115660184 0.012233607576953433 0.0071008163766632555 0.871582
29 0.5623521894238358 0.6621674513817809 0.025256511444356748 0.02162230501535312 0.869629
8 0.5098166250986583 0.6438075087001023 0.014305449723756905 0.01023541453428864 0.868652
23 0.2616416985003946 0.2411719140225179 0.013417511602209945 0.00946775516888434 0.868164
7 0.6211521767955801 0.17195496417604914 0.01657457553275454 0.013561920982599795 0.868164
22 0.346487816890292 0.19907891095189356 0.014996063772691397 0.01023541453428864 0.867188
24 0.309429281136543 0.41696520122824976 0.012628255722178374 0.006269196315250768 0.865234
22 0.1795580363062352 0.3463407492323439 0.014996063772691397 0.01023541453428864 0.861328
9 0.1980070086819258 0.20227746980552713 0.014404091554853986 0.01023541453428864 0.86084
4 0.3469319273875296 0.2188459627430911 0.011247027624309392 0.01093908700102354 0.859863
1 0.6008285651144436 0.39764582190378706 0.014601415627466457 0.013306025793244625 0.85791
6 0.4793803062352012 0.6855169048106448 0.014404091554853986 0.010747178710337769 0.856934
22 0.3453037916337806 0.3631012814738997 0.014206767482241514 0.00997951934493347 0.856934
16 0.6562744877663773 0.20912231238485157 0.01973163946329913 0.01097108045035824 0.856934
22 0.40346286977111284 0.360926198567042 0.014897381531176007 0.01023541453428864 0.856934
13 0.6527474664561957 0.2683118444216991 0.008533952959747435 0.016600564994882293 0.856934
5 0.3622729344909234 0.6455347881269192 0.014996063772691397 0.01317810440122825 0.855957
2 0.4220601483820047 0.4416581699078813 0.012233607576953433 0.00972365035823951 0.855957
13 0.5217049660615627 0.27175015762538385 0.00868193591160221 0.017400191606960082 0.85498
6 0.6617994001578531 0.2918373797338792 0.01578531965272297 0.00972365035823951 0.854004
21 0.6272691018153118 0.33572159672466734 0.020915543488555642 0.015097239713408393 0.854004
5 0.23164949013417524 0.20112586284544523 0.014996063772691397 0.010747178710337769 0.853027
11 0.4658642336227309 0.6415045568065507 0.025256511444356748 0.016376663254861822 0.853027
22 0.4738553938437253 0.6156761744114636 0.012628255722178374 0.007804515046059366 0.853027
4 0.6314374364640885 0.6397772773797339 0.009816498816101027 0.012602353326509724 0.853027
13 0.4865826550907656 0.21238488433981575 0.007695355958958169 0.017400191606960082 0.853027
21 0.3562057142857143 0.4039150706243603 0.01696922367797948 0.014841344524053224 0.853027
2 0.4578730734017364 0.4602099160696008 0.012825579794790843 0.010875126305015354 0.852051
5 0.6250986582478295 0.5985478616171955 0.014996063772691397 0.010651224564994883 0.852051
2 0.6387133322809787 0.4767783828045036 0.013417511602209945 0.010363362128966222 0.851074
13 0.48322818626677183 0.3350819897645854 0.0067087760063141285 0.015353134902763563 0.851074
7 0.5177584846093133 0.40046051177072667 0.01578531965272297 0.013817816171954964 0.851074
9 0.5680743046566693 0.6207779897645854 0.014996063772691397 0.01023541453428864 0.850098
6 0.22829502131018153 0.30501522210849535 0.015390671507498026 0.00997951934493347 0.850098
6 0.5516967703235991 0.6219932691914022 0.01657457553275454 0.009403794472876151 0.849121
22 0.37278004735595893 0.7102737031729786 0.014305449723756905 0.010363362128966222 0.848145
22 0.6256906708760852 0.43654052814739 0.024467255564325177 0.00997951934493347 0.848145
5 0.5201261310181532 0.4183726509723644 0.014206767482241514 0.00972365035823951 0.844727
8 0.33780604262036307 0.46455981985670425 0.014996063772691397 0.00997951934493347 0.844727
13 0.2478294175217048 0.2562691013306039 0.014206767482241514 0.011514838075742067 0.84375
6 0.6665350970797159 0.43465315046059366 0.015390671507498026 0.009851597952917093 0.842773
11 0.3989740805051302 0.5610285854657113 0.01026044767166535 0.016120768065506653 0.842773
8 0.33859525808997637 0.44380128556806553 0.014601415627466457 0.009787611054247696 0.84082
13 0.3040645556432518 0.255629494370522 0.018153127703235992 0.012794261617195496 0.839844
23 0.22730860299921074 0.6518999385875128 0.012628255722178374 0.009915558648925281 0.838867
23 0.1848857458563536 0.46890998567041964 0.012233607576953433 0.010619231115660184 0.835449
2 0.6187845303867403 0.661399713408393 0.014206767482241514 0.010107466939611055 0.834473
2 0.60161818468824 0.35465721187308086 0.012233607576953433 0.00972365035823951 0.834473
14 0.37569080978689817 0.27673993039918116 0.007103383741120757 0.016120768065506653 0.833496
16 0.3713495185477506 0.17668873694984646 0.01973163946329913 0.011003073899692937 0.832031
10 0.4108131207576953 0.15199587308085977 0.013022903867403315 0.017400191606960082 0.830078
9 0.6647594632991318 0.27155835414534285 0.014601415627466457 0.010747178710337769 0.830078
0 0.6691003504340963 0.5752301658137154 0.022691379321231255 0.012026602251791198 0.829102
23 0.5880031065509076 0.3144190951893552 0.012628255722178374 0.00946775516888434 0.829102
8 0.25611678610891875 0.713920065506653 0.01657457553275454 0.00997951934493347 0.827637
13 0.2825573228097869 0.3396878935516888 0.011049743962115234 0.018679641351074718 0.827637
27 0.6979085335438042 0.5340327697031729 0.009471191791633781 0.012282497441146366 0.82666
2 0.4829319779005525 0.41914012691914027 0.010457771744277821 0.00921185997952917 0.82666
2 0.18537875295974743 0.42732845854657114 0.012036323914759275 0.00972365035823951 0.825684
9 0.6910516937647987 0.5973283897645854 0.015982643725335435 0.010211412896622314 0.824219
5 0.5343332217837411 0.15301934902763561 0.024467255564325177 0.01023541453428864 0.824219
14 0.33188632044198896 0.1757931299897646 0.007892639621152327 0.016376663254861822 0.823242
8 0.6465074917127072 0.6811667389969294 0.015390671507498026 0.01023541453428864 0.823242
10 0.3525057363851618 0.31864112998976457 0.013614835674822417 0.017784034390992836 0.823242
18 0.3942383835832675 0.5009595087001023 0.018153127703235992 0.015992846673490275 0.823242
2 0.681530999210734 0.43270210030706246 0.013220187529597475 0.01023541453428864 0.822266
5 0.5528807955801106 0.4558597502558854 0.012628255722178374 0.0053735893551688846 0.820801
10 0.24644818942383584 0.5249488311156602 0.013022903867403315 0.014841344524053224 0.819824
2 0.29400155327545385 0.6496928884339815 0.012233607576953433 0.01023541453428864 0.818848
8 0.5722179889502762 0.6414406223132038 0.014996063772691397 0.010491309723643807 0.817383
2 0.47030372217837413 0.27769947185261 0.011641675769534333 0.009339807574206755 0.817383
1 0.3243881673243883 0.38485158648925283 0.014206767482241514 0.012794261617195496 0.81543
22 0.6300315580110497 0.3963844257932446 0.014206767482241514 0.006689015353121801 0.813965
11 0.4067680378847671 0.5609007164790174 0.02545383551696922 0.016376663254861822 0.813965
4 0.34925027308602996 0.6060644094165814 0.010556413575374901 0.010491309723643807 0.812988
21 0.2505918737174428 0.6720828004094166 0.021310191633780583 0.01842374616171955 0.812988
13 0.5962904751381215 0.5968526018423747 0.0067087760063141285 0.015097239713408393 0.809082
9 0.49704006314127863 0.6020983746161719 0.014009483820047354 0.00997951934493347 0.809082
6 0.500986544593528 0.29746675946775847 0.014601415627466457 0.01023541453428864 0.808105
21 0.5698499384372533 0.6026101125895599 0.018942383583267563 0.015353134902763563 0.806641
6 0.46112853670086823 0.15481056294779938 0.014206767482241514 0.01023541453428864 0.805664
13 0.6718628066298342 0.20619563234390992 0.009471191791633781 0.018455739611054248 0.805664
18 0.165943362273086 0.46865398567041966 0.022888703393843725 0.012538392630501535 0.805664
5 0.3813143235990529 0.4841350419651996 0.014601415627466457 0.010619231115660184 0.804199
5 0.5781373070244673 0.23336745138178097 0.01657457553275454 0.01017145383828045 0.804199
5 0.21428553749013418 0.1819345097236438 0.01696922367797948 0.00997951934493347 0.803223
13 0.6996841673243883 0.676432966223132 0.00868193591160221 0.018167850972364383 0.803223
2 0.4191000852407262 0.3400717625383828 0.013812159747434886 0.011514838075742067 0.801758
7 0.3177782352012628 0.18091103377686796 0.015514004104183108 0.013306025793244625 0.799316
21 0.2647985603788477 0.6935134329580348 0.021310191633780583 0.016504610849539407 0.79834
18 0.4293606945540647 0.17464178505629477 0.022494095659037094 0.012026602251791198 0.79834
8 0.5534728082083662 0.5001278362333675 0.014206767482241514 0.00946775516888434 0.796875
2 0.17048145224940806 0.3256141821903787 0.011838999842146803 0.010491309723643807 0.795898
5 0.4896409155485399 0.5806038075742067 0.014404091554853986 0.013306025793244625 0.794434
23 0.14581695343330703 0.20368481473899694 0.011838999842146803 0.00997951934493347 0.791992
2 0.3584254585635359 0.7093141617195496 0.012628255722178374 0.00997951934493347 0.791992
2 0.37115231570639307 0.4001687189355169 0.011049743962115234 0.012210518730808598 0.790527
13 0.5234805998421468 0.5779169866939612 0.009865839936858722 0.015609003889457523 0.790527
2 0.21428553749013418 0.6521559385875128 0.012233607576953433 0.009915558648925281 0.790527
13 0.15607715864246252 0.20048625588536334 0.0067087760063141285 0.016120768065506653 0.789062
4 0.5546568334648776 0.5799642006141248 0.01026044767166535 0.011003073899692937 0.789062
9 0.18863462036306236 0.36655584032753324 0.014996063772691397 0.010747178710337769 0.789062
2 0.28374094396211524 0.4041708085977482 0.022888703393843725 0.00946775516888434 0.789062
13 0.557221682715075 0.5155449580348004 0.00868193591160221 0.01906345793244626 0.788086
24 0.4161404262036306 0.6479016745138177 0.02545383551696922 0.013306025793244625 0.788086
2 0.36750204262036307 0.6056805404298875 0.012825579794790843 0.00972365035823951 0.786621
10 0.4932911886345698 0.6202662517911975 0.013812159747434886 0.01586489907881269 0.78418
6 0.33622728839779004 0.6068801244626407 0.015292029676400948 0.010139460388945754 0.78418
7 0.5915547782162589 0.6227610071647902 0.026440415469613256 0.01490533142272262 0.78418
21 0.180544454617206 0.511898595701126 0.01854773543804262 0.014329580348004094 0.78418
14 0.3733227592738753 0.6235287451381781 0.007103383741120757 0.01516120040941658 0.782715
2 0.6771901120757695 0.33217113613101334 0.013417511602209945 0.009659663459570113 0.782715
6 0.4980268855564326 0.2566849375639713 0.013812159747434886 0.009595702763561923 0.78125
10 0.6083267182320442 0.6375382599795292 0.020915543488555642 0.01765608679631525 0.779785
23 0.6145190895027625 0.35465721187308086 0.012131894554064718 0.00972365035823951 0.779785
10 0.18606936700868193 0.6084993965199591 0.02012628760852407 0.01758413428863869 0.778809
14 0.3939425793212313 0.5406858874104401 0.008089963693764798 0.015097239713408393 0.775879
2 0.5712311665351224 0.150460659160696 0.012233607576953433 0.00921185997952917 0.775879
8 0.6345696479873717 0.37397643398157626 0.014206767482241514 0.01023541453428864 0.775879
2 0.42117192738752957 0.6861565117707267 0.02012628760852407 0.012026602251791198 0.773438
12 0.4051896069455406 0.3994370358239509 0.024861863299131808 0.019191405527123846 0.773438
13 0.6637726408839779 0.6357150788126918 0.00887925998421468 0.021302449129989767 0.771973
6 0.38861486977111287 0.300409318321392 0.014996063772691397 0.010747178710337769 0.771973
18 0.3192580647198106 0.48535058341862847 0.021310191633780583 0.011386890481064484 0.770508
7 0.49940811365430154 0.4620650644831116 0.023677999684293606 0.013817816171954964 0.769043
5 0.5923439936858721 0.47831359672466733 0.014206767482241514 0.00997951934493347 0.766113
22 0.39152522809786894 0.4424259078812692 0.01627860962904499 0.011003073899692937 0.764648
14 0.2574980142067877 0.34135097645854656 0.007103383741120757 0.01586489907881269 0.764648
14 0.33346475138121545 0.3600305916069601 0.00828728776637727 0.01586489907881269 0.764648
5 0.2908446913970008 0.4449845977482088 0.01736387182320442 0.01023541453428864 0.764648
2 0.6490725430149961 0.3940633940634596 0.012924221625887924 0.00972365035823951 0.764648
7 0.6640191444356749 0.4568832262026612 0.01667325777426993 0.013817816171954964 0.763672
2 0.17571015627466455 0.7154555414534288 0.013812159747434886 0.010491309723643807 0.762207
2 0.4230465666929755 0.6250000245649949 0.009471191791633781 0.01017145383828045 0.762207
0 0.4212705288082084 0.32017660593654046 0.03157063930544594 0.010491309723643807 0.762207
18 0.44258096290449883 0.7038126509723643 0.01854773543804262 0.01765608679631525 0.760742
2 0.2951855785319653 0.5866173183213921 0.018942383583267563 0.00972365035823951 0.757812
6 0.6144436432517758 0.25319867349027636 0.014206767482241514 0.00921185997952917 0.756348
18 0.26558817995264405 0.6283264524053225 0.01736387182320442 0.013050156806550665 0.756348
2 0.611933954222573 0.6809749355168884 0.0115553591160221 0.00972365035823951 0.754883
7 0.49921091081294394 0.21753053674513817 0.01617996779794791 0.014145663868986694 0.754883
0 0.4408049250197316 0.4413062681678608 0.022691379321231255 0.011067034595701125 0.751953
2 0.23322792107340173 0.6715710624360286 0.011838999842146803 0.00921185997952917 0.751953
4 0.3241909644830308 0.3011770562947799 0.010655095816890291 0.010747178710337769 0.751953
23 0.47050132912391474 0.41965186489252815 0.012628255722178374 0.010747178710337769 0.751953
1 0.47207976006314123 0.6225692036847492 0.019337031728492503 0.021494357420675538 0.750488
13 0.4297555043409629 0.3155067676560901 0.01657457553275454 0.01791198198567042 0.750488
24 0.5027625824782952 0.31883319549641764 0.019337031728492503 0.013306025793244625 0.750488
8 0.3376084356748224 0.5058214124872057 0.012233607576953433 0.010107466939611055 0.750488
13 0.4072363946329913 0.6639586653019448 0.008336628887134965 0.016504610849539407 0.743164
6 0.462608366219416 0.37845446878198563 0.015193387845303866 0.00972365035823951 0.743164
8 0.4286700805051302 0.503326395087001 0.014798739700078925 0.00921185997952917 0.740234
19 0.24664579636937647 0.32433470624360283 0.011444351696921862 0.00972365035823951 0.73877
10 0.554064820836622 0.2732856335721597 0.021310191633780583 0.01944730071647902 0.73877
4 0.5797157379636937 0.39534287001023544 0.009865839936858722 0.010747178710337769 0.737305
6 0.32903140520915547 0.4232502763561924 0.016463608524072613 0.01045931627430911 0.729492
2 0.32614258563535914 0.5657626202661208 0.02204396400947119 0.01023541453428864 0.729492
13 0.6880427340173638 0.6511002333674514 0.007103383741120757 0.007932436438075742 0.729492
2 0.39611302288871353 0.6673490276356192 0.012628255722178374 0.00997951934493347 0.729492
27 0.6495166535122336 0.5192552548618219 0.010753737647987371 0.013433973387922212 0.726562
13 0.687697224940805 0.5528402538382804 0.00917522588792423 0.01714432262026612 0.71875
5 0.670086768745067 0.3730808270214943 0.014996063772691397 0.010491309723643807 0.71875
8 0.2458561767955801 0.40570628454452407 0.012628255722178374 0.00921185997952917 0.715332
23 0.2677586235201263 0.46622316479017406 0.011049743962115234 0.00972365035823951 0.712402
4 0.3052485808997632 0.28057835823950866 0.010655095816890291 0.010363362128966222 0.710449
14 0.21665358800315704 0.3019447942681679 0.007892639621152327 0.01586489907881269 0.710449
8 0.5319651712707182 0.43897134902763557 0.01657457553275454 0.010491309723643807 0.710449
23 0.5248618279400157 0.3569601637666326 0.012628255722178374 0.00921185997952917 0.708984
10 0.35995458879242304 0.4198119631525077 0.014305449723756905 0.01644062395087001 0.705566
12 0.4972376700868193 0.7034927164790173 0.025651159589581685 0.018679641351074718 0.704102
8 0.4396213038674033 0.27795547185261005 0.014601415627466457 0.009339807574206755 0.702637
4 0.39611302288871353 0.259371758444217 0.009668515864246252 0.012218536745138179 0.700684
22 0.5493291239147593 0.4376918730808598 0.014996063772691397 0.01023541453428864 0.700684
4 0.31097069613259665 0.7113613756397134 0.010655095816890291 0.011642785670419651 0.699219
22 0.44820447671665353 0.17476965404298875 0.013812159747434886 0.010491309723643807 0.697754
9 0.3380032454617206 0.669396241555783 0.014601415627466457 0.01023541453428864 0.695801
5 0.5694555327545383 0.31563463664278407 0.022888703393843725 0.00972365035823951 0.694336
14 0.5343332217837411 0.6192744810644831 0.007103383741120757 0.015289148004094167 0.692871
0 0.17985384056827153 0.63075753531218 0.03255721925808998 0.013561920982599795 0.692871
10 0.6490971933701658 0.6365147840327533 0.015440012628255721 0.01714432262026612 0.690918
6 0.24940825256511442 0.24219538996929377 0.01026044767166535 0.00946775516888434 0.689453
2 0.47632204577742704 0.3583675087001023 0.011247027624309392 0.00972365035823951 0.6875
4 0.6098127952012629 0.21136140839303993 0.007300707813733228 0.012282497441146366 0.686035
0 0.3727307466456196 0.6681167656090072 0.01637725146014207 0.010363362128966222 0.682617
13 0.6949488745067087 0.6154043480040942 0.014996063772691397 0.01688842743091095 0.680664
18 0.6819258089976322 0.6768807697031729 0.025552477348066295 0.018295798567041967 0.679199
13 0.5647198358326756 0.2922209866939611 0.00868193591160221 0.016376663254861822 0.677246
24 0.5872138910812944 0.6000351770726715 0.014206767482241514 0.009595702763561923 0.673828
13 0.4410025319652722 0.5949024949846469 0.005919479715864246 0.004412030296827022 0.672363
19 0.580504953433307 0.4989764912998977 0.011049743962115234 0.00946775516888434 0.67041
14 0.37189223046566694 0.1532753490276356 0.00878057774269929 0.016376663254861822 0.67041
22 0.6764008966061562 0.353121735926305 0.014206767482241514 0.011003073899692937 0.668945
24 0.21468034727703236 0.6107984442169908 0.018942383583267563 0.01023541453428864 0.668945
14 0.18606936700868193 0.38433984851586495 0.007103383741120757 0.015353134902763563 0.666992
7 0.3098115636937648 0.40455467758444213 0.013392861247040254 0.011258969089048106 0.666992
6 0.31669281136543015 0.5447800532241556 0.01657457553275454 0.012282497441146366 0.666992
4 0.27584838516179955 0.5872569252814739 0.011049743962115234 0.010747178710337769 0.666992
24 0.3155091902131018 0.6491811504605937 0.028413575374901343 0.011770733265097236 0.665527
4 0.6596168334648776 0.6596564503582395 0.010285138437253354 0.011290936335721596 0.663574
6 0.3877270528808208 0.2794906857727738 0.014601415627466457 0.010107466939611055 0.662109
10 0.5931332091554854 0.35184225997952917 0.012233607576953433 0.01688842743091095 0.662109
4 0.4522495595895817 0.39910918812691915 0.01657457553275454 0.01189868085977482 0.660156
14 0.5931332091554854 0.4342375762538383 0.007892639621152327 0.01586489907881269 0.660156
2 0.5169692691397001 0.5409416253838281 0.025256511444356748 0.00921185997952917 0.658203
13 0.31072415217048144 0.6041453265097236 0.014626065982636148 0.016376663254861822 0.658203
5 0.4082232170481453 0.5844422354145343 0.02293804451460142 0.01023541453428864 0.654785
13 0.199289635359116 0.7107215066530195 0.00828728776637727 0.01791198198567042 0.65332
24 0.5142068129439621 0.6026500192425793 0.018153127703235992 0.010667208188331627 0.65332
13 0.3871350402525651 0.25674887205731833 0.007892639621152327 0.016056807369498466 0.65332
13 0.3883190655090765 0.33828054861821905 0.007892639621152327 0.016376663254861822 0.65332
13 0.48717426361483823 0.3551689498464688 0.00848461183898974 0.017400191606960082 0.65332
5 0.17995244198895027 0.4076173756397134 0.024467255564325177 0.009835588126919141 0.647949
13 0.18823981057616418 0.6710593244626407 0.015587995580110498 0.016632558444216988 0.645996
10 0.41357557695343333 0.3775588618219038 0.014996063772691397 0.016376663254861822 0.645996
8 0.36306255406471977 0.21929374002047083 0.014996063772691397 0.00972365035823951 0.644043
10 0.5189425098658248 0.7024053060388946 0.011838999842146803 0.018167850972364383 0.644043
12 0.5230861941594317 0.5589816335721597 0.02604576732438832 0.01970316970317298 0.642578
6 0.5410417553275454 0.6839174943705221 0.01657457553275454 0.010107466939611055 0.642578
2 0.35556440094711916 0.38101342067553734 0.013417511602209945 0.011003073899692937 0.640625
22 0.36355556116811366 0.2805144237461617 0.014996063772691397 0.00946775516888434 0.640625
5 0.6332626134175217 0.2519191975435005 0.022691379321231255 0.009787611054247696 0.635254
24 0.49033152959747434 0.47805785875127943 0.01657457553275454 0.016632558444216988 0.629883
24 0.5887923220205209 0.14713396929375638 0.022099447513812154 0.016376663254861822 0.62793
8 0.6067482872928177 0.5996113752302968 0.015390671507498026 0.00909992221084954 0.624512
2 0.21902123441199686 0.4477992876151484 0.012628255722178374 0.00921185997952917 0.624512
11 0.5359116527229677 0.45304506038894576 0.01578531965272297 0.011003073899692937 0.624512
8 0.4682318800315707 0.31883319549641764 0.015587995580110498 0.00946775516888434 0.622559
18 0.4441593938437253 0.3783265997952917 0.0230860274664562 0.012026602251791198 0.620605
13 0.36858706235201266 0.45394066734902766 0.009076543646408839 0.008700095803480041 0.620605
7 0.6091268121862667 0.5797082006141249 0.005897900552486188 0.011514838075742067 0.618652
14 0.2687450418310971 0.2790428822927329 0.007103383741120757 0.015097239713408393 0.618652
6 0.22059966535122336 0.7142400000000001 0.014996063772691397 0.010747178710337769 0.616699
24 0.39783935595895814 0.2346469273285568 0.02002760536700868 0.01944730071647902 0.616699
7 0.49427801104972374 0.5440123152507677 0.01657457553275454 0.014585475537359264 0.615234
22 0.500098727703236 0.23592640327533265 0.023875283346487766 0.01023541453428864 0.613281
0 0.2620365082872928 0.5073566264073694 0.01578531965272297 0.00921185997952917 0.613281
18 0.32991307971586425 0.3216478853633572 0.022888703393843725 0.011514838075742067 0.611328
24 0.19356752012628256 0.3474923561924258 0.011049743962115234 0.011770733265097236 0.609375
7 0.44909229360694547 0.23874109314227226 0.017166547750591947 0.014201632753326511 0.609375
14 0.4411997348066299 0.47940126919140225 0.005524871981057617 0.01586489907881269 0.602051
23 0.3484610576164167 0.5245649621289662 0.011838999842146803 0.00972365035823951 0.602051
5 0.5292027150749802 0.49980816376663256 0.014206767482241514 0.011258969089048106 0.600098
4 0.4746450134175217 0.21302449129989764 0.010457771744277821 0.016120768065506653 0.598145
22 0.30552917872138907 0.69076241555783 0.004877416258879242 0.012026602251791198 0.594727
13 0.6964287040252566 0.6556901535312181 0.00828728776637727 0.016664525690890483 0.594727
2 0.545777452249408 0.41453422313203686 0.013417511602209945 0.016376663254861822 0.594727
13 0.45520921862667724 0.2746929785056295 0.01617996779794791 0.015353134902763563 0.592773
24 0.6770915106550908 0.32459070624360287 0.012036323914759275 0.006908908085977482 0.592773
5 0.4335043788476717 0.2346469273285568 0.014601415627466457 0.014841344524053224 0.588867
10 0.20358122178374113 0.6283264524053225 0.012726897553275452 0.01688842743091095 0.588867
13 0.2782164356748224 0.503454526100307 0.01657457553275454 0.016376663254861822 0.586914
2 0.21665358800315704 0.20163760081883314 0.011838999842146803 0.00972365035823951 0.583008
6 0.5213101562746646 0.19396100716479017 0.014601415627466457 0.01023541453428864 0.583008
6 0.35951047829518545 0.23822935516888433 0.014996063772691397 0.011514838075742067 0.577637
8 0.2125099037095501 0.24334699692937561 0.011838999842146803 0.00972365035823951 0.575684
18 0.6464086882399369 0.5970045510747185 0.024467255564325177 0.013226081473899694 0.575684
2 0.36740344119968427 0.5433724462640737 0.012628255722178374 0.011003073899692937 0.57373
13 0.2140883346487766 0.46462375435005115 0.007892639621152327 0.01765608679631525 0.571777
24 0.45737966219415943 0.5429888393039918 0.023480675611681136 0.01023541453428864 0.569824
23 0.3771706393054459 0.2591479877175026 0.010852419889502763 0.00997951934493347 0.567871
10 0.5994473370165746 0.4951380634595701 0.013812159747434886 0.016632558444216988 0.565918
12 0.6165154045777427 0.47466723439099284 0.01825176953433307 0.01842374616171955 0.565918
10 0.5722179889502762 0.5168244339815763 0.021310191633780583 0.015992846673490275 0.563965
2 0.33105390623520126 0.157881252814739 0.022185764167324387 0.010747178710337769 0.563965
24 0.6139564552486187 0.27341350255885366 0.015600320757695343 0.011258969089048106 0.563965
23 0.37036310023677976 0.6896110706243602 0.012036323914759275 0.01023541453428864 0.562012
24 0.6141475965272296 0.29375646264073696 0.015982643725335435 0.00997951934493347 0.562012
5 0.19790840726124703 0.4895086837256909 0.023677999684293606 0.01023541453428864 0.562012
13 0.20698499131807419 0.46385627840327537 0.00868193591160221 0.019191405527123846 0.562012
13 0.44998011049723763 0.4794652036847492 0.006906059668508287 0.016120768065506653 0.560059
18 0.17146787056037885 0.550025563971341 0.023677999684293606 0.012026602251791198 0.560059
7 0.2752563725335438 0.22210842988741042 0.01578531965272297 0.015609003889457523 0.558105
6 0.17156687608524074 0.30546302558853633 0.023480675611681136 0.010491309723643807 0.556641
13 0.3075670882399369 0.5822671525076766 0.008977901815311759 0.018167850972364383 0.554688
8 0.4003553086029992 0.5849539733879222 0.007103383741120757 0.00921185997952917 0.554688
27 0.7008681925808997 0.45262922415557827 0.007103383741120757 0.009147899283520984 0.550781
4 0.4956588350434096 0.35772763971340843 0.009076543646408839 0.010747178710337769 0.550781
7 0.154498727703236 0.3954588351279427 0.018942383583267563 0.004821839918116684 0.550781
2 0.40173653670086823 0.5432445772773797 0.004735616101026046 0.00844422681678608 0.546875
24 0.6808900899763219 0.4249136212896622 0.011641675769534333 0.005661451791197544 0.544922
21 0.29735602209944756 0.5088281678607983 0.020915543488555642 0.014201632753326511 0.544922
6 0.25631398895027624 0.6503327574206755 0.019337031728492503 0.00946775516888434 0.539062
7 0.5270322715074981 0.7061156028659161 0.01617996779794791 0.015353134902763563 0.537109
13 0.37845286187845306 0.6440635087001023 0.015390671507498026 0.01765608679631525 0.535156
22 0.25295992423046565 0.15967246673490276 0.013812159747434886 0.01023541453428864 0.529297
13 0.6884371397000789 0.6552103828045036 0.007892639621152327 0.017879988536335722 0.529297
2 0.559984138910813 0.3561924257932446 0.018153127703235992 0.00921185997952917 0.529297
6 0.19830321704814524 0.38485158648925283 0.01617996779794791 0.014073685158648925 0.523438
19 0.2914362999210734 0.3842119795291709 0.011049743962115234 0.00921185997952917 0.519531
8 0.5876087008681926 0.5592373715455475 0.007892639621152327 0.010491309723643807 0.517578
13 0.3098007741120758 0.4557318812691914 0.006976979952644041 0.005629484544524053 0.517578
0 0.4747436148382005 0.17476965404298875 0.024072607419100236 0.01023541453428864 0.515625
14 0.2768352075769534 0.2793628167860798 0.007498031886345699 0.01548105629477994 0.515625
22 0.31077349329123916 0.2400205690890481 0.024072607419100236 0.010619231115660184 0.513672
46 0.2845305635359116 0.24053230706243603 0.023677999684293606 0.010747178710337769 0.507812
6 0.25276231728492504 0.42630498259979527 0.023283351539068665 0.00972365035823951 0.503906
4 0.346487816890292 0.6271829682702149 0.01026044767166535 0.010731195087001023 0.501953
24 0.5595897332280978 0.37512804094165814 0.021310191633780583 0.011770733265097236 0.501953
