1 0.4930849905629678 0.6265101363118304 0.015294504653433127 0.01595626350581263 0.997559
1 0.609664874715262 0.6263962288579895 0.014969093914741296 0.015728331889674037 0.99707
1 0.5092743872437357 0.20743107545019376 0.014969093914741296 0.015785285616594487 0.996582
1 0.3739017871786528 0.3715523428310919 0.013992845037422715 0.015044420332801458 0.996582
16 0.7587048590953466 0.16189878823797585 0.015294504653433127 0.01002963300661044 0.996094
1 0.5282297168890335 0.23056759334397084 0.014480969476082003 0.015500283565078644 0.995605
27 0.6520907308818744 0.18470765881012083 0.009192974162056621 0.0153294223843173 0.995605
1 0.4110803514480963 0.1393891114656941 0.010901401366742596 0.015158444495099156 0.994629
18 0.5854214331272373 0.19996581901071347 0.016433450569476083 0.008547984134944153 0.994629
16 0.6353726729580215 0.25096881513562797 0.01659616426944354 0.010485531251424663 0.994629
18 0.528880505043931 0.639845011169364 0.019362197201431824 0.004103025849099612 0.994629
1 0.4816140579238529 0.27820833553681334 0.014969093914741296 0.015728331889674037 0.994141
18 0.7674909990237553 0.13648283747435602 0.01659616426944354 0.015386376111237748 0.993652
1 0.5486597331597787 0.2768976995669022 0.01462333979824276 0.015158444495099156 0.993652
1 0.5348194051415555 0.719854143606109 0.01513179095346567 0.01584223934351493 0.993652
16 0.6339083163032867 0.22808870572144976 0.016758877969410998 0.010200587554137224 0.993164
1 0.5710217871786528 0.3710394091634374 0.014155542076147089 0.015728331889674037 0.993164
18 0.3184185148063781 0.45908368543423755 0.017409666124308495 0.015500283565078644 0.993164
18 0.5239179537910836 0.55209997538181 0.01789784054669704 0.015984740369272853 0.992676
1 0.37520336348844774 0.18475042078869386 0.01594532613081679 0.015728331889674037 0.991699
1 0.782297345916043 0.4859812500569866 0.013342006898795965 0.01584223934351493 0.991699
11 0.7749755626423691 0.5270116252564395 0.013667417637487796 0.015728331889674037 0.991699
19 0.5585746723071917 0.5775586414406201 0.010738687666775139 0.010713474538408936 0.991699
11 0.7105433699967458 0.7120469313881923 0.014969093914741296 0.015614307727376339 0.991699
18 0.5593069339407745 0.17899470982448143 0.018386014969085585 0.016526150900387507 0.991211
19 0.8006020540188741 0.574652367449282 0.008786206573381061 0.01059949705949396 0.991211
18 0.7571591955743573 0.7110781344882608 0.016758877969410998 0.016526150900387507 0.991211
18 0.7424341555483241 0.13531458582174608 0.01692149170191995 0.016355173011169365 0.990723
1 0.36381390432801824 0.5345338354228403 0.015294504653433127 0.01595626350581263 0.990723
16 0.5352261060852587 0.6012080930020516 0.012528471721444842 0.010713474538408936 0.990723
1 0.5878416452977546 0.2538181354000456 0.014684353270419784 0.014588557100524277 0.990234
4 0.8010087549625772 0.6422099913380442 0.010575990628050765 0.01384769181673125 0.990234
7 0.7347868115847705 0.5325392878960565 0.01594532613081679 0.016298102575792114 0.989746
0 0.3882199596485519 0.20586391429222703 0.02310447901073869 0.010827440346478232 0.989258
9 0.5282297168890335 0.460593776156827 0.015457201692157502 0.01139730439936175 0.989258
19 0.8013748024731533 0.18600410303168452 0.009925152489424015 0.01002963300661044 0.98877
5 0.7534016020826554 0.3459083437428767 0.007291326521314676 0.011169361112377478 0.98877
2 0.7283599036771884 0.5511738937770686 0.011552222844126263 0.0063824937314793705 0.98877
16 0.6321183989586723 0.554151476635514 0.017409666124308495 0.010400042306815592 0.98877
18 0.650606047510576 0.6209254032368362 0.01513179095346567 0.014360625484385686 0.98877
0 0.3430686573381061 0.7172327549578299 0.022941698665798895 0.010485531251424663 0.98877
21 0.45391307517084284 0.6262394894005016 0.016352093719492353 0.016212671985411445 0.98877
18 0.5371786371623821 0.10978461089582858 0.008623492873413602 0.014531603373603829 0.988281
18 0.772535023755288 0.11367392021882837 0.016270736869508622 0.016326696147709138 0.988281
4 0.7883175528799219 0.43651693822657855 0.006182887341360234 0.012195100068383861 0.988281
19 0.7794704328018224 0.4606793234556645 0.009437028050764724 0.010485531251424663 0.988281
18 0.4739668805727302 0.45862782220196036 0.018548628701594534 0.01641212673808981 0.987793
9 0.7613081783273674 0.46010943606108956 0.013667417637487796 0.011169361112377478 0.987793
18 0.5921737351122681 0.27171187599726465 0.018548628701594534 0.01618419512195122 0.987305
1 0.42153428180930685 0.4615910499202188 0.015782629092092416 0.010485531251424663 0.987305
4 0.3115847393426619 0.5518578053339411 0.011552222844126263 0.005014822338728061 0.987305
8 0.7770907074520014 0.5752792085707773 0.014643666514806378 0.010827440346478232 0.987305
18 0.7129840754962576 0.6191019503077273 0.01757244646924829 0.01618419512195122 0.987305
23 0.3294419264562317 0.18281282698883064 0.011470882655385616 0.009573734761796215 0.986816
0 0.610966451025057 0.46102116252564396 0.024406055320533682 0.010941417825393207 0.986816
4 0.8008053211845103 0.5298609571917028 0.01065733081679141 0.009331553043081833 0.986816
8 0.7796127198177676 0.6899931178481878 0.014643666514806378 0.01059949705949396 0.986816
1 0.5094573776765376 0.20184634237519947 0.014989420631304913 0.0047868673808981075 0.986328
16 0.4171920286365115 0.27547303943469337 0.017063945330296128 0.010713474538408936 0.986328
16 0.40839572534982105 0.2987805352176886 0.016270736869508622 0.01059949705949396 0.986328
19 0.2922327054995119 0.3459083437428767 0.01055564725024406 0.010485531251424663 0.986328
23 0.3839539983078425 0.39258040574424435 0.010952251480637812 0.010143610485525416 0.986328
19 0.5205825395379109 0.6008662539320719 0.010250563228115848 0.010257576293594712 0.986328
19 0.7534982206313049 0.6909049610211989 0.010413276928083305 0.010827440346478232 0.986328
19 0.5208266267491051 0.18167316890813767 0.011389525805401887 0.010713474538408936 0.98584
2 0.628864291571754 0.1126624080237064 0.011389525805401887 0.011340327330749944 0.98584
23 0.6062479869834039 0.18195805425119674 0.012365774682720468 0.010257576293594712 0.98584
0 0.31569306866254476 0.3694437711420105 0.02416213472177026 0.010485531251424663 0.98584
19 0.4593231474129515 0.3681331351720994 0.010575990628050765 0.010713474538408936 0.98584
2 0.7092417936869508 0.41417823934351494 0.012691185421412302 0.010713474538408936 0.98584
4 0.41287010218027986 0.48415779712787776 0.007321833257403189 0.011283338591292455 0.98584
2 0.5472665200130166 0.531456583542284 0.011552222844126263 0.010713474538408936 0.98584
38 0.2994223651155223 0.27262371917027584 0.022290910510901398 0.019375471164805105 0.985352
19 0.7875039843800846 0.20859932710280374 0.0078099576960624795 0.00974470098016868 0.985352
18 0.6331099428571428 0.6677969199908821 0.01524365453953791 0.01418964759516754 0.985352
8 0.38952170257077773 0.2756653749715067 0.016270736869508622 0.010727712970139048 0.984863
9 0.722990484868207 0.4137793298381582 0.014969093914741296 0.010941417825393207 0.984863
1 0.6670903481939473 0.5512309642124458 0.01385047471526196 0.006268516252564395 0.984863
9 0.466563623820371 0.6002963665374972 0.014155542076147089 0.01139730439936175 0.984863
5 0.6493654513504719 0.6694779886026898 0.014318255776114546 0.010713474538408936 0.984863
28 0.6379759921900423 0.18351806118076133 0.01757244646924829 0.016910705265557328 0.984375
5 0.38075069105109016 0.3222019384545247 0.01172509990237553 0.010713474538408936 0.984375
19 0.7017572300683371 0.3677911793936631 0.010087866189391474 0.010257576293594712 0.984375
16 0.6475757006182884 0.5069523592432186 0.01692149170191995 0.010257576293594712 0.984375
18 0.7184348011714937 0.5961362935947117 0.01773506020175724 0.016526150900387507 0.984375
9 0.7370647367393427 0.1840665092318213 0.013992845037422715 0.011055395304308182 0.983887
1 0.3778753437032216 0.37172332072031 0.005994748584445167 0.014702581262821975 0.983887
9 0.6393588753660918 0.2967289172555277 0.014806380214773835 0.011511281878276727 0.983887
19 0.4962577910836316 0.43805562252108504 0.010413276928083305 0.01002963300661044 0.983887
19 0.7404816244712008 0.41417823934351494 0.009762455450699642 0.01002963300661044 0.983887
2 0.3969247927107062 0.5312286519261453 0.012691185421412302 0.010485531251424663 0.983887
4 0.6454603891962252 0.4826760665602917 0.01106409840546697 0.012764987462958741 0.983887
23 0.6858119205987634 0.6222931096421245 0.011552222844126263 0.01002963300661044 0.983887
0 0.46949233712984056 0.7165488434009574 0.02342987308818744 0.010713474538408936 0.983887
0 0.6182884009111618 0.7168907991793937 0.023592653433127237 0.010485531251424663 0.983887
18 0.6555482720468597 0.7134715915204012 0.015375861503416856 0.014360625484385686 0.983887
9 0.5679302935242434 0.25051283519489403 0.014155542076147089 0.01139730439936175 0.983398
0 0.3984706228441262 0.32255813266469113 0.02310447901073869 0.010684974333257352 0.983398
7 0.7540677019199479 0.3712103870526556 0.019524977546371624 0.015728331889674037 0.983398
2 0.5671981985030915 0.717389494415318 0.012203060982753009 0.010684974333257352 0.983398
4 0.4638789977220957 0.27507412992933666 0.01171493654409372 0.013334874857533622 0.98291
5 0.5231858587699317 0.4402424822429907 0.013992845037422715 0.005171526783679051 0.98291
9 0.5255450907907583 0.5074082224754958 0.015294504653433127 0.011853144289947572 0.98291
0 0.5654491012040351 0.5316845151584226 0.02310447901073869 0.01059949705949396 0.98291
2 0.7346241978522616 0.5983587727376339 0.011389525805401887 0.010485531251424663 0.98291
2 0.4273510549951188 0.6239884867107363 0.012040347282785552 0.010229087759288808 0.98291
2 0.7720875027660267 0.713015728288124 0.010698017572404817 0.010941417825393207 0.98291
23 0.7527965323787829 0.4138362835650787 0.006040517019199479 0.010257576293594712 0.982422
0 0.38089817637487794 0.5085479972646455 0.024406055320533682 0.010941417825393207 0.982422
2 0.6604295164334527 0.11290457807157511 0.011389525805401887 0.011197861317529064 0.981934
19 0.7067197813211844 0.13722358604969226 0.01106409840546697 0.01002963300661044 0.981934
2 0.7609827842499186 0.23039661545475268 0.011389525805401887 0.010827440346478232 0.981934
0 0.7967683019850309 0.2798039735582402 0.019219743573055646 0.015500283565078644 0.981934
5 0.6306642556459485 0.34431270572144973 0.01171493654409372 0.01059949705949396 0.981934
8 0.7875039843800846 0.18566214725324823 0.014318255776114546 0.010371553772509687 0.981445
2 0.3570614357305565 0.36870302256667425 0.012365774682720468 0.011055395304308182 0.981445
18 0.4355678802473153 0.36653749715067246 0.015294504653433127 0.014246601322087988 0.981445
7 0.6617312593556786 0.300860513334853 0.009437028050764724 0.014873442443583315 0.981445
19 0.6739749404490726 0.6226350654205607 0.010738687666775139 0.010713474538408936 0.981445
5 0.6946795340058575 0.7151241832687486 0.015619915392124959 0.010713474538408936 0.981445
19 0.3224861906931338 0.7166022958741737 0.010820044516758867 0.010834571233188968 0.981445
9 0.35437680963228113 0.18190110052427627 0.014643666514806378 0.011625259357191702 0.980957
4 0.3335502557761145 0.2273193635741965 0.012691185421412302 0.012764987462958741 0.980957
18 0.4151277006182883 0.36750629405060403 0.01533517474780345 0.015386376111237748 0.980957
9 0.6616294591604296 0.3672212919990882 0.014521639570452327 0.011169361112377478 0.980957
8 0.46884154897494307 0.4381125762480054 0.016758877969410998 0.01139730439936175 0.980957
2 0.7612268714611129 0.41429226350581266 0.010738687666775139 0.010485531251424663 0.980957
2 0.5295314598112594 0.48392974880328243 0.012691185421412302 0.010713474538408936 0.980957
8 0.7841482434103482 0.5507749842717119 0.014114871981776765 0.007180301071347162 0.980957
2 0.4080703312723723 0.6006382056074766 0.012365774682720468 0.010941417825393207 0.980957
8 0.5322160859095346 0.5776726656029177 0.016433450569476083 0.01059949705949396 0.980957
2 0.5256263976570127 0.6237177697743332 0.011877650244061178 0.010713474538408936 0.980957
0 0.4839732899446795 0.5779861445178938 0.02424344158802473 0.01111237237291999 0.980957
2 0.6985844295476733 0.622521041258263 0.011552222844126263 0.01002963300661044 0.980957
0 0.37438979498861047 0.6962616457715979 0.022128130165961605 0.015044420332801458 0.980957
8 0.7630166221932964 0.64406203783907 0.013992845037422715 0.010998406564850694 0.980957
8 0.3276928291571754 0.11291881650330522 0.01692149170191995 0.011283338591292455 0.980469
5 0.7731858119101855 0.18475042078869386 0.012365774682720468 0.010371553772509687 0.980469
19 0.4126260149690856 0.2286299995441076 0.0078099576960624795 0.010143610485525416 0.980469
6 0.7466644451675887 0.4605083455664463 0.014318255776114546 0.010143610485525416 0.980469
22 0.5917670341685649 0.5308866961477092 0.014318255776114546 0.010257576293594712 0.980469
4 0.6778800026033192 0.2739343551401869 0.01228441783273674 0.012309124230681558 0.97998
2 0.5521477643996096 0.36841802051515843 0.012365774682720468 0.011055395304308182 0.97998
2 0.4740481874389847 0.5310007203100069 0.012365774682720468 0.010713474538408936 0.97998
5 0.7888057273023105 0.5291771506724413 0.012691185421412302 0.010485531251424663 0.97998
8 0.5047185369345917 0.5546500551629816 0.016270736869508622 0.011055395304308182 0.97998
23 0.43979816986657994 0.62411667927969 0.01212170413276928 0.01059949705949396 0.97998
4 0.5217215021151969 0.6692785338500115 0.01171493654409372 0.013163896968315478 0.97998
5 0.7657012482915718 0.6904490977889218 0.013016596160104133 0.010713474538408936 0.97998
7 0.7854701464367069 0.23404375472988379 0.011877650244061178 0.014816488716662869 0.979492
4 0.7712332808330621 0.27567062685206295 0.010901401366742596 0.012825559152040119 0.979492
2 0.5619102531727953 0.43851148575336224 0.013504720598763422 0.01059949705949396 0.979492
0 0.542425929059551 0.43822660041030315 0.022128130165961605 0.010257576293594712 0.979492
0 0.7274650283110966 0.46079323090950536 0.022128130165961605 0.010713474538408936 0.979492
0 0.6886593270419786 0.4609072550718031 0.022616304588350147 0.01139730439936175 0.979492
18 0.44134399999999996 0.529120080237064 0.015294504653433127 0.014360625484385686 0.979492
2 0.7686401249593232 0.5507180305447914 0.011450539277578912 0.007294278550262138 0.979492
2 0.4028636928083307 0.5777296193298381 0.012691185421412302 0.011283338591292455 0.979492
2 0.37487796941099905 0.27581487850467284 0.012203060982753009 0.011055395304308182 0.979004
9 0.42409694760820044 0.20497354547526783 0.015213147803449399 0.011753475267836792 0.979004
2 0.6207289397982427 0.2510827225894689 0.012040347282785552 0.010941417825393207 0.979004
4 0.6269117604946306 0.38938912970139045 0.012691185421412302 0.012708033736038295 0.979004
23 0.5656117149365442 0.6009232076589925 0.010901401366742596 0.009915655527695464 0.979004
2 0.7876667647250244 0.25472986186459995 0.007484546957370648 0.010257576293594712 0.978516
5 0.5032541802798568 0.4138220451333485 0.014969093914741296 0.011197861317529064 0.978516
4 0.5104133498210217 0.4362890066104399 0.012691185421412302 0.013448782311374516 0.978516
8 0.4947934344288968 0.4609642087987235 0.016108039830784248 0.010941417825393207 0.978516
2 0.6391149547673284 0.3909562908593572 0.012365774682720468 0.01111237237291999 0.978516
6 0.5079726443215099 0.5076361540916344 0.015619915392124959 0.010713474538408936 0.978516
4 0.5528392059876343 0.6004102739913381 0.012365774682720468 0.013676830635969911 0.978516
0 0.5762690790758217 0.6711732956462275 0.03197209241783274 0.01074196307271484 0.978516
2 0.7762773055645948 0.6440691570549351 0.01106409840546697 0.010813201914748119 0.978516
23 0.5269891207289294 0.11236328424891726 0.01199967718841523 0.010571008525188054 0.978027
5 0.47933613276928083 0.25176663414634143 0.015294504653433127 0.010941417825393207 0.978027
8 0.6353726729580215 0.20480968680191475 0.01659616426944354 0.010485531251424663 0.978027
18 0.6596974214123007 0.24960110873033967 0.013504720598763422 0.014360625484385686 0.978027
2 0.7746501685649203 0.3227148721221792 0.01171493654409372 0.010827440346478232 0.978027
5 0.34770581451350474 0.6010941855482106 0.016108039830784248 0.010827440346478232 0.978027
9 0.628701677839245 0.15887849008434007 0.014969093914741296 0.010713474538408936 0.977539
0 0.6742596810933941 0.18235696375655344 0.022941698665798895 0.010257576293594712 0.977539
6 0.6044582362512203 0.25096881513562797 0.01659616426944354 0.010713474538408936 0.977539
2 0.48503094565571103 0.4378846446318669 0.012040347282785552 0.01059949705949396 0.977539
7 0.41693777806703547 0.5338500405744244 0.016352093719492353 0.015500283565078644 0.977539
6 0.3804100019524894 0.5314601431502166 0.01513179095346567 0.010592377843628903 0.977539
22 0.4702245987634234 0.6240027718258491 0.014806380214773835 0.010713474538408936 0.977539
9 0.531727911487146 0.6933553717802599 0.014643666514806378 0.01139730439936175 0.977539
13 0.39977219915392126 0.11081036152268064 0.007484546957370648 0.017038967859585138 0.977051
13 0.7704197123332249 0.15933435331661727 0.006508298080052067 0.015728331889674037 0.977051
2 0.6399283566547348 0.2739913088671073 0.012365774682720468 0.010941417825393207 0.977051
18 0.3532378470549951 0.27355681495327105 0.015619915392124959 0.01460279553225439 0.977051
0 0.43117481028311094 0.34454063733758833 0.024406055320533682 0.01139730439936175 0.977051
2 0.45350637422713963 0.6001823423751995 0.011796293394077449 0.010941417825393207 0.977051
2 0.5092743872437357 0.6006382056074766 0.012040347282785552 0.010941417825393207 0.977051
8 0.6565246208916369 0.13614088169591976 0.01594532613081679 0.011055395304308182 0.976562
2 0.6928083097949886 0.18258489537269204 0.01171493654409372 0.010713474538408936 0.976562
2 0.5597949417507322 0.2971848971962617 0.012365774682720468 0.010941417825393207 0.976562
5 0.7281158164659942 0.44009288534305907 0.013342006898795965 0.0048723446546615 0.976562
2 0.6478197878294826 0.15887849008434007 0.012040347282785552 0.01002963300661044 0.976074
2 0.3415229938171168 0.1820720317301117 0.012040347282785552 0.010713474538408936 0.976074
2 0.5023593049137651 0.3211904262594028 0.012365774682720468 0.010684974333257352 0.976074
6 0.5873739642043605 0.36819008889901983 0.01659616426944354 0.010371553772509687 0.976074
9 0.5788317448747153 0.41417823934351494 0.01513179095346567 0.010827440346478232 0.976074
7 0.7173771454604622 0.5325392878960565 0.01692149170191995 0.01618419512195122 0.976074
2 0.7907582583794338 0.5747093211762024 0.010575990628050765 0.010827440346478232 0.976074
8 0.32980797396680767 0.6707316708456804 0.015457201692157502 0.011169361112377478 0.976074
22 0.5143995522290921 0.6935833033963985 0.014480969476082003 0.01059949705949396 0.976074
6 0.4080703312723723 0.20506609528151357 0.015782629092092416 0.010257576293594712 0.975586
6 0.6280965248291572 0.2973558750854798 0.006599818288317605 0.010485531251424663 0.975586
22 0.45525547152619594 0.4615340961932984 0.015457201692157502 0.010371553772509687 0.975586
0 0.34013994402863645 0.5317985393207203 0.02326709274324764 0.010257576293594712 0.975586
4 0.741457806703547 0.48216324960109413 0.011389525805401887 0.012764987462958741 0.975586
6 0.3883827399934917 0.6471321705037612 0.016270736869508622 0.010613747162069751 0.975586
5 0.4018873439635535 0.6937542812856166 0.01594532613081679 0.01002963300661044 0.975586
2 0.3618613732508949 0.7167768917255527 0.012040347282785552 0.010713474538408936 0.975586
2 0.4007128929384966 0.716377982220196 0.011948827074520012 0.010827440346478232 0.975586
22 0.6386369103807354 0.7165738190107135 0.01454198294825903 0.01043566172783223 0.975586
2 0.39232828896843475 0.13619783542284022 0.01122681210543443 0.010713474538408936 0.975098
6 0.3843963709729905 0.46181898153635736 0.01513179095346567 0.01002963300661044 0.975098
5 0.6617312593556786 0.5070663834055162 0.009437028050764724 0.010257576293594712 0.975098
6 0.5102937887406443 0.6237748402097105 0.016184315001627075 0.010485531251424663 0.975098
13 0.600064999674585 0.6909049610211989 0.0071591362186788155 0.016640058354228403 0.975098
4 0.39977219915392126 0.1583086026897652 0.012528471721444842 0.013334874857533622 0.974609
13 0.4348356186137325 0.15751078367905175 0.007647243996095021 0.01846362799179394 0.974609
9 0.4007483813862675 0.46124909414178256 0.015497888447770908 0.010941417825393207 0.974609
2 0.5282906970387243 0.39138367722817413 0.01094207146111292 0.010713474538408936 0.974609
7 0.603807281483892 0.4428496091178482 0.01594532613081679 0.010357303669933895 0.974609
23 0.7634233231369997 0.48318900022794625 0.01171493654409372 0.01002963300661044 0.974609
0 0.40497883761796294 0.6243446108958286 0.02310447901073869 0.010941417825393207 0.974609
2 0.49096967914090467 0.7168907991793937 0.011389525805401887 0.010713474538408936 0.974609
6 0.5518223703221607 0.7171187307955322 0.016270736869508622 0.01002963300661044 0.974609
9 0.5223722902700944 0.274219240483246 0.015050434103481938 0.011283338591292455 0.974121
14 0.48682069638789455 0.3421472970139047 0.007484546957370648 0.015728331889674037 0.974121
2 0.7550438841522942 0.39155453840893545 0.011389525805401887 0.010713474538408936 0.974121
5 0.7014318359908883 0.5302029012992934 0.013667417637487796 0.01059949705949396 0.974121
8 0.4155955483241132 0.7165488434009574 0.016758877969410998 0.010485531251424663 0.974121
6 0.38561664041653104 0.7161785274675176 0.014643666514806378 0.01074196307271484 0.974121
2 0.6773511747478035 0.15933435331661727 0.011877650244061178 0.01002963300661044 0.973633
6 0.7207940331923202 0.1836106459995441 0.015457201692157502 0.010485531251424663 0.973633
12 0.7579828274650179 0.18167316890813767 0.016453793947282788 0.015728331889674037 0.973633
23 0.5148064197852262 0.3213044504217005 0.01122681210543443 0.010001144472304536 0.973633
6 0.6233322590302636 0.2973558750854798 0.016270736869508622 0.010371553772509687 0.973633
2 0.7518710836316304 0.4832174770914064 0.010087866189391474 0.010086621746067928 0.973633
0 0.4069313686950862 0.6476521066788238 0.019199416856492027 0.01059949705949396 0.973633
18 0.43227295281483896 0.7142694105311147 0.015457201692157502 0.014588557100524277 0.973633
5 0.5805401887406443 0.7173466624116709 0.014643666514806378 0.010713474538408936 0.973633
13 0.647331613407094 0.2254388402097105 0.007972671396029939 0.01607017095965352 0.973145
0 0.7711519739668077 0.3921529026669706 0.019524977546371624 0.010428542511967176 0.973145
6 0.44972343898470546 0.7167768917255527 0.016108039830784248 0.010485531251424663 0.973145
2 0.31097460462089166 0.717076015500342 0.011308168955418158 0.010428542511967176 0.973145
2 0.4092906007159128 0.18212903214041487 0.014480969476082003 0.010713474538408936 0.972656
13 0.7793686326065734 0.13662522179165715 0.006671011780019525 0.016583104627307953 0.972656
8 0.7779857494305239 0.43731475723729196 0.014318255776114546 0.010257576293594712 0.972656
4 0.4070939824275952 0.5537810439936175 0.01106409840546697 0.013363351720993847 0.972656
13 0.39749427399934917 0.552684101208115 0.007972671396029939 0.01686798997036699 0.972656
6 0.38537255320533675 0.15904946797355823 0.015782629092092416 0.010143610485525416 0.972168
5 0.41148721900423035 0.1592204458627764 0.010087866189391474 0.010257576293594712 0.972168
5 0.7795314129515132 0.29997714702530204 0.013667417637487796 0.011055395304308182 0.972168
6 0.4384152866905304 0.46181898153635736 0.015782629092092416 0.009801689719626168 0.97168
13 0.6483027972665149 0.24868926555732848 0.00822688864301985 0.01686798997036699 0.971191
5 0.29547681614057925 0.36904486163665373 0.014969093914741296 0.010485531251424663 0.971191
2 0.611942799869834 0.5542511456576248 0.012691185421412302 0.010656485798951449 0.971191
8 0.6569313218353401 0.5765044139503077 0.016758877969410998 0.010827440346478232 0.971191
5 0.5344940110641068 0.6705606929564623 0.013667417637487796 0.010827440346478232 0.971191
5 0.7890498145135046 0.6423238987918851 0.012853882460136676 0.012480102119899705 0.971191
23 0.6173120520663846 0.11220654479142922 0.011389525805401887 0.010200587554137224 0.970703
13 0.7547997969410999 0.13577044905402325 0.006996422518711357 0.016127241395030772 0.970703
13 0.47835995053693464 0.3411215463870526 0.008786206573381061 0.018235696375655346 0.970703
2 0.6798323670680116 0.5990425675860498 0.012528471721444842 0.010713474538408936 0.970703
2 0.6688496088512854 0.6687941937542741 0.012447114871461112 0.010257576293594712 0.970703
5 0.7424341555483241 0.2762708584454069 0.014969093914741296 0.010941417825393207 0.970215
8 0.6445655138301334 0.34442672988374745 0.015619915392124959 0.011169361112377478 0.970215
5 0.78327369476082 0.6666286683382722 0.013016596160104133 0.010941417825393207 0.970215
6 0.43227295281483896 0.18201500797811715 0.015213147803449399 0.010941417825393207 0.969727
13 0.7274650283110966 0.2733075140186916 0.0078099576960624795 0.016298102575792114 0.969727
4 0.33981454995118776 0.4383405078641441 0.012365774682720468 0.01253705584682015 0.969727
2 0.36316311617312075 0.43868246364258034 0.012040347282785552 0.010713474538408936 0.969727
2 0.3027985994142532 0.4621609373147937 0.012528471721444842 0.009345791474811944 0.969727
0 0.765375854214123 0.6679394210166401 0.01985037162382037 0.010371553772509687 0.969727
9 0.5088675196876017 0.2980681467973558 0.015457201692157502 0.012138146341463414 0.969238
11 0.5691507295802147 0.3178425274675177 0.024324748454279205 0.015671261454296787 0.969238
2 0.48991219004230396 0.5517437811716435 0.012040347282785552 0.005242765625712332 0.969238
14 0.6791002720468597 0.1995099557784363 0.007565903807354377 0.009459768953726919 0.96875
6 0.7579116506345591 0.2762708584454069 0.014847050309144159 0.010143610485525416 0.96875
8 0.577082647575659 0.43742878139958974 0.016514807419459814 0.010713474538408936 0.96875
6 0.39277580995769606 0.18235696375655344 0.015619915392124959 0.010257576293594712 0.968262
0 0.5615033856166612 0.20190329610211988 0.023185785876993166 0.004672901572828812 0.968262
5 0.6524569450048812 0.20521571552313653 0.014643666514806378 0.010585246956918168 0.968262
28 0.7146110458835015 0.2739343551401869 0.017409666124308495 0.018577652154091632 0.968262
8 0.536243108363163 0.36796215728288123 0.01570127224210869 0.010485531251424663 0.968262
0 0.4907255919297104 0.3683076143150216 0.022128130165961605 0.010193468338272168 0.968262
7 0.7533354402863651 0.5557328762252108 0.015294504653433127 0.014930512878960564 0.968262
13 0.5724048369671331 0.17905178025985868 0.007321833257403189 0.01641212673808981 0.967773
6 0.3191506098275301 0.275700971050832 0.015619915392124959 0.010257576293594712 0.967773
7 0.6239017403189066 0.2767267216776841 0.015457201692157502 0.01527235194894005 0.967773
5 0.6690632059876341 0.4606793234556645 0.01462333979824276 0.010713474538408936 0.967773
8 0.29543599609502114 0.7174037328470481 0.017409666124308495 0.011283338591292455 0.967773
13 0.5120403202082655 0.6676544189651242 0.0078099576960624795 0.016640058354228403 0.967773
2 0.7287666046208917 0.7146113663095509 0.011389525805401887 0.010713474538408936 0.967773
8 0.6600228154897494 0.3211904262594028 0.012853882460136676 0.010684974333257352 0.967285
7 0.6127562017572404 0.5336221089582859 0.025219623820370973 0.01527235194894005 0.967285
22 0.762935315327042 0.5064964960109415 0.013342006898795965 0.010485531251424663 0.967285
23 0.5892450218027986 0.6469113581034877 0.01171493654409372 0.010200587554137224 0.967285
4 0.6151969072567524 0.4127535792113062 0.01171493654409372 0.013106943241395032 0.966797
18 0.7735112059876342 0.4125968397538181 0.013342006898795965 0.013876168680191476 0.966797
22 0.7604133029612755 0.5295189897424208 0.013016596160104133 0.01002963300661044 0.966797
22 0.7991376973641393 0.5509459621609301 0.01317930986007159 0.006838391976293595 0.966797
18 0.5263586592905956 0.6450307180305448 0.015294504653433127 0.014588557100524277 0.966797
23 0.34738042043605594 0.1366536986551174 0.01122681210543443 0.01002963300661044 0.966309
23 0.30361216791409046 0.3457944362890358 0.01212170413276928 0.009573734761796215 0.966309
6 0.5357955873739018 0.34454063733758833 0.011389525805401887 0.010257576293594712 0.966309
0 0.6843882173771558 0.3682470426259403 0.022128130165961605 0.01002963300661044 0.966309
2 0.6195899772209568 0.4398560372008206 0.012365774682720468 0.004398648370184636 0.966309
5 0.5379108987959649 0.555162988830636 0.0071591362186788155 0.011055395304308182 0.966309
2 0.7762773055645948 0.6403008744016413 0.011389525805401887 0.003191252701162526 0.966309
2 0.6693784367068012 0.20218829815363576 0.01171493654409372 0.004103025849099612 0.96582
12 0.7515456895541817 0.11236328424891726 0.024894229742922224 0.0160416940961933 0.96582
8 0.6592905538561665 0.43714377934807386 0.014318255776114546 0.010827440346478232 0.96582
2 0.7816465577611454 0.2767836754046045 0.009762455450699642 0.010143610485525416 0.965332
0 0.38854535372600063 0.43913832687485754 0.02408066124308493 0.010713474538408936 0.965332
0 0.6571754090465343 0.414064331889674 0.018548628701594534 0.010257576293594712 0.965332
2 0.8005207471526196 0.4597674802826533 0.010087866189391474 0.010485531251424663 0.965332
23 0.5809468896843476 0.6238673900159561 0.012853882460136676 0.010300314930476407 0.965332
22 0.6633582297429222 0.5533821344882608 0.006182887341360234 0.010855940551629816 0.964844
5 0.47185156915066706 0.3681331351720994 0.013667417637487796 0.010941417825393207 0.964355
22 0.31117803839895863 0.11283338591292455 0.015375861503416856 0.010656485798951449 0.963867
5 0.505532105434429 0.34471161522680643 0.015294504653433127 0.010257576293594712 0.963867
14 0.5395378691832086 0.41155685069523595 0.0039049788480312398 0.01527235194894005 0.963867
6 0.5791977923852912 0.6006382056074766 0.015863969280833064 0.010485531251424663 0.963867
22 0.38529124633908235 0.29889444267152954 0.014643666514806378 0.010485531251424663 0.963379
6 0.3939960794012366 0.67067471711876 0.015457201692157502 0.010713474538408936 0.963379
22 0.5099251753986332 0.6468615235924322 0.015294504653433127 0.010357303669933895 0.963379
14 0.5392124751057599 0.15625710143606109 0.0045558169866579895 0.01595626350581263 0.962891
5 0.7863651884152294 0.11660878778208343 0.010087866189391474 0.010912929291087304 0.962891
22 0.39684348584445167 0.3917255162981536 0.014643666514806378 0.010656485798951449 0.962891
0 0.780995769606248 0.5065534497378619 0.01985037162382037 0.010827440346478232 0.962891
4 0.3804100019524894 0.6700478759972647 0.011552222844126263 0.013334874857533622 0.962891
5 0.5383989066059225 0.20429675313426032 0.006182887341360234 0.011340327330749944 0.962402
20 0.43243573315977873 0.5777296193298381 0.025626491376505044 0.021540879872350125 0.962402
22 0.5116869685649202 0.4609072550718031 0.014211473869183209 0.010827440346478232 0.961914
5 0.7637487172144485 0.4370298718942329 0.01317930986007159 0.010713474538408936 0.961914
0 0.7921514715261959 0.7154091853202643 0.028778798568174422 0.015044420332801458 0.961914
3 0.4655059681093394 0.3197515276954639 0.021640122356003905 0.017893740597219057 0.960938
6 0.40782624406117796 0.20218829815363576 0.015457201692157502 0.004103025849099612 0.960449
4 0.5008949482590302 0.2507408835194894 0.011877650244061178 0.012195100068383861 0.960449
5 0.7082656114546045 0.46045127513106904 0.014318255776114546 0.010941417825393207 0.960449
18 0.78327369476082 0.16110096922726236 0.01594532613081679 0.013904762252108502 0.959961
14 0.41376497754637165 0.24937317711420107 0.005532049202733485 0.015728331889674037 0.959961
6 0.7287666046208917 0.20663325643948027 0.022128130165961605 0.010656485798951449 0.959961
5 0.664090491376505 0.460593776156827 0.004718514025382362 0.01059949705949396 0.959961
22 0.5151318138626749 0.5317415038978801 0.013992845037422715 0.01059949705949396 0.959961
2 0.7284412105434429 0.13767956599042627 0.011389525805401887 0.01059949705949396 0.959473
6 0.5261958789456557 0.20478120993845453 0.016108039830784248 0.010428542511967176 0.958984
13 0.5253823104458184 0.34169131707317074 0.0078099576960624795 0.016298102575792114 0.958984
7 0.6127562017572404 0.3473330038750855 0.017409666124308495 0.015158444495099156 0.958984
13 0.7290106918320859 0.3656256539776613 0.006833708818743898 0.01641212673808981 0.958984
13 0.6522941646599415 0.6902210494643265 0.0071591362186788155 0.01641212673808981 0.958984
2 0.8016188896843475 0.32356964485981304 0.011389525805401887 0.010827440346478232 0.958496
12 0.6379759921900423 0.6907909368589012 0.019199416856492027 0.01595626350581263 0.958496
13 0.7094858808981452 0.18053339411898792 0.006182887341360234 0.01595626350581263 0.958008
13 0.4018873439635535 0.27302251196717575 0.007728600846078751 0.01607017095965352 0.958008
8 0.40107394207614705 0.4845565899247778 0.015619915392124959 0.011169361112377478 0.958008
0 0.4712007809957696 0.5519717127877821 0.02408066124308493 0.0047868673808981075 0.95752
4 0.37292543833387565 0.7155373312058354 0.010087866189391474 0.012679556872578072 0.95752
2 0.37980494890986005 0.5521996444039207 0.009833632281158477 0.004330980806929565 0.957031
0 0.7458508766677514 0.4398008341007522 0.020338379433778066 0.004288242170047868 0.957031
6 0.6727546710055321 0.7155230927741053 0.015294504653433127 0.010371553772509687 0.957031
2 0.752598230263586 0.6683097369500798 0.005654076147087537 0.011226349851834967 0.957031
6 0.5261603904978848 0.20196036653749716 0.016016519622518714 0.0045589240939138366 0.956543
6 0.4136023638138627 0.3220309605653066 0.005857459941425317 0.010485531251424663 0.956543
21 0.5291245922551252 0.323398666970595 0.01757244646924829 0.015500283565078644 0.956543
2 0.41860556849983727 0.5516868274447231 0.011308168955418158 0.005356731433781628 0.956543
23 0.4712007809957696 0.22834511420104855 0.012365774682720468 0.010371553772509687 0.956055
6 0.5690692561015295 0.27439021837246413 0.025219623820370973 0.011169361112377478 0.956055
8 0.6354564956719818 0.20190329610211988 0.016631752684672957 0.004672901572828812 0.955566
13 0.4908070654083957 0.24891719717346705 0.007484546957370648 0.01618419512195122 0.955566
6 0.7242922277904328 0.20275818554821062 0.013504720598763422 0.0029632977433325736 0.955078
2 0.3803439234624146 0.5553909204467746 0.010931908102831109 0.01111237237291999 0.955078
0 0.7683045675235927 0.346250299521313 0.02082655385616661 0.010143610485525416 0.95459
7 0.30085623169541165 0.5810349195349898 0.028778798568174422 0.015614307727376339 0.954102
8 0.5311584301985031 0.5313746542056075 0.015457201692157502 0.011603890038750854 0.954102
22 0.6041328421737715 0.36762020150444497 0.014318255776114546 0.010371553772509687 0.953613
12 0.7161568760169215 0.3653977223615227 0.017409666124308495 0.015500283565078644 0.953613
14 0.388982678034494 0.549350324139503 0.006976079140904654 0.01002963300661044 0.953613
8 0.4480963019850309 0.18201500797811715 0.01659616426944354 0.010713474538408936 0.953125
28 0.5263586592905956 0.25165260998404376 0.018223234624145785 0.02325054205607477 0.953125
5 0.29725640351448096 0.5521996444039207 0.016453793947282788 0.004330980806929565 0.953125
22 0.3132525297754637 0.6706177633918395 0.014480969476082003 0.010485531251424663 0.953125
5 0.4139277578913114 0.5084339731023478 0.005206638464041653 0.010485531251424663 0.952637
13 0.44842169606247967 0.3654547927968999 0.007484546957370648 0.0167540825165261 0.952148
23 0.7901074702245362 0.4599811734670618 0.010494633778067034 0.009659223706405288 0.95166
22 0.6556297455255451 0.6461776120355596 0.013992845037422715 0.010471281148848871 0.95166
21 0.6314676108037749 0.6485069961249145 0.01757244646924829 0.015671261454296787 0.95166
2 0.7512202954767329 0.2529062922270344 0.01171493654409372 0.01059949705949396 0.951172
18 0.44630655125284735 0.274219240483246 0.022290910510901398 0.014360625484385686 0.950195
2 0.5472665200130166 0.5777011424663779 0.011389525805401887 0.01059949705949396 0.950195
5 0.3686136752359258 0.20207427399133804 0.014318255776114546 0.004330980806929565 0.949707
5 0.6535959075821672 0.20207427399133804 0.01692149170191995 0.004330980806929565 0.949707
6 0.5955906228441262 0.5518578053339411 0.016758877969410998 0.005014822338728061 0.949707
0 0.5909534656687276 0.4846421372236152 0.032866967783924506 0.010656485798951449 0.949219
27 0.3381061060852587 0.5581192140414862 0.009762455450699642 0.015514638705265557 0.949219
0 0.3881996495932314 0.2023592760428539 0.023307912788805726 0.0037611167540460453 0.948242
8 0.7784534305239179 0.4400715160246182 0.013952158281809308 0.004829606017779805 0.947754
13 0.5476732209567198 0.620982450330522 0.006671011780019525 0.01618419512195122 0.947754
2 0.4837292027334852 0.22823109003875086 0.012691185421412302 0.011169361112377478 0.946777
8 0.6818662050113895 0.22897195532254389 0.01602668298080052 0.01059949705949396 0.946777
4 0.37647707886755616 0.7147252737633919 0.0031982255776114546 0.014246601322087988 0.946777
6 0.5389683878945656 0.22783218053339413 0.0050439247640741945 0.010371553772509687 0.946289
4 0.5549136973641393 0.5504900989286527 0.011552222844126263 0.007750165124230681 0.945801
11 0.6265368158802473 0.6913038705265557 0.0034804170517409696 0.018691559607932527 0.945801
13 0.752865176700293 0.641013262821974 0.006218475756589652 0.017323969911100977 0.945312
1 0.5787504380084608 0.5516297570093458 0.014155542076147089 0.0054707089126966035 0.943848
6 0.6306540423039375 0.6236608160474129 0.023918047510575982 0.010713474538408936 0.943848
4 0.7929953634884478 0.6890813913836334 0.009843795639440286 0.01253705584682015 0.943848
16 0.3862674285714286 0.1134887038978801 0.01757244646924829 0.010827440346478232 0.943359
18 0.6592905538561665 0.22692045406883976 0.014318255776114546 0.014018669705949395 0.942383
22 0.33574687406443215 0.2760428101208115 0.01513179095346567 0.010485531251424663 0.941895
7 0.7749755626423691 0.25632549988602693 0.014318255776114546 0.014360625484385686 0.941406
13 0.4543605961601041 0.5279234684294506 0.00829808213472177 0.018805583770230224 0.940918
18 0.3744712684672958 0.5536243045361294 0.021802736088512853 0.014474532938226578 0.940918
6 0.5042151341360234 0.135457086847504 0.008755699837292548 0.011169361112377478 0.94043
1 0.32484542271396033 0.5520857369500798 0.013992845037422715 0.0045589240939138366 0.939941
4 0.7530965180605272 0.5043309705949396 0.006660831760494631 0.015044420332801458 0.939453
8 0.7512202954767329 0.2994643300661044 0.00829808213472177 0.01059949705949396 0.938965
14 0.7890498145135046 0.36642347298837474 0.004718514025382362 0.014588557100524277 0.938965
5 0.5421818418483567 0.5519147590608616 0.01602668298080052 0.004900844859813084 0.938965
0 0.7846567445493003 0.7131511100980168 0.013504720598763422 0.010442780943697287 0.938965
14 0.46257725479986983 0.528835194894005 0.007484546957370648 0.01618419512195122 0.936523
8 0.6603482095671982 0.4400483727376339 0.014969093914741296 0.00478330777296558 0.935547
13 0.6644971923202082 0.18130983214041485 0.0039049788480312398 0.012494340551629814 0.935059
13 0.7124959010738693 0.5029490257579211 0.008460779173446143 0.017580378390699793 0.935059
14 0.7019200104132769 0.1806474182812856 0.005532049202733485 0.015500283565078644 0.932617
7 0.3304181086885779 0.3264189651242307 0.016840184835665472 0.0167540825165261 0.932129
2 0.6016921366742597 0.6470252655573284 0.012691185421412302 0.01139730439936175 0.931641
18 0.4633908232997071 0.203669912012765 0.022290910510901398 0.014018669705949395 0.931152
6 0.5054354535632932 0.18160901426943243 0.011175961991539213 0.01096990635969911 0.930664
4 0.6588025460462089 0.5295189897424208 0.015294504653433127 0.012309124230681558 0.930664
18 0.410266782948259 0.11196437474356052 0.012528471721444842 0.01507289719626168 0.929199
13 0.4304018952164009 0.2725096950079781 0.007891314546046208 0.01686798997036699 0.928711
5 0.7870972834363814 0.6389331679963529 0.008623492873413602 0.005926595486665147 0.928223
5 0.6325252665148065 0.483872795076362 0.014155542076147089 0.010428542511967176 0.927246
13 0.7377969983729254 0.7114200902666971 0.006020173641392776 0.016640058354228403 0.927246
4 0.3763016593036121 0.1125483838614087 0.0028473731207289293 0.012252053795304309 0.925781
9 0.42402580410022783 0.2016753644859813 0.015111447575658967 0.005128788146797356 0.925293
13 0.5983567224210868 0.19922495372692045 0.007321833257403189 0.01002963300661044 0.925293
14 0.5173282655385616 0.34174838750854797 0.008623492873413602 0.01607017095965352 0.925293
5 0.7065571675886756 0.4401000162297698 0.01789784054669704 0.004886594757237292 0.924316
5 0.7640742779043279 0.43998782439024386 0.012528471721444842 0.004662211078185548 0.923828
7 0.41319549625772856 0.3886482644175974 0.006671011780019525 0.01584223934351493 0.922852
0 0.48503094565571103 0.20241622976977433 0.022128130165961605 0.003647139275131069 0.922363
6 0.42264275431174747 0.4408301560063825 0.02585008525870485 0.006346874310462731 0.922363
1 0.7871785903026358 0.39497374606792796 0.008460779173446143 0.016640058354228403 0.921875
13 0.7359257741620567 0.199908865283793 0.00829808213472177 0.00866196161385913 0.919434
5 0.5424665824926782 0.20133352541600183 0.014318255776114546 0.005812629678595851 0.918945
14 0.7873413706475756 0.13696717757009344 0.008135368434754311 0.015671261454296787 0.918457
8 0.7132891428571428 0.5511738937770686 0.014684353270419784 0.0063824937314793705 0.918457
2 0.6267109758542141 0.5772452792341007 0.0038083769606247968 0.01088442908593572 0.917969
27 0.679140925479987 0.5510599863232277 0.009274331012040352 0.006610437018463642 0.91748
7 0.3961926976895542 0.25467290813767945 0.02668398047510576 0.015614307727376339 0.916016
14 0.7372275170842825 0.366024563483018 0.0078099576960624795 0.015158444495099156 0.916016
4 0.6596159479336153 0.3437998887622521 0.013667417637487796 0.012195100068383861 0.914062
18 0.3170354650178978 0.531249997902895 0.022779084933289947 0.012123907909733304 0.913086
13 0.401236555808656 0.13337699202188283 0.0063455843800846075 0.016469080465010257 0.910645
7 0.5386429938171168 0.25427399863232275 0.005694762902700943 0.015500283565078644 0.910645
10 0.6231694786853238 0.3645500688397538 0.014969093914741296 0.01602745566446319 0.910645
23 0.3514480963228116 0.43913832687485754 0.010901401366742596 0.01002963300661044 0.90918
18 0.5669947647250244 0.6397880574424436 0.011552222844126263 0.004217003328014588 0.90918
7 0.4403676511552229 0.5098016795076362 0.026521366742596808 0.01584223934351493 0.908691
23 0.7483728890335177 0.5296899676316389 0.01106409840546697 0.010257576293594712 0.908691
18 0.7757891311422063 0.36727474447230457 0.020663773511226814 0.013740903578755414 0.907227
6 0.6145461191018549 0.20190329610211988 0.023592653433127237 0.004672901572828812 0.906738
6 0.4985357162382037 0.1816802531114657 0.02554501789781972 0.01088442908593572 0.905273
11 0.3656036550602017 0.13411785730567585 0.025382404165310773 0.016013217232733076 0.903809
18 0.36983411129189714 0.639958918623205 0.012203060982753009 0.0038750825621153406 0.903809
7 0.3447771012040351 0.465679813995897 0.027334768630003257 0.01655462776384773 0.90332
19 0.41343958346892284 0.43902441942101667 0.006182887341360234 0.010713474538408936 0.902832
7 0.4515538431500163 0.16161390289491678 0.020907860722421085 0.015044420332801458 0.901855
7 0.5482020488122357 0.2538181354000456 0.024812922876667753 0.016640058354228403 0.901855
7 0.31939469703872436 0.3948027681787098 0.024894229742922224 0.014930512878960564 0.901367
7 0.45175727692808326 0.5517437811716435 0.013342006898795965 0.005242765625712332 0.901367
6 0.39440294695737066 0.3691873626624117 0.024894229742922224 0.01125483838614087 0.900391
14 0.6110477578913114 0.644054918623205 0.006996422518711357 0.016540389332117617 0.900391
18 0.5977872411324439 0.7142124568041942 0.016270736869508622 0.014987466605881013 0.895508
22 0.6927676563618613 0.2026441613859129 0.014562309664822649 0.003191252701162526 0.89502
13 0.509553979563944 0.27221051287896053 0.008430272437357632 0.016782559379986326 0.894043
10 0.41717170191994796 0.38836337907453844 0.014664009892613081 0.01607017095965352 0.892578
18 0.7886429469573707 0.34442672988374745 0.005532049202733485 0.014132693868247092 0.890137
11 0.6397657429222259 0.31804198222019603 0.024406055320533682 0.016526150900387507 0.889648
16 0.4126260149690856 0.27600009482562116 0.0078099576960624795 0.010143610485525416 0.888672
5 0.754881220436056 0.32277182584909964 0.010250563228115848 0.010371553772509687 0.888184
8 0.2964529983729255 0.5313604157738774 0.016840184835665472 0.012017002963300662 0.887207
7 0.3901724907256753 0.4185092901755186 0.026358586397657015 0.01527235194894005 0.881836
7 0.560323769606248 0.4636140743104627 0.02399935437683046 0.015557354000455893 0.881836
0 0.3560039466319558 0.5062685643948028 0.024731616010413276 0.01618419512195122 0.878906
6 0.452082671005532 0.48484159197629356 0.015294504653433127 0.010827440346478232 0.878418
22 0.529449986332574 0.1586505584682015 0.013016596160104133 0.010257576293594712 0.877441
6 0.3105272502440612 0.2026441613859129 0.01513179095346567 0.003191252701162526 0.875
7 0.7536610009762447 0.5514018253932073 0.015294504653433127 0.005926595486665147 0.875
7 0.3315164178327367 0.208200417597447 0.025870411975268466 0.01510149076817871 0.872559
6 0.5058574995118776 0.27518803738317754 0.014155542076147089 0.010713474538408936 0.872559
5 0.7521711192971038 0.20686118805561887 0.0048252959323137 0.01054250832003647 0.868652
4 0.36804419394728277 0.46133464144062003 0.01594532613081679 0.011682283109186233 0.868164
2 0.7289293849658315 0.6217802926829269 0.01171493654409372 0.01059949705949396 0.868164
18 0.6431826306540839 0.3664947818554821 0.022616304588350147 0.013790738089810805 0.865234
2 0.5016906392450374 0.48458518349669477 0.0037015950536934588 0.011739236836106679 0.863281
18 0.49105115261959 0.5309080771369956 0.018874022779043282 0.011440054707089127 0.863281
4 0.6502806534331272 0.5532253950307727 0.016270736869508622 0.011967168452245271 0.858887
5 0.2938090257077774 0.2024731834966948 0.013830131337455257 0.003533161796216093 0.85791
6 0.5089489931662871 0.22777522680647366 0.014643666514806378 0.011055395304308182 0.856934
6 0.49707119297103813 0.13460219740141324 0.022779084933289947 0.012081192614542968 0.855957
6 0.6151969072567524 0.20475273307499428 0.02408066124308493 0.01059949705949396 0.853027
8 0.7626683022453628 0.6403008744016413 0.013591159127888056 0.003191252701162526 0.852051
16 0.38057278229742925 0.4851835477547299 0.025707798242759518 0.010143610485525416 0.851074
23 0.5339245297754637 0.18161609847276042 0.01513179095346567 0.011283338591292455 0.850098
22 0.41506672046859744 0.46233191520401185 0.0029287299707126584 0.008775927421928426 0.850098
5 0.6449825447445493 0.11081036152268064 0.019504484217377157 0.015728331889674037 0.848145
22 0.33574687406443215 0.3691909806245726 0.013016596160104133 0.009908536311830408 0.84082
11 0.3763156430849333 0.1567700351037155 0.0028753473478685325 0.014132693868247092 0.839844
2 0.6895135489749431 0.5309436498746296 0.005938816791409047 0.004672901572828812 0.839844
9 0.6281524566221933 0.5068383350809209 0.006711681874389847 0.011853144289947572 0.838867
10 0.2950292951513179 0.5987576822429906 0.01618939668076798 0.01641212673808981 0.838867
27 0.8006833608851286 0.2521084732163209 0.012528471721444842 0.013904762252108502 0.835449
8 0.5392124751057599 0.39098476772281743 0.0045558169866579895 0.011967168452245271 0.834473
6 0.7064756941099902 0.32231596261682244 0.014318255776114546 0.01059949705949396 0.831055
10 0.7000894396355353 0.5960793398677912 0.015294504653433127 0.01686798997036699 0.831055
11 0.6292380199153921 0.27107077310234784 0.008882808460787504 0.016668535217688626 0.830078
0 0.7997884855190368 0.3029974451789378 0.013504720598763422 0.015044420332801458 0.829102
10 0.35421419589977216 0.5522424764075677 0.015619915392124959 0.01683951310690677 0.827637
14 0.35584116628701595 0.19933897788921814 0.0078099576960624795 0.009801689719626168 0.825684
10 0.42751383534005855 0.5979029095053567 0.016433450569476083 0.01641212673808981 0.825684
10 0.6405995714936544 0.573797594711648 0.01533517474780345 0.016298102575792114 0.825684
18 0.3463227647250244 0.15808067107362664 0.022616304588350147 0.014360625484385686 0.824219
4 0.6744224614383338 0.44044192532482335 0.010413276928083305 0.005570436289035787 0.822266
1 0.7090586866254475 0.2026441613859129 0.012731855515782622 0.003191252701162526 0.820801
0 0.7532897384965831 0.4370868256211534 0.007047272632606573 0.009573734761796215 0.820801
7 0.6059225929059552 0.39380561112377477 0.027334768630003257 0.014987466605881013 0.818848
8 0.5033736413927757 0.5313425593799863 0.007001504197852262 0.010257576293594712 0.816406
1 0.578425043931012 0.34773191338044224 0.022616304588350147 0.01527235194894005 0.81543
13 0.5231452053368044 0.6931274401641212 0.00333549755938822 0.011853144289947572 0.81543
19 0.41933783013342013 0.18163394319580578 0.010087866189391474 0.011532651196717574 0.812988
4 0.33477052521965506 0.5082060414862093 0.01757244646924829 0.011625259357191702 0.812988
22 0.509111606898796 0.1589925142466378 0.014643666514806378 0.01002963300661044 0.811523
5 0.3781931402538236 0.2521084732163209 0.006599818288317605 0.010257576293594712 0.811523
14 0.9147412326716564 0.351493076817871 0.0032541407094044904 0.01686798997036699 0.805664
4 0.4495606586397657 0.6402439206747207 0.008623492873413602 0.003305218509231821 0.805664
8 0.5489343104458184 0.3910986751766583 0.010982758216726327 0.011055395304308182 0.801758
14 0.9149853198828506 0.3730339566902211 0.0027660329319882855 0.01253705584682015 0.800781
6 0.7866905824926782 0.41417823934351494 0.009437028050764724 0.01002963300661044 0.799316
14 0.6110477578913114 0.6391610996124915 0.006996422518711357 0.0054707089126966035 0.799316
8 0.6980556016921574 0.5502764057442444 0.01553855854214123 0.015927786642352407 0.79834
8 0.5772860813537259 0.4403368643720082 0.014969093914741296 0.005360302712559836 0.792969
18 0.7703384054669704 0.20589239115568725 0.022779084933289947 0.014987466605881013 0.786621
10 0.5200130582492679 0.3648812874401641 0.01594532613081679 0.016191314337816273 0.782715
11 0.3776236589651806 0.6465694023250513 0.005491379108363163 0.02017329017551858 0.782715
23 0.43650340904653434 0.6702188538864828 0.013097953010087862 0.011169361112377478 0.778809
19 0.7911039791734461 0.44010357583770227 0.008908233517735113 0.004893725643948028 0.774414
18 0.2737348935893264 0.815135627991794 0.015457201692157502 0.003647139275131069 0.771973
7 0.33143511096648226 0.2024731834966948 0.024731616010413276 0.003533161796216093 0.770508
13 0.7365765623169541 0.2039263204923638 0.009762455450699642 0.016811036243446546 0.770508
16 0.5370973302961276 0.1285901946660588 0.008786206573381061 0.005926595486665147 0.769043
13 0.626067766898796 0.20171819648962844 0.002539756589651806 0.016212671985411445 0.767578
6 0.5131792827855516 0.22794620469569182 0.006508298080052067 0.010713474538408936 0.764648
6 0.7948360976244712 0.20899811989970365 0.02243336413927758 0.010257576293594712 0.763672
2 0.37638301282134723 0.5783564604513335 0.003010086820696388 0.010371553772509687 0.763672
8 0.6720732261633583 0.6409847859585137 0.015924999414253172 0.0018235696375655346 0.763672
7 0.5385616869508624 0.3009174670617734 0.005857459941425317 0.014816488716662869 0.759277
23 0.4400829105109014 0.48506952359243216 0.014562309664822649 0.010257576293594712 0.757812
5 0.6441588128864302 0.4401498740825165 0.015294504653433127 0.004986322133576476 0.756348
10 0.6915067334851936 0.5731137998632322 0.016108039830784248 0.016640058354228403 0.756348
13 0.6278422909209241 0.3644717574652382 0.006091367133094695 0.016212671985411445 0.751953
27 0.6796290999023755 0.5305020484157739 0.009111617312072893 0.010514019785730567 0.747559
4 0.5914416400911162 0.6930134160018235 0.009762455450699642 0.012423031684522452 0.744629
5 0.7517834288317604 0.460593776156827 0.004054980019524894 0.010485531251424663 0.73584
13 0.449235264562317 0.530897398313198 0.002440605532053368 0.01141868538864828 0.729492
4 0.7639114808981452 0.29866651105539094 0.015579245297754637 0.012252053795304309 0.728027
4 0.7481288018223234 0.6440905147025302 0.015294504653433127 0.012366077957602006 0.728027
22 0.7512686097494305 0.22882945429678597 0.0030253485193621867 0.00917483692728516 0.726562
1 0.3495770387243736 0.25438802279462047 0.022941698665798895 0.01618419512195122 0.720215
18 0.29856814318255775 0.48401529610211996 0.02342987308818744 0.01464551082744472 0.716797
6 0.5943703534005857 0.6233759307043537 0.005857459941425317 0.005356731433781628 0.708984
22 0.6386267803449398 0.12776389879188513 0.010413276928083305 0.005356731433781628 0.70752
10 0.44305244386592907 0.20221677501709598 0.015782629092092416 0.016811036243446546 0.70752
18 0.7696876173120728 0.20139047914292224 0.021314728278555156 0.005698652199680875 0.705566
22 0.62824144432151 0.27439021837246413 0.00687947725349821 0.009573734761796215 0.705566
21 0.6496908454279207 0.4611351866879417 0.014318255776114546 0.010485531251424663 0.705566
14 0.9144158385942076 0.11790518532026442 0.0035795681093394077 0.012480102119899705 0.702637
23 0.5370973302961276 0.6242307034419876 0.008786206573381061 0.010485531251424663 0.702637
22 0.7482915821672632 0.20298611716434922 0.013342006898795965 0.0025074111693640304 0.697754
4 0.5594695476732834 0.622977021198997 0.01594532613081679 0.012309124230681558 0.697754
13 0.6029938795964855 0.2281741363118304 0.0013016596160104132 0.010257576293594712 0.695801
10 0.43532379303612107 0.6438625830863917 0.01692149170191995 0.016583104627307953 0.694336
21 0.6375589779368696 0.1385912924549806 0.018568955418158152 0.015158444495099156 0.692871
4 0.5105785293849658 0.4403048045589241 0.01000142766026684 0.005296183086391611 0.692871
8 0.5569475353075172 0.5318269928424891 0.0063455843800846075 0.010571008525188054 0.692871
11 0.29874108688577933 0.5059266086163665 0.024223114871461112 0.01641212673808981 0.690918
14 0.9146599258054019 0.44507920747663554 0.0032541407094044904 0.014844965580123092 0.686035
29 0.5097726083957045 0.7138064280829725 0.019870698340383987 0.016369411442899474 0.682617
18 0.6357691938821998 0.4122407622521085 0.021090967783924504 0.014018669705949395 0.680664
10 0.6637041171493655 0.6894233471620698 0.014521639570452327 0.01595626350581263 0.680664
2 0.703221586723072 0.2519374953271028 0.009030260462089164 0.010827440346478232 0.679199
4 0.7193296765375854 0.29798271620697514 0.01594532613081679 0.011967168452245271 0.679199
22 0.7376342180279857 0.6910759389104172 0.016270736869508622 0.01059949705949396 0.679199
13 0.5682558542141231 0.22797468155915204 0.004230389586723071 0.011682283109186233 0.677246
13 0.6440775060201758 0.643463673581035 0.006671011780019525 0.016241148848871668 0.677246
8 0.5061727135698015 0.5517437811716435 0.012670842043605596 0.005242765625712332 0.675781
1 0.6236576531077124 0.6029177551857762 0.021965516433452653 0.015386376111237748 0.672363
4 0.4419947881548975 0.44080344144062 0.010738687666775139 0.006293456849783451 0.666992
14 0.4136023638138627 0.6905630052427628 0.005857459941425317 0.01584223934351493 0.666992
13 0.7481288018223234 0.6376225320264417 0.014969093914741296 0.008547984134944153 0.665527
4 0.6261173424275952 0.2507408835194894 0.002641456817442239 0.009801689719626168 0.663574
2 0.7510639547022454 0.5453042753590153 0.002616031760494631 0.006211539183952587 0.660156
24 0.38758948154897493 0.23165029769774334 0.020297726000650832 0.016640058354228403 0.656738
11 0.6297693636186138 0.6029177551857762 0.009925152489424015 0.015614307727376339 0.656738
14 0.3481939889358933 0.19962386323227718 0.0071591362186788155 0.009231825666742648 0.651367
8 0.5092743872437357 0.10996982721677684 0.0224536908558412 0.016440603601550034 0.647949
2 0.37629149094695735 0.3936631100980169 0.0028168663846404166 0.012024122179165717 0.647949
13 0.6171494383338757 0.6389331679963529 0.006182887341360234 0.005926595486665147 0.645996
13 0.3205336596160104 0.2522224973786186 0.0026033192320208264 0.009345791474811944 0.642578
23 0.431540857793687 0.5518578053339411 0.012447114871461112 0.005014822338728061 0.642578
23 0.4090465135047185 0.6709026487348986 0.014969093914741296 0.010143610485525416 0.640625
27 0.7204686391148715 0.11458576339183953 0.01106409840546697 0.010798951812172327 0.638672
13 0.7250243228115848 0.6709026487348986 0.0026033192320208264 0.014930512878960564 0.638672
13 0.7592133102505695 0.6903920273535445 0.0010779374422388544 0.009573734761796215 0.633301
8 0.3725187373901725 0.43891039525871894 0.005532049202733485 0.010257576293594712 0.629883
6 0.4562316537585422 0.48475604467745614 0.006833708818743898 0.010656485798951449 0.629883
5 0.5379108987959649 0.5514018253932073 0.0071591362186788155 0.005698652199680875 0.62793
13 0.6389292818743898 0.6204695633462504 0.008791288252521966 0.015500283565078644 0.62793
16 0.32728596160104134 0.13671076909049465 0.026846760820045557 0.010941417825393207 0.625977
2 0.6644971923202082 0.6686801695919763 0.0039049788480312398 0.010941417825393207 0.625977
8 0.7809754428896843 0.7133148520629132 0.005979503547022454 0.010143610485525416 0.624512
19 0.3001546267491051 0.44107590900387506 0.008054011584770582 0.006831261089582858 0.622559
11 0.7555828920273349 0.5482676197857306 0.011653923071916695 0.012195100068383861 0.622559
10 0.5489343104458184 0.48187824754957825 0.013830131337455257 0.016298102575792114 0.620605
10 0.7788806247966157 0.22814565944837017 0.013992845037422715 0.015785285616594487 0.616699
13 0.9121379134396356 0.18748571689081375 0.0035795681093394077 0.01755190152723957 0.613281
0 0.7889685076472502 0.3005185575564167 0.004881227725349821 0.010428542511967176 0.611328
4 0.6945167536609177 0.2749156398449966 0.016677571103156527 0.011771331661727833 0.607422
4 0.7550286724373576 0.5723729345794392 0.010545483891962252 0.01618419512195122 0.607422
13 0.5914416400911162 0.44072508338272165 0.005206638464041653 0.006136740733986779 0.604004
1 0.46908563618613736 0.18469346706177345 0.02310447901073869 0.01584223934351493 0.602051
10 0.6162543963553531 0.271911330749943 0.01594532613081679 0.016155718258490995 0.602051
18 0.5348194051415555 0.28914975336220655 0.013342006898795965 0.005242765625712332 0.600098
22 0.5295111330946957 0.41434921723273305 0.014725023364790106 0.010143610485525416 0.600098
6 0.6867881028311097 0.2510827225894689 0.022046823299707127 0.012309124230681558 0.596191
11 0.44850316954116504 0.2898335482106223 0.019524977546371624 0.0038750825621153406 0.588867
24 0.30670349495606897 0.3243532254387964 0.012853882460136676 0.0146170339639845 0.588867
10 0.6483892691181256 0.5966492272623661 0.014969093914741296 0.01618419512195122 0.588867
19 0.7518202835014643 0.5298395878732619 0.004128706020175724 0.009288802735354457 0.588867
18 0.6844288708102831 0.6921586432641896 0.02408066124308493 0.010941417825393207 0.584961
6 0.7021232775789131 0.22837359106450877 0.022372217377155876 0.011796190563027125 0.583008
8 0.6615684790107387 0.5994414770914065 0.009762455450699642 0.010827440346478232 0.581543
2 0.6897168161405792 0.6410417396854343 0.009762455450699642 0.0017095921586505586 0.577637
5 0.5020325779368695 0.6707316708456804 0.004375309079075821 0.010941417825393207 0.577637
6 0.3205336596160104 0.4410901474356052 0.02383657403189066 0.006866880510599498 0.575684
10 0.534168616986658 0.2950834447230454 0.014643666514806378 0.01673984408479599 0.565918
13 0.9155548011714937 0.4649533038522909 0.0016270736869508622 0.0037611167540460453 0.565918
10 0.7672775684998373 0.2508547909733303 0.014297912398307843 0.016640058354228403 0.562012
6 0.3235030263586072 0.228858047868703 0.0061015304913765046 0.009573734761796215 0.560059
4 0.7519270654083957 0.7073170877592888 0.0043422531727953136 0.00866196161385913 0.558105
13 0.9136022700943703 0.23479885844540688 0.004881227725349821 0.01706744472304536 0.544922
0 0.5189249124633908 0.48190672441303856 0.029755147412951512 0.016355173011169365 0.544922
13 0.7430849437032215 0.15819469523592433 0.01317930986007159 0.01607017095965352 0.541016
18 0.5796453133745525 0.2901185502621381 0.017409666124308495 0.003305218509231821 0.539062
13 0.4672144119752685 0.530897398313198 0.0021151947933615357 0.011375935080920902 0.539062
6 0.43906607484542787 0.112178067927969 0.022779084933289947 0.012366077957602006 0.537109
13 0.7676131259355679 0.5298751956234329 0.002155881548974943 0.009360041577387736 0.537109
8 0.6274660300683371 0.7167768917255527 0.005318502050113896 0.009801689719626168 0.535156
27 0.42547999739668074 0.15916349213585596 0.009518384900748455 0.010371553772509687 0.529297
22 0.37636267444191346 0.13693870070663325 0.0029694167263260656 0.008775927421928426 0.527344
2 0.4126668350146437 0.3453384563483018 0.006508298080052067 0.0054707089126966035 0.527344
18 0.796036040351448 0.34465466149988605 0.020684266840221285 0.014360625484385686 0.527344
5 0.6385454734786854 0.5305305486209255 0.02326709274324764 0.010613747162069751 0.525391
4 0.3762571687862024 0.20411153681331207 0.0027584020826553857 0.0146170339639845 0.521484
13 0.40192816400911163 0.36608163391839527 0.010006509339407743 0.017323969911100977 0.521484
8 0.9140904445167589 0.2643481442443583 0.004230389586723071 0.0035082328698427174 0.517578
27 0.45183858379433783 0.5778436434921358 0.01106409840546697 0.010713474538408936 0.513672
27 0.6303286482264887 0.4584532263505813 0.013016596160104133 0.013911881467973558 0.509766
