5 0.2644041546961326 0.6351131015075377 0.014996063772691397 0.011557795376884422 0.992676
1 0.4688238926598263 0.616025535678392 0.018153127703235992 0.01556217567839196 0.989746
23 0.5838594222573008 0.7265074170854271 0.013417511602209945 0.010552757386934673 0.989746
21 0.6167620293606945 0.2957286271356784 0.021112867561168112 0.01507538974874372 0.989258
21 0.14344890292028414 0.2722990954773869 0.01913970765588003 0.015954769045226132 0.98877
7 0.3088002525651144 0.20414572060301506 0.018942383583267563 0.015326629949748743 0.986816
21 0.200670863456985 0.18052759798994975 0.018153127703235992 0.014824123819095477 0.98584
12 0.25631398895027624 0.4517586974874372 0.029992127545382795 0.020351768442211055 0.985352
2 0.38402707498026833 0.40642274412060303 0.012233607576953433 0.011212311155778896 0.984863
1 0.31906086187845306 0.38630657286432163 0.01696922367797948 0.01582913608040201 0.983398
1 0.4238357821625887 0.18065315376884422 0.018153127703235992 0.01658290814070352 0.98291
7 0.551302364640884 0.43190956381909545 0.018153127703235992 0.015577895879396985 0.981934
5 0.7101419794790845 0.5897377575879397 0.013614835674822417 0.011165202010050251 0.980957
5 0.41919909076558803 0.6136307135678392 0.015982643725335435 0.011243725829145729 0.980469
4 0.3944355864246251 0.5439698974874372 0.013022903867403315 0.013065313768844221 0.97998
7 0.35102590686661406 0.7300250371859296 0.02959747940015785 0.016080402010050253 0.979004
4 0.3983820678768745 0.7271357105527638 0.011444351696921862 0.016080402010050253 0.979004
2 0.3099842778216259 0.29346733668341707 0.012233607576953433 0.011306529447236181 0.978516
18 0.3060377963693765 0.24566583316582913 0.01696922367797948 0.015200996984924624 0.978027
24 0.4546172059984215 0.43115571457286433 0.014206767482241514 0.014572857889447236 0.978027
5 0.5370956779794791 0.5896984442211055 0.014996063772691397 0.011557795376884422 0.977051
27 0.3709551128650355 0.3856782793969849 0.009865839936858722 0.015577895879396985 0.977051
5 0.5489343141278611 0.4976130572864322 0.01578531965272297 0.011557795376884422 0.976562
2 0.23164949013417524 0.4748743396984924 0.013417511602209945 0.011180896482412061 0.976562
18 0.7047156685082873 0.5648239919597989 0.01835045177584846 0.016080402010050253 0.976074
2 0.5319651712707182 0.20263827939698492 0.012628255722178374 0.011557795376884422 0.975586
2 0.6073402999210734 0.4298993849246231 0.013417511602209945 0.010929656281407034 0.975098
5 0.2233621215469613 0.2705402854271357 0.01657457553275454 0.011809035577889447 0.973633
5 0.21369392896606154 0.6810302391959799 0.01617996779794791 0.012060301507537688 0.973145
5 0.32063929281767956 0.6130338090452262 0.014996063772691397 0.0114321624120603 0.972656
18 0.6524516621941594 0.6109768040201005 0.016031984846093132 0.015232411658291457 0.972656
0 0.3930543583267561 0.20233982713567839 0.022099447513812154 0.012342956381909548 0.972656
2 0.6227310118389897 0.2263819577889447 0.014206767482241514 0.012060301507537688 0.972168
2 0.603393818468824 0.5439698974874372 0.013417511602209945 0.012562807638190955 0.97168
2 0.6895718642462509 0.6133165668341709 0.012924221625887924 0.011557795376884422 0.97168
2 0.513812003157064 0.6820979778894473 0.013417511602209945 0.011180896482412061 0.97168
1 0.36799545382794 0.5013190110552763 0.01736387182320442 0.015954769045226132 0.97168
5 0.619068171112865 0.614070416080402 0.016031984846093132 0.010552757386934673 0.971191
2 0.3818073307024467 0.27091721005025127 0.013417511602209945 0.01193466854271357 0.971191
22 0.44978290765588 0.5683416120603015 0.01637725146014207 0.012060301507537688 0.970703
5 0.4128849629044989 0.5683416120603015 0.01578531965272297 0.011557795376884422 0.970703
7 0.5250590307813734 0.3638189668341708 0.018153127703235992 0.016080402010050253 0.970703
1 0.2403316685082873 0.2494976 0.01657457553275454 0.015577895879396985 0.969727
1 0.47711126124704023 0.6394787376884422 0.01736387182320442 0.0160175983919598 0.969727
18 0.3646409850039463 0.3349246713567839 0.01677189960536701 0.01407035175879397 0.969727
4 0.5931332091554854 0.6582915216080402 0.013417511602209945 0.012562807638190955 0.969238
13 0.6215469865824782 0.6796483537688441 0.007892639621152327 0.016080402010050253 0.969238
5 0.5244674222573007 0.24861819497487436 0.015390671507498026 0.012060301507537688 0.969238
7 0.32903140520915547 0.29541448040201007 0.018140802525651145 0.014195984723618089 0.969238
7 0.5025649755327545 0.5007537527638191 0.01736387182320442 0.01507538974874372 0.96875
5 0.5582085051302289 0.7045225487437187 0.014996063772691397 0.012060301507537688 0.967285
2 0.33060995737963694 0.2015075055276382 0.013602510497237569 0.011306529447236181 0.967285
13 0.6906075832675612 0.564321511557789 0.00828728776637727 0.017085414271356784 0.966797
2 0.6277377818468823 0.7265074170854271 0.014009483820047354 0.011055289246231156 0.966797
23 0.5842542320441989 0.271608024120603 0.014206767482241514 0.012060301507537688 0.966797
7 0.5737964198895028 0.3861810170854271 0.01736387182320442 0.015577895879396985 0.966797
5 0.25670879873717445 0.15515066532663316 0.01696922367797948 0.011809035577889447 0.966309
2 0.3129439368587214 0.17826630753768843 0.011838999842146803 0.011055289246231156 0.966309
2 0.18784540489344909 0.269911991959799 0.018153127703235992 0.0114321624120603 0.966309
7 0.4260062257300711 0.25062811658291456 0.01854773543804262 0.01582913608040201 0.966309
2 0.38900927545382796 0.22487425929648241 0.012628255722178374 0.011557795376884422 0.96582
18 0.6035910213101815 0.33542715175879395 0.01657457553275454 0.01407035175879397 0.96582
7 0.3888120726124704 0.386432128643216 0.017166547750591947 0.014572857889447236 0.96582
21 0.37652932596685085 0.5709798271356783 0.01687054143646409 0.01582913608040201 0.965332
12 0.4131807671665351 0.7035175879396985 0.020915543488555642 0.02085427457286432 0.965332
5 0.39976329597474347 0.35979912361809047 0.00868193591160221 0.011557795376884422 0.965332
11 0.5112471539068666 0.5881910030150753 0.01657457553275454 0.017085414271356784 0.964355
5 0.434293594317285 0.5910961013065327 0.01657457553275454 0.011180896482412061 0.964355
11 0.4060774238358327 0.6792714291457287 0.01657457553275454 0.01658290814070352 0.964355
18 0.559984138910813 0.17788938291457285 0.01696922367797948 0.016080402010050253 0.964355
12 0.20718219415943173 0.3364321125628141 0.0205208953433307 0.018592958391959798 0.964355
5 0.4105169123914759 0.521859216080402 0.015193387845303866 0.010552757386934673 0.963867
0 0.2300710591949487 0.6109768040201005 0.024072607419100236 0.011149507537688442 0.963867
10 0.35497238831886346 0.5882930170854271 0.01627860962904499 0.0163473624120603 0.963867
5 0.44790826835043407 0.1560300703517588 0.01578531965272297 0.011055289246231156 0.963867
0 0.47967651460142063 0.2476443658291457 0.023677999684293606 0.01193466854271357 0.963867
4 0.4682318800315707 0.42977382914572865 0.012233607576953433 0.01394471879396985 0.963379
7 0.6164168839779005 0.6390076462311557 0.01736387182320442 0.01582913608040201 0.963379
5 0.4988161010260458 0.2928393005025125 0.015390671507498026 0.011055289246231156 0.963379
2 0.6602209692186267 0.2937187055276382 0.012628255722178374 0.011055289246231156 0.963379
7 0.366614225730071 0.15703528844221107 0.024467255564325177 0.01582913608040201 0.962891
2 0.48470801578531963 0.5442210090452262 0.013417511602209945 0.011306529447236181 0.962402
18 0.3950275990528808 0.29183408241206027 0.018153127703235992 0.012814073567839196 0.962402
5 0.2679558263614838 0.6584798552763819 0.01578531965272297 0.011809035577889447 0.961914
0 0.47681545698500394 0.20213579899497489 0.02545383551696922 0.011557795376884422 0.961914
4 0.48164975532754534 0.3139447638190955 0.014798739700078925 0.01394471879396985 0.961914
2 0.20777420678768743 0.4524497688442211 0.012628255722178374 0.011683428341708543 0.961914
18 0.19129847513812154 0.1526382633165829 0.01854773543804262 0.01507538974874372 0.961426
18 0.6748224656669298 0.4736180100502512 0.01736387182320442 0.014824123819095477 0.961426
6 0.15982643725335438 0.7258793809045226 0.01637725146014207 0.011557795376884422 0.960938
13 0.6948005682715075 0.7005024482412061 0.00858325367008682 0.01658290814070352 0.960938
2 0.4358720252565115 0.3369345929648241 0.014601415627466457 0.011557795376884422 0.960938
1 0.6621942099447514 0.4552763175879397 0.01736387182320442 0.015577895879396985 0.960449
5 0.18271489818468825 0.29296485628140706 0.014996063772691397 0.010552757386934673 0.960449
22 0.28966066614048935 0.7042714371859297 0.015390671507498026 0.010804023316582914 0.959961
8 0.4002567071823204 0.40628151959798997 0.015982643725335435 0.011809035577889447 0.959961
1 0.32966653575374905 0.15678391959798996 0.01726518958168903 0.01658290814070352 0.959473
22 0.18419513180741912 0.3587939055276382 0.01578531965272297 0.010552757386934673 0.959473
7 0.6645618563535911 0.22823493467336683 0.018153127703235992 0.015200996984924624 0.959473
22 0.2799920694554065 0.17914571256281409 0.01657457553275454 0.011055289246231156 0.958984
0 0.6424626108918706 0.7037059216080402 0.022888703393843725 0.010929656281407034 0.958008
5 0.650947182320442 0.726004936683417 0.01578531965272297 0.011306529447236181 0.958008
5 0.49861889818468824 0.613567935678392 0.01657457553275454 0.011557795376884422 0.95752
5 0.15292029676400945 0.43002519798994976 0.01578531965272297 0.012060301507537688 0.95752
5 0.6156276685082873 0.3837939135678392 0.014996063772691397 0.010804023316582914 0.95752
24 0.17176407892659826 0.6358039155778895 0.013614835674822417 0.014824123819095477 0.95752
5 0.24289651775848461 0.17851767638190955 0.014601415627466457 0.011055289246231156 0.957031
2 0.597474500394633 0.6366519316582915 0.014206767482241514 0.012500004020100503 0.957031
2 0.39783935595895814 0.17914571256281409 0.014700097868981847 0.012562807638190955 0.957031
5 0.3512235138121547 0.4530778050251256 0.014206767482241514 0.010552757386934673 0.957031
0 0.19820461562746647 0.20017272924623114 0.025059187371744278 0.012327261909547738 0.956543
8 0.6318075958958169 0.3836683577889447 0.01736387182320442 0.011557795376884422 0.956055
8 0.24861863299131806 0.22474870351758794 0.01775847955801105 0.011809035577889447 0.955566
6 0.35556440094711916 0.29359289246231157 0.01578531965272297 0.011055289246231156 0.955566
7 0.5735992170481452 0.40879392160804023 0.01854773543804262 0.015577895879396985 0.955566
5 0.6517363977900552 0.24874375075376884 0.01637725146014207 0.011557795376884422 0.955078
7 0.307813753433307 0.6149498211055276 0.00944654143646409 0.014824123819095477 0.95459
18 0.3895026866614049 0.24604275778894472 0.01657457553275454 0.014824123819095477 0.95459
6 0.7037292501973165 0.4296482733668342 0.015982643725335435 0.010050251256281407 0.95459
5 0.21902123441199686 0.20125639396984923 0.014996063772691397 0.010804023316582914 0.954102
18 0.3265834632991318 0.679145616080402 0.017314530702446724 0.01507538974874372 0.954102
11 0.6870559116022099 0.42622482010050255 0.01578531965272297 0.01582913608040201 0.953613
18 0.63274467308603 0.20138194974874374 0.017166547750591947 0.015577895879396985 0.953613
9 0.3541831728492502 0.4757537447236181 0.01617996779794791 0.0114321624120603 0.953613
2 0.406866639305446 0.2479899015075377 0.013417511602209945 0.011557795376884422 0.953125
1 0.3646409850039463 0.6840451216080402 0.01736387182320442 0.01658290814070352 0.952637
18 0.4968428602999211 0.2231157065326633 0.01736387182320442 0.01507538974874372 0.952637
2 0.17314530702446723 0.3157035738693467 0.012233607576953433 0.010552757386934673 0.952637
6 0.308997455406472 0.4989949427135678 0.01736387182320442 0.011055289246231156 0.952637
5 0.23638518705603787 0.3836683577889447 0.014996063772691397 0.011557795376884422 0.952148
8 0.5872138910812944 0.5440954532663317 0.01775847955801105 0.01231156743718593 0.95166
5 0.3923637442778216 0.4526381025125628 0.01617996779794791 0.010552757386934673 0.95166
2 0.49516582794001573 0.6597989628140704 0.013417511602209945 0.012562807638190955 0.95166
22 0.5702447482241515 0.5434674170854271 0.014996063772691397 0.011055289246231156 0.951172
4 0.46546942383583273 0.5891959638190956 0.011838999842146803 0.013065313768844221 0.950684
11 0.3389896637726914 0.2677134793969849 0.01657457553275454 0.01633166793969849 0.950195
0 0.33089990213101816 0.45287377688442215 0.024861863299131808 0.010835437989949749 0.949707
5 0.2628257237569061 0.40653263115577887 0.014996063772691397 0.011055289246231156 0.94873
24 0.46921870244672453 0.39910490050251257 0.01617996779794791 0.005370596984924623 0.948242
13 0.21941604419889504 0.22085415879396986 0.009471191791633781 0.018090452261306532 0.947754
9 0.7211918042620363 0.42864331256281407 0.01775847955801105 0.012562807638190955 0.947754
6 0.48342538910812943 0.33743707336683415 0.01617996779794791 0.011055289246231156 0.947266
7 0.39290645619573794 0.5241205065326633 0.018942383583267563 0.015577895879396985 0.946777
0 0.5951064498816101 0.5663316904522614 0.03235989518547751 0.013065313768844221 0.946289
2 0.2300710591949487 0.6574121165829145 0.014996063772691397 0.011557795376884422 0.945312
1 0.6689027434885556 0.2734296120603015 0.01973163946329913 0.01582913608040201 0.945312
9 0.4203827119179164 0.4290199798994975 0.01696922367797948 0.01231156743718593 0.945312
12 0.6689027434885556 0.4974247236180904 0.0205208953433307 0.01972362934673367 0.944824
2 0.5785321168113654 0.6139446030150754 0.023677999684293606 0.012248738090452262 0.944824
8 0.6572613101815312 0.6817838311557789 0.01617996779794791 0.011306529447236181 0.944824
5 0.6483819289660616 0.13266331658291458 0.01667325777426993 0.012060301507537688 0.944824
7 0.7198352265193371 0.27286435376884427 0.025996466614048936 0.015954769045226132 0.944824
0 0.24506696132596686 0.2017588743718593 0.03472770323599053 0.011809035577889447 0.944336
13 0.7261247040252565 0.49554010050251257 0.01026044767166535 0.018341718190954773 0.944336
6 0.6359508760852407 0.6135993246231156 0.01617996779794791 0.01136935879396985 0.944336
6 0.38111671665351227 0.17889434371859297 0.01726518958168903 0.012060301507537688 0.944336
2 0.28729301973164956 0.5444723778894472 0.013417511602209945 0.011557795376884422 0.942871
1 0.36306255406471977 0.18128144723618092 0.018153127703235992 0.015577895879396985 0.942383
23 0.5445934269928966 0.2025302190954774 0.012628255722178374 0.011145571055276382 0.942383
7 0.33935970197316495 0.40924937005025125 0.017314530702446724 0.015358044623115578 0.941895
2 0.5984609187056038 0.4525125467336683 0.012233607576953433 0.011055289246231156 0.941895
14 0.4233423709550118 0.5188443336683417 0.00927386771902131 0.01633166793969849 0.941895
23 0.6864638989739542 0.6586684462311557 0.013812159747434886 0.010804023316582914 0.941895
2 0.34411976637726915 0.6817838311557789 0.014798739700078925 0.013442212663316582 0.941895
21 0.7198105761641673 0.6376885386934673 0.019337031728492503 0.015703528844221104 0.941895
11 0.4033149676400947 0.2222363015075377 0.01617996779794791 0.01633166793969849 0.941895
0 0.503749000789266 0.24874375075376884 0.024861863299131808 0.011557795376884422 0.941895
12 0.6595303551696922 0.33592963216080407 0.021112867561168112 0.01959799638190955 0.941895
22 0.478591090765588 0.6820352 0.01578531965272297 0.011306529447236181 0.941406
22 0.500986544593528 0.7277637467336683 0.01617996779794791 0.011557795376884422 0.941406
22 0.34964467876874505 0.24780156783919596 0.01578531965272297 0.010552757386934673 0.941406
6 0.5394633243883188 0.31557776080402006 0.01578531965272297 0.011306529447236181 0.941406
4 0.2979480347277032 0.2923365628140704 0.011838999842146803 0.012814073567839196 0.940918
5 0.28926585635359114 0.2476129768844221 0.014996063772691397 0.011557795376884422 0.94043
2 0.3241909644830308 0.40678400000000003 0.012233607576953433 0.011055289246231156 0.94043
18 0.6748224656669298 0.6795225407035176 0.01657457553275454 0.014572857889447236 0.939941
0 0.6999803756906078 0.24849238190954775 0.024861863299131808 0.011306529447236181 0.939453
2 0.15597855722178375 0.5875627095477387 0.012628255722178374 0.011306529447236181 0.939453
7 0.17077725651144435 0.2492462311557789 0.01854773543804262 0.015577895879396985 0.938965
18 0.7172453228097869 0.17688442211055277 0.019928963535911604 0.01658290814070352 0.938965
5 0.6848854680347277 0.3600502351758794 0.01578531965272297 0.011055289246231156 0.938965
0 0.21073386582478293 0.4756281889447236 0.024861863299131808 0.01231156743718593 0.938965
18 0.4032656669297553 0.496105616080402 0.017462513654301497 0.014824123819095477 0.938477
5 0.3788476716653512 0.6356783597989949 0.01736387182320442 0.011809035577889447 0.938477
18 0.24506696132596686 0.5866833045226131 0.01657457553275454 0.014572857889447236 0.938477
9 0.3453037916337806 0.4979899819095478 0.01657457553275454 0.011809035577889447 0.937988
5 0.5509075548539858 0.5203517748743718 0.01578531965272297 0.011557795376884422 0.9375
18 0.6807417837411207 0.7011307417085427 0.01854773543804262 0.01582913608040201 0.937012
5 0.4773084640883978 0.15577895879396986 0.015390671507498026 0.011306529447236181 0.937012
0 0.31728482399368585 0.22335112361809045 0.03157063930544594 0.014227399396984924 0.937012
2 0.6552880694554065 0.4748743396984924 0.013022903867403315 0.010929656281407034 0.936523
5 0.6743290544593528 0.6369974673366835 0.01637725146014207 0.012185934472361808 0.936523
9 0.35793204735595896 0.6585426331658292 0.01696922367797948 0.01231156743718593 0.936035
6 0.3574883409629045 0.4071607959798995 0.01726518958168903 0.010615586733668341 0.935547
2 0.5972768934490923 0.7248744201005025 0.011838999842146803 0.010301517185929648 0.93457
7 0.5465666677190214 0.1346734954773869 0.03157063930544594 0.01633166793969849 0.93457
2 0.4800709202841358 0.4302763095477387 0.011444351696921862 0.012562807638190955 0.93457
22 0.557221682715075 0.2482412703517588 0.014996063772691397 0.010552757386934673 0.933594
5 0.2178372091554854 0.40646985326633167 0.01578531965272297 0.011652013668341708 0.933594
6 0.32004728018942386 0.5449748582914573 0.01736387182320442 0.011306529447236181 0.932617
7 0.1412784593528019 0.7052763979899497 0.0205208953433307 0.016834174070351756 0.932129
0 0.14996063772691395 0.40628532743718593 0.03275454333070244 0.013057466532663316 0.932129
9 0.5982637158642463 0.6129396422110553 0.01657457553275454 0.012562807638190955 0.931152
5 0.4062746266771902 0.38404528241206026 0.015982643725335435 0.01231156743718593 0.930664
7 0.30011847829518545 0.6150753768844222 0.025256511444356748 0.015577895879396985 0.930664
22 0.5842542320441989 0.520854255276382 0.01617996779794791 0.011055289246231156 0.930176
6 0.31866605209155485 0.5902009246231156 0.015390671507498026 0.010552757386934673 0.930176
6 0.38456978689818466 0.5907034050251256 0.01578531965272297 0.011055289246231156 0.929199
18 0.6333860268350434 0.6579145969849246 0.01736387182320442 0.014321617688442211 0.928711
13 0.6994376637726913 0.2228643376884422 0.00848461183898974 0.018090452261306532 0.928711
0 0.3287294585635359 0.2476443658291457 0.025651159589581685 0.011557795376884422 0.928711
5 0.5367008681925809 0.5438443417085428 0.014996063772691397 0.011809035577889447 0.927734
13 0.5588001136543015 0.587641336281407 0.009471191791633781 0.01749372783919598 0.927734
9 0.7192185635359116 0.6576004502512564 0.01657457553275454 0.01193466854271357 0.927734
12 0.6850826708760852 0.22374374271356784 0.020915543488555642 0.01959799638190955 0.927734
13 0.6327940142067876 0.3576633889447236 0.007498031886345699 0.01658290814070352 0.927734
5 0.17620356748224153 0.7261307497487437 0.01617996779794791 0.012562807638190955 0.927246
22 0.327742636148382 0.4986807959798995 0.01578531965272297 0.010678390351758795 0.927246
23 0.22573017205998422 0.5886934834170854 0.013417511602209945 0.011306529447236181 0.927246
27 0.34372536069455406 0.1575377688442211 0.011049743962115234 0.017085414271356784 0.926758
0 0.5524863898973954 0.3845477628140703 0.025256511444356748 0.01231156743718593 0.926758
2 0.2647985603788477 0.22562810854271356 0.014206767482241514 0.012562807638190955 0.92627
9 0.29597479400157856 0.38304032160804025 0.01657457553275454 0.012562807638190955 0.92627
4 0.6317087520126282 0.5663316904522614 0.012430931649565904 0.012060301507537688 0.925781
22 0.6628848239936859 0.7039572904522613 0.01627860962904499 0.010678390351758795 0.925293
5 0.6783741373322809 0.1562814391959799 0.014996063772691397 0.011055289246231156 0.925293
2 0.2125099037095501 0.5884421145728643 0.011444351696921862 0.012060301507537688 0.925293
14 0.24723740489344911 0.6326632201005026 0.010655095816890291 0.017085414271356784 0.925293
14 0.4963494490923441 0.5415827939698492 0.00848461183898974 0.017085414271356784 0.924805
22 0.688585041831097 0.7261307497487437 0.01637725146014207 0.011055289246231156 0.924805
20 0.36878466929755327 0.6123116060301508 0.02693370544593528 0.021105514773869346 0.924316
9 0.7206983930544594 0.5433416040201006 0.017955803630623518 0.01231156743718593 0.924316
0 0.24269931491712704 0.5660803216080402 0.02604576732438832 0.01231156743718593 0.924316
7 0.5619573796369376 0.6371858010050251 0.018942383583267563 0.012060301507537688 0.923828
13 0.2616416985003946 0.3580403135678392 0.007103383741120757 0.01658290814070352 0.923828
0 0.5331491965272296 0.15288937487437188 0.026440415469613256 0.017336680201005025 0.922852
4 0.3983820678768745 0.5672110954773869 0.011444351696921862 0.012814073567839196 0.922852
6 0.49536303078137334 0.475942335678392 0.01736387182320442 0.011306529447236181 0.922363
0 0.5953040568271508 0.3829145085427136 0.024861863299131808 0.013316579698492462 0.922363
0 0.39364637095501187 0.13143837587939697 0.0205208953433307 0.012500004020100503 0.921875
9 0.636740495659037 0.5891959638190956 0.015390671507498026 0.012060301507537688 0.921875
6 0.612075592738753 0.726004936683417 0.01578531965272297 0.011306529447236181 0.921875
13 0.24743501183898972 0.49566591356783923 0.009471191791633781 0.01695980703517588 0.921875
5 0.2501974680347277 0.611180832160804 0.014996063772691397 0.011055289246231156 0.921875
22 0.23086027466456197 0.224497591959799 0.014996063772691397 0.011055289246231156 0.921387
6 0.45086833149171274 0.5912825825125628 0.01657457553275454 0.011247636582914574 0.921387
0 0.4049180489344909 0.5907034050251256 0.02402326629834254 0.011055289246231156 0.920898
6 0.4238357821625887 0.6817838311557789 0.01736387182320442 0.011557795376884422 0.92041
8 0.2726915232833465 0.4296482733668342 0.01657457553275454 0.012060301507537688 0.92041
5 0.6132596179952644 0.4525125467336683 0.01657457553275454 0.011557795376884422 0.919434
23 0.5966848808208366 0.13194085628140703 0.014206767482241514 0.013002510150753769 0.919434
2 0.2809784877663773 0.3836683577889447 0.013022903867403315 0.011055289246231156 0.919434
27 0.38239934333070247 0.4999371256281407 0.01026044767166535 0.014447224924623116 0.919434
2 0.18143267561168114 0.13216083618090452 0.014206767482241514 0.011055289246231156 0.918945
2 0.2172456006314128 0.7273868221105528 0.012628255722178374 0.01407035175879397 0.918945
23 0.5828730039463299 0.6371858010050251 0.013417511602209945 0.0114321624120603 0.918945
0 0.32029398579321233 0.3375628864321608 0.0324092363062352 0.011306529447236181 0.918945
4 0.41485779952644036 0.4052763015075377 0.012430931649565904 0.014572857889447236 0.918945
23 0.5355168429360694 0.452119927638191 0.013417511602209945 0.01158918432160804 0.918457
2 0.43310956906077347 0.40653263115577887 0.013220187529597475 0.01231156743718593 0.918457
5 0.2977504277821626 0.13115587537688445 0.014601415627466457 0.011809035577889447 0.917969
27 0.26420695185477505 0.7296483698492463 0.01696922367797948 0.017587946130653266 0.917969
5 0.27348073875295975 0.4989949427135678 0.014996063772691397 0.011557795376884422 0.917969
7 0.6641674506708761 0.5459798190954773 0.02012628760852407 0.015577895879396985 0.91748
23 0.6765980994475138 0.6136621025125628 0.012825579794790843 0.010678390351758795 0.91748
18 0.23362273086029992 0.4959798030150754 0.01617996779794791 0.014321617688442211 0.91748
5 0.1772889913180742 0.2015075055276382 0.017955803630623518 0.012562807638190955 0.916504
13 0.32123126503551697 0.47286441809045227 0.00887925998421468 0.018592958391959798 0.916504
13 0.6191793401736385 0.20075365628140704 0.009471191791633781 0.017336680201005025 0.916016
20 0.6531176258879242 0.3146986130653266 0.02604576732438832 0.020100502512562814 0.916016
0 0.6917916085240726 0.4983669065326633 0.023283351539068665 0.010804023316582914 0.915527
18 0.4658642336227309 0.702889551758794 0.021902123441199687 0.01582913608040201 0.915039
14 0.6385161294396211 0.7233667216080403 0.00868193591160221 0.016080402010050253 0.915039
7 0.5722179889502762 0.3898358994974875 0.01736387182320442 0.007812502512562814 0.913574
8 0.6827150244672454 0.5902009246231156 0.01736387182320442 0.011557795376884422 0.913574
5 0.5179556874506709 0.5204773306532664 0.015390671507498026 0.011557795376884422 0.913086
14 0.4388320883977901 0.5422110874371859 0.00868193591160221 0.016080402010050253 0.913086
0 0.6793605556432518 0.2930904120603015 0.025256511444356748 0.010552757386934673 0.913086
22 0.6298343551696922 0.4979899819095478 0.01578531965272297 0.010427124422110553 0.912598
8 0.282951728492502 0.29327900301507537 0.01736387182320442 0.011557795376884422 0.912598
0 0.49585644198895024 0.40603015075376886 0.025256511444356748 0.012562807638190955 0.912598
22 0.7223758295185477 0.22521979497487438 0.018153127703235992 0.012060301507537688 0.912598
5 0.16752179321231256 0.6110552763819096 0.026440415469613256 0.012060301507537688 0.911621
13 0.28472776637726915 0.6329145889447236 0.00828728776637727 0.01658290814070352 0.911621
0 0.5516967703235991 0.40703511155778893 0.024467255564325177 0.012060301507537688 0.911133
7 0.3914759273875296 0.38998901065326635 0.024467255564325177 0.008118724824120602 0.911133
6 0.6130624151539069 0.4984924623115578 0.01696922367797948 0.011055289246231156 0.910645
13 0.6657458816101026 0.6106469628140704 0.00927386771902131 0.01702261065326633 0.910645
7 0.25493276085240724 0.34045221306532664 0.018153127703235992 0.01507538974874372 0.910645
5 0.18528015153906868 0.4290199798994975 0.015390671507498026 0.012060301507537688 0.910645
18 0.6089187308602999 0.6801508341708543 0.01657457553275454 0.014572857889447236 0.909668
5 0.44810587529597473 0.40678400000000003 0.015390671507498026 0.011055289246231156 0.909668
8 0.7192185635359116 0.4064070753768844 0.01854773543804262 0.011809035577889447 0.909668
18 0.4162390276243093 0.7258793809045226 0.017166547750591947 0.01633166793969849 0.90918
5 0.25532757063930545 0.43021353165829146 0.01657457553275454 0.010929656281407034 0.90918
0 0.3367267611681137 0.4299310311557789 0.02435624814522494 0.011746231959798995 0.908691
13 0.38116601736385164 0.7015074090452261 0.00858325367008682 0.017336680201005025 0.908691
0 0.3314915106550908 0.17864323216080402 0.025256511444356748 0.011809035577889447 0.908203
7 0.5907655627466457 0.4324120442211056 0.01657457553275454 0.01507538974874372 0.908203
4 0.45047352170481453 0.6123116060301508 0.011641675769534333 0.013065313768844221 0.907227
5 0.6116811870560379 0.6595478512562813 0.01657457553275454 0.011306529447236181 0.907227
6 0.40647182951854777 0.6591709266331659 0.01617996779794791 0.011055289246231156 0.907227
13 0.23362273086029992 0.5414572381909548 0.00868193591160221 0.01658290814070352 0.907227
8 0.49112074506708764 0.5207286994974875 0.01736387182320442 0.011809035577889447 0.906738
5 0.6729478263614839 0.4069252502512563 0.01696922367797948 0.011746231959798995 0.906738
14 0.3697710876085241 0.268215959798995 0.009076543646408839 0.017085414271356784 0.905762
13 0.37865046882399367 0.3349246713567839 0.009076543646408839 0.016834174070351756 0.905762
0 0.5955012596685083 0.40628151959798997 0.025256511444356748 0.012060301507537688 0.905762
8 0.21389113180741912 0.657537672361809 0.01578531965272297 0.011809035577889447 0.905273
4 0.46290457458563533 0.15452262914572862 0.013417511602209945 0.01407035175879397 0.904785
9 0.6219413922651933 0.1556531457286432 0.01657457553275454 0.01231156743718593 0.903809
22 0.722277228097869 0.4756281889447236 0.017955803630623518 0.011557795376884422 0.90332
5 0.3007104909234412 0.6814071638190955 0.01578531965272297 0.011809035577889447 0.901855
0 0.6685083378058406 0.13263192763819096 0.024467255564325177 0.01212310512562814 0.901855
4 0.6294766017363852 0.4743718592964824 0.01201163314917127 0.014195984723618089 0.901367
7 0.6063534775059195 0.2051212992964824 0.01736387182320442 0.015636788743718592 0.901367
5 0.5710339636937647 0.5914572542713568 0.01578531965272297 0.011557795376884422 0.900391
1 0.45294017363851613 0.22726136281407036 0.01756115548539858 0.01633166793969849 0.900391
14 0.3429361452249408 0.29013830753768843 0.00828728776637727 0.015703528844221104 0.899902
14 0.3121547213891081 0.4734296763819095 0.00868193591160221 0.01658290814070352 0.899902
13 0.4603393212312549 0.7247488643216081 0.009865839936858722 0.017336680201005025 0.898926
10 0.5007893417521705 0.3344221909547739 0.01696922367797948 0.01582913608040201 0.898438
13 0.2019534901341752 0.6316582592964823 0.010852419889502763 0.01658290814070352 0.897461
0 0.4607341310181531 0.5424621989949749 0.025256511444356748 0.01633166793969849 0.896973
5 0.303078137332281 0.15389459296482413 0.01657457553275454 0.014321617688442211 0.896484
13 0.5757696606156275 0.4954773226130653 0.01026044767166535 0.017587946130653266 0.896484
5 0.7136936511444357 0.703392032160804 0.0274269954222573 0.011809035577889447 0.896484
23 0.31335091018153116 0.4296482733668342 0.014132776006314128 0.011809035577889447 0.896484
5 0.5126283820047356 0.6373116140703518 0.018153127703235992 0.011306529447236181 0.895508
5 0.43971990528808214 0.1312814311557789 0.014996063772691397 0.012814073567839196 0.895508
23 0.6097079463299132 0.17989956180904523 0.014996063772691397 0.013316579698492462 0.89502
24 0.545777452249408 0.5685929809045226 0.01973163946329913 0.01507538974874372 0.894043
9 0.3488554632991318 0.6357411376884422 0.01657457553275454 0.012060301507537688 0.894043
6 0.281570500394633 0.33781399798994977 0.01736387182320442 0.010804023316582914 0.894043
5 0.721783816890292 0.2475815879396985 0.01696922367797948 0.01193466854271357 0.894043
5 0.3036701499605367 0.5673366512562814 0.01578531965272297 0.011055289246231156 0.894043
13 0.19041025414364643 0.3809045869346734 0.009471191791633781 0.01658290814070352 0.893066
0 0.19317271033938435 0.4064070753768844 0.03235989518547751 0.011809035577889447 0.892578
5 0.41584462194159433 0.20211997587939698 0.015982643725335435 0.011086678190954774 0.891602
19 0.5136148003157064 0.315766351758794 0.011838999842146803 0.010301517185929648 0.891602
0 0.6371349013417521 0.44968599798994974 0.02604576732438832 0.016708541105527636 0.890137
22 0.6479875232833464 0.6365577648241205 0.01617996779794791 0.011306529447236181 0.890137
8 0.3962116243093923 0.6356783597989949 0.01736387182320442 0.011557795376884422 0.889648
2 0.668311134964483 0.520854255276382 0.014601415627466457 0.011557795376884422 0.889648
7 0.6606157790055248 0.15804024924623114 0.01973163946329913 0.01507538974874372 0.888184
2 0.46083273243883194 0.24733047638190953 0.013614835674822417 0.011746231959798995 0.888184
4 0.7054062825572218 0.6118011497487438 0.012430931649565904 0.014965451256281407 0.887207
1 0.3571428318863457 0.385929648241206 0.01657457553275454 0.016080402010050253 0.88623
8 0.4603393212312549 0.38391972663316587 0.01677189960536701 0.011809035577889447 0.885742
0 0.301696909234412 0.44974877587939693 0.024861863299131808 0.017211047236180905 0.884766
1 0.3754932028413575 0.4780778130653266 0.01775847955801105 0.01620603497487437 0.884766
5 0.17087626203630624 0.5883715409045226 0.01578531965272297 0.01151068623115578 0.884277
7 0.44258096290449883 0.2953517025125628 0.025651159589581685 0.014824123819095477 0.884277
4 0.2507890765588003 0.5173366351758794 0.013417511602209945 0.019095490251256283 0.884277
18 0.452051952644041 0.6572865608040201 0.01617996779794791 0.014572857889447236 0.883301
23 0.6325226986582478 0.6367463557788945 0.01455207450670876 0.010615586733668341 0.883301
22 0.5866218784530387 0.3375628864321608 0.01578531965272297 0.010804023316582914 0.883301
6 0.25789282399368585 0.24773878994974877 0.01657457553275454 0.011055289246231156 0.882324
14 0.33346475138121545 0.6555277507537688 0.009471191791633781 0.017085414271356784 0.882324
8 0.3070246187845304 0.704145624120603 0.01736387182320442 0.012060301507537688 0.882324
6 0.6925808239936859 0.6812813507537688 0.017166547750591947 0.0114321624120603 0.882324
14 0.5497239337016575 0.5873115465326633 0.009471191791633781 0.016834174070351756 0.881836
23 0.1412784593528019 0.5881910030150753 0.014996063772691397 0.013065313768844221 0.881836
0 0.14640896606156273 0.22273878190954774 0.02683502320441989 0.019095490251256283 0.880859
19 0.28531977900552485 0.47625622512562815 0.012628255722178374 0.011055289246231156 0.880859
1 0.46921870244672453 0.40703511155778893 0.01835045177584846 0.02135678070351759 0.879883
23 0.32320454617205996 0.5678391316582914 0.012628255722178374 0.011055289246231156 0.879883
14 0.5114443567482242 0.20060458452261307 0.00868193591160221 0.0152795208040201 0.878906
2 0.5734016101026045 0.4524026854271357 0.012628255722178374 0.011526380703517589 0.878418
8 0.18074206156274664 0.702889551758794 0.01617996779794791 0.011055289246231156 0.877441
2 0.431531138121547 0.6594220381909547 0.014996063772691397 0.011557795376884422 0.877441
6 0.35669872138910813 0.27110554371859297 0.01657457553275454 0.011809035577889447 0.877441
22 0.16318090607734806 0.4525753246231156 0.015390671507498026 0.011180896482412061 0.877441
22 0.19692198895027624 0.657537672361809 0.01578531965272297 0.011306529447236181 0.876465
7 0.18409612628255723 0.68253768040201 0.018153127703235992 0.015577895879396985 0.876465
6 0.38555660931333857 0.6812813507537688 0.024861863299131808 0.012060301507537688 0.876465
23 0.5858326629834254 0.4524497688442211 0.012628255722178374 0.011180896482412061 0.875977
6 0.39157452880820837 0.6133165668341709 0.01736387182320442 0.011306529447236181 0.875977
13 0.17146787056037885 0.6768843256281407 0.00887925998421468 0.017839186331658295 0.875977
10 0.6168112896606156 0.1312814311557789 0.01736387182320442 0.018592958391959798 0.875977
2 0.48747047198105764 0.4981155376884422 0.011838999842146803 0.011809035577889447 0.875
10 0.28374094396211524 0.7247488643216081 0.014996063772691397 0.018090452261306532 0.875
22 0.43340577742699293 0.6368719115577889 0.014009483820047354 0.011683428341708543 0.875
14 0.24230450513022886 0.47242471557788945 0.00828728776637727 0.015954769045226132 0.875
22 0.5307815501183899 0.40678400000000003 0.01578531965272297 0.012060301507537688 0.874023
4 0.2586820394632991 0.4972989105527638 0.012628255722178374 0.01193466854271357 0.874023
5 0.18350451775848461 0.1777638271356784 0.015587995580110498 0.012060301507537688 0.873047
9 0.6458170797158643 0.4981155376884422 0.014996063772691397 0.011306529447236181 0.873047
7 0.3983820678768745 0.27292713165829147 0.011444351696921862 0.015954769045226132 0.873047
0 0.14581695343330703 0.1987437346733668 0.026440415469613256 0.017587946130653266 0.869629
6 0.49822408839779003 0.2027638351758794 0.01657457553275454 0.011557795376884422 0.868652
8 0.25276231728492504 0.3837939135678392 0.01736387182320442 0.01231156743718593 0.868164
13 0.4767168555643252 0.7020729246231155 0.007695355958958169 0.017211047236180905 0.867188
0 0.1653513496448303 0.26947228944723617 0.024664579636937647 0.012562807638190955 0.867188
5 0.34372536069455406 0.33768844221105526 0.014996063772691397 0.011055289246231156 0.866211
9 0.3831885588003157 0.3145728 0.01657457553275454 0.010804023316582914 0.865234
9 0.5173636748224152 0.3366834814070352 0.01657457553275454 0.011055289246231156 0.865234
4 0.2501974680347277 0.4058731031155779 0.011049743962115234 0.013316579698492462 0.865234
6 0.5978689060773481 0.4760051135678392 0.01657457553275454 0.011306529447236181 0.864258
2 0.33514206661404894 0.5685929809045226 0.010359129913180741 0.011557795376884422 0.864258
4 0.37213873401736386 0.40562577366834174 0.011838999842146803 0.012869029949748744 0.863281
13 0.5728095974743488 0.17675886633165827 0.009076543646408839 0.017587946130653266 0.863281
0 0.3814129250197317 0.3603016040201005 0.027229671349644834 0.012060301507537688 0.863281
10 0.16811380584056826 0.22110552763819097 0.01617996779794791 0.016834174070351756 0.862305
2 0.5071527703235991 0.5444723778894472 0.012529613891081294 0.012562807638190955 0.862305
0 0.37174432833464877 0.45012570050251255 0.025256511444356748 0.016457275175879398 0.859863
2 0.6381217237569061 0.6819096442211056 0.022099447513812154 0.011557795376884422 0.858887
2 0.5718231791633781 0.1560300703517588 0.013812159747434886 0.012060301507537688 0.85791
13 0.43537901815311764 0.35703509547738693 0.007498031886345699 0.018592958391959798 0.85791
13 0.3239937616416732 0.7248744201005025 0.009471191791633781 0.018090452261306532 0.85498
4 0.13910801578531964 0.42864331256281407 0.013022903867403315 0.01507538974874372 0.85498
21 0.4333071760063141 0.20484453628140703 0.01775847955801105 0.015499372060301508 0.85498
22 0.472671772691397 0.45287377688442215 0.015193387845303866 0.010835437989949749 0.854004
27 0.47198115864246254 0.18090452261306533 0.010852419889502763 0.01507538974874372 0.852051
5 0.5895815374901342 0.2037687959798995 0.014996063772691397 0.014572857889447236 0.852051
9 0.7207969944751382 0.1335427216080402 0.019337031728492503 0.011809035577889447 0.852051
10 0.5349248303078137 0.5179649286432161 0.01657457553275454 0.017085414271356784 0.849121
5 0.7200077790055249 0.6133165668341709 0.01736387182320442 0.012060301507537688 0.849121
9 0.32991307971586425 0.36080408442211054 0.01657457553275454 0.011557795376884422 0.849121
8 0.1712706677190213 0.33718596180904525 0.018153127703235992 0.010552757386934673 0.848145
2 0.4297555043409629 0.2706030633165829 0.013812159747434886 0.011306529447236181 0.848145
5 0.479084501973165 0.7252513447236181 0.027821643567482242 0.016834174070351756 0.847168
1 0.5939228287292818 0.5911118215075376 0.01736387182320442 0.016896977688442213 0.845703
11 0.7047156685082873 0.45006292261306535 0.015390671507498026 0.016457275175879398 0.84375
10 0.7058996937647988 0.29195989547738693 0.017166547750591947 0.019095490251256283 0.84375
0 0.16327950749802683 0.17914571256281409 0.025059187371744278 0.012562807638190955 0.842773
9 0.5986581215469613 0.22537699698492464 0.01578531965272297 0.011557795376884422 0.842773
13 0.2395420489344909 0.40401997185929645 0.009471191791633781 0.018090452261306532 0.842773
9 0.6160220741910024 0.40653263115577887 0.014996063772691397 0.011557795376884422 0.841797
9 0.6996841673243883 0.38241202814070346 0.014996063772691397 0.012060301507537688 0.84082
22 0.36720583425414366 0.520854255276382 0.015390671507498026 0.010050251256281407 0.84082
6 0.16791619889502762 0.5424621989949749 0.01637725146014207 0.010552757386934673 0.839844
5 0.25335432991318074 0.47499989547738697 0.014996063772691397 0.011306529447236181 0.838867
19 0.2924231223362273 0.5894473326633166 0.011049743962115234 0.010050251256281407 0.838867
5 0.5331491965272296 0.6596106291457287 0.01736387182320442 0.011306529447236181 0.837402
6 0.7042226614048934 0.6812813507537688 0.005919479715864246 0.010804023316582914 0.836426
6 0.4738553938437253 0.29321596783919596 0.014996063772691397 0.011557795376884422 0.836426
10 0.7027428318863457 0.6552763819095477 0.01637725146014207 0.01658290814070352 0.835449
23 0.3804261026045777 0.4287688683417085 0.012233607576953433 0.010678390351758795 0.835449
0 0.6617994001578531 0.42669591155778896 0.03472770323599053 0.01582913608040201 0.834473
14 0.18370172059984213 0.5864164470351758 0.009865839936858722 0.015043975075376885 0.834473
6 0.30971292186266774 0.635427248241206 0.013220187529597475 0.012060301507537688 0.833496
5 0.7020522178374112 0.7233667216080403 0.01026044767166535 0.016080402010050253 0.833496
23 0.23164949013417524 0.4294282934673367 0.011838999842146803 0.011683428341708543 0.833496
8 0.2805840820836622 0.2706030633165829 0.018153127703235992 0.011557795376884422 0.832031
4 0.5351224372533544 0.4967336522613065 0.011049743962115234 0.013065313768844221 0.831055
14 0.2768352075769534 0.6324748864321608 0.00868193591160221 0.017211047236180905 0.831055
0 0.2878846282557222 0.2231157065326633 0.025256511444356748 0.01407035175879397 0.829102
5 0.14779019415943173 0.24685938492462312 0.02762431949486977 0.013567845628140703 0.82666
14 0.2683502320441989 0.3351757829145729 0.00868193591160221 0.015577895879396985 0.825684
14 0.28235971586424624 0.5650753608040201 0.009471191791633781 0.016834174070351756 0.824219
5 0.6582970292028413 0.20303076984924623 0.029893445303867405 0.012217349145728643 0.820801
13 0.18389892344119968 0.31262565628140704 0.00868193591160221 0.01620603497487437 0.818848
7 0.2115234853985793 0.546105632160804 0.018153127703235992 0.015326629949748743 0.818848
5 0.6996841673243883 0.18040204221105527 0.014601415627466457 0.013567845628140703 0.81543
0 0.6397001546961326 0.2914571577889447 0.024467255564325177 0.014572857889447236 0.813965
14 0.33228113022888717 0.6103014271356784 0.00868193591160221 0.015577895879396985 0.813965
16 0.1765983772691397 0.38316587738693464 0.01696922367797948 0.011055289246231156 0.812988
9 0.5303867403314917 0.42864331256281407 0.01657457553275454 0.011557795376884422 0.812988
10 0.1422652817679558 0.6773240281407035 0.021112867561168112 0.019221097487437184 0.809082
24 0.5734016101026045 0.24283928442211056 0.014206767482241514 0.010678390351758795 0.809082
2 0.26085248303078135 0.5891959638190956 0.011838999842146803 0.011055289246231156 0.808105
5 0.22494095659037097 0.1550251095477387 0.026440415469613256 0.012060301507537688 0.804199
22 0.6764008966061562 0.31551498291457286 0.01578531965272297 0.010804023316582914 0.804199
2 0.45047352170481453 0.3605527155778895 0.021507515706393053 0.011055289246231156 0.804199
10 0.16890302131018153 0.5173052462311557 0.01657457553275454 0.01714824361809045 0.804199
6 0.6041830339384373 0.15615588341708542 0.01736387182320442 0.011055289246231156 0.801758
14 0.7086621499605367 0.2228643376884422 0.00927386771902131 0.017587946130653266 0.801758
8 0.43567482241515393 0.6133165668341709 0.01657457553275454 0.011557795376884422 0.800781
4 0.6458168776637727 0.1547737407035176 0.011444351696921862 0.012562807638190955 0.799316
4 0.5694555327545383 0.13115587537688445 0.012628255722178374 0.014824123819095477 0.796875
6 0.5102603314917127 0.428894424120603 0.024072607419100236 0.011809035577889447 0.796875
14 0.6606157790055248 0.40359611819095476 0.007103383741120757 0.016802759396984925 0.795898
10 0.16910022415153908 0.4267586894472362 0.015982643725335435 0.017085414271356784 0.794434
13 0.39581681452249406 0.42628759798994975 0.01657457553275454 0.016708541105527636 0.794434
22 0.6483326282557222 0.4064070753768844 0.01647593370165746 0.011306529447236181 0.790527
13 0.29163390686661406 0.5649498050251256 0.009471191791633781 0.016080402010050253 0.790527
2 0.658001224940805 0.5658292100502513 0.012134965745856353 0.012060301507537688 0.786621
22 0.6831098342541437 0.5439698974874372 0.01578531965272297 0.011557795376884422 0.785156
24 0.5161800536700868 0.22066582512562816 0.01657457553275454 0.012374371055276381 0.785156
6 0.37825565903709546 0.5452262271356784 0.01775847955801105 0.011055289246231156 0.785156
19 0.35240713496448306 0.5214822914572864 0.011838999842146803 0.010552757386934673 0.782715
13 0.4301499100236779 0.724497495477387 0.009076543646408839 0.022361818693467334 0.78125
5 0.42580902288871353 0.22562810854271356 0.02683502320441989 0.013065313768844221 0.78125
4 0.35566300236779796 0.42939690452261303 0.010556413575374901 0.01193466854271357 0.779785
13 0.3453037916337806 0.6559674532663317 0.01026044767166535 0.017713579095477387 0.779785
2 0.3620757316495659 0.22462314773869346 0.013022903867403315 0.012060301507537688 0.779785
1 0.5955012596685083 0.499748791959799 0.01617996779794791 0.016834174070351756 0.775879
19 0.525651043409629 0.31557776080402006 0.011049743962115234 0.011306529447236181 0.775879
2 0.7216852154696133 0.29346733668341707 0.013812159747434886 0.01231156743718593 0.771973
7 0.18074206156274664 0.22600503316582915 0.025651159589581685 0.01582913608040201 0.767578
5 0.3149171775848461 0.6577890412060301 0.025256511444356748 0.011809035577889447 0.766113
13 0.6895718642462509 0.3341708221105527 0.011838999842146803 0.016080402010050253 0.766113
10 0.2452645682715075 0.42738698291457283 0.013812159747434886 0.017085414271356784 0.764648
23 0.2722967134964483 0.36130656482412066 0.012628255722178374 0.011055289246231156 0.760742
2 0.6728492249408051 0.6586684462311557 0.013022903867403315 0.010804023316582914 0.759277
2 0.7196133733228097 0.3157035738693467 0.014601415627466457 0.0114321624120603 0.756348
22 0.30189411207576955 0.5449748582914573 0.014996063772691397 0.010804023316582914 0.753418
2 0.36779784688239936 0.42977382914572865 0.012628255722178374 0.011809035577889447 0.751953
6 0.5824781941594317 0.2261305889447236 0.01578531965272297 0.013065313768844221 0.750488
4 0.29557998421468035 0.2693467336683417 0.011444351696921862 0.01507538974874372 0.749023
7 0.4073600505130229 0.27298990954773866 0.02959747940015785 0.01582913608040201 0.749023
14 0.5363060584056827 0.7021357025125627 0.00868193591160221 0.017336680201005025 0.746094
24 0.3693762778216259 0.5922817286432162 0.013220187529597475 0.013552125427135677 0.744629
18 0.5666930765588003 0.35891971859296484 0.022888703393843725 0.01507538974874372 0.744629
6 0.7020522178374112 0.47499989547738697 0.009076543646408839 0.011809035577889447 0.741699
2 0.6913972028413575 0.47569096683417084 0.011049743962115234 0.011180896482412061 0.737305
23 0.4751380205209155 0.4982410934673367 0.012233607576953433 0.010804023316582914 0.73584
24 0.46517361957379644 0.5597989306532662 0.014404091554853986 0.006030150753768844 0.732422
11 0.584648637726914 0.31293980301507535 0.025651159589581685 0.01582913608040201 0.732422
10 0.48954231412786103 0.5881910030150753 0.02012628760852407 0.01658290814070352 0.728027
14 0.5769532817679558 0.1998742512562814 0.00868193591160221 0.017587946130653266 0.728027
13 0.6995362651933702 0.15301518793969848 0.00858325367008682 0.020100502512562814 0.728027
14 0.14009483820047355 0.35703509547738693 0.010655095816890291 0.017085414271356784 0.728027
0 0.3307022951854775 0.44874381507537686 0.024467255564325177 0.00301508824120603 0.728027
2 0.4419889502762431 0.4298993849246231 0.012628255722178374 0.01231156743718593 0.728027
10 0.16752179321231256 0.35716090854271354 0.01736387182320442 0.01633166793969849 0.725098
11 0.6653510718232044 0.38140706733668345 0.014996063772691397 0.01633166793969849 0.725098
14 0.180544454617206 0.5402009085427136 0.007498031886345699 0.01658290814070352 0.72168
2 0.5826758011049724 0.13316579698492462 0.013022903867403315 0.013065313768844221 0.71875
10 0.6491711444356748 0.5639448442211056 0.014601415627466457 0.01658290814070352 0.716797
21 0.20363052249408048 0.38530161206030145 0.02012628760852407 0.016080402010050253 0.713867
7 0.28926585635359114 0.4096066379899498 0.024861863299131808 0.015460110150753768 0.713867
5 0.7054062825572217 0.5901067835175879 0.0035516959116022096 0.011809035577889447 0.712402
4 0.5428177932123125 0.7256280120603015 0.011838999842146803 0.014824123819095477 0.712402
14 0.399960498816101 0.3123115095477387 0.00828728776637727 0.01620603497487437 0.710449
18 0.37509879715864247 0.2907035658291457 0.019337031728492503 0.01507538974874372 0.708984
10 0.519731725335438 0.40420462633165827 0.015390671507498026 0.017093287236180907 0.70752
0 0.700276179952644 0.3600502351758794 0.013812159747434886 0.011055289246231156 0.70752
10 0.47987371744277824 0.3594221989949749 0.018153127703235992 0.01959799638190955 0.704102
18 0.36799545382794 0.2451633527638191 0.018153127703235992 0.01658290814070352 0.702637
10 0.6470007008681926 0.4727386050251256 0.014206767482241514 0.01695980703517588 0.700684
6 0.2904498816101026 0.2003769889447236 0.01617996779794791 0.014572857889447236 0.695801
23 0.15893862036306236 0.2920854512562814 0.012825579794790843 0.011306529447236181 0.695801
5 0.570047545382794 0.27123109949748747 0.014206767482241514 0.011809035577889447 0.689453
4 0.5611681641673244 0.45157036381909543 0.01026044767166535 0.013567845628140703 0.6875
22 0.4496843062352012 0.20181375356783918 0.01578531965272297 0.010819717788944723 0.686035
6 0.3341061455406472 0.3152010934673367 0.014798739700078925 0.011055289246231156 0.684082
4 0.20146007892659826 0.5868875642211056 0.010655095816890291 0.014949756783919597 0.682617
6 0.47484221625887924 0.22412066733668343 0.025059187371744278 0.013567845628140703 0.682617
10 0.3177905603788477 0.2675879236180904 0.0262184410418311 0.017085414271356784 0.682617
10 0.1636739131807419 0.6998744120603015 0.018153127703235992 0.016080402010050253 0.680664
6 0.6203661537490134 0.5898005612060302 0.017012382004735593 0.01091393608040201 0.680664
10 0.4265982383583267 0.2908291216080402 0.01578531965272297 0.018341718190954773 0.679199
12 0.41078847040252564 0.3124370653266332 0.028462916495659036 0.016080402010050253 0.675781
8 0.6958366913970008 0.6339509386934674 0.02663773954222573 0.01727387658291457 0.673828
4 0.3910811176006314 0.7039572904522613 0.013417511602209945 0.013442212663316582 0.67041
21 0.36779784688239936 0.70728631959799 0.018942383583267563 0.01582913608040201 0.67041
7 0.14867801104972378 0.3847988743718593 0.02624309139700079 0.015326629949748743 0.663574
13 0.5201261310181532 0.19962313969849246 0.009471191791633781 0.017587946130653266 0.660156
24 0.7253354885556433 0.3528894391959799 0.013812159747434886 0.006281416683417086 0.660156
18 0.3058498192265193 0.6811557949748743 0.005543379952644041 0.013567845628140703 0.658203
5 0.25887924230465664 0.2703516944723618 0.025256511444356748 0.011180896482412061 0.658203
9 0.4289658847671665 0.4521513165829146 0.01617996779794791 0.012280152763819096 0.656738
8 0.6146408460931334 0.47537682010050253 0.018153127703235992 0.011683428341708543 0.65332
6 0.27900565114443565 0.6812813507537688 0.025256511444356748 0.01231156743718593 0.65332
6 0.39384357379636936 0.475251264321608 0.01973163946329913 0.011809035577889447 0.65332
6 0.1917914822415154 0.3152010934673367 0.024467255564325177 0.011055289246231156 0.651367
46 0.4202841104972375 0.5447237467336684 0.02959747940015785 0.011557795376884422 0.649414
13 0.7074041736385162 0.1312814311557789 0.009421850670876085 0.01582913608040201 0.649414
4 0.4485002809786898 0.3145100221105528 0.011049743962115234 0.012688440603015076 0.649414
14 0.17146787056037885 0.40374135638190956 0.009471191791633781 0.016575060904522612 0.645996
13 0.553077998421468 0.5638190311557788 0.005919479715864246 0.018090452261306532 0.644043
5 0.6128652123125493 0.4484924462311558 0.01578531965272297 0.0035175943718592966 0.644043
4 0.2691398516179953 0.5413316824120602 0.018942383583267563 0.01582913608040201 0.644043
23 0.35134676558800315 0.7046483618090452 0.013861500868192581 0.011557795376884422 0.642578
22 0.6507499794790844 0.36017579095477387 0.024072607419100236 0.011055289246231156 0.642578
4 0.4055840126282557 0.6119346814070351 0.010655095816890291 0.014321617688442211 0.638672
4 0.6526242146803473 0.5202262190954774 0.011641675769534333 0.013065313768844221 0.638672
14 0.3457972028413575 0.3125628783919598 0.009323208839779005 0.01633166793969849 0.637207
24 0.6128157095501184 0.6962312361809045 0.013146196053670086 0.006281416683417086 0.635254
13 0.6752168713496448 0.4467336361809045 0.00828728776637727 0.007035188743718593 0.635254
5 0.5641278232044199 0.223649575879397 0.02012628760852407 0.016520104522613065 0.633301
4 0.6975630244672455 0.5876864900502513 0.010556413575374901 0.014702427336683416 0.629883
2 0.6378687545382794 0.42864331256281407 0.01303522904498816 0.011306529447236181 0.62793
46 0.5505131491712708 0.6138190472361809 0.029992127545382795 0.011557795376884422 0.624512
5 0.46093133385951063 0.33718596180904525 0.027229671349644834 0.011557795376884422 0.624512
2 0.1515390686661405 0.3600502351758794 0.012628255722178374 0.011557795376884422 0.620605
2 0.4713891460142068 0.2709799879396985 0.030781383425414366 0.012562807638190955 0.615234
13 0.19139707655880034 0.5863811216080402 0.009076543646408839 0.014800556381909549 0.611328
14 0.5368980710339385 0.24550888844221105 0.009076543646408839 0.016520104522613065 0.611328
6 0.46566703078137334 0.31545220502512566 0.01696922367797948 0.012060301507537688 0.609375
27 0.48145214838200473 0.6157034130653267 0.01026044767166535 0.01658290814070352 0.607422
14 0.18843741752170481 0.7239950150753769 0.00868193591160221 0.017587946130653266 0.607422
24 0.4948696195737964 0.4459797869346734 0.027229671349644834 0.008542707135678392 0.605957
46 0.22573017205998422 0.6344848080402009 0.029992127545382795 0.01193466854271357 0.592773
18 0.33701642304656665 0.587774816482412 0.018942383583267563 0.016253144120603014 0.59082
13 0.7088593528018943 0.19849236582914573 0.01006312359905288 0.018592958391959798 0.588867
23 0.5020719684293606 0.3841708381909548 0.014404091554853986 0.011557795376884422 0.586914
13 0.6917916085240726 0.4493090733668342 0.01026044767166535 0.017336680201005025 0.584961
19 0.5899763472770323 0.6819096442211056 0.013417511602209945 0.011306529447236181 0.584961
10 0.36819265666929757 0.6331659577889447 0.015982643725335435 0.017713579095477387 0.583008
4 0.26756101657458564 0.38266339698492463 0.012628255722178374 0.013567845628140703 0.583008
0 0.398579270718232 0.59119031959799 0.011049743962115234 0.01136935879396985 0.577637
22 0.5856354601420679 0.36130656482412066 0.01578531965272297 0.011809035577889447 0.577637
10 0.37963688713496446 0.7253769005025125 0.026440415469613256 0.017839186331658295 0.575684
6 0.6898183677979479 0.2704775075376884 0.025256511444356748 0.011055289246231156 0.575684
2 0.6329912170481452 0.42619343115577885 0.022099447513812154 0.016268838592964824 0.57373
6 0.6833070370955011 0.45194728844221105 0.023677999684293606 0.012437174673366835 0.57373
13 0.37963688713496446 0.44572867537688443 0.01026044767166535 0.008542707135678392 0.571777
13 0.5453826424625099 0.24579138894472363 0.009471191791633781 0.01633166793969849 0.571777
14 0.49388320126282553 0.1298995457286432 0.009471191791633781 0.016834174070351756 0.558105
22 0.274269954222573 0.6115577567839195 0.024467255564325177 0.010804023316582914 0.556641
5 0.3850631981057616 0.6586054110552764 0.02624309139700079 0.012688440603015076 0.554688
13 0.2204024625098658 0.378140816080402 0.014996063772691397 0.02361809688442211 0.554688
10 0.626677089187056 0.24610553567839197 0.013812159747434886 0.01633166793969849 0.554688
8 0.7221782225730071 0.3811556984924623 0.01775847955801105 0.017085414271356784 0.554688
10 0.14492913654301498 0.6090453547738693 0.0205208953433307 0.01658290814070352 0.554688
14 0.16821240726124706 0.13015065728643216 0.011641675769534333 0.017839186331658295 0.552734
24 0.5708367608524073 0.6793969849246231 0.0205208953433307 0.016708541105527636 0.552734
15 0.6176746178374112 0.3580403135678392 0.02276537079715864 0.016834174070351756 0.550781
9 0.8871347624309392 0.061871983919597986 0.013812159747434886 0.013190946733668342 0.548828
5 0.40134172691397 0.38404528241206026 0.005524871981057617 0.01231156743718593 0.546875
10 0.43389878453038677 0.3131281366834171 0.01696922367797948 0.01633166793969849 0.546875
23 0.23855563062352012 0.2709799879396985 0.013812159747434886 0.011809035577889447 0.544922
22 0.7012630023677979 0.5678391316582914 0.011838999842146803 0.010552757386934673 0.542969
5 0.3917717316495659 0.44874381507537686 0.014996063772691397 0.00301508824120603 0.542969
14 0.511049546961326 0.6108669427135678 0.007892639621152327 0.017462313165829146 0.541016
10 0.5217049660615627 0.6571607477386935 0.014206767482241514 0.017085414271356784 0.541016
8 0.3085783185477506 0.4527639155778894 0.011000402841357539 0.010552757386934673 0.537109
2 0.7215866140489344 0.44635671155778894 0.01677189960536701 0.007788935075376884 0.537109
6 0.3631118547750592 0.3148241688442211 0.024565897395422257 0.011306529447236181 0.535156
0 0.5883979163378059 0.4484924462311558 0.03314915106550908 0.0035175943718592966 0.533203
8 0.456195636937648 0.1312814311557789 0.01696922367797948 0.013819085829145728 0.53125
8 0.6953432801894239 0.13319718592964824 0.017955803630623518 0.011997497889447237 0.53125
13 0.3456 0.6103014271356784 0.018843741752170483 0.016080402010050253 0.529297
4 0.28531977900552485 0.13002510150753768 0.011444351696921862 0.01231156743718593 0.527344
13 0.7024466235201263 0.20051430271356782 0.009471191791633781 0.014565010653266331 0.525391
21 0.3484610576164167 0.1287687718592965 0.022099447513812154 0.01633166793969849 0.523438
6 0.4937845998421468 0.6371858010050251 0.015587995580110498 0.011557795376884422 0.521484
5 0.6492204451460143 0.38757066484422115 0.015489353749013416 0.0032820229145728644 0.521484
13 0.7083663456985004 0.5419597185929648 0.008089963693764798 0.017085414271356784 0.517578
2 0.4606355295974744 0.2930904120603015 0.010655095816890291 0.010552757386934673 0.515625
6 0.4431729755327546 0.3841708381909548 0.01578531965272297 0.012060301507537688 0.515625
6 0.7041240599842147 0.3379398110552764 0.015587995580110498 0.011306529447236181 0.515625
22 0.7008681925808997 0.38741559316582913 0.018153127703235992 0.002971889849246231 0.513672
10 0.42186254143646407 0.6567838231155779 0.013417511602209945 0.017587946130653266 0.511719
14 0.2251381594317285 0.5409547577889448 0.00828728776637727 0.01658290814070352 0.509766
10 0.48835828887134963 0.5649498050251256 0.02762431949486977 0.017336680201005025 0.507812
13 0.6174772937647988 0.3344221909547739 0.009002552170481452 0.015577895879396985 0.507812
11 0.4009473212312549 0.6792086512562814 0.006314127861089187 0.01620603497487437 0.505859
5 0.32678078737174426 0.521105624120603 0.02693370544593528 0.012060301507537688 0.503906
6 0.4023281452249408 0.6123116060301508 0.0035516959116022096 0.012814073567839196 0.501953
