21 0.8482635769534334 0.5274210893525949 0.01736387182320442 0.016318883681112895 0.996094
24 0.6787689471191792 0.5264179090422686 0.014996063772691397 0.01738898833600856 0.995605
21 0.7003747813733229 0.20786515141787054 0.015982643725335435 0.015516312038523274 0.990723
20 0.3971487419100237 0.22739429427501337 0.033050509234411996 0.023006962439807384 0.989746
27 0.636740495659037 0.3681112894596041 0.009865839936858722 0.017121455323702513 0.989746
7 0.7104381878453039 0.5039460674157303 0.014404091554853986 0.015917611556982344 0.988281
5 0.7821626393054459 0.11048680577849118 0.014996063772691397 0.012439819368646333 0.987793
21 0.7110297963693765 0.6418372006420546 0.015982643725335435 0.016686734724451577 0.98584
35 0.30505137805840565 0.3855003873729267 0.0205208953433307 0.01658641669341894 0.985352
8 0.8184689755327546 0.13496528196896737 0.01736387182320442 0.012306052862493312 0.982422
21 0.5434098058405683 0.5743714071696094 0.014996063772691397 0.016051378063135367 0.981934
2 0.7270125209155486 0.6153023691813805 0.012430931649565904 0.011235948207597645 0.981934
13 0.49782968271507494 0.294341924023542 0.00868193591160221 0.016853922311396468 0.980957
2 0.6985005461720599 0.6155697378277153 0.010655095816890291 0.011235948207597645 0.979492
6 0.6947512675611681 0.6385600719101123 0.01637725146014207 0.010667461102193687 0.978516
0 0.6164168839779005 0.4550562311396469 0.03314915106550908 0.012306052862493312 0.975586
2 0.8168901404893449 0.5461475783841626 0.013417511602209945 0.011771014232209739 0.975098
4 0.6511443851617995 0.3860353986088818 0.013022903867403315 0.0149812734082397 0.974121
4 0.5181532943962115 0.11008547886570359 0.013417511602209945 0.0149812734082397 0.973633
18 0.5611681641673244 0.2030497763509898 0.021310191633780583 0.014446234777956127 0.973633
7 0.7008681925808997 0.32182994114499736 0.012628255722178374 0.017255221829855536 0.973633
5 0.4105169123914759 0.5022739176029962 0.014404091554853986 0.011771014232209739 0.972656
2 0.7126086314127861 0.3651685906902087 0.012233607576953433 0.012306052862493312 0.972168
2 0.8295183962115233 0.4106472851792402 0.012628255722178374 0.011235948207597645 0.97168
4 0.6862666961325967 0.1796415965757089 0.013417511602209945 0.014713740395933653 0.970703
7 0.7351026866614049 0.4579989299090423 0.015587995580110498 0.01658641669341894 0.970703
4 0.4125887545382794 0.524077063670412 0.012628255722178374 0.013911168753344035 0.970215
2 0.5205209408050513 0.22792930551096843 0.012628255722178374 0.012306052862493312 0.970215
18 0.8344512959747435 0.26872658319957193 0.01617996779794791 0.010433376565008026 0.969727
11 0.6574585130228887 0.45291591225254146 0.014996063772691397 0.017121455323702513 0.96875
0 0.5104579384372533 0.4793339069020867 0.022494095659037094 0.011637247726056715 0.967773
13 0.7880819573796369 0.5434725222043874 0.009471191791633781 0.01845906559657571 0.967773
13 0.36355556116811366 0.6367208440877475 0.010556413575374901 0.02029829341894061 0.967285
0 0.7444750749802683 0.2704655751738898 0.022099447513812154 0.006955584376672017 0.966797
12 0.5396605272296764 0.4336544119850187 0.014206767482241514 0.021401819154628143 0.966797
5 0.4404105193370166 0.5020065489566613 0.013812159747434886 0.011503481219903692 0.966309
2 0.525651043409629 0.5939005500267523 0.012628255722178374 0.011235948207597645 0.966309
5 0.5177584846093133 0.1812466302835741 0.014206767482241514 0.01337613012306046 0.96582
2 0.40775445619573797 0.25013377849117174 0.013022903867403315 0.01257355848047084 0.965332
2 0.8157065193370167 0.4555912423756019 0.011049743962115234 0.011235948207597645 0.965332
2 0.5860298658247829 0.6397471777421081 0.009471191791633781 0.011436584269662922 0.964844
4 0.39581681452249406 0.20331741894060995 0.012233607576953433 0.013911168753344035 0.964844
0 0.7588793685872139 0.4331194007490637 0.024269931491712707 0.011235948207597645 0.964844
2 0.6351617818468823 0.4328685234884965 0.011148385793212312 0.010734358052434457 0.964355
0 0.3066298089976322 0.34239568539325843 0.023677999684293606 0.011302845157838417 0.964355
11 0.3740133733228098 0.3165463970037453 0.014700097868981847 0.016720183199571963 0.964355
10 0.4668506519337017 0.10841360299625467 0.014206767482241514 0.0211342861423221 0.963867
6 0.5438042115232833 0.38884441305510964 0.01657457553275454 0.011503481219903692 0.963867
5 0.7097229234411997 0.5468165478865704 0.016623916653512233 0.012038519850187265 0.962402
2 0.727308729281768 0.661316074906367 0.011641675769534333 0.012038519850187265 0.962402
4 0.7202053859510655 0.40930989406099516 0.013022903867403315 0.014446234777956127 0.962402
8 0.5962904751381215 0.5473515591225254 0.01578531965272297 0.013108624505082933 0.961914
2 0.37973548855564326 0.3885767704654896 0.012233607576953433 0.011771014232209739 0.961914
2 0.7054062825572218 0.3412922418405564 0.012825579794790843 0.012439819368646333 0.961426
5 0.5088791033938437 0.6634563937934724 0.014996063772691397 0.011235948207597645 0.960938
20 0.40827251775848467 0.18138031460674156 0.03112669044988161 0.024612105724986625 0.960938
7 0.6775849218626677 0.6416909149277689 0.01578531965272297 0.01644429491706795 0.959961
5 0.596093272296764 0.204654810058855 0.014601415627466457 0.011235948207597645 0.959961
9 0.8512232359905287 0.24933112466559657 0.014996063772691397 0.012841091492776886 0.959961
4 0.7813734238358326 0.22592294489031567 0.013417511602209945 0.014713740395933653 0.958984
18 0.6468281483820048 0.22543806527554844 0.015834660773480662 0.01474718887105404 0.958984
0 0.31595305824782954 0.6174424141252006 0.025601818468823992 0.012038519850187265 0.958496
18 0.7858129123914759 0.49946490315676834 0.01677189960536701 0.01417870176565008 0.958008
9 0.6487767387529597 0.500401241305511 0.014996063772691397 0.012439819368646333 0.95752
2 0.6195737458563535 0.500401241305511 0.013022903867403315 0.013108624505082933 0.95752
5 0.7383581499605367 0.43301900053504544 0.01617996779794791 0.01136971471375067 0.957031
12 0.5374900836621941 0.6627876982343499 0.013417511602209945 0.020331741894060996 0.956543
2 0.6132596179952644 0.1107544483681113 0.012628255722178374 0.012841091492776886 0.956543
0 0.49230477032359904 0.25080247405029427 0.02604576732438832 0.01257355848047084 0.95459
24 0.5288083093922652 0.2533441198501873 0.014996063772691397 0.01658641669341894 0.954102
0 0.3101814806629834 0.24993325200642055 0.026440415469613256 0.012974857998929909 0.954102
7 0.3949289976322021 0.16104879186730875 0.015982643725335435 0.017121455323702513 0.953125
24 0.6782755359116022 0.13677111610486892 0.014996063772691397 0.016987688817549494 0.953125
2 0.6428570165745856 0.4106472851792402 0.011838999842146803 0.011771014232209739 0.953125
8 0.39364637095501187 0.38884441305510964 0.01617996779794791 0.011503481219903692 0.952637
0 0.6925808239936859 0.3868377784911718 0.029202831254932914 0.015516312038523274 0.952637
2 0.5773480915548539 0.6621187287319422 0.011838999842146803 0.011904753344034244 0.952148
20 0.5560380615627466 0.10968442589620117 0.03314915106550908 0.024612105724986625 0.950684
2 0.63496445777427 0.6618513600856073 0.012628255722178374 0.011771014232209739 0.94873
0 0.828334775059195 0.43193218533975386 0.023677999684293606 0.01367711161048689 0.94873
6 0.801302225730071 0.6387607079721777 0.014601415627466457 0.01120252712680578 0.94873
21 0.8382005745856355 0.23006962439807385 0.01578531965272297 0.0149812734082397 0.94873
7 0.41229295027624313 0.4367307950775816 0.015390671507498026 0.01578384505082932 0.94873
2 0.5775452943962116 0.4331194007490637 0.012628255722178374 0.011235948207597645 0.94873
5 0.6274663046566693 0.6163723916532905 0.014996063772691397 0.011503481219903692 0.948242
5 0.3195663962115233 0.5018725906902086 0.01541536227308603 0.011503481219903692 0.946777
24 0.678374137332281 0.15971112680577848 0.014404091554853986 0.015516312038523274 0.946777
2 0.49782968271507494 0.6866139154628144 0.013417511602209945 0.013075176029962547 0.946289
8 0.6452250670876085 0.13469763937934726 0.01657457553275454 0.012306052862493312 0.946289
7 0.40084831570639307 0.3453718052434457 0.015193387845303866 0.016853922311396468 0.945312
7 0.5355168429360694 0.5283574275013376 0.014206767482241514 0.016051378063135367 0.944824
2 0.6651538689818469 0.15730343927233817 0.013417511602209945 0.012306052862493312 0.944824
10 0.39300505761641674 0.6372391995719636 0.013614835674822417 0.018191532584269664 0.944336
6 0.6657458816101025 0.4332530850722311 0.014206767482241514 0.010968442589620118 0.944336
4 0.8512232359905287 0.36302827180310326 0.014206767482241514 0.014446234777956127 0.944336
0 0.6168175128650355 0.4336544119850187 0.021273175690607733 0.011235948207597645 0.944336
2 0.47632204577742704 0.41158362332798293 0.011641675769534333 0.012038519850187265 0.943848
22 0.4380424688239937 0.4340557388978063 0.013417511602209945 0.010165870947030498 0.943848
0 0.6231254175217048 0.41171758159443556 0.024467255564325177 0.012306052862493312 0.942871
6 0.4098016479873717 0.4796516811128946 0.017018564798737174 0.011804435313001604 0.941895
2 0.7817678295185477 0.41051360085607275 0.009471191791633781 0.010700909577314071 0.940918
7 0.8135360757695342 0.5259497399678973 0.01657457553275454 0.016853922311396468 0.94043
7 0.3362272075769534 0.21026870240770468 0.01578531965272297 0.009622449652220439 0.94043
0 0.4622139605367009 0.3424291064740503 0.023677999684293606 0.011771014232209739 0.939941
0 0.5217049660615627 0.15957744248261102 0.03157063930544594 0.011503481219903692 0.938965
2 0.398184865035517 0.41091492776886035 0.012036323914759275 0.012306052862493312 0.9375
2 0.38535900236779796 0.6627205821294809 0.012825579794790843 0.012439819368646333 0.937012
5 0.4716849502762431 0.22833063242375604 0.021310191633780583 0.012038519850187265 0.937012
2 0.6012233749013417 0.5012707372926699 0.010655095816890291 0.011637247726056715 0.936523
10 0.48776627624309393 0.6602460524344569 0.013812159747434886 0.017121455323702513 0.936523
4 0.8488555895816889 0.4534509234884965 0.014206767482241514 0.013643663135366507 0.936523
0 0.31278981152328333 0.204654810058855 0.019349356906077347 0.011235948207597645 0.936035
0 0.35891886977111287 0.3884430861423221 0.02604576732438832 0.011771014232209739 0.936035
5 0.8488555895816889 0.43280162653825577 0.01657457553275454 0.012138837881219902 0.935059
5 0.7256312928176795 0.5930978962011771 0.013417511602209945 0.011235948207597645 0.935059
2 0.6755130797158643 0.5698234007490637 0.012825579794790843 0.014446234777956127 0.93457
4 0.4253156116811365 0.4751203852327448 0.013614835674822417 0.008293194649545211 0.93457
8 0.5692579258089977 0.3198233065810594 0.01657457553275454 0.011637247726056715 0.934082
8 0.7959749202841357 0.4106472851792402 0.01657457553275454 0.012306052862493312 0.934082
23 0.6010261720599842 0.18138031460674156 0.014206767482241514 0.011771014232209739 0.933594
22 0.45047352170481453 0.15877478865703587 0.014996063772691397 0.011771014232209739 0.933105
13 0.5520915801104972 0.43107945468164793 0.009471191791633781 0.01772339090422686 0.932129
18 0.4349842083662194 0.5236757367576244 0.021902123441199687 0.015248806420545746 0.932129
5 0.347869044988161 0.2964151268057785 0.015390671507498026 0.011637247726056715 0.931641
18 0.794001679558011 0.5682183670411985 0.01578531965272297 0.01337613012306046 0.931152
5 0.822809862667719 0.22686347437132157 0.014996063772691397 0.012163931086142322 0.930664
2 0.6475927134964483 0.592830253611557 0.011838999842146803 0.011771014232209739 0.930176
8 0.39270925335438045 0.25093643231674695 0.014502773796369377 0.011235948207597645 0.929199
5 0.45905669455406467 0.2738764430176565 0.015193387845303866 0.011771014232209739 0.928711
6 0.7180345382794002 0.295746431246656 0.01578531965272297 0.010433376565008026 0.928711
10 0.7454618973954222 0.6834537057249866 0.014206767482241514 0.020197975387907973 0.928223
2 0.6704815785319653 0.11035312145532371 0.012628255722178374 0.013108624505082933 0.928223
4 0.6412785856353592 0.2027821337613697 0.013812159747434886 0.01417870176565008 0.928223
0 0.30820823993685875 0.2735419582664526 0.02604576732438832 0.013509896629213484 0.928223
0 0.3883190655090765 0.43392178063135367 0.023677999684293606 0.011771014232209739 0.926758
5 0.41840947119179167 0.3424291064740503 0.015982643725335435 0.011503481219903692 0.926758
2 0.4976320757695343 0.548287897271268 0.012628255722178374 0.011771014232209739 0.92627
22 0.4230465666929755 0.22792930551096843 0.013812159747434886 0.011235948207597645 0.925781
5 0.513812003157064 0.25053510540395935 0.014206767482241514 0.011771014232209739 0.925781
5 0.5771508887134964 0.2504011471375067 0.014601415627466457 0.011503481219903692 0.925293
2 0.32636140805051306 0.3420277795612627 0.011838999842146803 0.011235948207597645 0.924805
0 0.30623499921073405 0.4336544119850187 0.02604576732438832 0.013911168753344035 0.924805
7 0.33637531176006313 0.6201177442482612 0.015390671507498026 0.01658641669341894 0.922852
5 0.6283050632991318 0.203852430176565 0.013121545698500395 0.011771014232209739 0.922852
22 0.7155682904498816 0.4775949149277689 0.014206767482241514 0.011235948207597645 0.922363
14 0.5911603725335438 0.4977261851257357 0.007892639621152327 0.01779026046013911 0.921875
18 0.3951262004735596 0.6158373804173355 0.015982643725335435 0.013911168753344035 0.921875
5 0.3861482178374112 0.5481542129481005 0.012233607576953433 0.010700909577314071 0.921387
46 0.4305447198105762 0.5941679186730872 0.025651159589581685 0.011235948207597645 0.921387
4 0.794001679558011 0.6598447255216694 0.013022903867403315 0.014580001284109148 0.921387
22 0.3145223677979479 0.36490094810058854 0.013417511602209945 0.011235948207597645 0.921387
2 0.3663180173638516 0.13483159764579988 0.013417511602209945 0.013108624505082933 0.920898
2 0.8060379226519337 0.5002675569823435 0.012233607576953433 0.012306052862493312 0.92041
8 0.7121152202052092 0.6161047490636705 0.015390671507498026 0.011235948207597645 0.919434
0 0.45797167482241513 0.6856608667736758 0.024861863299131808 0.014713740395933653 0.919434
0 0.7803866014206787 0.2027821337613697 0.024861863299131808 0.014446234777956127 0.919434
0 0.5595897332280978 0.29460929266987695 0.024072607419100236 0.016185117174959872 0.919434
0 0.6762036937647987 0.4727126976993044 0.03393844735595896 0.01337613012306046 0.918945
22 0.8334648776637726 0.3183519571963617 0.014206767482241514 0.010968442589620118 0.918945
5 0.5783345098658248 0.5013375794542536 0.015390671507498026 0.011637247726056715 0.917969
22 0.7437844609313339 0.5698234007490637 0.014601415627466457 0.011235948207597645 0.917969
5 0.763812268350434 0.2953451043338684 0.011838999842146803 0.010700909577314071 0.917969
4 0.7182321452249408 0.3867040941680043 0.013022903867403315 0.014446234777956127 0.917969
8 0.6898183677979479 0.3426967490636704 0.01657457553275454 0.011771014232209739 0.916016
23 0.5988557284925019 0.6398642337078652 0.013022903867403315 0.011001863670411985 0.915527
7 0.4309391254932912 0.4588015837346175 0.014996063772691397 0.01658641669341894 0.915039
4 0.434293594317285 0.6851425660781166 0.013022903867403315 0.015482890957731407 0.914062
2 0.3296911861089187 0.2504682632423756 0.011395010576164167 0.011637247726056715 0.914062
2 0.35990528808208366 0.31888696843231673 0.011444351696921862 0.012439819368646333 0.913086
20 0.6913972028413575 0.29634828464419477 0.030781383425414366 0.023274468057784912 0.913086
0 0.6085239210734018 0.47619040770465487 0.029992127545382795 0.006420545746388443 0.913086
5 0.6322020015785319 0.4753880278223649 0.01578531965272297 0.008025689031567683 0.913086
0 0.6154671583267561 0.4783307265917603 0.018621726913970005 0.011102181701444624 0.912598
0 0.41712724861878453 0.41171758159443556 0.024467255564325177 0.012038519850187265 0.912598
22 0.37618381689029207 0.20438744141252008 0.013614835674822417 0.011235948207597645 0.911621
2 0.45382799052880823 0.22744448068485823 0.012825579794790843 0.011670668806848583 0.911621
5 0.6689027434885556 0.5010702108079187 0.014996063772691397 0.01257355848047084 0.910645
0 0.5487371112865035 0.547150758694489 0.027229671349644834 0.013509896629213484 0.910645
5 0.7387529597474349 0.1112226174424826 0.015390671507498026 0.012439819368646333 0.910645
4 0.4599449155485398 0.29414112359550565 0.012233607576953433 0.01738898833600856 0.909668
18 0.4658642336227309 0.3875067479935794 0.01617996779794791 0.014446234777956127 0.909668
0 0.6562744877663773 0.5700910433386838 0.022888703393843725 0.011771014232209739 0.90918
5 0.6653510718232044 0.31902092669876936 0.013417511602209945 0.011235948207597645 0.908203
13 0.4860892438831887 0.45385225040128413 0.00848461183898974 0.016318883681112895 0.908203
0 0.7886739700078926 0.15543076297485287 0.024072607419100236 0.01578384505082932 0.907227
0 0.7760457142857142 0.316880607811664 0.024861863299131808 0.01578384505082932 0.907227
2 0.5497239337016575 0.5244783905831996 0.012628255722178374 0.011771014232209739 0.905762
8 0.7815706266771902 0.5933655387907972 0.013812159747434886 0.010700909577314071 0.905762
23 0.8510260331491714 0.6605471161048689 0.01578531965272297 0.011436584269662922 0.905273
7 0.3932519652722968 0.2768859839486356 0.01578531965272297 0.016987688817549494 0.905273
0 0.4936859984214681 0.36597124451578383 0.02959747940015785 0.011771014232209739 0.904785
5 0.46191775217048153 0.5479199914392724 0.013022903867403315 0.011169078651685394 0.903809
2 0.7239542604577742 0.5000667565543071 0.011247027624309392 0.011102181701444624 0.903809
22 0.42225735122336233 0.20518982129481006 0.013022903867403315 0.011235948207597645 0.903809
5 0.6712707940015785 0.204654810058855 0.015193387845303866 0.012038519850187265 0.903809
8 0.3766279273875296 0.45692890743713216 0.014601415627466457 0.011235948207597645 0.903809
22 0.4333071760063141 0.18191532584269665 0.013812159747434886 0.01257355848047084 0.90332
6 0.5193369155485399 0.2976191075441412 0.01578531965272297 0.011503481219903692 0.90332
24 0.5126283820047356 0.5965756062065276 0.013417511602209945 0.01738898833600856 0.901855
5 0.36296354853985796 0.6198606484751203 0.014009483820047354 0.006892878758694489 0.901855
5 0.44228475453827937 0.3424291064740503 0.015193387845303866 0.012306052862493312 0.900391
8 0.4441593938437253 0.38790807490636703 0.015587995580110498 0.012841091492776886 0.899902
13 0.7275059321231254 0.15543076297485287 0.009076543646408839 0.018726598608881755 0.898926
21 0.3239937616416732 0.3919207961476726 0.01657457553275454 0.016318883681112895 0.898926
2 0.30978707498026836 0.41131625468164795 0.012628255722178374 0.012306052862493312 0.898926
13 0.6099176198263615 0.3392187651150348 0.00752268224151539 0.01738898833600856 0.897461
5 0.6503551696921863 0.5462815366506153 0.014996063772691397 0.011503481219903692 0.896973
13 0.40765585477505917 0.6140983884430177 0.009668515864246252 0.018726598608881755 0.896973
9 0.7778217521704814 0.6163723916532905 0.013812159747434886 0.012306052862493312 0.896973
2 0.3180740394632991 0.4574639186730872 0.011049743962115234 0.012841091492776886 0.896973
0 0.7858129123914759 0.45478858855002674 0.03196528745067087 0.010700909577314071 0.896973
5 0.3493242241515391 0.18151427287319422 0.014157466771902131 0.011235948207597645 0.896484
22 0.39167313022888717 0.45666126484751207 0.013022903867403315 0.011235948207597645 0.896484
13 0.6501579668508287 0.17629757089352593 0.010655095816890291 0.021401819154628143 0.895508
13 0.7272101278610892 0.10714278009630818 0.00927386771902131 0.01845906559657571 0.895508
6 0.39522480189423836 0.3654359593365436 0.01617996779794791 0.012306052862493312 0.895508
13 0.7251382857142856 0.43004274371321566 0.00868193591160221 0.01738898833600856 0.89502
8 0.6898183677979479 0.5703584119850187 0.01617996779794791 0.012841091492776886 0.892578
2 0.828334775059195 0.6382590904226859 0.01026044767166535 0.011938201819154629 0.892578
0 0.7689423709550118 0.4756553964686998 0.024861863299131808 0.00749065040128411 0.892578
5 0.7482239494869771 0.615703696094168 0.014206767482241514 0.011503481219903692 0.891113
5 0.8102309076558801 0.20371847191011236 0.022790061562746645 0.01257355848047084 0.891113
7 0.791239223362273 0.18405564472980204 0.015390671507498026 0.016853922311396468 0.890137
13 0.5621545824782952 0.5908238929909042 0.007892639621152327 0.01738898833600856 0.889648
18 0.7857143109707971 0.636837872659176 0.014996063772691397 0.013643663135366507 0.889648
9 0.8480663741120757 0.5698234007490637 0.01578531965272297 0.011771014232209739 0.888672
2 0.6922850197316496 0.1344302707330123 0.012628255722178374 0.01257355848047084 0.888184
22 0.4565904467245462 0.456126253611557 0.013022903867403315 0.011235948207597645 0.887207
14 0.7369769218626677 0.6130283659711075 0.007103383741120757 0.017121455323702513 0.885742
11 0.37184292975532757 0.65967762011771 0.014601415627466457 0.017188324879614768 0.884766
2 0.5631414048934491 0.6399143927233815 0.012628255722178374 0.012707324986623863 0.884766
13 0.568666317284925 0.3852327447833066 0.00868193591160221 0.018994104226859286 0.884766
5 0.704419864246251 0.5469502322097378 0.005524871981057617 0.012841091492776886 0.884277
24 0.6405386708760853 0.2703316169074371 0.014206767482241514 0.006955584376672017 0.884277
4 0.4706985319652723 0.24799345960406635 0.01637725146014207 0.017188324879614768 0.884277
0 0.5532756053670087 0.25120380096308187 0.03275454333070244 0.011235948207597645 0.884277
21 0.3346487766377269 0.230420682718031 0.01657457553275454 0.015951032637774212 0.883301
18 0.3708565114443568 0.5239433793472446 0.015390671507498026 0.014446234777956127 0.882324
9 0.5913575753749013 0.6623529502407705 0.014996063772691397 0.01136971471375067 0.882324
8 0.4091356842936069 0.4571962760834671 0.01637725146014207 0.011771014232209739 0.882324
5 0.5580108981846883 0.5706260545746389 0.012628255722178374 0.011235948207597645 0.881836
13 0.6748224656669298 0.4531249309791332 0.00868193591160221 0.017639783413590154 0.880859
13 0.4674426645619574 0.6605136950240771 0.007498031886345699 0.019261637239165328 0.880859
0 0.31141476621941594 0.2704655751738898 0.016525274822415156 0.006955584376672017 0.880859
5 0.8498420078926598 0.472579013376137 0.01617996779794791 0.013643663135366507 0.880859
12 0.36681142857142857 0.4737827201712146 0.024467255564325177 0.011235948207597645 0.879883
0 0.528413499605367 0.45385225040128413 0.023283351539068665 0.01658641669341894 0.878906
0 0.32813744593528016 0.4123862771535581 0.021310191633780583 0.010968442589620118 0.878906
18 0.4731647797947908 0.4550562311396469 0.015390671507498026 0.01424559871589085 0.878418
18 0.7878847545382794 0.43166465232744783 0.021310191633780583 0.014345916746923487 0.878418
8 0.3409629044988161 0.3420277795612627 0.01578531965272297 0.011235948207597645 0.876465
5 0.6250986582478295 0.5234752102728732 0.014996063772691397 0.012439819368646333 0.875977
6 0.337115226519337 0.15823977742108078 0.015292029676400948 0.012306052862493312 0.875977
21 0.3335635548539858 0.18392196040663455 0.01677189960536701 0.016051378063135367 0.875977
4 0.3708565114443568 0.15703579668271803 0.012430931649565904 0.013911168753344035 0.875977
13 0.34806624782951856 0.31634559657570893 0.011049743962115234 0.018191532584269664 0.875977
22 0.5059194443567482 0.41158362332798293 0.013812159747434886 0.011235948207597645 0.875977
6 0.5840566250986582 0.47866493739967897 0.01578531965272297 0.010834676083467094 0.875
5 0.3295678939226519 0.6868645735687534 0.015637336700868195 0.013242363616907438 0.874023
0 0.3173095955801105 0.10700909577314072 0.028462916495659036 0.020064208881754947 0.874023
8 0.8334648776637726 0.47592303905832 0.013417511602209945 0.006955584376672017 0.874023
21 0.7677583456985004 0.4141252691278759 0.015587995580110498 0.016051378063135367 0.873047
2 0.5619573796369376 0.22802970572498663 0.01026044767166535 0.011001863670411985 0.872559
12 0.3335635548539858 0.4312467244515784 0.02022492943962115 0.01765649395398609 0.872559
13 0.701657408050513 0.3622258919208132 0.009471191791633781 0.018191532584269664 0.871582
8 0.7042226614048934 0.22752797859818086 0.015982643725335435 0.012038519850187265 0.869629
4 0.3532707056037885 0.5234083681112894 0.012776238674033148 0.014713740395933653 0.868652
6 0.8498420078926598 0.29547878865703586 0.01657457553275454 0.012306052862493312 0.868164
8 0.7126086314127861 0.6618513600856073 0.01657457553275454 0.011771014232209739 0.867188
10 0.6212509802683505 0.3393527233814874 0.012603605367008682 0.017924026966292132 0.867188
8 0.5363060584056827 0.31928829534510433 0.01657457553275454 0.012707324986623863 0.866211
5 0.5664954696132596 0.3420946217228464 0.012628255722178374 0.012172286356340288 0.865234
4 0.42758465666929757 0.6387941290529695 0.012825579794790843 0.015382545532370251 0.864258
14 0.5319651712707182 0.26805788764044947 0.007103383741120757 0.011771014232209739 0.863281
8 0.7233622478295185 0.18164795719636168 0.01696922367797948 0.013643663135366507 0.863281
0 0.3121300306235201 0.5933655387907972 0.017980453985793215 0.012841091492776886 0.862305
4 0.7622334333070245 0.17950763830925628 0.012233607576953433 0.015516312038523274 0.862305
0 0.4260062257300711 0.25093643231674695 0.022494095659037094 0.011771014232209739 0.859863
5 0.8535912865035518 0.22632427180310327 0.01657457553275454 0.012841091492776886 0.859863
2 0.7726912454617206 0.3418940952380953 0.011049743962115234 0.010968442589620118 0.859863
11 0.7024466235201263 0.5901551974317817 0.009471191791633781 0.018726598608881755 0.85791
14 0.6928770323599053 0.3624932605671482 0.006906059668508287 0.017121455323702513 0.85791
24 0.6483819289660616 0.661918202247191 0.013812159747434886 0.015516312038523274 0.856934
8 0.3610893133385951 0.2504682632423756 0.01736387182320442 0.012439819368646333 0.856934
0 0.5943172344119968 0.31741561904761906 0.024467255564325177 0.016051378063135367 0.856934
18 0.6369376985003947 0.180176607811664 0.01578531965272297 0.013643663135366507 0.855957
10 0.33336623078137334 0.568352051364366 0.014502773796369377 0.017121455323702513 0.854004
18 0.33484597947908445 0.31808458855002675 0.015390671507498026 0.01417870176565008 0.854004
5 0.39285715548539857 0.476458050294275 0.012825579794790843 0.0058855071161048695 0.854004
24 0.7644042809786898 0.252006454788657 0.014996063772691397 0.01765649395398609 0.853027
8 0.462608366219416 0.4119849502407705 0.014009483820047354 0.010700909577314071 0.853027
6 0.36779784688239936 0.4347244344569289 0.01578531965272297 0.010433376565008026 0.852051
13 0.6419691996842936 0.29260293204922416 0.007498031886345699 0.01805779347244516 0.852051
18 0.45422239621152327 0.13322628999464953 0.021310191633780583 0.015516312038523274 0.851074
5 0.5331491965272296 0.1355002932049224 0.014996063772691397 0.01337613012306046 0.851074
4 0.45363078768745063 0.5006020417335474 0.012430931649565904 0.014713740395933653 0.850098
35 0.33452544404104184 0.45625993793472447 0.0205208953433307 0.01257355848047084 0.849121
22 0.5528807955801106 0.31942225361155696 0.013022903867403315 0.012306052862493312 0.849121
18 0.45382799052880823 0.43246722397003745 0.015390671507498026 0.013175494060995184 0.847168
18 0.3535418595106551 0.6615837174959872 0.022494095659037094 0.013643663135366507 0.847168
13 0.729972179952644 0.6787051728196897 0.00828728776637727 0.012306052862493312 0.845703
9 0.6819258089976322 0.4331194007490637 0.014897381531176007 0.011235948207597645 0.845703
4 0.35159326913970007 0.4551230733012306 0.011888300552486188 0.014580001284109148 0.84375
5 0.7690409723756906 0.5008694103798823 0.014798739700078925 0.011235948207597645 0.842773
2 0.6182789152328335 0.6621187287319422 0.010877070244672455 0.011771014232209739 0.84082
13 0.5232833970007893 0.3632959143927234 0.00868193591160221 0.018191532584269664 0.84082
8 0.6361484830307814 0.3884430861423221 0.01657457553275454 0.011235948207597645 0.84082
18 0.7477309423835833 0.36276090315676834 0.022888703393843725 0.015516312038523274 0.84082
23 0.5735992170481452 0.22779562118780097 0.012628255722178374 0.011503481219903692 0.838867
2 0.6655486787687451 0.13376130123060462 0.011838999842146803 0.011771014232209739 0.837402
4 0.8571429581689031 0.17950763830925628 0.014996063772691397 0.0149812734082397 0.836426
5 0.3361039962115233 0.5224049138576778 0.02185278232044199 0.016987688817549494 0.835449
5 0.741910225730071 0.6361691771000535 0.01617996779794791 0.016051378063135367 0.835449
13 0.5084846977111286 0.22498660674157306 0.009471191791633781 0.018726598608881755 0.835449
22 0.4281766692975532 0.388175443552702 0.013417511602209945 0.011771014232209739 0.834473
2 0.3575497647987372 0.5475520856072765 0.01141970134175217 0.011637247726056715 0.833496
13 0.814127684293607 0.24662264740502943 0.009471191791633781 0.019328506795077582 0.833496
6 0.6292423425414364 0.31942225361155696 0.014996063772691397 0.011503481219903692 0.832031
13 0.4668506519337017 0.4307117132156233 0.009865839936858722 0.01845906559657571 0.830078
2 0.3758880126282557 0.3420946217228464 0.014601415627466457 0.012439819368646333 0.829102
10 0.6157137831097079 0.29273689031567685 0.018202428413575375 0.018191532584269664 0.829102
8 0.6156276685082873 0.13483159764579988 0.013812159747434886 0.010968442589620118 0.827637
6 0.5911603725335438 0.4554575580524345 0.014996063772691397 0.011503481219903692 0.827637
2 0.4431729755327546 0.41091492776886035 0.014601415627466457 0.012038519850187265 0.827637
5 0.8162985319652724 0.3643659368646335 0.020915543488555642 0.011771014232209739 0.82666
8 0.6316841016574586 0.6859950775815945 0.014946722651933702 0.010834676083467094 0.825684
4 0.8149173038674032 0.2938737549491707 0.01775847955801105 0.01578384505082932 0.825684
7 0.7671667371744278 0.6418539385767791 0.022888703393843725 0.016853922311396468 0.822266
13 0.6544988539857932 0.3158105853397539 0.007892639621152327 0.01738898833600856 0.817383
13 0.3026833275453828 0.452782227929374 0.01617996779794791 0.019261637239165328 0.816406
7 0.699388363062352 0.5258160556447298 0.024861863299131808 0.017121455323702513 0.81543
18 0.6487767387529597 0.10848044515783842 0.0205208953433307 0.016318883681112895 0.81543
13 0.6592345509076559 0.10754410700909577 0.00868193591160221 0.017924026966292132 0.811523
13 0.6590369439621152 0.6367041883360086 0.010457771744277821 0.01765649395398609 0.810547
21 0.3785518674033149 0.3006954906367041 0.01578531965272297 0.015248806420545746 0.810547
7 0.7689423709550118 0.4804039293739968 0.024861863299131808 0.016452650187265917 0.809082
5 0.7997237947908445 0.22645795612627073 0.021704799368587213 0.014446234777956127 0.809082
16 0.5783345098658248 0.6173087298020331 0.01578531965272297 0.012306052862493312 0.808105
6 0.8105760126282557 0.5695560321027286 0.015390671507498026 0.011771014232209739 0.808105
7 0.41357557695343333 0.5735687533440342 0.014996063772691397 0.015516312038523274 0.805664
14 0.5071034696132597 0.29400743927233813 0.00828728776637727 0.018191532584269664 0.805664
13 0.5236778026835044 0.4985285650080257 0.01026044767166535 0.020733014018191546 0.804199
2 0.49950671507498023 0.5939005500267523 0.012430931649565904 0.012841091492776886 0.803223
6 0.762924047355959 0.6153023691813805 0.014206767482241514 0.011235948207597645 0.803223
18 0.49625084767166533 0.22779562118780097 0.01657457553275454 0.01578384505082932 0.801758
2 0.6657458816101025 0.5234752102728732 0.011838999842146803 0.012306052862493312 0.800781
4 0.7205997916337805 0.2257892605671482 0.01617996779794791 0.013911168753344035 0.799316
5 0.35102590686661406 0.22764514414125203 0.014700097868981847 0.011737565757089353 0.799316
22 0.6416733954222573 0.4551230733012306 0.013812159747434886 0.011637247726056715 0.79834
0 0.44790826835043407 0.4763243659711076 0.021310191633780583 0.006153012734082397 0.79834
2 0.8200474064719812 0.4757890807918673 0.011838999842146803 0.006688078758694489 0.796875
7 0.8322808524072612 0.6635900781166398 0.022099447513812154 0.015917611556982344 0.795898
6 0.7930148571428571 0.3647672637774211 0.024072607419100236 0.01337613012306046 0.794434
18 0.614437420047356 0.31841907330123065 0.01643891775848461 0.013242363616907438 0.792969
18 0.346981228097869 0.5008025682182986 0.021902123441199687 0.014446234777956127 0.791992
13 0.4372532533543804 0.1559657742108079 0.01026044767166535 0.019261637239165328 0.790527
5 0.5734016101026045 0.2710005864098448 0.01026044767166535 0.0058855071161048695 0.790527
13 0.7609512107340174 0.2683252562867844 0.00848461183898974 0.011235948207597645 0.790527
13 0.36227293449092346 0.5687533782771536 0.00848461183898974 0.01658641669341894 0.789062
2 0.3176918781373323 0.4793339069020867 0.01171566724546172 0.011637247726056715 0.789062
18 0.5771508887134964 0.6852595398608882 0.021310191633780583 0.015382545532370251 0.789062
10 0.6621816827150749 0.33855006955591227 0.011074394317284925 0.01845906559657571 0.786621
0 0.31357292501973166 0.13162125628678437 0.02096488460931334 0.019261637239165328 0.78418
4 0.8354381183898973 0.5912252199036918 0.011838999842146803 0.013911168753344035 0.782715
4 0.7495065761641673 0.6605136950240771 0.012628255722178374 0.0149812734082397 0.782715
16 0.41959349644830307 0.6862627201712145 0.015193387845303866 0.014312468271803103 0.778809
13 0.797158541436464 0.4521135323702515 0.00828728776637727 0.01658641669341894 0.777344
13 0.6389108179952644 0.5440743756019262 0.00878057774269929 0.01779026046013911 0.775879
12 0.7982439652722967 0.6213466538255752 0.015193387845303866 0.009948496950240769 0.773438
2 0.6022097932123126 0.13309260567148207 0.012628255722178374 0.014713740395933653 0.773438
8 0.7668705288082084 0.22637440342429105 0.017166547750591947 0.014011514178705189 0.771973
13 0.7959749202841357 0.4727126976993044 0.010852419889502763 0.01337613012306046 0.771973
2 0.609840545035517 0.15810581915462815 0.007306890607734806 0.011771014232209739 0.770508
2 0.8571429581689031 0.15556444729802033 0.013417511602209945 0.0149812734082397 0.769043
4 0.6535124356748224 0.2945424505082932 0.013022903867403315 0.014446234777956127 0.769043
7 0.4825375722178374 0.4335207276618513 0.021310191633780583 0.011503481219903692 0.769043
14 0.7775255438042621 0.2697631845906902 0.007892639621152327 0.017857130016051364 0.769043
7 0.6085239210734018 0.5268860781166399 0.01657457553275454 0.017121455323702513 0.767578
18 0.49348839147592743 0.34109144141252007 0.011444351696921862 0.014713740395933653 0.767578
18 0.4912193464877664 0.6138310197966828 0.01578531965272297 0.01658641669341894 0.766113
4 0.5351224372533544 0.5010702108079187 0.011838999842146803 0.014446234777956127 0.764648
5 0.7045677663772691 0.18097926163723918 0.020816901657458566 0.012841091492776886 0.764648
23 0.46487781531176003 0.47926706474050296 0.013022903867403315 0.011503481219903692 0.763672
4 0.5927388034727704 0.3638309256286784 0.012628255722178374 0.01417870176565008 0.762207
18 0.6875493228097869 0.4537185660781166 0.015489353749013416 0.01337613012306046 0.760742
5 0.6266771700078927 0.11209211342964151 0.015193387845303866 0.010834676083467094 0.759277
23 0.7040747592738753 0.15810581915462815 0.013910801578531964 0.011771014232209739 0.759277
22 0.8157065193370167 0.1808453033707865 0.014206767482241514 0.011503481219903692 0.757812
2 0.7029893354380427 0.4760567233814874 0.010753737647987371 0.006688078758694489 0.757812
1 0.47405300078926604 0.618780079186731 0.01578531965272297 0.017121455323702513 0.753418
10 0.30386735280189425 0.22416732455858748 0.014996063772691397 0.018492514071696095 0.751953
24 0.3818073307024467 0.41439263777421076 0.019337031728492503 0.016051378063135367 0.747559
21 0.7335242557221784 0.2992241412520064 0.014798739700078925 0.015248806420545746 0.747559
6 0.35201272928176797 0.4310836460139112 0.01667325777426993 0.017179969609416798 0.746094
2 0.7815706266771902 0.4135525359015516 0.01026044767166535 0.005275216265382557 0.746094
22 0.3760852154696132 0.2076896058212948 0.013812159747434886 0.00446428935259497 0.746094
6 0.45570262983425414 0.20545746388443017 0.01617996779794791 0.012841091492776886 0.743164
13 0.6715665982636148 0.17790260460139112 0.009865839936858722 0.018191532584269664 0.743164
4 0.8036702762430938 0.3399545767790262 0.0205208953433307 0.014580001284109148 0.743164
0 0.5347276274664562 0.4777622942750134 0.022888703393843725 0.013309260567148208 0.740234
6 0.7212904056827151 0.204654810058855 0.023283351539068665 0.010700909577314071 0.740234
18 0.6610101846882399 0.40930989406099516 0.021310191633780583 0.014713740395933653 0.73877
22 0.7612470149960536 0.45492254681647937 0.013417511602209945 0.011503481219903692 0.73584
11 0.30347294711917916 0.4743177314071696 0.014206767482241514 0.010165870947030498 0.73584
6 0.8512232359905287 0.27180324023542 0.01578531965272297 0.013509896629213484 0.73584
10 0.3697710876085241 0.27120111289459603 0.01578531965272297 0.01939540374531835 0.733887
16 0.35240713496448306 0.41185126591760296 0.01578531965272297 0.011235948207597645 0.733887
19 0.558602910812944 0.388710454788657 0.010655095816890291 0.011771014232209739 0.733887
22 0.43567482241515393 0.1352326506153023 0.013812159747434886 0.011503481219903692 0.732422
1 0.6355564704025256 0.15984481112894597 0.014601415627466457 0.017924026966292132 0.732422
21 0.5820837884767167 0.3462078801498127 0.01657457553275454 0.017054585767790263 0.732422
2 0.31946775438042624 0.6628879614767255 0.012307599052880822 0.011771014232209739 0.730957
6 0.8174821531176006 0.31808458855002675 0.015390671507498026 0.013643663135366507 0.730957
0 0.6022097932123126 0.33975377635098986 0.022888703393843725 0.018994104226859286 0.729492
10 0.655485272296764 0.36235957624398074 0.014206767482241514 0.018726598608881755 0.729492
9 0.5915547782162589 0.4332530850722311 0.014206767482241514 0.010968442589620118 0.728027
10 0.6606650797158643 0.2673889181380417 0.013812159747434886 0.013108624505082933 0.726562
22 0.5276242841357538 0.5481542129481005 0.013417511602209945 0.011503481219903692 0.725098
18 0.5175612817679558 0.2035847875869449 0.015390671507498026 0.013911168753344035 0.72168
19 0.8164957348066298 0.6380418533975387 0.011838999842146803 0.012038519850187265 0.720215
6 0.5797157379636937 0.2049224526484751 0.014996063772691397 0.010700909577314071 0.715332
1 0.545777452249408 0.6224376329588015 0.01736387182320442 0.012130482611021938 0.713867
1 0.6237174301499606 0.36784364686998394 0.013812159747434886 0.016051378063135367 0.712402
5 0.3287354393054459 0.6825842097378277 0.01449044861878453 0.004547896843231675 0.710449
22 0.7973561483820047 0.13469763937934726 0.022099447513812154 0.01257355848047084 0.70752
18 0.831491636937648 0.17924026966292136 0.014996063772691397 0.014713740395933653 0.705566
18 0.6874507213891081 0.5909578512573568 0.021211509392265192 0.015248806420545746 0.702637
8 0.7681531554853985 0.6850587394328519 0.018153127703235992 0.015917611556982344 0.699219
5 0.6385161294396211 0.5702247276618513 0.012628255722178374 0.011235948207597645 0.697754
22 0.3778612533543804 0.2502006206527555 0.014897381531176007 0.012707324986623863 0.697754
13 0.6983029392265193 0.49732485821294814 0.00848461183898974 0.017924026966292132 0.695801
5 0.5947120441988951 0.6866640470840021 0.013417511602209945 0.011102181701444624 0.695801
4 0.34772114285714284 0.5703584119850187 0.011641675769534333 0.012038519850187265 0.694336
6 0.40960444514601424 0.2744114542536115 0.01504536448303078 0.01257355848047084 0.694336
22 0.7064917063930545 0.5700910433386838 0.014798739700078925 0.011771014232209739 0.690918
12 0.39295575690607737 0.6843900438737293 0.02012628760852407 0.019662909363295882 0.690918
13 0.5288083093922652 0.2019797538790797 0.007892639621152327 0.01738898833600856 0.690918
21 0.6229805865824782 0.5741037645799892 0.016420450197316496 0.016051378063135367 0.689453
13 0.5065114569850039 0.3614232380952381 0.007498031886345699 0.020599247512038524 0.689453
0 0.7588793685872139 0.10794543392188335 0.024861863299131808 0.019261637239165328 0.6875
2 0.4830305793212312 0.47906626431246657 0.021704799368587213 0.01136971471375067 0.686035
24 0.6783741373322809 0.3681112894596041 0.021310191633780583 0.017121455323702513 0.686035
24 0.3209815286503552 0.5421348571428571 0.015150189108129439 0.012038519850187265 0.684082
2 0.7591751728492502 0.5676833558052434 0.012233607576953433 0.014446234777956127 0.684082
0 0.5080898879242305 0.3871054210807918 0.023677999684293606 0.015248806420545746 0.680664
11 0.48155074980268353 0.6792401840556448 0.015587995580110498 0.011235948207597645 0.679199
19 0.5236778026835044 0.6622524130551096 0.011838999842146803 0.012306052862493312 0.679199
5 0.8520124514601422 0.6380082953451043 0.011049743962115234 0.008360091599785981 0.679199
4 0.4339977900552486 0.6813805029427502 0.012430931649565904 0.006955584376672017 0.677246
24 0.8081097647987372 0.48048748207597647 0.01756115548539858 0.01628543520599251 0.675781
14 0.5619573796369376 0.6599118416265383 0.014206767482241514 0.016987688817549494 0.673828
23 0.6208686977111286 0.1578384505082932 0.012899571270718233 0.010700909577314071 0.673828
24 0.5749804451460142 0.6412519208132691 0.011049743962115234 0.013911168753344035 0.672363
21 0.4464284388318863 0.5514982386302836 0.015587995580110498 0.016051378063135367 0.67041
6 0.3753453007103394 0.568887062600321 0.015292029676400948 0.01658641669341894 0.668945
6 0.47227696290449883 0.13516580845371856 0.014206767482241514 0.012439819368646333 0.668945
6 0.663526137332281 0.22632427180310327 0.01775847955801105 0.013911168753344035 0.666992
2 0.7555248997632202 0.2035847875869449 0.015193387845303866 0.012841091492776886 0.666992
5 0.4565904467245462 0.5939005500267523 0.020915543488555642 0.011771014232209739 0.665527
7 0.3420974674033149 0.11209211342964151 0.022099447513812154 0.020197975387907973 0.665527
6 0.7369769218626677 0.5236757367576244 0.014601415627466457 0.011235948207597645 0.662109
24 0.8496448050513024 0.46836549170679503 0.014996063772691397 0.0058855071161048695 0.658203
0 0.8500396148382005 0.2076979665703585 0.022099447513812154 0.004480999892990905 0.658203
13 0.33997632454617205 0.5443420181915463 0.012332289818468824 0.021535585660781165 0.656738
2 0.4717835516969219 0.2082455490636704 0.013812159747434886 0.005576170358480471 0.656738
8 0.35827755643251774 0.5936329074371322 0.01637725146014207 0.011235948207597645 0.654785
16 0.8449091081294395 0.49999991439272334 0.025256511444356748 0.014446234777956127 0.654785
4 0.7857143109707971 0.3418272530765115 0.013022903867403315 0.010834676083467094 0.654785
21 0.5485399084451461 0.1384429919743178 0.01657457553275454 0.017121455323702513 0.649414
18 0.7399369850039463 0.20264844943820226 0.014206767482241514 0.01417870176565008 0.649414
22 0.5031569881610103 0.41396008132691275 0.019337031728492503 0.006090334510433387 0.647949
2 0.8111680252565114 0.4134522123916533 0.011838999842146803 0.005074580203317283 0.644043
2 0.6004341594317285 0.25093643231674695 0.018942383583267563 0.010700909577314071 0.644043
10 0.7380623456985004 0.1784376158373462 0.012036323914759275 0.018726598608881755 0.644043
7 0.5104579384372533 0.5056179432851792 0.014206767482241514 0.01658641669341894 0.642578
14 0.5114443567482242 0.6795078266452649 0.013812159747434886 0.010700909577314071 0.642578
13 0.7225730323599053 0.15569813162118779 0.01775847955801105 0.019529170251471373 0.642578
10 0.6114839842146803 0.6597110411985019 0.012628255722178374 0.017121455323702513 0.640625
21 0.6969217111286504 0.276501367576244 0.018942383583267563 0.017623072873194222 0.640625
4 0.478591090765588 0.27257219903691815 0.022494095659037094 0.01424559871589085 0.638672
7 0.3502366913970008 0.6425895858747993 0.014502773796369377 0.01658641669341894 0.637207
12 0.8011050228887135 0.10700909577314072 0.022099447513812154 0.019261637239165328 0.637207
13 0.4252170102604578 0.4321662698769395 0.009471191791633781 0.01661983777421081 0.635254
6 0.31772889408050514 0.18164795719636168 0.014650756748224152 0.011771014232209739 0.635254
22 0.751973228097869 0.41051360085607275 0.013220187529597475 0.010433376565008026 0.635254
22 0.6293286187845304 0.13402894382022473 0.013392861247040254 0.011235948207597645 0.631836
24 0.39285715548539857 0.5628679807383627 0.01637725146014207 0.006955584376672017 0.629883
2 0.6608129818468824 0.1811129459604066 0.011444351696921862 0.011771014232209739 0.629883
5 0.8502368176795579 0.20371847191011236 0.021704799368587213 0.012841091492776886 0.629883
2 0.784431684293607 0.24852874478330658 0.025256511444356748 0.012306052862493312 0.629883
8 0.5919495880031571 0.6169074028892455 0.009471191791633781 0.011771014232209739 0.624512
1 0.34017368902920286 0.367576278223649 0.014996063772691397 0.01765649395398609 0.622559
13 0.37371756906077347 0.40930989406099516 0.009471191791633781 0.018191532584269664 0.620605
7 0.30731735185477504 0.503745266987694 0.008379787213891082 0.014446234777956127 0.618652
2 0.7790053733228098 0.5240102215088283 0.022099447513812154 0.012439819368646333 0.618652
13 0.4873718705603789 0.5666130593900481 0.007498031886345699 0.0211342861423221 0.616699
12 0.7085635485398579 0.5902888817549492 0.021112867561168112 0.018191532584269664 0.616699
13 0.8247831033938438 0.5898875548421616 0.007892639621152327 0.01765649395398609 0.616699
23 0.704173360694554 0.24953192509363298 0.014502773796369377 0.011637247726056715 0.616699
22 0.5173636748224152 0.20781918921348314 0.014206767482241514 0.004715084430176565 0.613281
2 0.6456194727703236 0.681647871589085 0.011444351696921862 0.006420545746388443 0.611328
18 0.32046358831886346 0.15703579668271803 0.014311592107340173 0.0149812734082397 0.609375
4 0.36557810260457774 0.22595639336543605 0.014305449723756905 0.014111832209737829 0.609375
16 0.5319651712707182 0.6397806262172285 0.01578531965272297 0.011904753344034244 0.605957
24 0.7415154159431728 0.6301080175494918 0.014996063772691397 0.005969114606741573 0.605957
8 0.4496843062352012 0.17924026966292136 0.01736387182320442 0.018191532584269664 0.605957
7 0.7119426677190213 0.45773128731942214 0.02047159463299132 0.01765649395398609 0.605957
2 0.6910023930544594 0.15703579668271803 0.011838999842146803 0.012841091492776886 0.604004
18 0.6209179984214681 0.24906375601926165 0.020372912391475928 0.012841091492776886 0.604004
16 0.5868190812943962 0.15810581915462815 0.01578531965272297 0.012841091492776886 0.602051
2 0.6156276685082873 0.18164795719636168 0.014996063772691397 0.012306052862493312 0.600098
13 0.42373718074191 0.13302576350989834 0.009471191791633781 0.018325299090422686 0.594727
12 0.6099022032517759 0.5670143863028357 0.00749184909234412 0.01765649395398609 0.59082
2 0.3505328997632202 0.6166400342429106 0.011049743962115234 0.011771014232209739 0.588867
4 0.37593731333859515 0.6391118210807918 0.014009483820047354 0.014345916746923487 0.588867
13 0.5505131491712708 0.6596441990369182 0.009076543646408839 0.01738898833600856 0.588867
24 0.549921136543015 0.22792930551096843 0.013417511602209945 0.011771014232209739 0.588867
2 0.6333859460142068 0.22752797859818086 0.010704436937647988 0.011235948207597645 0.588867
4 0.3987764735595896 0.547752886035313 0.011838999842146803 0.014713740395933653 0.584961
8 0.3531963504340963 0.20780873827715357 0.011838999842146803 0.004677472017121455 0.581543
22 0.4861878453038674 0.29695013804173354 0.012233607576953433 0.010433376565008026 0.581543
0 0.6836028413575376 0.41144993900481536 0.022494095659037094 0.011503481219903692 0.57959
2 0.3957182131018153 0.20792786799357946 0.011444351696921862 0.004940813697164259 0.577637
24 0.4143647924230465 0.31928829534510433 0.013812159747434886 0.011771014232209739 0.575684
6 0.7436858595106551 0.15703579668271803 0.024072607419100236 0.013643663135366507 0.571777
5 0.36316115548539857 0.4565944226859283 0.010655095816890291 0.008828260674157304 0.565918
6 0.7649958895027625 0.27260562011771 0.015390671507498026 0.012841091492776886 0.565918
14 0.817284950276243 0.589486227929374 0.00868193591160221 0.01765649395398609 0.563965
13 0.8445147024467247 0.17709995077581592 0.01026044767166535 0.018191532584269664 0.563965
10 0.45146034411996844 0.247132455858748 0.0205208953433307 0.019111160192616373 0.562012
14 0.7878847545382794 0.47478590048154096 0.007498031886345699 0.01765649395398609 0.560059
13 0.6085271539068666 0.2672218127340824 0.004723250513022888 0.023608870626003208 0.560059
6 0.3478936953433307 0.4797352338148743 0.01396014269928966 0.01337613012306046 0.558105
2 0.7271111223362273 0.6186755944783306 0.011838999842146803 0.00460641112894596 0.558105
8 0.34372536069455406 0.24993325200642055 0.01657457553275454 0.01257355848047084 0.556641
22 0.5601813417521704 0.15864110433386838 0.013022903867403315 0.010700909577314071 0.554688
2 0.6329912170481452 0.5014044216158373 0.013022903867403315 0.011771014232209739 0.552734
18 0.37825565903709546 0.36409856821829856 0.015390671507498026 0.01417870176565008 0.552734
6 0.6156276685082873 0.38790807490636703 0.023677999684293606 0.012306052862493312 0.552734
6 0.3183177546961326 0.22766193686463349 0.01505154727703236 0.011235948207597645 0.548828
22 0.7146804735595896 0.11048680577849118 0.013812159747434886 0.012306052862493312 0.546875
7 0.4141671854775059 0.15837346174424827 0.0205208953433307 0.012306052862493312 0.544922
14 0.7977505540647198 0.6787051728196897 0.012628255722178374 0.012306052862493312 0.542969
22 0.7624310402525651 0.5929642118780096 0.022099447513812154 0.012038519850187265 0.542969
22 0.6018153875295975 0.4107812434456929 0.013417511602209945 0.010968442589620118 0.542969
24 0.83524091554854 0.47592303905832 0.012233607576953433 0.015115039914392723 0.541016
1 0.7477309423835833 0.5032102557517388 0.015193387845303866 0.01845906559657571 0.541016
2 0.4757300331491713 0.20478876832530765 0.022099447513812154 0.01257355848047084 0.541016
2 0.6456688947119179 0.6853932241840556 0.011148385793212312 0.01337613012306046 0.539062
24 0.4086673275453828 0.11289449331193152 0.015341370797158643 0.019529170251471373 0.539062
18 0.6163735640094712 0.6368880316746924 0.01868339321231255 0.017322091385767787 0.535156
7 0.4454420205209156 0.6166400342429106 0.0205208953433307 0.011771014232209739 0.533203
4 0.6122731996842936 0.6846576864633493 0.022494095659037094 0.015917611556982344 0.533203
4 0.4812549455406472 0.11082129052969501 0.011444351696921862 0.013242363616907438 0.533203
5 0.7774269423835832 0.18151427287319422 0.010852419889502763 0.008293194649545211 0.533203
24 0.6144065868981846 0.5386571471375067 0.01640194222573007 0.006688078758694489 0.529297
22 0.3957182131018153 0.6195701316211878 0.014601415627466457 0.006395452541466024 0.527344
19 0.331830836937648 0.6632558673087212 0.012443256827150749 0.011771014232209739 0.527344
19 0.8500396148382005 0.5463483788121991 0.012628255722178374 0.011637247726056715 0.525391
2 0.6983029392265193 0.6187090347351526 0.01006312359905288 0.004673280684858213 0.525391
0 0.6224687886345699 0.26993056393793474 0.021341024782951856 0.008025689031567683 0.525391
10 0.7593723756906078 0.33814874264312467 0.017166547750591947 0.01738898833600856 0.525391
5 0.6961324956590371 0.6611155484216159 0.015982643725335435 0.012907961048689139 0.521484
2 0.328051008050513 0.4763243659711076 0.03258186961325967 0.006153012734082397 0.521484
4 0.7175415311760064 0.27153559764579993 0.011838999842146803 0.014446234777956127 0.521484
0 0.6110861032359906 0.36530227501337614 0.009761015311760064 0.011503481219903692 0.519531
21 0.30946625666929756 0.6401818983413591 0.01270224719810576 0.012038519850187265 0.517578
14 0.8007102131018152 0.543271721776351 0.013812159747434886 0.017255221829855536 0.517578
9 0.3271506235201263 0.2960137998929909 0.014206767482241514 0.01257355848047084 0.513672
2 0.6857732849250197 0.20773349701444624 0.012430931649565904 0.004552060781166399 0.513672
6 0.6627983456985004 0.5930978962011771 0.01812843693764799 0.011771014232209739 0.511719
22 0.7841358800315706 0.6851091449973248 0.013022903867403315 0.01233947394328518 0.511719
4 0.846093133385951 0.6826510518994114 0.022888703393843725 0.01658641669341894 0.509766
13 0.6089140796211524 0.41985186174424827 0.005472459668508288 0.01770665296950241 0.507812
35 0.4111089250197316 0.6405163283039059 0.020915543488555642 0.011169078651685394 0.507812
12 0.5564324672454617 0.4530413782771536 0.0205208953433307 0.016603127233814872 0.505859
13 0.5903711570639306 0.22446830604601392 0.019337031728492503 0.019361955270197965 0.505859
23 0.8074191507498027 0.47592303905832 0.011838999842146803 0.006955584376672017 0.505859
24 0.3114394165745856 0.29614775815944355 0.01667325777426993 0.012306052862493312 0.503906
5 0.7626282430939226 0.6185919952059925 0.013812159747434886 0.0044391961476725516 0.501953
