1 0.2168890647575659 0.4602804139503077 0.014806380214773835 0.013106943241395032 0.998535
11 0.5014644295476732 0.31949511921586504 0.015619915392124959 0.016241148848871668 0.998047
1 0.5028473127237227 0.44118982812856167 0.014643666514806378 0.014588557100524277 0.997559
1 0.39123014643670684 0.5094597237291999 0.014969093914741296 0.01595626350581263 0.996582
1 0.589733196225187 0.5347617670389788 0.014969093914741296 0.01618419512195122 0.996582
19 0.6607955639440286 0.46250289309323 0.010738687666775139 0.00866196161385913 0.996094
1 0.4360560546697039 0.5332801531798496 0.014887737064757567 0.01595626350581263 0.996094
1 0.25829808525870485 0.6005812518805562 0.014318255776114546 0.01641212673808981 0.996094
21 0.6282135034168564 0.3034249482562115 0.01692149170191995 0.015785285616594487 0.995605
1 0.3100390758216726 0.32351269113289266 0.015619915392124959 0.015728331889674037 0.995117
18 0.25138300292873417 0.5476407786642352 0.01757244646924829 0.013448782311374516 0.995117
11 0.25056943442889684 0.20337078823797583 0.015619915392124959 0.016326696147709138 0.994629
19 0.5899772834363813 0.27661269751538636 0.010413276928083305 0.010713474538408936 0.994629
1 0.36381390432801824 0.3698426806473672 0.015294504653433127 0.01618419512195122 0.994629
1 0.5164333901724699 0.5105425447914292 0.01594532613081679 0.01584223934351493 0.994629
18 0.6673852521965505 0.6216662685206292 0.018548628701594534 0.016526150900387507 0.993652
1 0.26944362382037096 0.5082629952131298 0.014318255776114546 0.01584223934351493 0.993164
19 0.24031893784575334 0.29866651105539094 0.010413276928083305 0.010485531251424663 0.992676
18 0.5594695476732834 0.4591975928880784 0.018548628701594534 0.01527235194894005 0.992676
19 0.6420436680767979 0.2318497524504217 0.01171493654409372 0.01054250832003647 0.992188
1 0.2608200976244712 0.6938681887394575 0.014643666514806378 0.015728331889674037 0.992188
18 0.6586194389847054 0.18292685115112833 0.018101274324764074 0.01641212673808981 0.991699
18 0.525870484868207 0.48204922543879647 0.018548628701594534 0.016526150900387507 0.991699
16 0.26195906020175724 0.5748802990654205 0.01594532613081679 0.010143610485525416 0.991699
1 0.38081686950862353 0.6488987864144062 0.015457201692157502 0.01597050193754274 0.991699
16 0.18695081028311095 0.18423748712103943 0.01618939668076798 0.01059949705949396 0.991211
21 0.5976244607875041 0.11841088306359701 0.01692149170191995 0.01597050193754274 0.991211
1 0.388626827204686 0.20791541554593115 0.015294504653433127 0.016298102575792114 0.991211
11 0.4628823221607549 0.2719398076134032 0.015009764009111618 0.01641212673808981 0.991211
23 0.37972360872111943 0.34397086665147025 0.009691261958997723 0.011169361112377478 0.991211
18 0.6395216557110315 0.34545248051059946 0.016270736869508622 0.014816488716662869 0.991211
19 0.6362369916042955 0.6239457013904719 0.010901401366742596 0.01059949705949396 0.990723
23 0.18308656817442237 0.29903694369728745 0.012040347282785552 0.011340327330749944 0.990234
18 0.2574032098926131 0.2966790827444723 0.015294504653433127 0.014460294506496467 0.989746
21 0.527172061178002 0.39503081650330524 0.01659616426944354 0.01607017095965352 0.989746
16 0.27969412040351443 0.5504900989286527 0.017084272046859746 0.007750165124230681 0.989746
19 0.2918260045558087 0.528835194894005 0.010881057988935893 0.010257576293594712 0.989746
0 0.6335014487471526 0.48646570686118074 0.02310447901073869 0.010827440346478232 0.989746
4 0.2883176465994143 0.25125370047868706 0.006508298080052067 0.012195100068383861 0.989258
18 0.5682558542141231 0.39012987827672674 0.01871140904653433 0.016526150900387507 0.98877
23 0.6317930048812236 0.3940050658764531 0.012040347282785552 0.010257576293594712 0.98877
19 0.33346894890986006 0.5299749696831547 0.010087866189391474 0.011169361112377478 0.98877
11 0.5776114754311747 0.7138135472988375 0.015782629092092416 0.0167540825165261 0.98877
0 0.5359177142857143 0.2973487558696148 0.026114499186462737 0.01631245771597903 0.988281
12 0.22779051610803777 0.364998812856166 0.027334768630003257 0.017352446774561204 0.988281
18 0.6667344640416532 0.6678253968543424 0.01903680312398308 0.01641212673808981 0.988281
2 0.6753986436706801 0.18600410303168452 0.012528471721444842 0.010941417825393207 0.987793
2 0.2691180631304914 0.275394611351721 0.011389525805401887 0.010585246956918168 0.987793
18 0.6440571793036121 0.3217460752222475 0.01606735307517084 0.015044420332801458 0.987793
2 0.5030100930686625 0.6000684349213585 0.013504720598763422 0.010941417825393207 0.987793
7 0.3150422805076472 0.532026470936859 0.02383657403189066 0.01595626350581263 0.987305
0 0.5251382232346241 0.6002963665374972 0.024406055320533682 0.010941417825393207 0.987305
18 0.2629352424341035 0.6427797620241623 0.014969093914741296 0.014417579211306132 0.987305
19 0.379759213797592 0.48358790973330296 0.010087866189391474 0.010485531251424663 0.986816
19 0.30031724048161407 0.7151812537041259 0.010494633778067034 0.011169361112377478 0.986816
7 0.41067365050439314 0.46102116252564396 0.01171493654409372 0.011625259357191702 0.986328
22 0.1979335684998373 0.550091189423296 0.013342006898795965 0.008547984134944153 0.986328
7 0.2314513244386593 0.623090928652838 0.01659616426944354 0.01595626350581263 0.986328
18 0.5365278490074845 0.5754217095965352 0.009925152489424015 0.014702581262821975 0.986328
18 0.6127562017572404 0.6219512705721449 0.015782629092092416 0.014360625484385686 0.986328
2 0.24316634428896844 0.667198555732847 0.011552222844126263 0.01059949705949396 0.986328
2 0.2672470055320534 0.18281282698883064 0.012203060982753009 0.011169361112377478 0.98584
14 0.4472827334851936 0.11118079416457716 0.017409666124308495 0.016583104627307953 0.98584
8 0.5404327445493003 0.5311716981992249 0.016108039830784248 0.010941417825393207 0.98584
4 0.37862025122030585 0.5521996444039207 0.01171493654409372 0.012935965352176886 0.98584
2 0.48836635990888383 0.6234898381581947 0.012853882460136676 0.011169361112377478 0.98584
2 0.6430909938171169 0.18566214725324823 0.01319963657663521 0.011853144289947572 0.985352
2 0.5501952333224862 0.27592890266697057 0.012853882460136676 0.010713474538408936 0.985352
2 0.5194435769606248 0.36870302256667425 0.012691185421412302 0.011625259357191702 0.985352
4 0.5572730959973966 0.5508320547070891 0.011958990432801823 0.0070663352632778665 0.985352
0 0.5307517292547999 0.18486432824253476 0.021477342011064104 0.010485531251424663 0.984863
0 0.6252847901073869 0.16241172190563027 0.02342987308818744 0.011169361112377478 0.984863
18 0.5574357097299056 0.5299178992477775 0.01553855854214123 0.014816488716662869 0.984863
2 0.3412789066059226 0.6926145064964668 0.012203060982753009 0.010485531251424663 0.984863
13 0.6257727979173446 0.6207972456804195 0.008135368434754311 0.016155718258490995 0.984863
19 0.619427196876017 0.18543421563710966 0.010738687666775139 0.010485531251424663 0.984375
0 0.3650341737715587 0.6228629970366993 0.022616304588350147 0.010257576293594712 0.984375
18 0.46932972339733164 0.5743959589696831 0.019362197201431824 0.01669701208114885 0.984375
8 0.4315002043605597 0.6230339749259175 0.01659616426944354 0.010941417825393207 0.984375
4 0.6624633543768305 0.5765899612491452 0.007972671396029939 0.01384769181673125 0.984375
0 0.2552880650829808 0.5299108150444496 0.02310447901073869 0.009445518851151127 0.983887
2 0.44777090790758217 0.6235467918851152 0.013830131337455257 0.010827440346478232 0.983887
13 0.6384639999999999 0.531342606063369 0.007321833257403189 0.012280647367221335 0.983887
18 0.398796016921575 0.6440049674036927 0.015619915392124959 0.01641212673808981 0.983887
9 0.21062477058249268 0.27581487850467284 0.015294504653433127 0.011853144289947572 0.983398
14 0.38366410933940776 0.1815377870982448 0.00829808213472177 0.012893250056986551 0.983398
7 0.3461601509925155 0.2769546532938227 0.01789784054669704 0.01641212673808981 0.983398
2 0.2853889332899447 0.4128247713699567 0.012040347282785552 0.011140872578071575 0.983398
7 0.32858770452326713 0.46102116252564396 0.015782629092092416 0.011625259357191702 0.983398
18 0.5291245922551252 0.6908480072942785 0.018548628701594534 0.01641212673808981 0.983398
2 0.39407738626749106 0.274219240483246 0.012365774682720468 0.011169361112377478 0.98291
19 0.6002277800195249 0.27684062913152496 0.009762455450699642 0.010713474538408936 0.98291
2 0.39464686755613404 0.39089922042397995 0.012853882460136676 0.011454293138819238 0.98291
23 0.45981132183534007 0.507465292910873 0.01122681210543443 0.010143610485525416 0.98291
2 0.47193304262935243 0.5076932245270116 0.012853882460136676 0.011739236836106679 0.98291
0 0.6324437930361211 0.5785274383405516 0.02342987308818744 0.010371553772509687 0.98291
2 0.6756427308818744 0.5782995067244131 0.011633579694109992 0.010371553772509687 0.98291
5 0.5624797344614383 0.7165488434009574 0.014318255776114546 0.011853144289947572 0.98291
0 0.6252847901073869 0.20916909778892182 0.02310447901073869 0.011169361112377478 0.982422
0 0.21036035665473476 0.34243218235696377 0.02216895021151969 0.01607017095965352 0.982422
2 0.4080703312723723 0.4147481267380898 0.01171493654409372 0.010713474538408936 0.982422
2 0.4315002043605597 0.5511738937770686 0.012365774682720468 0.0063824937314793705 0.982422
2 0.17987311422063132 0.6393891479370868 0.012365774682720468 0.005014822338728061 0.982422
5 0.5262315340058574 0.5542511456576248 0.015141954311747478 0.010770463277866424 0.982422
9 0.5250569163683697 0.7164349359471165 0.015294504653433127 0.012081192614542968 0.982422
5 0.3247641158477058 0.15933435331661727 0.015375861503416856 0.011169361112377478 0.981934
8 0.37943381972014323 0.1589925142466378 0.016270736869508622 0.010713474538408936 0.981934
22 0.5110641379759193 0.2755869468885343 0.014969093914741296 0.010485531251424663 0.981934
0 0.5253823104458184 0.25324824800547074 0.02342987308818744 0.010713474538408936 0.981934
9 0.2577286039700618 0.36670847503989057 0.014684353270419784 0.011055395304308182 0.981934
8 0.43621866840221285 0.3677911793936631 0.016108039830784248 0.011169361112377478 0.981934
7 0.2453627959648552 0.43891039525871894 0.014318255776114546 0.015386376111237748 0.981934
2 0.6163358698340384 0.5088328826077045 0.012365774682720468 0.010713474538408936 0.981934
4 0.4529775463716238 0.6453157200820606 0.011552222844126263 0.013562806473672213 0.981934
2 0.4144972391799544 0.5302029012992934 0.013097953010087862 0.010713474538408936 0.981445
2 0.6659615489749431 0.532482334169136 0.01171493654409372 0.010713474538408936 0.981445
23 0.5960787972665148 0.5548210330521997 0.010901401366742596 0.01002963300661044 0.981445
4 0.36153597917344615 0.7170048233416914 0.012365774682720468 0.014132693868247092 0.981445
0 0.6319557852261634 0.6704752623660816 0.02375526716563619 0.010770463277866424 0.981445
23 0.27940937975919294 0.18338271438340553 0.011796293394077449 0.010713474538408936 0.980957
2 0.3298892808330622 0.20207427399133804 0.012203060982753009 0.004330980806929565 0.980957
22 0.3312723306215425 0.228402067927969 0.014643666514806378 0.010713474538408936 0.980957
23 0.5104133498210217 0.20652635149304766 0.012040347282785552 0.010357303669933895 0.980957
0 0.38952170257077773 0.3217460752222475 0.02375526716563619 0.011511281878276727 0.980957
2 0.4519605440937195 0.3681331351720994 0.011877650244061178 0.010941417825393207 0.980957
5 0.469573643996095 0.43845453202644175 0.01659616426944354 0.011169361112377478 0.980957
4 0.18093076993166288 0.6183610850239343 0.01171493654409372 0.014246601322087988 0.980957
2 0.3908232788805727 0.5529262712559836 0.012853882460136676 0.011710759972646456 0.980957
4 0.30328660722421086 0.620355632550718 0.011552222844126263 0.013448782311374516 0.980957
23 0.5027660058574682 0.5539235450193755 0.012040347282785552 0.010286076498746296 0.980957
2 0.45049618743898473 0.1831547827672669 0.012691185421412302 0.01139730439936175 0.980469
4 0.5699641314676213 0.18463639662639617 0.011389525805401887 0.013676830635969911 0.980469
8 0.27521957696062477 0.34397086665147025 0.015294504653433127 0.010713474538408936 0.980469
8 0.28276528734136025 0.27507412992933666 0.01525381789781972 0.010798951812172327 0.980469
9 0.5681743807354377 0.6235467918851152 0.01513179095346567 0.01139730439936175 0.980469
13 0.35226166482264887 0.6666856220651927 0.0078099576960624795 0.01607017095965352 0.980469
2 0.3874878646273999 0.5764759370868475 0.012691185421412302 0.010770463277866424 0.97998
8 0.2809956967133095 0.668053328470481 0.015619915392124959 0.010485531251424663 0.97998
12 0.5457615099251546 0.714041478914976 0.018792715912788808 0.017095921586505584 0.97998
27 0.23104462349495608 0.11692926920446775 0.008786206573381061 0.01562854615910645 0.979492
13 0.6088513062154247 0.11297588693868248 0.006508298080052067 0.016925060405744246 0.979492
8 0.5400260436055971 0.4615910499202188 0.016433450569476083 0.010485531251424663 0.979492
27 0.5899772834363813 0.719113278322316 0.010250563228115848 0.01618419512195122 0.979492
7 0.619427196876017 0.7199110973330294 0.027334768630003257 0.016640058354228403 0.979492
23 0.5451412118451024 0.11559727558696148 0.011572566221932966 0.011055395304308182 0.979004
2 0.5174808825252196 0.16155683245953956 0.012833555743573056 0.011169361112377478 0.979004
21 0.2556439159127888 0.23233420925461593 0.011450539277578912 0.01618419512195122 0.979004
9 0.2559388532378783 0.34351488671073627 0.014643666514806378 0.011853144289947572 0.979004
23 0.5717132287666775 0.3230567111921587 0.012447114871461112 0.010827440346478232 0.979004
14 0.6460248721119427 0.5296330139047185 0.007576067165636187 0.016298102575792114 0.979004
5 0.18752029157175398 0.713015728288124 0.014806380214773835 0.011853144289947572 0.979004
5 0.38577942076147087 0.7175747107362662 0.01594532613081679 0.011967168452245271 0.979004
13 0.39163684738041 0.17973557510827445 0.006833708818743898 0.01618419512195122 0.978516
23 0.4633908232997071 0.1837246701618418 0.01171493654409372 0.010143610485525416 0.978516
6 0.27644001301659615 0.25233640483245956 0.01594532613081679 0.010371553772509687 0.978516
13 0.2645216426944354 0.22657849829040347 0.006508298080052067 0.016298102575792114 0.978516
19 0.3695085506020176 0.4836448634602234 0.010413276928083305 0.01059949705949396 0.978516
5 0.39245041588024737 0.4835023624344654 0.014806380214773835 0.010713474538408936 0.978516
6 0.6070615554832411 0.532026470936859 0.01594532613081679 0.010713474538408936 0.978516
6 0.5380735125284738 0.5547711985411443 0.006833708818743898 0.010357303669933895 0.978516
4 0.5580051910185487 0.18457944289947573 0.012447114871461112 0.013448782311374516 0.978027
2 0.5817604581841849 0.18509237656713018 0.011877650244061178 0.011169361112377478 0.978027
2 0.6051090244061178 0.18520628402097106 0.012365774682720468 0.011169361112377478 0.978027
2 0.6907338184184836 0.27820833553681334 0.013504720598763422 0.01139730439936175 0.978027
4 0.4036772613081679 0.34351488671073627 0.01171493654409372 0.01253705584682015 0.978027
0 0.34638374487471524 0.2979256457715979 0.031280484217377155 0.011169361112377478 0.978027
8 0.21949238398958673 0.5283793316617279 0.015294504653433127 0.011055395304308182 0.978027
0 0.5109828311096648 0.5777866897652154 0.02375526716563619 0.011055395304308182 0.978027
22 0.6278881093394078 0.6017779803966264 0.014643666514806378 0.010371553772509687 0.978027
4 0.6583956784900749 0.20837127877820835 0.016270736869508622 0.012366077957602006 0.977539
5 0.24015615750081354 0.3442557519945293 0.013992845037422715 0.011283338591292455 0.977539
23 0.44427271330946955 0.2984385794392523 0.010575990628050765 0.010713474538408936 0.977539
6 0.1854051467621217 0.45942552450421703 0.01513179095346567 0.011055395304308182 0.977539
9 0.44834038919622515 0.4606793234556645 0.015294504653433127 0.011169361112377478 0.977539
2 0.237064830458835 0.5286072632778663 0.012365774682720468 0.010713474538408936 0.977539
18 0.33843150016270745 0.7134715915204012 0.01806045427920599 0.01686798997036699 0.977539
0 0.42775792255125283 0.1828698974242079 0.02367396029938171 0.01059949705949396 0.977051
29 0.18642198242759517 0.5271256494187372 0.020501159778717866 0.019489378618646 0.977051
19 0.34599737064757563 0.5295189897424208 0.01106409840546697 0.010713474538408936 0.977051
22 0.29706313309469573 0.5508890084340096 0.014562309664822649 0.00695235778436289 0.977051
5 0.4139684113244386 0.4403885078641441 0.01594532613081679 0.005463589696831548 0.977051
2 0.525870484868207 0.5310576740369273 0.012040347282785552 0.01059949705949396 0.977051
2 0.5094370009762447 0.18425177223615227 0.012040347282785552 0.010571008525188054 0.976562
8 0.6220305161080378 0.41702755960793253 0.01659616426944354 0.010827440346478232 0.976562
8 0.5106572704197853 0.6937542812856166 0.01659616426944354 0.01139730439936175 0.976562
2 0.3235030263586072 0.7159790727148393 0.012040347282785552 0.011995645315705494 0.976562
8 0.40839572534982105 0.27467522042397996 0.01594532613081679 0.011283338591292455 0.976074
13 0.26423698535632933 0.5489514146341463 0.0078099576960624795 0.0167540825165261 0.976074
2 0.1921574487471526 0.6196717209938455 0.010901401366742596 0.010485531251424663 0.976074
2 0.5357142805076472 0.6237748402097105 0.011552222844126263 0.010371553772509687 0.976074
13 0.5833266150341686 0.6210394273991339 0.007769287601692158 0.01595626350581263 0.976074
13 0.2757890582492678 0.6415260797811717 0.007972671396029939 0.016640058354228403 0.976074
8 0.388789440937195 0.11385913653977663 0.01659616426944354 0.011511281878276727 0.975586
4 0.49341038464041653 0.27456119626168224 0.012853882460136676 0.013676830635969911 0.975586
6 0.23250898014969085 0.45931161705037615 0.014969093914741296 0.010713474538408936 0.975586
8 0.6535144341034819 0.44170988101208114 0.015457201692157502 0.008106335992705722 0.975586
6 0.27351129970712657 0.6211534515614315 0.015619915392124959 0.010713474538408936 0.975586
8 0.5027660058574682 0.6235040999316162 0.01594532613081679 0.01096990635969911 0.975586
13 0.5134233699967459 0.7139702867563256 0.007545560429547673 0.01683951310690677 0.975586
2 0.6451349951187765 0.1621836735810349 0.012365774682720468 0.010941417825393207 0.975098
23 0.3958673036121054 0.41434921723273305 0.012203060982753009 0.010257576293594712 0.975098
2 0.34713633322486176 0.622521041258263 0.011552222844126263 0.009801689719626168 0.975098
14 0.6001464731532704 0.13653979120127652 0.008623492873413602 0.016982014132664692 0.974609
13 0.26195899355678487 0.2039263204923638 0.007077779368695086 0.016583104627307953 0.974609
13 0.351529403189066 0.36403013266469114 0.007972671396029939 0.01618419512195122 0.974609
5 0.33159772469899124 0.366480543423752 0.01513179095346567 0.011055395304308182 0.974609
2 0.4712007809957696 0.4606222530202872 0.012040347282785552 0.010713474538408936 0.974609
0 0.5000000728929385 0.36898440665602916 0.02342987308818744 0.010663605014816504 0.974609
2 0.2167262844126261 0.5054136749487121 0.01106409840546697 0.011511281878276727 0.974609
6 0.6538398281809307 0.48632320583542277 0.016433450569476083 0.01059949705949396 0.974609
8 0.631304830458835 0.5090608142238432 0.016270736869508622 0.010827440346478232 0.974609
5 0.28701590367718843 0.6215523610667882 0.009111617312072893 0.011169361112377478 0.974609
6 0.5424564191343964 0.5546429359471164 0.015477545069964205 0.010271826396170504 0.974609
13 0.37601693198828506 0.6676828958285844 0.008135368434754311 0.01726689947572373 0.974609
21 0.4675398060527172 0.6957488288124003 0.024894229742922224 0.01595626350581263 0.974609
1 0.6283304153595834 0.6495612236152267 0.007067599349170193 0.015728331889674037 0.974609
23 0.4757566313049138 0.18378162388876226 0.01171493654409372 0.01002963300661044 0.974121
7 0.25903034689228766 0.25541377342147253 0.01659616426944354 0.01595626350581263 0.974121
8 0.6864627087536609 0.44090494278550263 0.016270736869508622 0.011625259357191702 0.974121
8 0.5069964620891637 0.4850125698655118 0.015782629092092416 0.010713474538408936 0.974121
5 0.414578546046209 0.6237748402097105 0.016433450569476083 0.010941417825393207 0.974121
7 0.4334525688252522 0.7196262119899703 0.017409666124308495 0.01686798997036699 0.974121
14 0.6861373146762122 0.22937086482790062 0.007891314546046208 0.015614307727376339 0.973633
23 0.58875684738041 0.34613627535901526 0.012365774682720468 0.010713474538408936 0.973633
4 0.35226166482264887 0.549920211534078 0.012365774682720468 0.0088899049008434 0.973633
13 0.5696793908232997 0.5290631265101436 0.0067523519687601695 0.016640058354228403 0.973633
13 0.2458509703872437 0.36448599589696834 0.008460779173446143 0.01641212673808981 0.973145
4 0.5916857273023105 0.46056529929336676 0.010901401366742596 0.01253705584682015 0.973145
0 0.18922873543768304 0.5965921568269889 0.029450080052066386 0.011511281878276727 0.973145
1 0.38911483501464367 0.20207427399133804 0.015619915392124959 0.004330980806929565 0.972656
2 0.4464693315977872 0.13762249555504902 0.010982758216726327 0.01059949705949396 0.972656
0 0.2119874936544094 0.2071460733986779 0.02184355613407094 0.010713474538408936 0.972656
2 0.5042303625122031 0.2522224973786186 0.012691185421412302 0.01139730439936175 0.972656
6 0.28445323787829485 0.36659445087759285 0.01618939668076798 0.010713474538408936 0.972656
23 0.3218354025382362 0.41336618190107133 0.011877650244061178 0.010286076498746296 0.972656
1 0.3785846461438334 0.602005912012765 0.007413353465668728 0.01618419512195122 0.972656
23 0.3532378470549951 0.6928995085479827 0.01106409840546697 0.010143610485525416 0.972656
22 0.4985357162382037 0.2991223742876681 0.014318255776114546 0.010656485798951449 0.972168
5 0.3852099394728279 0.6930704864372008 0.013830131337455257 0.011169361112377478 0.972168
2 0.5082980383989586 0.13802140506040575 0.013667417637487796 0.011625259357191702 0.97168
13 0.2726977312072893 0.3648279516754046 0.007484546957370648 0.01595626350581263 0.97168
7 0.4015619498861047 0.3712103870526556 0.017247052391799543 0.015414852974697971 0.97168
5 0.28571432736739344 0.5750512769546388 0.01171493654409372 0.010371553772509687 0.97168
13 0.6548161770257077 0.5755071401869158 0.006996422518711357 0.016013217232733076 0.97168
6 0.40416526911812556 0.1826970988830636 0.016270736869508622 0.010289636106678823 0.971191
18 0.2844125844451676 0.4348073927513107 0.014318255776114546 0.014588557100524277 0.971191
5 0.2613081054344289 0.43583314337816276 0.014643666514806378 0.010713474538408936 0.971191
14 0.3305402356003905 0.3873376284476863 0.008135368434754311 0.01641212673808981 0.971191
6 0.5376871383013342 0.5086619047184865 0.024040007809957697 0.010941417825393207 0.971191
23 0.4576960104132769 0.1378219503077274 0.01122681210543443 0.010200587554137224 0.970703
21 0.1865034559062805 0.2784932208798723 0.017409666124308495 0.01595626350581263 0.970703
2 0.3908232788805727 0.343913796216093 0.012365774682720468 0.012195100068383861 0.970703
22 0.4080703312723723 0.39129812992933666 0.014643666514806378 0.010713474538408936 0.970703
6 0.2849007588675561 0.5055846528379302 0.013342006898795965 0.010485531251424663 0.970703
13 0.38604631721444843 0.5270685789833599 0.008252313699967458 0.017323969911100977 0.970703
5 0.6622192671656362 0.5092317921130612 0.008460779173446143 0.010485531251424663 0.970703
22 0.6091767002928734 0.5556473289263734 0.014318255776114546 0.01054250832003647 0.970703
6 0.6405793114220631 0.647110812856166 0.016270736869508622 0.010770463277866424 0.970703
0 0.1975268675561341 0.1613858545703214 0.022779084933289947 0.01139730439936175 0.970215
4 0.3025545122030589 0.1125341454296786 0.012365774682720468 0.012337601094141783 0.970215
23 0.4853563397331597 0.298524010029633 0.012365774682720468 0.010656485798951449 0.970215
8 0.5336804425642695 0.3692158395258719 0.015619915392124959 0.01139730439936175 0.970215
22 0.6610803045883502 0.3480738691588785 0.010738687666775139 0.010485531251424663 0.970215
4 0.3630003358281809 0.6687941937542741 0.013342006898795965 0.013562806473672213 0.970215
13 0.36267494175073217 0.6903920273535445 0.0071591362186788155 0.0167540825165261 0.970215
4 0.18451027139602996 0.13773651971734668 0.011389525805401887 0.012821941189879189 0.969727
4 0.4037585681744224 0.1357134953271028 0.013016596160104133 0.013220850695235925 0.969727
2 0.6441588128864302 0.20874171142010486 0.012203060982753009 0.010428542511967176 0.969727
22 0.6305473103807354 0.23182127558696147 0.01150138939147413 0.010827440346478232 0.969727
2 0.2517083970061829 0.5055846528379302 0.01171493654409372 0.010941417825393207 0.969727
14 0.39456556068987964 0.5278663979940733 0.0071591362186788155 0.01584223934351493 0.969727
14 0.4025789521640091 0.5274105347617962 0.007728600846078751 0.01584223934351493 0.969727
6 0.25235918516108036 0.7143834346934124 0.014969093914741296 0.010941417825393207 0.969727
4 0.29356493849658316 0.6907909368589012 0.011877650244061178 0.011625259357191702 0.969727
8 0.5508460214773837 0.6235467918851152 0.016108039830784248 0.010713474538408936 0.969238
13 0.5728115379108363 0.3666942366081605 0.007972671396029939 0.016725605653065877 0.96875
8 0.44638785811910187 0.5511169400501481 0.01659616426944354 0.006496471210394347 0.96875
1 0.21916698991213798 0.1174564413038523 0.014643666514806378 0.015600069295646229 0.968262
6 0.5055269737715588 0.11461424025529976 0.011359019069313374 0.011197861317529064 0.968262
14 0.6537585213146762 0.11330348757693184 0.0078099576960624795 0.016611581490768176 0.968262
22 0.2856125271721445 0.11375935080920903 0.014440282720468597 0.010627997264645545 0.967773
22 0.25675242173771556 0.3211904262594028 0.014969093914741296 0.010684974333257352 0.967773
5 0.4140905382362512 0.29798271620697514 0.004881227725349821 0.01088442908593572 0.967773
2 0.4561503468922877 0.29821064782311374 0.013504720598763422 0.011511281878276727 0.967773
8 0.20069966807679793 0.45862782220196036 0.014806380214773835 0.01139730439936175 0.967773
13 0.509111606898796 0.41303846455436516 0.006833708818743898 0.01584223934351493 0.967773
14 0.6545924165310771 0.5297469213585594 0.007728600846078751 0.01618419512195122 0.967773
8 0.4020501243084933 0.5766469149760657 0.015619915392124959 0.01059949705949396 0.967773
5 0.46583136218678817 0.6464553781627537 0.014643666514806378 0.010998406564850694 0.967773
23 0.5221485297754637 0.6467474994301345 0.011674266449723398 0.010015382904034647 0.967773
8 0.6591279401236577 0.16241172190563027 0.014643666514806378 0.010941417825393207 0.967285
6 0.4315002043605597 0.4611351866879417 0.016108039830784248 0.010485531251424663 0.967285
2 0.24007485063455905 0.5056986770002279 0.010901401366742596 0.010941417825393207 0.967285
22 0.20395377546371624 0.5278094442671529 0.01317930986007159 0.010485531251424663 0.967285
5 0.3374553179303612 0.43994864536129474 0.014318255776114546 0.004583853020287213 0.967285
14 0.514969033517735 0.531221509368589 0.008135368434754311 0.01205259904262594 0.967285
0 0.4683533745525545 0.6237748402097105 0.021965516433452653 0.010485531251424663 0.967285
6 0.25260327237227465 0.15990424071119216 0.02342987308818744 0.01139730439936175 0.966797
4 0.47990561405792387 0.36762020150444497 0.01171493654409372 0.012423031684522452 0.966797
8 0.27961281353726003 0.39004444768634605 0.014155542076147089 0.010428542511967176 0.966797
8 0.3381061060852587 0.5507180305447914 0.016433450569476083 0.007294278550262138 0.966797
1 0.6838187360885128 0.5355595860496923 0.01553855854214123 0.015158444495099156 0.966797
22 0.5092743872437357 0.3920105183496695 0.014969093914741296 0.010770463277866424 0.966309
13 0.2751382700943703 0.5720879325279234 0.007972671396029939 0.016298102575792114 0.966309
19 0.28636511552229094 0.6445677355824025 0.010413276928083305 0.010157848917255529 0.966309
0 0.2086112593556785 0.7135286619557784 0.02111129450048812 0.011169361112377478 0.966309
2 0.37178647575658963 0.20218829815363576 0.01171493654409372 0.004103025849099612 0.965332
13 0.6892288083306216 0.459881504444951 0.008623492873413602 0.013904762252108502 0.965332
5 0.3630003358281809 0.2744471720993845 0.014318255776114546 0.010941417825393207 0.964355
13 0.6576635834689228 0.32231596261682244 0.007972671396029939 0.01641212673808981 0.964355
6 0.40815163813862676 0.5069523592432186 0.016758877969410998 0.010713474538408936 0.964355
29 0.3298486273999349 0.6225781116936403 0.021884209567198176 0.021654904034647822 0.964355
23 0.688008538887081 0.5790403720082061 0.012853882460136676 0.01059949705949396 0.964355
5 0.37097290725675236 0.1821859858673353 0.01513179095346567 0.01059949705949396 0.963867
2 0.5573137494305239 0.11556868201504446 0.012365774682720468 0.011967168452245271 0.963867
8 0.6269117604946306 0.32401126966036015 0.01594532613081679 0.01096990635969911 0.963867
4 0.18467288512853888 0.20607048826077046 0.010901401366742596 0.013434543879644404 0.963379
22 0.44655063846404164 0.2748460816047413 0.014806380214773835 0.01059949705949396 0.963379
6 0.5182233075170842 0.3448825931160246 0.02326709274324764 0.010713474538408936 0.963379
13 0.6508298080052066 0.46079323090950536 0.0078099576960624795 0.01686798997036699 0.963379
6 0.2742433947282786 0.5984157264645544 0.014969093914741296 0.010371553772509687 0.963379
22 0.38569794728278556 0.622977021198997 0.014969093914741296 0.010485531251424663 0.963379
6 0.5950211415554832 0.6237748402097105 0.014969093914741296 0.01002963300661044 0.963379
13 0.23104462349495608 0.2965580560747664 0.009111617312072893 0.016640058354228403 0.962402
0 0.6492026710055321 0.3009459439252336 0.02342987308818744 0.011055395304308182 0.962402
2 0.3051171780019525 0.6918166874857534 0.011552222844126263 0.010941417825393207 0.962402
22 0.46274003514480966 0.7165488434009574 0.014806380214773835 0.011283338591292455 0.962402
14 0.5388870810283111 0.7142694105311146 0.005206638464041653 0.01712451515842261 0.962402
2 0.3278554428896843 0.18269891953498976 0.011877650244061178 0.010941417825393207 0.961914
2 0.18813042629352425 0.3448825931160246 0.02001298535632932 0.010941417825393207 0.961914
22 0.6239017403189066 0.5322864390243903 0.014643666514806378 0.010620866377934806 0.961914
22 0.5357955873739018 0.6701619001595623 0.011389525805401887 0.010371553772509687 0.961914
4 0.41669385746827203 0.7159648342831092 0.01277254227139603 0.012622486437200821 0.961914
13 0.3512853159778718 0.714041478914976 0.0078099576960624795 0.017779833143378162 0.961426
13 0.6083631317930361 0.13619783542284022 0.0078099576960624795 0.017095921586505584 0.960449
13 0.3806540891636837 0.22578067927968998 0.007484546957370648 0.01686798997036699 0.960449
14 0.6644158854539538 0.4843857287440164 0.004067692547998699 0.01618419512195122 0.960449
6 0.5469817793686951 0.6931843938910418 0.01618939668076798 0.010371553772509687 0.960449
6 0.5357955873739018 0.13839183770230226 0.011389525805401887 0.01059949705949396 0.959961
23 0.5933126976895542 0.18516177141554593 0.01122681210543443 0.010318124640984727 0.959961
19 0.5380735125284738 0.32282877957602 0.006833708818743898 0.01059949705949396 0.959961
6 0.2536609280833062 0.13699565443355366 0.014643666514806378 0.010257576293594712 0.959473
6 0.3992027178652783 0.2515385858217461 0.01513179095346567 0.010713474538408936 0.959473
22 0.6700700449072567 0.44073396489628447 0.014643666514806378 0.01059949705949396 0.958984
8 0.18276117409697365 0.5492364166856621 0.015213147803449399 0.010257576293594712 0.958984
5 0.40611780019524896 0.11393032869842717 0.01659616426944354 0.01125483838614087 0.958008
4 0.39407738626749106 0.15825164896284477 0.01171493654409372 0.013334874857533622 0.958008
2 0.37178647575658963 0.20561462502849326 0.012040347282785552 0.01104114520173239 0.958008
2 0.4837292027334852 0.4610782329610212 0.013016596160104133 0.011055395304308182 0.958008
8 0.2336479427269769 0.550091189423296 0.01594532613081679 0.008547984134944153 0.958008
6 0.542995410348194 0.5519717127877821 0.016840184835665472 0.0047868673808981075 0.95752
13 0.27515859681093396 0.41013219056302713 0.006386271135698015 0.01641212673808981 0.957031
6 0.5054100285063456 0.5312143784818784 0.011145455255450699 0.011411554501937543 0.957031
8 0.6903271174747803 0.1856051935263278 0.017247052391799543 0.01139730439936175 0.956543
5 0.4653433543768305 0.36847509095053566 0.014806380214773835 0.01139730439936175 0.956543
7 0.351529403189066 0.4862662521085024 0.024894229742922224 0.01607017095965352 0.956543
18 0.39938582492678165 0.6387623068155915 0.01606735307517084 0.006268516252564395 0.956543
23 0.5037423547022454 0.7167482981536357 0.011389525805401887 0.011226349851834967 0.956543
5 0.41335827660266844 0.13688174697971278 0.0063455843800846075 0.010941417825393207 0.956055
4 0.5758623781321185 0.3453955267836791 0.013097953010087862 0.013106943241395032 0.956055
2 0.5026897640091116 0.41588790152723953 0.005704926260982753 0.010713474538408936 0.955078
4 0.372437430523918 0.5292910581262822 0.012365774682720468 0.012309124230681558 0.954102
14 0.6646599726651481 0.5989856138591292 0.0035795681093394077 0.015386376111237748 0.954102
13 0.6940692326716564 0.229855204923638 0.00829808213472177 0.016811036243446546 0.953125
14 0.34339405141555485 0.3643150180077502 0.00829808213472177 0.01607017095965352 0.953125
6 0.3965993986332574 0.5995555012537042 0.025219623820370973 0.01139730439936175 0.953125
6 0.321225267816466 0.5511738937770686 0.015863969280833064 0.0063824937314793705 0.952637
5 0.2570065890009762 0.6209254032368362 0.014175885453953792 0.010257576293594712 0.952637
7 0.5722827100553205 0.2791201787098245 0.024812922876667753 0.015728331889674037 0.95166
4 0.6764969528148389 0.16212671985411442 0.01618939668076798 0.011625259357191702 0.951172
7 0.25959966156849984 0.4161300715751083 0.023592653433127237 0.015927786642352407 0.950684
4 0.5148064197852262 0.4606793234556645 0.01171493654409372 0.012081192614542968 0.950684
9 0.41319549625772856 0.6934123255071802 0.006671011780019525 0.011169361112377478 0.950684
0 0.6832086013667426 0.35190531442899475 0.02326709274324764 0.003559876361978573 0.950195
14 0.42698500748454277 0.4404597350353317 0.007972671396029939 0.005606055710052428 0.950195
13 0.25262874741295155 0.4563482726236608 0.005420185616661242 0.017323969911100977 0.949219
0 0.412605688252522 0.5512879179393663 0.023307912788805726 0.0061545504444950995 0.949219
0 0.6452977754637162 0.5535388739457487 0.025057010087862024 0.015614307727376339 0.949219
2 0.6513179824275952 0.6702758076134032 0.012040347282785552 0.010371553772509687 0.949219
13 0.19907253107712336 0.18127425940278094 0.006671011780019525 0.016298102575792114 0.94873
6 0.4475268206963879 0.4405576884431274 0.014806380214773835 0.005801939183952587 0.94873
2 0.18646280247315325 0.5731707535901528 0.01985037162382037 0.011055395304308182 0.94873
18 0.21202814708753662 0.6191019503077273 0.02176208265538562 0.014816488716662869 0.94873
2 0.49690857923852916 0.2025872076589925 0.013016596160104133 0.003305218509231821 0.947754
6 0.45692326195899774 0.5307905517209939 0.02367396029938171 0.01120498053339412 0.947754
6 0.4421575684998373 0.2288865247321632 0.02554501789781972 0.011340327330749944 0.947266
4 0.46257725479986983 0.5531969181673125 0.016108039830784248 0.012252053795304309 0.947266
23 0.31622189651806054 0.18269176530658765 0.011633579694109992 0.010528269888306359 0.946777
23 0.5043269977220957 0.5515158495555049 0.008979410348193946 0.005698652199680875 0.946777
4 0.2281159101854865 0.343913796216093 0.010413276928083305 0.011853144289947572 0.946289
1 0.6644971923202082 0.44499373020287214 0.0039049788480312398 0.014673987690904947 0.946289
11 0.5041464898145135 0.457545001139731 0.008618411194272696 0.018520581718714384 0.946289
4 0.4191343963553531 0.5757350718030545 0.017409666124308495 0.012594009573740598 0.945801
18 0.5664659368695086 0.4410723493959426 0.015619915392124959 0.006831261089582858 0.944824
6 0.3848845453953791 0.13739456393891042 0.02408066124308493 0.01139730439936175 0.943359
5 0.6493654513504719 0.6239457013904719 0.014318255776114546 0.010371553772509687 0.943359
2 0.2831923150016271 0.28943463870526553 0.01659616426944354 0.004672901572828812 0.942871
6 0.3268792606573381 0.2894917091406428 0.020338379433778066 0.0045589240939138366 0.942383
5 0.5388870810283111 0.4852974552085708 0.005206638464041653 0.01002963300661044 0.942383
6 0.4020144692482916 0.7175747107362662 0.016341930361210545 0.012195100068383861 0.942383
23 0.630572735437683 0.18543421563710966 0.011552222844126263 0.01002963300661044 0.941895
2 0.5021978241457858 0.20651923227718258 0.004721063195574357 0.009801689719626168 0.941895
5 0.28725999088838267 0.5955664062001368 0.008623492873413602 0.01607017095965352 0.941895
6 0.4843801575008135 0.6932984180533395 0.007321833257403189 0.01139730439936175 0.941895
29 0.5170028714611129 0.6701619001595623 0.021640122356003905 0.020401221791657168 0.941895
6 0.4094328877318581 0.20224525188055617 0.023063825577611455 0.003989060041030317 0.940918
5 0.611942799869834 0.27706856074766356 0.014318255776114546 0.010941417825393207 0.940918
8 0.29275136999674584 0.45993845817187146 0.01570127224210869 0.01139730439936175 0.940918
12 0.6753986436706801 0.45982443400957373 0.017979147412951514 0.014018669705949395 0.940918
14 0.4066059746176375 0.2955037118759973 0.0078099576960624795 0.01618419512195122 0.939941
22 0.48259024015619917 0.13804988192386597 0.014318255776114546 0.010428542511967176 0.938477
22 0.39643678490074846 0.46056529929336676 0.014969093914741296 0.010827440346478232 0.9375
5 0.18394079010738693 0.4396209630271256 0.013992845037422715 0.0039285116936403006 0.937012
6 0.4941424796615685 0.34573736585365855 0.024406055320533682 0.01139730439936175 0.936523
2 0.3813608424341035 0.4148621509003875 0.012965746046208915 0.011169361112377478 0.936523
6 0.24023763097949888 0.6402439206747207 0.022779084933289947 0.003305218509231821 0.936035
6 0.407256762772535 0.20561462502849326 0.018548628701594534 0.010927167722817415 0.935059
19 0.3519362707452001 0.6384773047640757 0.010413276928083305 0.006838391976293595 0.935059
11 0.43792711226814185 0.5042169464326419 0.02456883566547348 0.016640058354228403 0.93457
0 0.6830458210218028 0.3456234583998176 0.023918047510575982 0.01607017095965352 0.934082
6 0.6439960325414904 0.6940962370640529 0.024731616010413276 0.011169361112377478 0.934082
5 0.3584444855190368 0.5299178992477775 0.013830131337455257 0.010713474538408936 0.933594
18 0.28335509534656683 0.3195235960793253 0.016433450569476083 0.014816488716662869 0.932617
11 0.49023758411975266 0.5049008579895145 0.024406055320533682 0.01641212673808981 0.932617
14 0.4065653211845103 0.2893776849783451 0.00829808213472177 0.0047868673808981075 0.929199
13 0.26960623755287993 0.29584566765443354 0.0071591362186788155 0.01669701208114885 0.929199
11 0.6628702219329645 0.4145771488488717 0.0071591362186788155 0.01607017095965352 0.928711
12 0.6204848525870486 0.2287440237064053 0.028148337129840547 0.016526150900387507 0.927734
2 0.525870484868207 0.46170507408251654 0.011389525805401887 0.010257576293594712 0.927734
4 0.5486495698014969 0.20218829815363576 0.011389525805401887 0.004103025849099612 0.926758
5 0.365847742271396 0.5508320547070891 0.014480969476082003 0.0070663352632778665 0.926758
6 0.594777054344289 0.4414249489856394 0.020501159778717866 0.007536471939822202 0.926758
6 0.38318621490400256 0.25176663414634143 0.01661649098600716 0.010827440346478232 0.925781
21 0.41148721900423035 0.3246523492135856 0.010087866189391474 0.016298102575792114 0.925781
4 0.6273186280507648 0.5545290284932756 0.012853882460136676 0.013235089126966037 0.925781
21 0.37934479869834037 0.46224636790517437 0.00893365857468272 0.015044420332801458 0.925293
23 0.3115847393426619 0.7153522315933439 0.011552222844126263 0.010941417825393207 0.925293
8 0.514969033517735 0.2962801732391156 0.015782629092092416 0.01673984408479599 0.924316
5 0.34380091897168885 0.20196036653749716 0.015294504653433127 0.0045589240939138366 0.922363
2 0.6363488551903677 0.41702755960793253 0.01171493654409372 0.010713474538408936 0.922363
0 0.40863981256101534 0.5535388739457487 0.015782629092092416 0.010941417825393207 0.921387
1 0.6275448544093719 0.6962616457715979 0.005496460787504067 0.01595626350581263 0.921387
2 0.5013830127172144 0.18440846501025757 0.003066018613732509 0.01002963300661044 0.919434
13 0.19858452326716564 0.27347849190790974 0.006833708818743898 0.015728331889674037 0.919434
13 0.34022125089489097 0.3875655600638249 0.011389525805401887 0.0167540825165261 0.919434
18 0.21735674585095996 0.4345794611351721 0.02216895021151969 0.01527235194894005 0.918945
6 0.5242433478685324 0.4410901474356052 0.02408066124308493 0.006866880510599498 0.917969
7 0.3973316602668402 0.23096650284932757 0.025707798242759518 0.01607017095965352 0.915039
2 0.2160754962577286 0.5509174852974698 0.019199416856492027 0.010656485798951449 0.915039
4 0.20940450113895215 0.595737384089355 0.010901401366742596 0.012992919079097333 0.913574
1 0.30246304197852264 0.16252562935947115 0.02214862349495607 0.015728331889674037 0.912598
1 0.22046856622193298 0.6400729427855026 0.013342006898795965 0.003647139275131069 0.911133
8 0.33298077448747154 0.24891719717346705 0.016108039830784248 0.01641212673808981 0.910645
22 0.6098274884477709 0.5524275760200593 0.015294504653433127 0.0038750825621153406 0.910645
13 0.4340220501138952 0.11142296421244587 0.007647243996095021 0.01740940050148165 0.90918
2 0.6900423768304588 0.41839526601322086 0.0071591362186788155 0.0054707089126966035 0.90918
13 0.5029694063130491 0.34254620651926143 0.006264244191343963 0.017665808981080465 0.908691
2 0.1959812040351448 0.2072102630499202 0.011389525805401887 0.010927167722817415 0.908203
8 0.4495606586397657 0.5536100661043993 0.009437028050764724 0.011368815865055847 0.905273
5 0.5393752554506996 0.25017099612491456 0.004230389586723071 0.01686798997036699 0.903809
11 0.5046346142531728 0.5063967102803738 0.009594660071591278 0.023905860041030316 0.903809
0 0.30751706345590624 0.20253025393207202 0.02310447901073869 0.0034191959881467973 0.901855
14 0.4821835392124959 0.4404828899931616 0.008135368434754311 0.005652353954866652 0.901367
18 0.6075495632931989 0.32231596261682244 0.0224536908558412 0.014360625484385686 0.900391
4 0.41343958346892284 0.575678118076134 0.006182887341360234 0.012764987462958741 0.898926
2 0.23966814969085584 0.22931391110098018 0.012040347282785552 0.011283338591292455 0.897461
5 0.627256298340384 0.34727605014816504 0.004873596876016921 0.011169361112377478 0.89502
4 0.6640091845102505 0.2995783542284021 0.004881227725349821 0.014018669705949395 0.894043
2 0.5080743612105434 0.6471962434465467 0.01647413732508949 0.010371553772509687 0.891602
10 0.1779612365766352 0.7098031062685206 0.012691185421412302 0.016853751538636882 0.891602
2 0.6269486818093069 0.43982223843173013 0.0042990339082329965 0.010143610485525416 0.889648
14 0.3412789066059226 0.6382493731479371 0.008948903612105433 0.007294278550262138 0.889648
13 0.3030426866254474 0.4336676179621609 0.006671011780019525 0.015728331889674037 0.888672
13 0.2528143369996746 0.6401583733758833 0.005791364790107387 0.017209945748803284 0.88623
13 0.652212857793687 0.6910188684750399 0.008948903612105433 0.017437877364941873 0.882324
18 0.21420443865929062 0.1821575090038751 0.021640122356003905 0.01384769181673125 0.880859
7 0.4139277578913114 0.6496537734214726 0.005206638464041653 0.01616995669022111 0.880859
6 0.3481939889358933 0.4604798687029861 0.022779084933289947 0.010998406564850694 0.879883
5 0.38549463013342017 0.4408248107590609 0.018507975268467296 0.006336195486665147 0.878906
4 0.6054344184835666 0.41594485525416003 0.016270736869508622 0.011739236836106679 0.877441
5 0.26132849879596487 0.43945268110325963 0.015660585486495283 0.0035919361750626853 0.875
14 0.30873733289944677 0.5480966418965124 0.007484546957370648 0.01253705584682015 0.875
8 0.45834696518060525 0.20253025393207202 0.015457201692157502 0.0034191959881467973 0.874023
4 0.27318573901724696 0.22800315842261226 0.011389525805401887 0.013562806473672213 0.873047
4 0.37853894435405144 0.2738774014132665 0.01594532613081679 0.012309124230681558 0.872559
4 0.305035871135698 0.6401869669478003 0.012935239310120404 0.0034191959881467973 0.872559
0 0.5327042603319232 0.1604171743788466 0.01757244646924829 0.013676830635969911 0.870605
0 0.5310161431825577 0.2749387481194438 0.024609489098600716 0.013206612263505812 0.869629
4 0.45387242173771564 0.6401869669478003 0.010087866189391474 0.0034191959881467973 0.869629
13 0.4649364868206964 0.5278663979940733 0.008623492873413602 0.01686798997036699 0.868652
22 0.46467207289293855 0.34545248051059946 0.015660585486495283 0.010485531251424663 0.868164
4 0.4014043345265213 0.6926145064964668 0.017399502766026684 0.012081192614542968 0.868164
4 0.3770567268467296 0.5306587645315706 0.0043422531727953136 0.018007764759516754 0.865234
0 0.20667922160754965 0.20298611716434922 0.03229748649528148 0.0025074111693640304 0.863281
4 0.6387080872111943 0.13847726829268292 0.015619915392124959 0.011625259357191702 0.862305
6 0.1888220344939798 0.2526783606108958 0.02326709274324764 0.012309124230681558 0.861328
4 0.4260494786853237 0.27439021837246413 0.016758877969410998 0.011625259357191702 0.861328
6 0.6129189821021802 0.5778436434921358 0.014155542076147089 0.009915655527695464 0.861328
23 0.35974622844126264 0.205579028949168 0.01171493654409372 0.01054250832003647 0.859863
27 0.6583143716238203 0.7148820132208799 0.013992845037422715 0.014788011853202642 0.859863
6 0.23787823234624147 0.5745954137223614 0.02310447901073869 0.01059949705949396 0.858887
8 0.2769280208265539 0.5299428748575336 0.014318255776114546 0.009509626806473671 0.849121
4 0.22844130426293524 0.22880097743332575 0.011389525805401887 0.01287901162525644 0.848145
18 0.5395378691832086 0.43691584773193526 0.0039049788480312398 0.015158444495099156 0.848145
8 0.668392091116173 0.5523136685662183 0.01580295580865604 0.004103025849099612 0.848145
4 0.5012736949690856 0.6930704864372008 0.0028727981776765377 0.013448782311374516 0.848145
23 0.35974622844126264 0.20230220560747664 0.01171493654409372 0.0038750825621153406 0.844727
14 0.49040019785226163 0.4407802864827901 0.006182887341360234 0.006247146934123547 0.842773
2 0.19577777025707777 0.1378504271711876 0.011633579694109992 0.010941417825393207 0.839844
4 0.5201350185486495 0.622806043309779 0.016352093719492353 0.011967168452245271 0.838867
5 0.27041980605271726 0.1336904709368589 0.015294504653433127 0.0167540825165261 0.837402
7 0.39279613667425967 0.6730254588557101 0.025057010087862024 0.016611581490768176 0.837402
18 0.19089652587048486 0.22897195532254389 0.024487528799219 0.014816488716662869 0.836426
5 0.6558736661243085 0.6468471684522452 0.013667417637487796 0.010499769683154775 0.836426
2 0.25879637305564596 0.4822202033280146 0.01759277318581191 0.011568270617734215 0.834473
22 0.6618938730881874 0.6708172181445179 0.009111617312072893 0.0103145650330522 0.834473
11 0.27119272111942727 0.4565762042397994 0.024284095021151968 0.016526150900387507 0.833496
6 0.30873733289944677 0.45999541189879184 0.016108039830784248 0.010713474538408936 0.832031
8 0.5305889489098601 0.22749034146341462 0.015457201692157502 0.01595626350581263 0.827637
5 0.4138057975919297 0.43742878139958974 0.017328359258054017 0.011283338591292455 0.824219
7 0.6788968382687928 0.7206519626168224 0.023592653433127237 0.01641212673808981 0.824219
0 0.4136023638138627 0.2515956562571233 0.005857459941425317 0.011169361112377478 0.819824
5 0.37668299850309145 0.1824139174834739 0.0036100748454279204 0.011283338591292455 0.818848
18 0.4943052600065083 0.4136225903806702 0.022128130165961605 0.015015943469341235 0.818848
6 0.3514480963228116 0.22811718258490996 0.02375526716563619 0.011169361112377478 0.81543
13 0.25153809410999023 0.6873147754729885 0.003238895671981777 0.018235696375655346 0.81543
5 0.2481288955418158 0.45925466332345566 0.013992845037422715 0.010941417825393207 0.813965
8 0.3205336596160104 0.43995041932983814 0.01594532613081679 0.00458741262821974 0.812988
10 0.410266782948259 0.15682698883063598 0.012528471721444842 0.01618419512195122 0.811523
8 0.6655955014643671 0.11303284066560292 0.015619915392124959 0.016298102575792114 0.810547
5 0.2526236657338106 0.11320381855482106 0.005410022258379434 0.012480102119899705 0.808105
8 0.47949891311422066 0.2728516507864144 0.015619915392124959 0.01618419512195122 0.806641
4 0.419500443865929 0.3669114310462731 0.01716557891311422 0.012244934579439253 0.806641
27 0.5372192905955093 0.34362891087303393 0.013504720598763422 0.014246601322087988 0.800781
14 0.4350797058249268 0.4405897365853659 0.0063455843800846075 0.005858927923410075 0.799316
2 0.6276897572404816 0.13910422612263504 0.005786283110966483 0.011169361112377478 0.796875
18 0.4350797058249268 0.20064961385912924 0.023348566221932966 0.007180301071347162 0.795898
13 0.36291902896192646 0.6384773047640757 0.010575990628050765 0.006838391976293595 0.795898
2 0.6170679648551903 0.44150330704353774 0.024406055320533682 0.007693188055618874 0.794434
6 0.5377481184510251 0.5519717127877821 0.006508298080052067 0.0047868673808981075 0.790527
22 0.28725999088838267 0.34351488671073627 0.008623492873413602 0.01139730439936175 0.786621
23 0.2281159101854865 0.5054707453840893 0.011389525805401887 0.010713474538408936 0.786621
13 0.3659290491376505 0.5302064375655345 0.0017897840546697039 0.009894286209254616 0.78418
6 0.2028148128864302 0.3678481331205835 0.014806380214773835 0.010941417825393207 0.78125
4 0.6494467582167264 0.5088328826077045 0.01814192775789131 0.011283338591292455 0.78125
0 0.2848601054344289 0.2951618728060178 0.0224536908558412 0.01641212673808981 0.779785
27 0.29624956459485846 0.4829324750398906 0.009355671200780995 0.01111237237291999 0.779785
6 0.2404002447120078 0.6438839407339868 0.02310447901073869 0.010613747162069751 0.779785
18 0.46208924698991216 0.3200079361750627 0.022616304588350147 0.0153294223843173 0.777344
6 0.48877322746501795 0.5550489646683383 0.014969093914741296 0.01002963300661044 0.777344
13 0.20078097494305236 0.7104512933667655 0.005532049202733485 0.0167540825165261 0.777344
4 0.6426131493654409 0.716377982220196 0.016270736869508622 0.012195100068383861 0.777344
4 0.47982430719166935 0.5500342356963757 0.014643666514806378 0.00866196161385913 0.775879
6 0.3571429092092418 0.4400839804878049 0.02310447901073869 0.00485454661499886 0.774414
2 0.6364810454930035 0.4410759206747208 0.006996422518711357 0.005926595486665147 0.773438
18 0.2631793296452978 0.6387623068155915 0.014480969476082003 0.006268516252564395 0.771973
22 0.29083949235274975 0.6694495117392295 0.0014643666514806378 0.008377017916571689 0.770508
4 0.6628702219329645 0.6918737579211306 0.0071591362186788155 0.01641212673808981 0.769043
4 0.29856814318255775 0.27456119626168224 0.015457201692157502 0.011625259357191702 0.764648
2 0.5152944275951838 0.2898335482106223 0.014643666514806378 0.0038750825621153406 0.764648
7 0.5038185465668727 0.09121054169136084 0.007962491376505045 0.00734413640300889 0.763672
22 0.5027812842173771 0.29900846683382726 0.00587780331923202 0.010371553772509687 0.762207
8 0.2767654070940449 0.6940391666286756 0.014969093914741296 0.015386376111237748 0.762207
8 0.2966970855841197 0.2264645908365626 0.01594532613081679 0.016298102575792114 0.757812
7 0.3217132756264237 0.2774105165260998 0.021965516433452653 0.015386376111237748 0.751953
18 0.5454361158477058 0.4409441218144518 0.016433450569476083 0.006574817597447003 0.751953
2 0.5676048994467946 0.20349893412354683 0.01106409840546697 0.0014816488716662868 0.743164
11 0.6670903481939473 0.41446324139503077 0.015314831369996746 0.01607017095965352 0.743164
6 0.2844125844451676 0.4398382274903123 0.014318255776114546 0.0043630289491679965 0.740234
18 0.26684013797591927 0.11203556690221109 0.022779084933289947 0.014588557100524277 0.73877
13 0.2334851623820371 0.28994757237292 0.008786206573381061 0.003647139275131069 0.737305
9 0.2348682121705174 0.199908865283793 0.015619915392124959 0.00866196161385913 0.73584
8 0.3799218275301009 0.36985691907909735 0.015457201692157502 0.01552887713699567 0.73584
0 0.661812566221933 0.2562114757237292 0.009274331012040352 0.012081192614542968 0.733887
18 0.3756915379108363 0.4127535792113062 0.02310447901073869 0.014702581262821975 0.732422
4 0.22258387764399612 0.5965352031000685 0.01594532613081679 0.012081192614542968 0.732422
6 0.2887243475431175 0.18292685115112833 0.005694762902700943 0.01002963300661044 0.730957
4 0.40839572534982105 0.4826760665602917 0.016270736869508622 0.012650963300661044 0.730957
19 0.6111292313699968 0.6005242981536357 0.01659616426944354 0.010257576293594712 0.730957
5 0.41539211454604624 0.34345793298381583 0.0022779084933289948 0.013562806473672213 0.723145
6 0.5355108467295802 0.6467403802142694 0.014887737064757567 0.01139730439936175 0.723145
7 0.21884159583468923 0.6691360328242535 0.025707798242759518 0.014930512878960564 0.72168
13 0.3337943429873088 0.29524730339639843 0.006833708818743898 0.015671261454296787 0.71875
14 0.415554894890986 0.4113858728060178 0.0019524977546371623 0.015728331889674037 0.71875
4 0.3534819342661894 0.43606107499430136 0.01692149170191995 0.012309124230681558 0.716797
4 0.18483566547347868 0.20184634237519947 0.011552222844126263 0.0047868673808981075 0.712402
5 0.6650666736088513 0.39115562890357874 0.0027660329319882855 0.00529975436516982 0.712402
0 0.19028639114871462 0.6919307116480511 0.013830131337455257 0.015500283565078644 0.712402
4 0.6509925883501464 0.4166286501025758 0.01659616426944354 0.012309124230681558 0.70752
6 0.58029610152945 0.11608161568269888 0.014969093914741296 0.011055395304308182 0.697754
22 0.663114142531728 0.35179222393435144 0.013911488187438986 0.0033337187143834056 0.697754
6 0.6412300662544744 0.25484388602689767 0.024812922876667753 0.010941417825393207 0.695801
4 0.28506353921249594 0.13540001641212673 0.013016596160104133 0.012423031684522452 0.694336
5 0.6275473869183208 0.41697060588101204 0.0055015424666449726 0.010827440346478232 0.690918
6 0.6634397032216075 0.5523136685662183 0.006020173641392776 0.004103025849099612 0.690918
6 0.44939804490725677 0.6930704864372008 0.009843795639440286 0.011853144289947572 0.690918
11 0.42694435405141556 0.41149989696831546 0.025463711031565243 0.016526150900387507 0.689453
5 0.4185750784249919 0.15979033325735126 0.01673855125284738 0.010941417825393207 0.6875
4 0.37801008317604945 0.20384088990198315 0.006264244191343963 0.02114197036699339 0.684082
6 0.5399447367393426 0.41577387736494187 0.003091443670680117 0.010257576293594712 0.682617
6 0.2896192229092092 0.6907909368589012 0.0039049788480312398 0.01139730439936175 0.679199
12 0.35161087666775137 0.18299806665147025 0.015294504653433127 0.015813762480054706 0.677246
6 0.27774675431174745 0.15950533120583543 0.02529076732834364 0.011511281878276727 0.67041
5 0.3242759414253173 0.6686516927285161 0.01618939668076798 0.011340327330749944 0.668945
13 0.29946301854864954 0.1981992031000684 0.004718514025382362 0.005242765625712332 0.665527
18 0.5626830016270745 0.4824481349441532 0.018223234624145785 0.01607017095965352 0.663574
23 0.5470224328018223 0.3922384499658081 0.022616304588350147 0.010257576293594712 0.662109
5 0.2357630875366092 0.2755371123774789 0.014969093914741296 0.010642235696375655 0.660156
11 0.6279694162056622 0.34123545384089354 0.006284570907907582 0.02325054205607477 0.651367
4 0.19695738626749104 0.2900615965352177 0.012203060982753009 0.0034191959881467973 0.649414
11 0.6279439911487146 0.5287211707317073 0.006294750927432477 0.015044420332801458 0.649414
10 0.5717540488122356 0.11307555596079324 0.016758877969410998 0.016896466833827214 0.647949
6 0.5386429938171168 0.39212442580351037 0.005694762902700943 0.010200587554137224 0.644043
18 0.25603034012365766 0.27239567084568045 0.012223404360559713 0.016640058354228403 0.642578
13 0.5401888239505369 0.6919307116480511 0.0026033192320208264 0.01686798997036699 0.642578
6 0.4996745122030589 0.11361696649190792 0.02310447901073869 0.013249327558696148 0.635254
7 0.31849982167263263 0.13685315340779575 0.028799291897168892 0.020572199680875314 0.631836
5 0.6415554936544093 0.1156257524504217 0.01659616426944354 0.01111237237291999 0.622559
38 0.6356471669378457 0.4595395486665147 0.02170110250569476 0.014588557100524277 0.618652
7 0.2551405464367068 0.7047277472532483 0.010423440286365116 0.008897024116708457 0.618652
21 0.6556297455255451 0.3941759270572145 0.015457201692157502 0.011739236836106679 0.616699
5 0.654653396680768 0.1364257670389788 0.01513179095346567 0.01686798997036699 0.615234
4 0.25362024132769284 0.49754962571233186 0.0073625200130165965 0.005698652199680875 0.613281
5 0.654083915392125 0.6007522297697743 0.014969093914741296 0.010485531251424663 0.613281
13 0.5355515001627075 0.6388192605425119 0.013992845037422715 0.0061545504444950995 0.613281
27 0.25349814773836643 0.18299806665147025 0.009437028050764724 0.01125483838614087 0.607422
0 0.663521010087862 0.5556259712787782 0.005857459941425317 0.010927167722817415 0.604004
13 0.22909209241783274 0.5945977260086619 0.004230389586723071 0.01595626350581263 0.598145
27 0.6906931649853564 0.3019432176886255 0.011145455255450699 0.011454293138819238 0.596191
4 0.6579889775463716 0.22917141007522226 0.01594532613081679 0.016469080465010257 0.592773
8 0.5241263859420762 0.1847343733758833 0.00820656192645623 0.010033192614542968 0.59082
4 0.550358013667426 0.36841802051515843 0.016514807419459814 0.012992919079097333 0.59082
4 0.41376497754637165 0.3670075988146797 0.005532049202733485 0.012565532710280373 0.59082
6 0.6730394116498536 0.30026214907681786 0.02269761145460462 0.012423031684522452 0.584961
22 0.4801497012691181 0.5310007203100069 0.013992845037422715 0.010713474538408936 0.584961
2 0.6226814708753661 0.43982223843173013 0.013016596160104133 0.010941417825393207 0.581543
5 0.4489911773511227 0.6702758076134032 0.01789784054669704 0.011169361112377478 0.581543
0 0.28815486625447445 0.4597674802826533 0.006833708818743898 0.01111237237291999 0.577637
13 0.49723397331597785 0.815135627991794 0.006182887341360234 0.003647139275131069 0.577637
14 0.21290269573706477 0.2902895281513563 0.009274331012040352 0.0029632977433325736 0.575684
6 0.23665796290270094 0.18255641850923182 0.022616304588350147 0.012565532710280373 0.571777
22 0.46200777351122685 0.7019585590152724 0.014480969476082003 0.0034156363802142695 0.565918
5 0.289212521965506 0.12685205561887394 0.004718514025382362 0.003305218509231821 0.563965
8 0.5862350016270745 0.3203214150900387 0.017247052391799543 0.0167540825165261 0.556641
12 0.4806378756915067 0.6400729427855026 0.013016596160104133 0.003647139275131069 0.554688
22 0.6877644516758867 0.5527695317984956 0.019524977546371624 0.003191252701162526 0.548828
2 0.19683525935567847 0.20298611716434922 0.012691185421412302 0.0025074111693640304 0.541016
1 0.4579807510575984 0.394546359699111 0.023023172144484218 0.015557354000455893 0.541016
6 0.5322973927757891 0.4155459457488033 0.025789105109013995 0.010713474538408936 0.541016
11 0.4672144119752685 0.2894917091406428 0.008623492873413602 0.0045589240939138366 0.539062
0 0.2897006963878946 0.38975956234328696 0.003742265148063781 0.01059949705949396 0.539062
7 0.5014885183729255 0.5105994985183496 0.0032973599739668075 0.014816488716662869 0.539062
14 0.30292055971363485 0.439519461682243 0.0067523519687601695 0.003725497333029405 0.535156
13 0.5027660058574682 0.5745954137223614 0.007484546957370648 0.016982014132664692 0.535156
13 0.15634144093719493 0.8152496521540916 0.006996422518711357 0.0034191959881467973 0.533203
13 0.5324195196876017 0.43606107499430136 0.010982758216726327 0.01686798997036699 0.529297
18 0.3610478047510576 0.13494415317984956 0.02310447901073869 0.014474532938226578 0.523438
1 0.2846566716563619 0.20241622976977433 0.012853882460136676 0.003647139275131069 0.523438
0 0.5163317565896518 0.2028720930020515 0.024121314676212167 0.0027353544563483018 0.521484
7 0.5095183078424992 0.23227713881923867 0.020175765701269117 0.015728331889674037 0.521484
22 0.6622192671656362 0.6246296129473444 0.008460779173446143 0.010143610485525416 0.519531
13 0.6650666736088513 0.6444680665602918 0.0027660329319882855 0.01662581992249829 0.519531
7 0.629184637292548 0.7204240310006839 0.008715013081679142 0.01755190152723957 0.517578
10 0.42377155353075174 0.6686801695919763 0.014806380214773835 0.02017329017551858 0.515625
5 0.3774787394728279 0.5764474602233873 0.005191376765375854 0.01059949705949396 0.511719
5 0.475593850959974 0.20298611716434922 0.013342006898795965 0.0025074111693640304 0.509766
22 0.2907581854864953 0.5526412692044678 0.0016270736869508622 0.00988716699338956 0.507812
2 0.2864464223885454 0.6407567376339184 0.010250563228115848 0.0022794562115340776 0.507812
13 0.3391637617962903 0.530238485707773 0.003091443670680117 0.01010087184864372 0.507812
13 0.28229743963553533 0.6213884790517438 0.0019524977546371623 0.01067073590152724 0.507812
14 0.41539211454604624 0.11082459995441075 0.0022779084933289948 0.016383649874629588 0.505859
13 0.7683045675235927 0.2005926601322088 0.006508298080052067 0.007294278550262138 0.505859
22 0.2889684347543117 0.5296401331205836 0.005206638464041653 0.008904143332573512 0.505859
4 0.6110477578913114 0.39189649418737177 0.018223234624145785 0.012992919079097333 0.501953
18 0.2898633101204035 0.6422455874173695 0.017328359258054017 0.015258113517209938 0.501953
