21 0.6267491467621218 0.3298381727832232 0.01659616426944354 0.015500283565078644 0.997559
1 0.46005524243410345 0.30499199270572147 0.014806380214773835 0.01641212673808981 0.99707
21 0.22429215489749432 0.4909391420104855 0.01594532613081679 0.01527235194894005 0.996582
11 0.4246664288968435 0.1357989259174835 0.01789784054669704 0.016127241395030772 0.996094
19 0.18385948324113244 0.626738067927969 0.01065733081679141 0.010941417825393207 0.996094
11 0.6469247458509599 0.16070205972190563 0.015619915392124959 0.01641212673808981 0.995605
1 0.2762772326716563 0.11918734442671529 0.01513179095346567 0.0167540825165261 0.995117
1 0.2785551578262284 0.6770999844996581 0.014806380214773835 0.01552887713699567 0.995117
11 0.5247315222909209 0.16001826487348986 0.01594532613081679 0.016298102575792114 0.994629
19 0.42832740383989587 0.2788921303852291 0.010575990628050765 0.010713474538408936 0.994629
1 0.5804588818743899 0.28231133804422154 0.015294504653433127 0.01641212673808981 0.994629
11 0.38057278229742925 0.556188739457488 0.015457201692157502 0.015614307727376339 0.994629
18 0.5356329736413928 0.7212218500113973 0.01171493654409372 0.015044420332801458 0.994629
4 0.28815486625447445 0.16263965352176887 0.006833708818743898 0.014360625484385686 0.994141
1 0.5004880807028962 0.14206745384089353 0.01594532613081679 0.01595626350581263 0.993652
19 0.3589326599414253 0.27923408616366535 0.011389525805401887 0.010713474538408936 0.993652
19 0.49121376635209896 0.34944157556416683 0.01106409840546697 0.011055395304308182 0.993652
11 0.5321347790432802 0.5565306952359244 0.015457201692157502 0.01618419512195122 0.993652
11 0.2514643097949886 0.5551914656940962 0.014643666514806378 0.01527235194894005 0.993164
13 0.5081354246664498 0.7203669605653066 0.0078099576960624795 0.017437877364941873 0.993164
19 0.5105759635535307 0.32664689674036923 0.01106409840546697 0.010485531251424663 0.992676
8 0.25870478620240805 0.6041714374287668 0.01659616426944354 0.01139730439936175 0.992676
4 0.355678552554507 0.18383857761568267 0.014318255776114546 0.017323969911100977 0.992188
19 0.5063455073218354 0.5357875176658309 0.01106409840546697 0.010485531251424663 0.992188
16 0.280182294825903 0.6508433827216777 0.017247052391799543 0.01059949705949396 0.992188
1 0.6304914285714286 0.7049735002507409 0.015294504653433127 0.009445518851151127 0.992188
7 0.23836640676863002 0.28350806656029176 0.014318255776114546 0.014702581262821975 0.991699
13 0.26136663638138624 0.2773535627991794 0.007204887992190043 0.016982014132664692 0.991699
11 0.5107387438984705 0.6727831720993845 0.016108039830784248 0.01595626350581263 0.991699
7 0.6171494383338757 0.3532026222931388 0.01513179095346567 0.015500283565078644 0.991211
2 0.22250240416531078 0.5346478595851379 0.012040347282785552 0.012081192614542968 0.991211
2 0.6934590979498861 0.5376110873033964 0.012691185421412302 0.010941417825393207 0.990723
16 0.6077123436381386 0.7240711702758149 0.017247052391799543 0.010713474538408936 0.990723
7 0.57106244061178 0.4461477200820606 0.015457201692157502 0.014930512878960564 0.990234
4 0.6632769228766677 0.11536922726236608 0.0063455843800846075 0.013049872806017779 0.989746
16 0.40481622388545396 0.6761454260314566 0.01789784054669704 0.010827440346478232 0.989746
14 0.5004880807028962 0.7200820752222475 0.007484546957370648 0.016811036243446546 0.989746
16 0.36291902896192646 0.5591021326646911 0.01692149170191995 0.010471281148848871 0.989258
7 0.3913114533029613 0.14181104536129474 0.01789784054669704 0.016355173011169365 0.988281
23 0.5116742560364465 0.11539782083428311 0.012386101399284087 0.011796190563027125 0.988281
19 0.2879719258054019 0.3726350471848644 0.010453947022453627 0.011511281878276727 0.988281
2 0.27709080117149365 0.5123090439936175 0.01122681210543443 0.010485531251424663 0.988281
0 0.6440775060201758 0.6065648944609072 0.02326709274324764 0.010941417825393207 0.988281
9 0.5740726273999349 0.1863460588101208 0.015050434103481938 0.011853144289947572 0.987793
8 0.644484206963879 0.3271027599726465 0.01594532613081679 0.011169361112377478 0.987793
23 0.32460133550276604 0.48905861864599953 0.012203060982753009 0.010257576293594712 0.987793
0 0.4647738730881874 0.6300433681331206 0.02310447901073869 0.010485531251424663 0.987793
13 0.43768302505694756 0.13656826806473674 0.007647243996095021 0.017152992021882835 0.987305
2 0.6603888630003254 0.46455439434693413 0.01212170413276928 0.0045589240939138366 0.987305
18 0.3006019811259356 0.46238886893093234 0.01773506020175724 0.016526150900387507 0.987305
0 0.2507322147738366 0.6510428374743561 0.02310447901073869 0.010656485798951449 0.987305
14 0.44947935177351117 0.13591295007978116 0.01513179095346567 0.01607017095965352 0.986816
18 0.5195248838268793 0.2307955249601094 0.01594532613081679 0.015044420332801458 0.986816
13 0.6299219472827856 0.34818777661271944 0.007484546957370648 0.016982014132664692 0.986816
1 0.5671981985030915 0.3737748219740141 0.015457201692157502 0.011055395304308182 0.986816
2 0.4655059681093394 0.4434693777068612 0.012691185421412302 0.01139730439936175 0.986816
18 0.5582492782297429 0.72116477957602 0.015457201692157502 0.014816488716662869 0.986816
2 0.5343312307191669 0.13990192842489174 0.013342006898795965 0.011625259357191702 0.986328
18 0.48974940969736414 0.16024619648962846 0.018548628701594534 0.016640058354228403 0.986328
5 0.3449397149365441 0.2789811789377707 0.014643666514806378 0.01093429860952815 0.986328
0 0.37666772014318256 0.6291315249601094 0.02342987308818744 0.010941417825393207 0.986328
16 0.4077449371949235 0.6530089081376794 0.017247052391799543 0.009915655527695464 0.986328
13 0.4035144809632281 0.2060348921814452 0.0078099576960624795 0.017038967859585138 0.98584
7 0.2828262674910511 0.3520629642124458 0.01553855854214123 0.015728331889674037 0.98584
2 0.36479008656036443 0.5363574050604057 0.013342006898795965 0.01139730439936175 0.98584
2 0.6391149547673284 0.4907681641212674 0.01171493654409372 0.010941417825393207 0.98584
0 0.609664874715262 0.7027136277182585 0.02310447901073869 0.00492577378618646 0.98584
0 0.43369665603644647 0.18497835240483243 0.023918047510575982 0.011853144289947572 0.985352
4 0.2873412977546372 0.25541377342147253 0.008460779173446143 0.013904762252108502 0.985352
1 0.18776437878294824 0.2834511128333713 0.015050434103481938 0.015500283565078644 0.985352
5 0.5024406117800195 0.23287550307727375 0.01594532613081679 0.011454293138819238 0.985352
0 0.6527213589326392 0.6300433681331206 0.023470526521314674 0.010485531251424663 0.985352
8 0.3848030719166938 0.23261909459767494 0.015294504653433127 0.011511281878276727 0.984863
18 0.5826553335502765 0.23130845862776384 0.01513179095346567 0.014930512878960564 0.984863
2 0.4045721366742597 0.3489855956234329 0.01171493654409372 0.011283338591292455 0.984863
6 0.5840383833387569 0.3731479808525188 0.016758877969410998 0.010827440346478232 0.984863
19 0.6495282316954116 0.6528094533850011 0.010738687666775139 0.010428542511967176 0.984863
7 0.4077449371949235 0.16480506222931388 0.01757244646924829 0.017095921586505584 0.984375
18 0.611942799869834 0.16058815226806475 0.01903680312398308 0.017095921586505584 0.984375
2 0.5310771233322487 0.27968994939594255 0.012487801627074519 0.011169361112377478 0.984375
13 0.3447771012040351 0.3226578016868019 0.0078099576960624795 0.016982014132664692 0.984375
8 0.39643678490074846 0.48922959653521764 0.01594532613081679 0.011283338591292455 0.984375
13 0.5188740956719817 0.5337929701390473 0.0073625200130165965 0.016526150900387507 0.984375
2 0.22095674064432153 0.6278778427171187 0.012691185421412302 0.01139730439936175 0.984375
7 0.6316303911487146 0.539762374287668 0.01692149170191995 0.015813762480054706 0.984375
2 0.672551237227465 0.6306131388192386 0.012691185421412302 0.010485531251424663 0.984375
8 0.33159772469899124 0.7215067353544563 0.015782629092092416 0.01139730439936175 0.984375
23 0.45350637422713963 0.2562114757237292 0.01228441783273674 0.010713474538408936 0.983887
13 0.3810607901073869 0.4867790690677 0.0078099576960624795 0.01669701208114885 0.983887
4 0.39960958542141234 0.5116822028721222 0.01171493654409372 0.013334874857533622 0.983887
14 0.4739668805727302 0.7202530531114657 0.008135368434754311 0.0167540825165261 0.983887
7 0.3313538041002278 0.1896512423068156 0.017084272046859746 0.01618419512195122 0.983398
0 0.31825573446143834 0.1644632231593344 0.02342987308818744 0.011625259357191702 0.983398
2 0.2869345968109339 0.27994285662183727 0.009274331012040352 0.011404435286072488 0.983398
27 0.6957370231044582 0.37584056165944835 0.009437028050764724 0.014332148620925462 0.983398
38 0.18943216921575007 0.532026470936859 0.02058246664497234 0.018691559607932527 0.983398
19 0.4363814487471526 0.72350128288124 0.01065733081679141 0.011625259357191702 0.983398
5 0.5968108922876667 0.11548325142466379 0.015619915392124959 0.01139730439936175 0.98291
13 0.3763423260657338 0.1833399874173695 0.008460779173446143 0.01655462776384773 0.98291
5 0.6413927133094696 0.5605196735810348 0.015294504653433127 0.01059949705949396 0.98291
13 0.23974945655711033 0.41588790152723953 0.0078099576960624795 0.017095921586505584 0.982422
14 0.2874634246664497 0.6025188456804195 0.008216725284738042 0.015728331889674037 0.982422
2 0.3156524152294175 0.627592840665603 0.011877650244061178 0.010713474538408936 0.982422
9 0.25301013992840876 0.6974014205607476 0.014643666514806378 0.011169361112377478 0.982422
13 0.5367719362186788 0.1607590134488261 0.007484546957370648 0.016982014132664692 0.981934
13 0.507810030589001 0.2533621554593116 0.007484546957370648 0.017437877364941873 0.981934
14 0.6335827556134072 0.2078299849555505 0.0078099576960624795 0.017095921586505584 0.981934
23 0.24341043150016273 0.3492136439480283 0.012040347282785552 0.010713474538408936 0.981934
0 0.4456557630979499 0.4436973093229998 0.02408066124308493 0.010485531251424663 0.981934
23 0.5415717071265864 0.4436973093229998 0.011877650244061178 0.010713474538408936 0.981934
21 0.6537585213146762 0.4931616211534078 0.017247052391799543 0.015614307727376339 0.981934
8 0.23551900032541492 0.6273079553225439 0.01594532613081679 0.01139730439936175 0.981934
18 0.6329319674585095 0.11363120492363801 0.018874022779043282 0.017038967859585138 0.981445
2 0.5351854526521315 0.1866878978801003 0.013097953010087862 0.011169361112377478 0.981445
4 0.4839732899446795 0.23167877456120356 0.01171493654409372 0.012935965352176886 0.981445
0 0.28610070159453305 0.6282767522224756 0.02355183338756915 0.01059949705949396 0.981445
13 0.5676048994467946 0.277581494415318 0.0078099576960624795 0.01686798997036699 0.980957
0 0.5251382232346241 0.5828014187371781 0.022128130165961605 0.01059949705949396 0.980957
13 0.5232671656361861 0.673296105767039 0.008135368434754311 0.01686798997036699 0.980957
18 0.6233322590302636 0.2779804039206747 0.015294504653433127 0.014360625484385686 0.980469
8 0.6521313843150016 0.3039092883519489 0.01659616426944354 0.010713474538408936 0.980469
8 0.2608200976244712 0.3727775482106223 0.01594532613081679 0.010713474538408936 0.980469
8 0.6246338353400586 0.4203327431046273 0.01659616426944354 0.010713474538408936 0.980469
8 0.2405630250569476 0.48814677547298835 0.015782629092092416 0.01139730439936175 0.980469
13 0.2882361731207289 0.11146929746979713 0.006671011780019525 0.02210364805105995 0.97998
4 0.25056943442889684 0.2339868010029633 0.01171493654409372 0.013220850695235925 0.97998
8 0.4644484790107387 0.2790631082744472 0.016758877969410998 0.011055395304308182 0.97998
0 0.6714935815164335 0.2813996115796672 0.02367396029938171 0.01139730439936175 0.97998
13 0.2829482277904328 0.30003421746067926 0.0078099576960624795 0.01641212673808981 0.97998
2 0.20191993752033843 0.3033394009573741 0.013667417637487796 0.010428542511967176 0.97998
7 0.37194925610152946 0.3518349158878505 0.01659616426944354 0.015044420332801458 0.97998
8 0.5139928512853889 0.3732618883063597 0.016270736869508622 0.011169361112377478 0.97998
12 0.4892612352749756 0.3237406227490312 0.027172154897494305 0.0167540825165261 0.97998
4 0.5302432281158477 0.3250370202872122 0.01281321236576635 0.013021395942557556 0.97998
22 0.6009600416531077 0.3734898199224983 0.014480969476082003 0.010485531251424663 0.97998
13 0.39236894240156195 0.5564095518577615 0.006833708818743898 0.016882228402097105 0.97998
2 0.3906605985030914 0.722162053339412 0.012609828571428573 0.01111237237291999 0.97998
13 0.6752358633257404 0.16110096922726236 0.0078099576960624795 0.01607017095965352 0.979492
4 0.5195248838268793 0.30162985548210625 0.011877650244061178 0.013448782311374516 0.979492
18 0.4629841223560039 0.3234413822657853 0.019362197201431824 0.016896466833827214 0.979492
0 0.5981126352098927 0.3506383040802371 0.022779084933289947 0.011055395304308182 0.979492
8 0.5112267517084282 0.4666628493275587 0.016270736869508622 0.010257576293594712 0.979492
13 0.5139928512853889 0.5102575427399134 0.0071591362186788155 0.016640058354228403 0.979492
0 0.2781484568825252 0.6979142375199453 0.02668398047510576 0.011169361112377478 0.979492
8 0.516270776439961 0.6989970585821745 0.01659616426944354 0.01139730439936175 0.979492
7 0.38024738821998044 0.21176200957374058 0.01692149170191995 0.0167540825165261 0.979004
23 0.4655059681093394 0.2562114757237292 0.011389525805401887 0.010713474538408936 0.979004
5 0.5479986150341686 0.2793481103259631 0.01570127224210869 0.011283338591292455 0.979004
0 0.4234359960950212 0.3526025074082516 0.024263768304588353 0.004954273991338044 0.979004
7 0.6897982896192646 0.40038750125370415 0.01757244646924829 0.016127241395030772 0.979004
6 0.38333871526195895 0.4429528961021199 0.01594532613081679 0.01049265046728972 0.979004
4 0.5238366469248291 0.5123090439936175 0.011389525805401887 0.013676830635969911 0.979004
2 0.6602669027009437 0.46758181171643487 0.012365774682720468 0.010813201914748119 0.979004
5 0.4889358411975268 0.7229313954866651 0.01513179095346567 0.011625259357191702 0.979004
2 0.49690857923852916 0.18571921768862548 0.012365774682720468 0.011169361112377478 0.978516
23 0.5634559166937846 0.3502393945748803 0.012365774682720468 0.010713474538408936 0.978516
2 0.27595183859420763 0.3725067845908365 0.012040347282785552 0.01125483838614087 0.978516
22 0.27351129970712657 0.4187372217916572 0.013992845037422715 0.010713474538408936 0.978516
6 0.24650175854214124 0.44204471757465236 0.015619915392124959 0.011055395304308182 0.978516
8 0.626423752684673 0.5137907745612036 0.016270736869508622 0.011283338591292455 0.978516
8 0.18499844581841848 0.7209938016868019 0.015457201692157502 0.011625259357191702 0.978516
0 0.3686951487146111 0.7231593271028037 0.02310447901073869 0.010941417825393207 0.978516
8 0.6407419251545721 0.6763164039206747 0.01659616426944354 0.010713474538408936 0.978516
22 0.6485518828506346 0.13995899886026897 0.014643666514806378 0.010713474538408936 0.978027
6 0.20383181516433455 0.280487768406656 0.015863969280833064 0.010485531251424663 0.978027
6 0.5067218514806378 0.2793481103259631 0.013728447770907906 0.010941417825393207 0.978027
38 0.22746495541815817 0.4395943068155915 0.02082655385616661 0.017779833143378162 0.978027
6 0.20728935632931988 0.5344199279689993 0.014480969476082003 0.010485531251424663 0.978027
7 0.32191670940449074 0.538294998860269 0.017247052391799543 0.01618419512195122 0.978027
4 0.4511877956394403 0.5331661290175519 0.013992845037422715 0.01641212673808981 0.978027
13 0.26260984835665474 0.5554763510371553 0.006833708818743898 0.016469080465010257 0.978027
2 0.4890986215424667 0.6293025028493275 0.012691185421412302 0.010827440346478232 0.978027
7 0.5375853381060852 0.1187030043309779 0.0078099576960624795 0.01595626350581263 0.977539
8 0.6452977754637162 0.2335309377706861 0.01659616426944354 0.010827440346478232 0.977539
7 0.40050446078750407 0.304935038978801 0.018386014969085585 0.016526150900387507 0.977539
2 0.4467539056296778 0.3023706040574424 0.012365774682720468 0.011283338591292455 0.977539
5 0.3224861906931338 0.44198764713927513 0.014155542076147089 0.011625259357191702 0.977539
0 0.26667752424341035 0.4655943834055163 0.02342987308818744 0.010684974333257352 0.977539
4 0.6808493693459161 0.4437685248233417 0.012203060982753009 0.012209338500113973 0.977539
13 0.6906931649853564 0.48803286801914747 0.008135368434754311 0.016526150900387507 0.977539
8 0.4280833166287016 0.6294164103031684 0.016270736869508622 0.010827440346478232 0.977539
13 0.46591283566547353 0.7206519626168224 0.0078099576960624795 0.017323969911100977 0.977539
13 0.3448584080702896 0.18378162388876226 0.007321833257403189 0.017323969911100977 0.977051
8 0.36625444321509926 0.4427854661499886 0.017247052391799543 0.011283338591292455 0.977051
7 0.2813212574031891 0.5839981472532482 0.017247052391799543 0.01527235194894005 0.977051
2 0.6376504315001628 0.6520970649646683 0.012365774682720468 0.01059949705949396 0.977051
0 0.545222518711357 0.23341691360838843 0.033049908232997076 0.01139730439936175 0.976562
7 0.2986392866905304 0.3285702521085024 0.01433859915392125 0.015300945520857078 0.976562
4 0.45330294044907254 0.3480738691588785 0.01122681210543443 0.013904762252108502 0.976562
38 0.4023755183859421 0.39354908593571913 0.0224536908558412 0.017779833143378162 0.976562
0 0.1885372938496583 0.4659505776156827 0.022209603644646924 0.010770463277866424 0.976562
23 0.2921310719166938 0.534932744928197 0.011409852521965505 0.010371553772509687 0.976562
21 0.32976732053368046 0.6306131388192386 0.016677571103156527 0.015500283565078644 0.976562
6 0.3568988219980475 0.6286043528607249 0.014969093914741296 0.011083883838614087 0.976562
6 0.5203384523267166 0.7231593271028037 0.01594532613081679 0.011169361112377478 0.976562
22 0.6935405714285714 0.1866878978801003 0.014318255776114546 0.011283338591292455 0.976074
4 0.5930686104783599 0.39611352085707774 0.012040347282785552 0.01287901162525644 0.976074
2 0.4109177377155874 0.5124230681559152 0.01122681210543443 0.01139730439936175 0.976074
2 0.5356329736413928 0.5127650239343515 0.01171493654409372 0.011625259357191702 0.976074
23 0.6797917136348846 0.537839018919535 0.011958990432801823 0.010257576293594712 0.976074
6 0.2749756563618614 0.6042853448826078 0.015294504653433127 0.010485531251424663 0.976074
0 0.25854217246989913 0.6747777196261682 0.0224536908558412 0.010257576293594712 0.976074
22 0.24991864627399935 0.18759974105311147 0.013992845037422715 0.010941417825393207 0.975586
6 0.5079726443215099 0.16281063141098703 0.01659616426944354 0.010257576293594712 0.975586
6 0.262284454279206 0.21099266742648734 0.016270736869508622 0.01111237237291999 0.975586
13 0.545069901724699 0.18324737925689535 0.006671011780019525 0.016226910417141555 0.975586
2 0.2183534214123007 0.37178027444723044 0.012365774682720468 0.010713474538408936 0.975586
4 0.2308005362837618 0.3704125680419421 0.011552222844126263 0.012764987462958741 0.975586
22 0.63000325414904 0.303766787326191 0.014318255776114546 0.010770463277866424 0.975586
22 0.262284454279206 0.4421016713015728 0.014318255776114546 0.010827440346478232 0.975586
4 0.2735926065733811 0.5571504171415546 0.012040347282785552 0.013349113289263734 0.975586
9 0.25301013992840876 0.627763818554821 0.015294504653433127 0.010941417825393207 0.975586
8 0.6247966156849983 0.559664900843401 0.015619915392124959 0.011340327330749944 0.975586
6 0.37862533289944683 0.13933215773877367 0.007382846729580214 0.011169361112377478 0.975098
5 0.5061828935893263 0.30271255983587875 0.014318255776114546 0.011169361112377478 0.975098
22 0.3177677266514806 0.46352864372008207 0.014806380214773835 0.006610437018463642 0.975098
13 0.49544422258379434 0.464112769546387 0.009274331012040352 0.016383649874629588 0.975098
6 0.5163520833062155 0.5595010421700478 0.014969093914741296 0.010699224435833144 0.975098
8 0.5200130582492679 0.6059950070663322 0.01594532613081679 0.010713474538408936 0.975098
6 0.6601041223560039 0.23421473261910186 0.012691185421412302 0.01059949705949396 0.974609
22 0.5989262037097298 0.23324593571917027 0.014480969476082003 0.010713474538408936 0.974609
2 0.6256101841848357 0.25638245361294737 0.012365774682720468 0.011169361112377478 0.974609
13 0.39417918646274 0.32241563163893316 0.0067523519687601695 0.017580378390699793 0.974609
8 0.6460706905304263 0.35058123364485977 0.016677571103156527 0.011625259357191702 0.974609
23 0.3368858366417182 0.48911557237291997 0.012040347282785552 0.009801689719626168 0.974609
2 0.26553856166612433 0.7212788037383178 0.012691185421412302 0.011739236836106679 0.974609
8 0.21989908493328997 0.1644632231593344 0.015457201692157502 0.010827440346478232 0.974121
7 0.6586600924178327 0.1896512423068156 0.01639278047510576 0.01595626350581263 0.974121
0 0.4188903091441588 0.7236009519033508 0.02342987308818744 0.011140872578071575 0.974121
6 0.5176538262284412 0.13950301891953498 0.016270736869508622 0.010827440346478232 0.973633
5 0.279043332248617 0.21107821472532481 0.014643666514806378 0.010713474538408936 0.973633
22 0.220305952489424 0.280487768406656 0.014643666514806378 0.010485531251424663 0.973633
6 0.27314508558411976 0.28003190517437887 0.01533517474780345 0.010827440346478232 0.973633
6 0.40465344354051414 0.6989970585821745 0.015619915392124959 0.010485531251424663 0.973633
13 0.5717540488122356 0.7206519626168224 0.008460779173446143 0.01755190152723957 0.973633
6 0.5775708219980475 0.35058123364485977 0.015050434103481938 0.010941417825393207 0.973145
22 0.4106533237878295 0.18532030818326875 0.014440282720468597 0.010941417825393207 0.972656
5 0.4540352020826554 0.18486432824253476 0.01513179095346567 0.010713474538408936 0.972656
6 0.5566221412300684 0.1862320346478231 0.01594532613081679 0.010485531251424663 0.972656
13 0.2525219655060202 0.2549008397538181 0.007321833257403189 0.016526150900387507 0.972656
8 0.6168238776439962 0.44358328516070206 0.016270736869508622 0.01139730439936175 0.972656
6 0.30556453237878295 0.534920292135856 0.01513179095346567 0.0107953922042398 0.972656
11 0.4985357162382037 0.6031456868019148 0.025057010087862024 0.01584223934351493 0.972656
4 0.3039375619915392 0.6269304034647823 0.01171493654409372 0.013149658536585365 0.972656
7 0.5313008838268792 0.5392067253248234 0.01761309990237553 0.015728331889674037 0.972168
6 0.44459810738691835 0.6297014123546842 0.016514807419459814 0.010371553772509687 0.972168
22 0.505506630393752 0.6061659849555505 0.01133867569150667 0.009801689719626168 0.972168
6 0.648063708428246 0.7001367166628676 0.01659616426944354 0.010827440346478232 0.972168
14 0.6699479179954442 0.6744785958513791 0.007728600846078751 0.016212671985411445 0.972168
13 0.6604295164334527 0.13710967859585138 0.0078099576960624795 0.016526150900387507 0.97168
2 0.3446957943377807 0.23318898199224986 0.020175765701269117 0.010827440346478232 0.97168
8 0.27350613472177027 0.2343144016412127 0.01603684633908233 0.01096990635969911 0.97168
22 0.507810030589001 0.20956800729427855 0.014806380214773835 0.01059949705949396 0.97168
2 0.5297958737390173 0.37309091041714154 0.012243731077123333 0.010713474538408936 0.97168
4 0.18589332118451024 0.5095737478914976 0.011389525805401887 0.013448782311374516 0.97168
8 0.4782784770582492 0.5356165397766127 0.017084272046859746 0.011055395304308182 0.97168
5 0.6619753465668727 0.6067928260770459 0.008948903612105433 0.010713474538408936 0.97168
5 0.6519687705824927 0.11636650102575792 0.014318255776114546 0.01059949705949396 0.971191
2 0.4202631955743573 0.2322201850923182 0.02214862349495607 0.010941417825393207 0.971191
2 0.4843801575008135 0.46392755322543877 0.012528471721444842 0.005812629678595851 0.971191
6 0.6420436680767979 0.4203327431046273 0.01594532613081679 0.010485531251424663 0.971191
6 0.6575008031239831 0.6765443355368133 0.01594532613081679 0.010485531251424663 0.971191
6 0.2091604139277579 0.25780711374515614 0.015619915392124959 0.010143610485525416 0.970703
4 0.4035144809632281 0.3250512587189423 0.012691185421412302 0.013448782311374516 0.970703
5 0.5437276719817768 0.326304940961933 0.015213147803449399 0.011511281878276727 0.970703
2 0.61999667816466 0.3730339566902211 0.012365774682720468 0.011055395304308182 0.970703
0 0.5045557565896518 0.3963129756097561 0.02456883566547348 0.010770463277866424 0.970703
6 0.5555646521314677 0.44364035559607934 0.015294504653433127 0.010371553772509687 0.970703
6 0.503739722225838 0.4896854597674949 0.007804876016921575 0.011283338591292455 0.970703
5 0.20013018678815492 0.7214497816275359 0.013911488187438986 0.011169361112377478 0.970703
5 0.38504715912788806 0.11531227353544564 0.01513179095346567 0.011853144289947572 0.970215
6 0.5258501581516433 0.11579673033963984 0.01570127224210869 0.011739236836106679 0.970215
5 0.4770582076147087 0.3526363411898792 0.014318255776114546 0.005021941554593116 0.970215
4 0.27393832736739343 0.5524275760200593 0.01171493654409372 0.0038750825621153406 0.970215
6 0.6150341269118125 0.5368132682926829 0.014643666514806378 0.011055395304308182 0.970215
13 0.6592905538561665 0.16081608388420335 0.008135368434754311 0.01755190152723957 0.969727
6 0.264724993166287 0.25740820423979943 0.015294504653433127 0.010485531251424663 0.969727
14 0.6786527510575984 0.6744928342831091 0.008460779173446143 0.01527235194894005 0.969727
6 0.347949901724699 0.722019552313654 0.016108039830784248 0.011055395304308182 0.969238
5 0.5336804425642695 0.6993390143606109 0.014969093914741296 0.010941417825393207 0.969238
5 0.6645378457533355 0.7028222599498518 0.014074201887406443 0.005143038249373148 0.969238
14 0.6673852521965505 0.16058815226806475 0.007728600846078751 0.0167540825165261 0.96875
4 0.20151323657663522 0.4410759206747208 0.01122681210543443 0.014132693868247092 0.96875
11 0.600064999674585 0.4643549395942557 0.025219623820370973 0.01618419512195122 0.96875
4 0.3610478047510576 0.2320776840665603 0.01171493654409372 0.012935965352176886 0.968262
2 0.2621522139928409 0.3951732008206063 0.011796293394077449 0.010941417825393207 0.968262
2 0.414578546046209 0.5827159881467974 0.012853882460136676 0.011454293138819238 0.968262
5 0.6309794363813863 0.16355137998632324 0.015294504653433127 0.010941417825393207 0.967773
14 0.2905547517084282 0.207894057898336 0.00724047640741946 0.016283864144062004 0.967773
14 0.35698012886430197 0.32254389423296104 0.014155542076147089 0.01607017095965352 0.967773
23 0.4655059681093394 0.419705901983132 0.010738687666775139 0.01059949705949396 0.967773
2 0.4941424796615685 0.5357875176658309 0.011877650244061178 0.010713474538408936 0.967773
22 0.3747966625447446 0.39497374606792796 0.014318255776114546 0.01059949705949396 0.967285
2 0.3908232788805727 0.16229769774333258 0.012365774682720468 0.010713474538408936 0.966797
13 0.279043332248617 0.25461595441075907 0.0071591362186788155 0.01641212673808981 0.966797
14 0.6623820475105759 0.41816733439708226 0.0078099576960624795 0.01618419512195122 0.966797
2 0.23983076342336476 0.6973444668338272 0.011389525805401887 0.01139730439936175 0.966797
7 0.5007321679140905 0.5155003200364714 0.016433450569476083 0.015614307727376339 0.965332
0 0.4284087107061504 0.5366423487576932 0.03205339928408721 0.011026895099156598 0.965332
7 0.3810607901073869 0.2823398149076818 0.01659616426944354 0.015414852974697971 0.964844
0 0.4234359960950212 0.34932755140186916 0.024914556459485846 0.011853144289947572 0.964355
2 0.40863981256101534 0.5592090376111237 0.012528471721444842 0.01054250832003647 0.964355
22 0.6261796654734787 0.6300005361294734 0.014155542076147089 0.010514019785730567 0.964355
5 0.23673926976895543 0.23438571050832002 0.014969093914741296 0.011055395304308182 0.963867
6 0.38935892222583796 0.34887168816959196 0.01594532613081679 0.010713474538408936 0.963867
6 0.5350634923527497 0.6060519607932529 0.012853882460136676 0.010371553772509687 0.963867
18 0.6278982227139602 0.2790203929792569 0.006182887341360234 0.010912929291087304 0.963379
22 0.6339083163032867 0.4445805822657853 0.014969093914741296 0.01045703104627308 0.963379
23 0.23690205011389523 0.18742876316389334 0.01106409840546697 0.010485531251424663 0.962891
5 0.4819394520013016 0.2798039735582402 0.014969093914741296 0.010713474538408936 0.962891
5 0.527172061178002 0.466263939822202 0.014318255776114546 0.01111237237291999 0.962891
5 0.2896192229092092 0.30311146934123545 0.0039049788480312398 0.010485531251424663 0.962402
27 0.5307110758216727 0.44328413804422157 0.010087866189391474 0.011083883838614087 0.962402
23 0.6130817624471201 0.629359456576248 0.012040347282785552 0.009573734761796215 0.961914
23 0.2709079804751058 0.32560690768178707 0.010738687666775139 0.01074196307271484 0.960938
16 0.3657662687927107 0.3729199325279234 0.01757244646924829 0.012081192614542968 0.960938
8 0.39375199219004225 0.41953504080237064 0.016108039830784248 0.011169361112377478 0.960449
13 0.4747802824601367 0.4166856038294962 0.006833708818743898 0.01641212673808981 0.960449
5 0.5388057741620567 0.3264189651242307 0.005369352164009112 0.010713474538408936 0.959961
2 0.3814981310771233 0.6520401112377479 0.013240323332248618 0.010827440346478232 0.959961
13 0.4524080650829808 0.4643407011625257 0.009762455450699642 0.016497557328470483 0.959473
8 0.329686013667426 0.3721222302256667 0.015375861503416856 0.010941417825393207 0.958984
12 0.40739904978848035 0.276285096877137 0.02753820240807029 0.016725605653065877 0.958984
3 0.5413887666775138 0.6271939311602462 0.021029987634233648 0.018235696375655346 0.958984
2 0.5027100907256753 0.1156257524504217 0.00574561301659616 0.012081192614542968 0.958008
22 0.6433452443865929 0.5137907745612036 0.014643666514806378 0.010257576293594712 0.958008
23 0.2266515535307517 0.11836104855254159 0.012040347282785552 0.010998406564850694 0.95752
2 0.28547024015619915 0.46341461955778435 0.01212170413276928 0.006838391976293595 0.957031
12 0.45143188285063457 0.7203100068383861 0.01789784054669704 0.016640058354228403 0.957031
22 0.4005857676537586 0.23236268611807612 0.014318255776114546 0.010998406564850694 0.956543
13 0.4139277578913114 0.30059698563938914 0.005206638464041653 0.018363958969683153 0.956543
5 0.19655068532378783 0.6270230699794849 0.013992845037422715 0.01139730439936175 0.956543
22 0.20387246859746175 0.16491908639161157 0.013342006898795965 0.010485531251424663 0.956055
14 0.46599414253172794 0.18292685115112833 0.008460779173446143 0.016640058354228403 0.956055
14 0.6413927133094696 0.20763053020287212 0.008460779173446143 0.016583104627307953 0.955566
13 0.23560030719166936 0.11554020515158422 0.006508298080052067 0.016469080465010257 0.955078
6 0.3778066827204686 0.5125940460451333 0.014969093914741296 0.010827440346478232 0.955078
6 0.4122193140253824 0.20782286573968545 0.008623492873413602 0.011981406883975382 0.95459
11 0.39179946111291897 0.6029177551857762 0.024731616010413276 0.01618419512195122 0.95459
13 0.6308168226488773 0.13699565443355366 0.007321833257403189 0.016640058354228403 0.954102
22 0.6537585213146762 0.2103373494415318 0.013992845037422715 0.010257576293594712 0.954102
13 0.6208915535307516 0.7207658700706633 0.0071591362186788155 0.017323969911100977 0.954102
5 0.655792359258054 0.7238431219512196 0.013992845037422715 0.010941417825393207 0.954102
14 0.559754288317605 0.2776955185776157 0.007972671396029939 0.016982014132664692 0.953613
14 0.6542060423039375 0.4179394027809437 0.007728600846078751 0.01595626350581263 0.953613
11 0.3086560260331923 0.3697145347617962 0.02408066124308493 0.016212671985411445 0.953125
1 0.44463876082004555 0.7012764914520173 0.025138316954116502 0.01641212673808981 0.953125
23 0.2502440403514481 0.3946319069979485 0.012691185421412302 0.010713474538408936 0.952637
12 0.42926293263911486 0.36938681741509005 0.01871140904653433 0.01618419512195122 0.952148
14 0.3896843163032867 0.5100865648506953 0.007484546957370648 0.016298102575792114 0.952148
7 0.6620566534331273 0.5172669359471165 0.008786206573381061 0.015500283565078644 0.952148
10 0.3491701711682395 0.6950649172555277 0.015294504653433127 0.016526150900387507 0.952148
6 0.38014562134721774 0.4658507918851151 0.010535303872437356 0.011710759972646456 0.95166
27 0.5387243006833713 0.25626854615910644 0.005532049202733485 0.011283338591292455 0.951172
5 0.6918321275626425 0.28031679051743785 0.015457201692157502 0.011739236836106679 0.951172
4 0.542832796615685 0.3724640692956462 0.01212170413276928 0.012309124230681558 0.950684
11 0.653921301659616 0.25467290813767945 0.024731616010413276 0.01641212673808981 0.950195
4 0.3691831565245688 0.46250289309323 0.015619915392124959 0.00866196161385913 0.949219
7 0.24438661373250897 0.16697058764531572 0.026033192320208266 0.01595626350581263 0.94873
22 0.6306693373250895 0.23370179895144746 0.011745443280182233 0.010143610485525416 0.94873
23 0.18703228376179626 0.44073396489628447 0.017247052391799543 0.01139730439936175 0.94873
6 0.3306621958997722 0.5512309642124458 0.014562309664822649 0.006268516252564395 0.94873
14 0.3918809345916043 0.6496466542056074 0.0071591362186788155 0.01618419512195122 0.94873
8 0.33629602863651153 0.46341461955778435 0.01533517474780345 0.006838391976293595 0.947754
14 0.3744712684672958 0.5796102594027809 0.007972671396029939 0.016298102575792114 0.947754
6 0.25707781581516437 0.4884317775245042 0.015619915392124959 0.011169361112377478 0.947266
4 0.48763426488773187 0.41816733439708226 0.017247052391799543 0.013448782311374516 0.946777
14 0.3768228363163033 0.5794962352404832 0.003874472111942727 0.01641212673808981 0.946777
6 0.5640660514155549 0.6291315249601094 0.024812922876667753 0.010827440346478232 0.946777
2 0.3871623039375203 0.6751623906997948 0.012365774682720468 0.010514019785730567 0.946777
4 0.3835014956068988 0.6955778509231821 0.014318255776114546 0.01641212673808981 0.946777
5 0.2253498106085259 0.25769320629131526 0.01513179095346567 0.010371553772509687 0.946289
8 0.3356858939147413 0.35210565616594486 0.01525381789781972 0.003960559835878732 0.946289
11 0.2514643097949886 0.5509459621609301 0.01317930986007159 0.006838391976293595 0.945801
5 0.25301008994467944 0.720865655801231 0.00617270732183534 0.01002963300661044 0.945801
5 0.664253105109014 0.49059718623204923 0.0043931032866905305 0.01002963300661044 0.945312
4 0.6764969528148389 0.18577617141554595 0.016352093719492353 0.013220850695235925 0.944824
0 0.5351447992190043 0.23347386733530884 0.012691185421412302 0.010371553772509687 0.944824
7 0.6597380748454279 0.44679593052199684 0.027578855841197528 0.015514638705265557 0.944824
4 0.5559713530751709 0.11393032869842717 0.012203060982753009 0.01575680875313426 0.944336
5 0.35356324113244386 0.46375657533622067 0.01594532613081679 0.0061545504444950995 0.944336
4 0.419500443865929 0.7026619842261226 0.011308168955418158 0.004822486801914748 0.944336
19 0.4129515756589652 0.2319922534761796 0.0071591362186788155 0.010713474538408936 0.943848
2 0.2899854370322161 0.5117392733074995 0.012447114871461112 0.011169361112377478 0.943359
14 0.5839570764725024 0.11321805698655117 0.008623492873413602 0.017181468885343058 0.941895
8 0.31329318320859095 0.5123090439936175 0.016108039830784248 0.010941417825393207 0.941895
27 0.2521152645623169 0.2802598367905174 0.010250563228115848 0.010941417825393207 0.941406
2 0.40473475040676865 0.35236743323455666 0.011958990432801823 0.004484125643948028 0.940918
6 0.2971139498861048 0.11636650102575792 0.02471112268141881 0.011682283109186233 0.939453
22 0.6628498952164009 0.3509231894232961 0.014847050309144159 0.010827440346478232 0.938965
5 0.5394565623169542 0.5813198048780488 0.004067692547998699 0.013334874857533622 0.9375
5 0.5338838763423365 0.7024678747207659 0.014887737064757567 0.004434267791201276 0.9375
5 0.5690692561015295 0.11573965990426259 0.014318255776114546 0.011055395304308182 0.936523
4 0.4899934969085584 0.5525985539092774 0.010413276928083305 0.003533161796216093 0.936523
2 0.5361209814513505 0.6754616311830408 0.010738687666775139 0.010827440346478232 0.936523
5 0.20273350602017576 0.35223031246865744 0.014155542076147089 0.004209884112149533 0.936035
22 0.2563201624471201 0.11739225165261 0.012803049007484543 0.011853144289947572 0.935547
2 0.4415472671656362 0.3524083979028949 0.011958990432801823 0.004537554775472989 0.93457
18 0.39220632866905303 0.18430874930476407 0.02082655385616661 0.014588557100524277 0.934082
11 0.40530423169541163 0.6266241604741281 0.0224536908558412 0.01595626350581263 0.932617
13 0.6359421542466646 0.25359020378390695 0.007321833257403189 0.017095921586505584 0.931152
3 0.2601691428571429 0.5792113498974242 0.020175765701269117 0.017665808981080465 0.931152
13 0.6638464041653108 0.2080579165716891 0.005206638464041653 0.016811036243446546 0.930664
6 0.47266513765050444 0.3029974451789378 0.006996422518711357 0.010485531251424663 0.929199
6 0.6485518828506346 0.7028649985867336 0.014887737064757567 0.00522851552313654 0.929199
4 0.23739022453628378 0.30285506086163666 0.01171493654409372 0.01361976020059266 0.928711
6 0.3464042382037097 0.3719512523364486 0.015619915392124959 0.010713474538408936 0.928711
23 0.34380091897168885 0.6285616375655346 0.01122681210543443 0.010257576293594712 0.928711
11 0.5227993179303613 0.6497891552313654 0.024446875366091768 0.016127241395030772 0.925293
6 0.25854217246989913 0.5116252491452018 0.015619915392124959 0.010941417825393207 0.924805
6 0.3896843163032867 0.3522035979028949 0.015294504653433127 0.004156454980624572 0.924316
13 0.2627318586397657 0.5508320547070891 0.007016765896518061 0.0070663352632778665 0.921875
6 0.6598600351448096 0.32687482835650783 0.01317930986007159 0.010485531251424663 0.921387
11 0.6237389599739668 0.2306530239343515 0.02456883566547348 0.016469080465010257 0.919434
4 0.44801499511877646 0.2027011151128334 0.012040347282785552 0.0030772752222475498 0.917969
8 0.21273991539212495 0.6972873963984499 0.01594532613081679 0.010941417825393207 0.917969
2 0.3779643314025382 0.6750484832459539 0.006142200585746827 0.010058121540916343 0.917969
21 0.4712007809957696 0.5514588958285844 0.0224536908558412 0.005812629678595851 0.916504
8 0.20322168044256428 0.3716662502849327 0.014969093914741296 0.010713474538408936 0.916016
6 0.2833957487796941 0.32579212400273533 0.014887737064757567 0.011169361112377478 0.915039
6 0.47868534461438333 0.1852632377478915 0.01594532613081679 0.01139730439936175 0.913086
22 0.37952530660592254 0.4194210166400729 0.00929465772860397 0.010485531251424663 0.911621
2 0.37734399999999996 0.3255214770914064 0.004906652782297429 0.010684974333257352 0.911133
2 0.37373900683371303 0.3253932144973786 0.013016596160104133 0.011169361112377478 0.90918
6 0.5925806026684022 0.5137337041258263 0.015294504653433127 0.011055395304308182 0.90918
6 0.6029124061178002 0.27997133348529746 0.025219623820370973 0.010834571233188968 0.908691
11 0.30967302831109667 0.7187713225438797 0.024487528799219 0.01641212673808981 0.908691
22 0.6609176908558412 0.3532062052427627 0.010738687666775139 0.006161669660360155 0.907227
2 0.5014236894760821 0.18571921768862548 0.0031524571428571432 0.009003870708912697 0.906738
7 0.6714935815164335 0.5168680264417598 0.02749754897494305 0.015500283565078644 0.906738
2 0.5387243006833713 0.46341461955778435 0.005532049202733485 0.006838391976293595 0.90332
13 0.610803837292548 0.2771825849099612 0.010087866189391474 0.016583104627307953 0.902832
4 0.31626254995118774 0.32499430499202187 0.017328359258054017 0.012081192614542968 0.901855
14 0.38252514676212174 0.5796102594027809 0.008460779173446143 0.01595626350581263 0.901367
7 0.6557110523917996 0.3741737314793709 0.021151947933615363 0.010257576293594712 0.899902
8 0.5081354246664498 0.34704811853202644 0.015619915392124959 0.01641212673808981 0.898438
6 0.4094533810608526 0.41930699247777525 0.014155542076147089 0.01139730439936175 0.898438
22 0.31630336999674585 0.3522338720765899 0.014155542076147089 0.004217003328014588 0.897461
27 0.577855562642369 0.1402154073398678 0.010575990628050765 0.010941417825393207 0.896484
27 0.47608202538236255 0.6147816016412126 0.008623492873413602 0.004124406838386141 0.895508
5 0.6637650972990563 0.3038523346250285 0.005369352164009112 0.011625259357191702 0.89502
7 0.47949891311422066 0.3989628411214953 0.024406055320533682 0.01595626350581263 0.89502
8 0.5164333901724699 0.7024571842261227 0.016270736869508622 0.004412898472760428 0.89502
23 0.6169866579889359 0.1871135336220652 0.012365774682720468 0.010631556872578071 0.893066
0 0.6874390575984379 0.6982561932983816 0.01985037162382037 0.015500283565078644 0.893066
4 0.672551237227465 0.7233872587189424 0.016840184835665472 0.011967168452245271 0.892578
6 0.40449066319557436 0.536699360838842 0.014643666514806378 0.009801689719626168 0.889648
27 0.6812560702896192 0.4907112103943469 0.009274331012040352 0.010428542511967176 0.888184
27 0.37194925610152946 0.23304648096649191 0.010087866189391474 0.011340327330749944 0.885742
7 0.33680436316303286 0.6767580287212218 0.0279857233973316 0.016212671985411445 0.882324
6 0.2168890647575659 0.3948027681787098 0.008135368434754311 0.010143610485525416 0.880859
2 0.2375528382687927 0.5533394191930704 0.011389525805401887 0.002051512924549806 0.878906
4 0.3843150641067361 0.37160929655801234 0.01659616426944354 0.011340327330749944 0.876465
11 0.22144491506671005 0.5087759288807842 0.024406055320533682 0.016640058354228403 0.876465
23 0.6020990042303938 0.5370411999088216 0.01106409840546697 0.01002963300661044 0.876465
6 0.28904974162056624 0.5350253647595168 0.0050439247640741945 0.010528269888306359 0.876465
19 0.49121376635209896 0.35258291205835424 0.010738687666775139 0.004915094962388876 0.875977
22 0.22510572339733162 0.46468254023250516 0.013016596160104133 0.010798951812172327 0.871582
6 0.3834658738691832 0.2562114757237292 0.017114762121705172 0.011169361112377478 0.870605
5 0.5488936570126911 0.5368132682926829 0.014318255776114546 0.010485531251424663 0.869629
8 0.5359583677188415 0.4196489482562115 0.01106409840546697 0.011169361112377478 0.868652
4 0.6581515912788806 0.5597789250056987 0.01659616426944354 0.011625259357191702 0.868164
0 0.41181261308167916 0.7237007376339184 0.009437028050764724 0.010941417825393207 0.868164
9 0.4936544718516108 0.7020992393891042 0.013667417637487796 0.003668508593571917 0.868164
8 0.5813131038073543 0.20725297834511056 0.016514807419459814 0.01597050193754274 0.864258
12 0.3077611506671005 0.5787553699566902 0.028473731207289292 0.016526150900387507 0.863281
8 0.5079726443215099 0.3526684010029633 0.015619915392124959 0.0050860495099156605 0.861328
13 0.5387651207289293 0.27941930248461366 0.0032541407094044904 0.011169361112377478 0.86084
11 0.37886433843150014 0.5514018253932073 0.012853882460136676 0.005926595486665147 0.858887
8 0.221607528799219 0.5532253950307727 0.014155542076147089 0.0022794562115340776 0.85791
10 0.3380247992190042 0.5094597237291999 0.015457201692157502 0.016640058354228403 0.856934
2 0.25829808525870485 0.41839526601322086 0.016758877969410998 0.011967168452245271 0.855957
27 0.32240488382687926 0.27923408616366535 0.009274331012040352 0.011169361112377478 0.85498
6 0.6910998659290595 0.6767722671529519 0.01513179095346567 0.010713474538408936 0.854004
6 0.2879922525219655 0.3257351702758149 0.006020173641392776 0.010713474538408936 0.853027
22 0.2519766430198503 0.1409562726236608 0.004100731793036121 0.009801689719626168 0.847168
8 0.4447608877318581 0.2763847658992478 0.016108039830784248 0.01641212673808981 0.845703
0 0.4715261750732183 0.5568155805789834 0.025382404165310773 0.016469080465010257 0.845703
13 0.5027456958021478 0.37052659220423984 0.005816789847054996 0.01641212673808981 0.844727
8 0.5490562707452001 0.5568725343059038 0.014969093914741296 0.01607017095965352 0.842773
27 0.31166604620891636 0.39548667973558244 0.009437028050764724 0.010485531251424663 0.84082
7 0.443784538887081 0.5619942849327559 0.0278229430523918 0.015514638705265557 0.838867
10 0.26602673608851285 0.13742304080237064 0.015294504653433127 0.0167540825165261 0.835449
7 0.43536444646924827 0.4923068484157739 0.021396035144809634 0.015500283565078644 0.833496
6 0.25138300292873417 0.46352864372008207 0.005532049202733485 0.006610437018463642 0.831055
6 0.425886698340384 0.44364035559607934 0.014969093914741296 0.010827440346478232 0.829102
4 0.5435953817116823 0.46352864372008207 0.014989420631304913 0.006610437018463642 0.829102
13 0.39098605922551255 0.5511738937770686 0.010087866189391474 0.0063824937314793705 0.829102
6 0.6383826931337455 0.4676885999544107 0.016108039830784248 0.010200587554137224 0.825684
22 0.25375498080052067 0.1644632231593344 0.007662505694760821 0.011967168452245271 0.824219
7 0.5022067212495932 0.26025752450421696 0.004738857403189066 0.019375471164805105 0.824219
4 0.35079730816791416 0.4862377752450422 0.014969093914741296 0.016355173011169365 0.824219
6 0.4300765011389522 0.6062798924093914 0.016108039830784248 0.01059949705949396 0.823242
10 0.5345549912137976 0.48706407111921585 0.01533517474780345 0.01641212673808981 0.819824
6 0.3950537351122682 0.5822886017779805 0.015619915392124959 0.01059949705949396 0.819824
29 0.5089743349170192 0.6263962288579895 0.018131764399609503 0.01641212673808981 0.818848
10 0.5948583612105435 0.5798381910189195 0.015457201692157502 0.016298102575792114 0.816406
11 0.3444517071265864 0.43982223843173013 0.025057010087862024 0.016640058354228403 0.81543
8 0.28164665148063783 0.48563941098700714 0.015457201692157502 0.016355173011169365 0.813965
1 0.25192705916042957 0.2140414424435833 0.004006679075821673 0.015386376111237748 0.812988
22 0.4020094708753661 0.44255753453385 0.013545390693133746 0.010941417825393207 0.810547
9 0.46467207289293855 0.46352864372008207 0.015986012886430197 0.006610437018463642 0.810547
27 0.4638789977220957 0.3528179862320492 0.010087866189391474 0.0053781007522224755 0.808105
11 0.559022193296453 0.6727831720993845 0.025138316954116502 0.016298102575792114 0.808105
13 0.4739668805727302 0.27959028037383177 0.0022779084933289948 0.010400042306815592 0.806641
8 0.45680113504718517 0.3935775627991794 0.015782629092092416 0.016583104627307953 0.806641
8 0.34941425837943374 0.7018650638705266 0.01513179095346567 0.0032286460907225895 0.806641
5 0.6339896231695411 0.3707260469569182 0.014643666514806378 0.016298102575792114 0.805664
10 0.18752029157175398 0.36858899840437653 0.014318255776114546 0.0167540825165261 0.804199
12 0.5921737351122681 0.3008320364713928 0.021477342011064104 0.016526150900387507 0.804199
22 0.35209888447770904 0.3519204515158422 0.015294504653433127 0.003590150535673581 0.804199
7 0.41376497754637165 0.44130385229085933 0.005532049202733485 0.01686798997036699 0.804199
0 0.28506353921249594 0.7019425232733074 0.023592653433127237 0.0033800169591976293 0.804199
5 0.6619753465668727 0.6970594647823114 0.008948903612105433 0.01641212673808981 0.799316
4 0.35787500423039376 0.3942899512195122 0.016433450569476083 0.012309124230681558 0.796875
27 0.212577301659616 0.44229043555960795 0.01106409840546697 0.009253194985183497 0.795898
6 0.28929382883176047 0.674165116936403 0.0045558169866579895 0.01045703104627308 0.795898
5 0.24780350146436708 0.7209938016868019 0.016270736869508622 0.009801689719626168 0.792969
7 0.5596323280182233 0.492477826304992 0.025463711031565243 0.015386376111237748 0.789062
7 0.5415310536934591 0.20190329610211988 0.021070641067360885 0.004672901572828812 0.788086
11 0.6852424393101204 0.3240824618190107 0.025057010087862024 0.01607017095965352 0.78418
27 0.28913121509925155 0.1870298536585366 0.004881227725349821 0.012309124230681558 0.78125
13 0.23836640676863002 0.44258248680191475 0.0013016596160104132 0.009680593024846137 0.78125
6 0.6420436680767979 0.18688735263277867 0.015294504653433127 0.01139730439936175 0.778809
4 0.4093719075821673 0.13824933667654432 0.01594532613081679 0.012081192614542968 0.775879
27 0.2090791070615034 0.6271440966491908 0.009111617312072893 0.011440054707089127 0.775879
4 0.3773185082980801 0.25535670298609525 0.01692149170191995 0.01287901162525644 0.774414
22 0.5669541112918972 0.5514018253932073 0.017084272046859746 0.005926595486665147 0.773438
22 0.4109990445818419 0.4902267535901528 0.01106409840546697 0.0103145650330522 0.771973
27 0.20008953335502766 0.23479885844540688 0.008786206573381061 0.01045703104627308 0.770508
10 0.4982101555483241 0.3705870471848644 0.014643666514806378 0.01623402963300661 0.770508
10 0.20802145135047184 0.46184745839981767 0.013992845037422715 0.01669701208114885 0.770508
7 0.6622192671656362 0.39565765762480054 0.008460779173446143 0.016298102575792114 0.769043
4 0.3826879271070615 0.7019727974470025 0.01171493654409372 0.003444124914520173 0.767578
2 0.5493816648226488 0.5515728032824253 0.014318255776114546 0.00558468639161158 0.764648
22 0.536609155873739 0.35281976020059264 0.009762455450699642 0.005367421928424892 0.763672
10 0.468434681418809 0.13645424390243902 0.016433450569476083 0.01669701208114885 0.759277
2 0.4021314311747478 0.7231166118076133 0.006915065668727629 0.005641663460223388 0.759277
22 0.6495282316954116 0.3970823177570093 0.013748774487471525 0.010827440346478232 0.757812
7 0.3782541537260007 0.3514360063824937 0.006691338496583143 0.015158444495099156 0.756348
11 0.37146108167914094 0.41645767221335767 0.025057010087862024 0.016298102575792114 0.754883
7 0.6300846109990237 0.5286232756781399 0.010535303872437356 0.0068704401185320264 0.754883
1 0.32037104588350146 0.25917482015044446 0.022779084933289947 0.016640058354228403 0.753418
13 0.1929710172469899 0.4383405078641441 0.005857459941425317 0.01595626350581263 0.753418
2 0.4327204738041002 0.2032140487804878 0.012040347282785552 0.002051512924549806 0.751953
6 0.5538562082655385 0.6981992395714611 0.02310447901073869 0.012081192614542968 0.751953
38 0.1936626254474455 0.11699334214725327 0.02920599284087211 0.017665808981080465 0.750488
10 0.23966814969085584 0.5319124467745613 0.015294504653433127 0.01618419512195122 0.750488
13 0.3532378470549951 0.25632549988602693 0.0017897840546697039 0.011169361112377478 0.749023
2 0.2448747881548975 0.3729199325279234 0.007321833257403189 0.0054707089126966035 0.749023
5 0.29995119297103806 0.3519916786870299 0.014969093914741296 0.003732616548894461 0.747559
14 0.5287585447445493 0.5514588958285844 0.008948903612105433 0.005812629678595851 0.744629
14 0.6372437305564596 0.201789388648279 0.013016596160104133 0.004900844859813084 0.741699
1 0.356817515131793 0.21215379986323227 0.02326709274324764 0.016768320948256213 0.741699
23 0.3848845453953791 0.3255214770914064 0.011552222844126263 0.010229087759288808 0.740234
27 0.692157521640091 0.724356055618874 0.009274331012040352 0.010143610485525416 0.740234
22 0.38156422622844127 0.5357875176658309 0.013026759518385942 0.010485531251424663 0.737305
18 0.6372539105759844 0.7222903159334397 0.022921371949235277 0.0146170339639845 0.737305
6 0.4751871500162707 0.6533508639161157 0.014318255776114546 0.009915655527695464 0.732422
6 0.3161405896518061 0.21076473581034877 0.025219623820370973 0.011283338591292455 0.730957
1 0.40591436641718187 0.37518524367449285 0.022779084933289947 0.01518692135855938 0.730957
23 0.483891983078425 0.44314879124686574 0.02408066124308493 0.010927167722817415 0.730957
10 0.35242427855515784 0.6025757994073399 0.016270736869508622 0.01618419512195122 0.728027
13 0.6653107608200456 0.6302142293138819 0.0022779084933289948 0.0103145650330522 0.726562
13 0.6339387397331598 0.4203327431046273 0.0016779204685974617 0.01002963300661044 0.725098
0 0.5034117789781972 0.652780976521541 0.007118449463065409 0.010827440346478232 0.723145
29 0.5360396745850959 0.21398448871666287 0.010901401366742596 0.027638429906542056 0.720215
8 0.28929382883176047 0.4186801513562799 0.0045558169866579895 0.01139730439936175 0.71875
27 0.551659589977221 0.35018232413950307 0.010575990628050765 0.010941417825393207 0.716797
16 0.3736576999674585 0.652353590152724 0.0278229430523918 0.010998406564850694 0.716797
22 0.377031301789782 0.16212671985411442 0.004250732964529776 0.009801689719626168 0.715332
2 0.5325414799869834 0.30356733257351265 0.0063455843800846075 0.005242765625712332 0.712402
5 0.603644667751383 0.4202757893777069 0.01757244646924829 0.011055395304308182 0.70752
6 0.5154572079401236 0.4897708903578755 0.016270736869508622 0.01111237237291999 0.704102
11 0.5013359813602343 0.671971114656941 0.0029973742922225835 0.01552887713699567 0.704102
4 0.45314032671656357 0.3525757928424892 0.009599741750732183 0.004893725643948028 0.702637
27 0.3009680286365115 0.3956291807613403 0.010331920078099577 0.010941417825393207 0.699219
13 0.1994793986332574 0.5576062803738318 0.0016270736869508622 0.011411554501937543 0.697754
5 0.2871786840221282 0.2309095491224071 0.008786206573381061 0.016526150900387507 0.692871
6 0.3672307920598763 0.7018107477547298 0.01789784054669704 0.0031200138591292456 0.690918
0 0.4139277578913114 0.34944157556416683 0.005206638464041653 0.010941417825393207 0.6875
6 0.30609336023429873 0.2784362671529519 0.022372217377155876 0.012309124230681558 0.686035
0 0.27188416270745197 0.16161390289491678 0.025707798242759518 0.017095921586505584 0.684082
23 0.3045883501464367 0.4421016713015728 0.021965516433452653 0.011169361112377478 0.682617
6 0.4096566482264888 0.11541205926601322 0.014480969476082003 0.011767713699566902 0.677246
6 0.679873020501139 0.11660878778208343 0.005613406052717215 0.01045703104627308 0.677246
4 0.5724861438333876 0.4192500387508548 0.017084272046859746 0.013334874857533622 0.675781
13 0.3669052313699968 0.18227860569865512 0.0078099576960624795 0.014431817643036244 0.673828
11 0.4636349105109014 0.20127645498062458 0.014643666514806378 0.005926595486665147 0.67041
5 0.6062479869834039 0.39685438614087076 0.014643666514806378 0.011169361112377478 0.67041
6 0.3830946280507648 0.30242767449281965 0.014480969476082003 0.01059949705949396 0.668945
0 0.5720387894565571 0.46432646273079553 0.025789105109013995 0.005014822338728061 0.666992
2 0.27009441197526846 0.6282767522224756 0.006508298080052067 0.0048723446546615 0.660156
8 0.4110803514480963 0.6059950070663322 0.010901401366742596 0.011625259357191702 0.658203
19 0.5057100141880898 0.5514018253932073 0.009609905109013992 0.005926595486665147 0.654785
6 0.4049991643345265 0.7023004797811716 0.015091120859095346 0.004099466241167085 0.654785
13 0.40345350081353726 0.2009346159106451 0.006264244191343963 0.006610437018463642 0.65332
14 0.2912463599088838 0.2020173202644176 0.00724047640741946 0.00444494661499886 0.651367
2 0.2610132680767979 0.23438571050832002 0.0063455843800846075 0.005242765625712332 0.649414
18 0.4788479583468923 0.3712103870526556 0.02310447901073869 0.014588557100524277 0.645996
6 0.5474394637162382 0.46624970139047184 0.023246766026684025 0.011881737861864599 0.640625
4 0.5392124751057599 0.3722076608160474 0.0045558169866579895 0.013106943241395032 0.638672
5 0.20643513439635536 0.5531114875769317 0.013260650048812236 0.0025074111693640304 0.637207
6 0.5540594754311747 0.70225774114429 0.022941698665798895 0.004013988967403693 0.637207
4 0.6687683019850309 0.11545477456120355 0.01757244646924829 0.012992919079097333 0.635254
27 0.3590139668076798 0.3025985356735811 0.009925152489424015 0.010941417825393207 0.62793
14 0.6649853667425968 0.16104401550034192 0.0029287299707126584 0.015728331889674037 0.625977
27 0.26000652912463396 0.323398666970595 0.009762455450699642 0.016298102575792114 0.625977
4 0.4986983299707127 0.27820833553681334 0.01692149170191995 0.012650963300661044 0.622559
5 0.2677351799544419 0.3520415482106223 0.014725023364790106 0.003832343925233645 0.622559
4 0.21583140904653433 0.7207658700706633 0.015619915392124959 0.013334874857533622 0.618652
6 0.45826549170191994 0.1624686756325507 0.026033192320208266 0.010485531251424663 0.615234
0 0.6630328356654734 0.28168449692272624 0.006833708818743898 0.012309124230681558 0.613281
14 0.3776795907582167 0.5514018253932073 0.005603242694435405 0.005926595486665147 0.613281
0 0.4144159323137 0.5364428940050149 0.004230389586723071 0.011055395304308182 0.613281
5 0.6277482382037097 0.46683382721677685 0.005903228376179629 0.011967168452245271 0.611328
13 0.6569516485519037 0.6059950070663322 0.0022779084933289948 0.00866196161385913 0.609375
8 0.29018870419785225 0.558211763847732 0.0027660329319882855 0.010770463277866424 0.607422
13 0.6837780826553855 0.2808261062229314 0.001871140904653433 0.009751820196033736 0.605957
13 0.33647896908558406 0.5817187143834055 0.0032541407094044904 0.010713474538408936 0.605957
27 0.42324272567523596 0.1621836735810349 0.010331920078099577 0.011055395304308182 0.604004
8 0.6211356407419459 0.46455439434693413 0.015294504653433127 0.0045589240939138366 0.604004
13 0.281280437357631 0.5331519255983588 0.010250563228115848 0.015927786642352407 0.604004
6 0.3152457142857143 0.7015667687257807 0.014806380214773835 0.0026320674720765897 0.604004
13 0.440774518711357 0.533493846364258 0.007647243996095021 0.016440603601550034 0.602051
14 0.6412300995769606 0.201789388648279 0.006182887341360234 0.004900844859813084 0.600098
27 0.30222911812561015 0.18663094415317985 0.009518384900748455 0.011055395304308182 0.598145
14 0.21282138887081029 0.417825378618646 0.005857459941425317 0.010485531251424663 0.586914
7 0.4781971701919948 0.17776242024162298 0.015619915392124959 0.005399470070663324 0.584961
14 0.6295150797266514 0.35336113571917027 0.008135368434754311 0.006471530613175291 0.583008
13 0.29767326781646597 0.20190329610211988 0.008623492873413602 0.004672901572828812 0.581543
6 0.2475594142531728 0.4654945976749487 0.014318255776114546 0.01059949705949396 0.581543
4 0.4015619498861047 0.11457140825165261 0.01659616426944354 0.013106943241395032 0.57373
1 0.531422844126261 0.5283686178253932 0.017124925479986983 0.006361124413038523 0.571777
4 0.30011397331597783 0.3483018007750171 0.016840184835665472 0.011169361112377478 0.567871
4 0.42039531923202084 0.5513448716662868 0.012447114871461112 0.006040572965580123 0.567871
13 0.6494061047835992 0.676658359699111 0.0008542136023429873 0.009801689719626168 0.567871
2 0.596485498210218 0.3036242863004331 0.012365774682720468 0.010713474538408936 0.563965
13 0.30491374422388545 0.11364544335536814 0.009762455450699642 0.01706744472304536 0.562012
0 0.6623820475105759 0.6534647713699567 0.008135368434754311 0.010485531251424663 0.562012
13 0.4154734214123007 0.5562741700478687 0.0021151947933615357 0.016526150900387507 0.558105
6 0.4136023638138627 0.11545477456120355 0.005857459941425317 0.011853144289947572 0.552734
7 0.324967383013342 0.2649358180077502 0.013504720598763422 0.004683580396626396 0.552734
4 0.5204400859095347 0.1833114872122179 0.010616660722421088 0.015927786642352407 0.550781
23 0.25524731168239506 0.34909961978573056 0.01065733081679141 0.010257576293594712 0.550781
18 0.5122640807028962 0.443220030088899 0.023470526521314674 0.010855940551629816 0.550781
7 0.6294769921249593 0.6332345274675176 0.009360769541164986 0.017323969911100977 0.546875
8 0.5387243006833713 0.6526669523592432 0.005532049202733485 0.010371553772509687 0.546875
11 0.46949233712984056 0.2064693977661272 0.025870411975268466 0.016397888306359697 0.544922
13 0.3590952736739343 0.11609585411442899 0.0029287299707126584 0.01205259904262594 0.542969
2 0.30109015554832413 0.16480506222931388 0.006996422518711357 0.005926595486665147 0.541016
5 0.6271812894240156 0.20982453248233418 0.00475920078099577 0.010713474538408936 0.541016
4 0.4468760325414904 0.514588593571917 0.021965516433452653 0.01755190152723957 0.541016
18 0.703221586723072 0.8151925817187143 0.010575990628050765 0.003533161796216093 0.541016
6 0.6888219407744874 0.3034249482562115 0.02342987308818744 0.012024122179165717 0.537109
11 0.6259953121509926 0.13693870070663325 0.002371977871786528 0.01618419512195122 0.533203
6 0.3734136127562642 0.46492482698883064 0.02375526716563619 0.013448782311374516 0.53125
18 0.28437193101204034 0.4425860464098473 0.017979147412951514 0.009787439617050376 0.529297
6 0.41514802733485195 0.3953726555732847 0.0027660329319882855 0.010257576293594712 0.521484
13 0.4075821568499838 0.20087754547526784 0.014643666514806378 0.006724414497378619 0.519531
0 0.6740969007484543 0.23465635741964894 0.0078099576960624795 0.010286076498746296 0.519531
6 0.5291245922551252 0.3950022229313882 0.02342987308818744 0.012935965352176886 0.513672
5 0.3499837396680768 0.5269074512878961 0.013342006898795965 0.003438779667198541 0.513672
6 0.6280100863000325 0.6525244513334854 0.006386271135698015 0.010656485798951449 0.513672
22 0.5015317409697364 0.32687482835650783 0.003388896843475431 0.009801689719626168 0.509766
6 0.2673892925479987 0.34892864189651246 0.014358925870484868 0.009915655527695464 0.505859
6 0.38203713895216407 0.46352864372008207 0.005857459941425317 0.006610437018463642 0.505859
5 0.3478685948584445 0.5536813749715067 0.007484546957370648 0.0013676830635969911 0.505859
7 0.37609382695737065 0.4874060268976521 0.002426626749105109 0.015614307727376339 0.503906
5 0.6273084147087536 0.6751196754046045 0.004987992971038074 0.01253705584682015 0.503906
