12 0.6752168713496448 0.4069022065275548 0.014206767482241514 0.02247189641519529 0.993652
24 0.6422652059984214 0.4327222103798823 0.01627860962904499 0.016176761904761906 0.992676
21 0.4786896921862667 0.15810581915462815 0.01696922367797948 0.01658641669341894 0.992676
7 0.3752466992896606 0.5733011107544141 0.015489353749013416 0.01658641669341894 0.991699
2 0.3685870623520126 0.43283507501337615 0.011838999842146803 0.012071968325307651 0.989258
20 0.2492106456195738 0.24933112466559657 0.03354379921073402 0.023809534082397003 0.98877
12 0.678867548539858 0.24571973033707867 0.014009483820047354 0.02220439079721776 0.98877
7 0.35990528808208366 0.13456395505617977 0.02683502320441989 0.017924026966292132 0.988281
7 0.2924231223362273 0.18285166399143926 0.02604576732438832 0.016318883681112895 0.98584
21 0.19228489344909233 0.27810667522739435 0.01637725146014207 0.01601792958801498 0.984375
7 0.5655090513022889 0.29507746174424826 0.01578531965272297 0.017121455323702513 0.984375
18 0.1926797032359905 0.455825189941145 0.015193387845303866 0.013978065703584805 0.984375
2 0.6793112549329124 0.26805788764044947 0.012825579794790843 0.011771014232209739 0.983887
2 0.34451457616416736 0.47769517817014445 0.013417511602209945 0.013041727554842161 0.981934
2 0.3250172767166535 0.5008694103798823 0.012455622415153907 0.012038519850187265 0.980469
10 0.24368573322809786 0.4757556597110754 0.014601415627466457 0.01812466302835741 0.979004
7 0.21507515706393054 0.16024613804173354 0.01578531965272297 0.017121455323702513 0.978516
16 0.37016589739542227 0.47525406955591226 0.01696922367797948 0.008293194649545211 0.976562
7 0.4467246471981058 0.5256152552166934 0.01657457553275454 0.016853922311396468 0.976074
6 0.4799723188634569 0.4531835548421616 0.01578531965272297 0.011235948207597645 0.975586
11 0.4149564009471192 0.3139379090422686 0.01637725146014207 0.01765649395398609 0.975098
12 0.4380424688239937 0.17817024719101124 0.014206767482241514 0.021401819154628143 0.974609
5 0.5116415595895817 0.5684857356875335 0.01657457553275454 0.011771014232209739 0.974121
7 0.6988949518547751 0.20331741894060995 0.01578531965272297 0.016051378063135367 0.974121
13 0.1673241862667719 0.6622524130551096 0.009076543646408839 0.019127870733012305 0.973145
16 0.21468034727703236 0.31975646441947564 0.01657457553275454 0.011771014232209739 0.973145
2 0.29123909707971585 0.388175443552702 0.013417511602209945 0.012306052862493312 0.972656
8 0.19001584846093134 0.41225259283039056 0.01657457553275454 0.01257355848047084 0.972656
6 0.6429064789265982 0.29240240556447294 0.016722558484609313 0.010968442589620118 0.972656
5 0.1957379636937648 0.11062076404494381 0.01578531965272297 0.012974857998929909 0.972168
0 0.6953432801894238 0.5216025339753879 0.023677999684293606 0.01377742964151953 0.972168
8 0.3429854055248619 0.547752886035313 0.014700097868981847 0.011503481219903692 0.972168
13 0.6726520220994475 0.6102193515248796 0.01026044767166535 0.019261637239165328 0.972168
5 0.2647985603788477 0.3651685906902087 0.014206767482241514 0.011503481219903692 0.97168
11 0.466259043409629 0.38269137292669875 0.014601415627466457 0.017121455323702513 0.97168
5 0.2501974680347277 0.20331741894060995 0.01578531965272297 0.01257355848047084 0.971191
7 0.1535123093922652 0.6684054531835206 0.01736387182320442 0.016853922311396468 0.970703
2 0.2920283125493291 0.5711610658105939 0.011838999842146803 0.012306052862493312 0.970215
6 0.3184688492501973 0.1086812455858748 0.01736387182320442 0.013509896629213484 0.969727
12 0.5157852438831887 0.45264854360620654 0.013417511602209945 0.021936857784911716 0.969727
2 0.5848462446724546 0.1538254553237025 0.013417511602209945 0.01257355848047084 0.969238
7 0.6838990497237569 0.36302827180310326 0.01657457553275454 0.017121455323702513 0.96875
5 0.3022889218626677 0.10955046762974853 0.01578531965272297 0.011771014232209739 0.967285
5 0.34542704340962904 0.433081706153023 0.016229268508287292 0.011980005564472979 0.966797
2 0.5808997632202052 0.3382824269662921 0.011838999842146803 0.011503481219903692 0.966797
21 0.44790826835043407 0.5032102557517388 0.01637725146014207 0.016318883681112895 0.965332
2 0.6277007659037095 0.43012640599250934 0.012110315390686662 0.011804435313001604 0.965332
0 0.38555660931333857 0.41011227394328514 0.025256511444356748 0.013108624505082933 0.965332
5 0.4177188571428572 0.6161047490636705 0.015982643725335435 0.011771014232209739 0.964844
5 0.40775445619573797 0.2483279443552702 0.014601415627466457 0.012105416800428037 0.964844
5 0.15292029676400945 0.6420545746388443 0.01736387182320442 0.012841091492776886 0.964355
10 0.15074985319652723 0.17817024719101124 0.01696922367797948 0.018191532584269664 0.963867
11 0.35556440094711916 0.3158105853397539 0.014601415627466457 0.01845906559657571 0.963867
11 0.37016589739542227 0.49785986944890315 0.014996063772691397 0.01765649395398609 0.963867
2 0.60161818468824 0.6604468528624934 0.013022903867403315 0.012707324986623863 0.963379
6 0.16811380584056826 0.2513040642054575 0.01617996779794791 0.012172286356340288 0.963379
6 0.6927780268350433 0.49866224933119313 0.015390671507498026 0.012172286356340288 0.962402
13 0.6723558137332281 0.449438202247191 0.010457771744277821 0.018191532584269664 0.962402
5 0.4317283409629045 0.4993312188336009 0.015390671507498026 0.012306052862493312 0.961914
11 0.6278611144435674 0.1966290936329588 0.014996063772691397 0.01765649395398609 0.961914
0 0.3011048966061563 0.4110486120920278 0.02604576732438832 0.01257355848047084 0.961914
10 0.25295992423046565 0.6146333996789727 0.013417511602209945 0.018191532584269664 0.961914
8 0.32695342067876876 0.388710454788657 0.018153127703235992 0.013643663135366507 0.961426
7 0.6241122399368587 0.41037991653290534 0.01657457553275454 0.016051378063135367 0.960449
7 0.37056030307813737 0.20545746388443017 0.014996063772691397 0.017121455323702513 0.959961
7 0.6758088839779006 0.5010702108079187 0.015982643725335435 0.016853922311396468 0.959961
5 0.6004341594317285 0.13055095987158907 0.01578531965272297 0.012306052862493312 0.959961
5 0.3241046882399369 0.341960937399679 0.015070055248618784 0.012439819368646333 0.959961
8 0.26756101657458564 0.2958801155698234 0.018153127703235992 0.013108624505082933 0.958008
5 0.47750607103393844 0.3170145660781166 0.014601415627466457 0.012038519850187265 0.958008
10 0.28334653827940015 0.45317506260032103 0.013417511602209945 0.017271932370251472 0.958008
0 0.6819258089976322 0.543873849117175 0.022888703393843725 0.011503481219903692 0.95752
5 0.4375494617205999 0.5695560321027286 0.021902123441199687 0.01257355848047084 0.95752
8 0.5860298658247829 0.6147673579454254 0.01657457553275454 0.012841091492776886 0.95752
9 0.3847669897395422 0.6865303627608347 0.015193387845303866 0.01337613012306046 0.95752
0 0.15568275295974743 0.20545746388443017 0.02762431949486977 0.012306052862493312 0.956543
18 0.2178372091554854 0.6871155056179775 0.01578531965272297 0.015282227501337613 0.956543
7 0.5357144498816101 0.4340557388978063 0.014996063772691397 0.016318883681112895 0.956543
5 0.2659825856353591 0.478397568753344 0.014996063772691397 0.01136971471375067 0.956543
8 0.23480675611681137 0.22672559871589085 0.01696922367797948 0.012306052862493312 0.955566
7 0.15074985319652723 0.2557518073836276 0.01775847955801105 0.017121455323702513 0.955566
0 0.5528807955801106 0.6619850444087747 0.025256511444356748 0.012038519850187265 0.955566
8 0.48747047198105764 0.17817024719101124 0.015587995580110498 0.011771014232209739 0.955566
7 0.6258262478295186 0.24906375601926165 0.016796549960536703 0.017121455323702513 0.955566
2 0.5430149960536701 0.33928560727661855 0.013417511602209945 0.012707324986623863 0.95459
5 0.654104044198895 0.10580511503477796 0.014996063772691397 0.012841091492776886 0.954102
6 0.3988754790844514 0.22505769502407705 0.01578531965272297 0.011695762011771001 0.954102
6 0.31026783772691396 0.5949705724986624 0.014330100078926596 0.012841091492776886 0.953613
0 0.15696537963693766 0.595906910647405 0.027821643567482242 0.013643663135366507 0.953613
5 0.27111268823993684 0.13282496308186195 0.015390671507498026 0.012306052862493312 0.953125
0 0.4928967829518548 0.5227393986088817 0.022099447513812154 0.011771014232209739 0.953125
11 0.626282683504341 0.28999471803103266 0.014206767482241514 0.017924026966292132 0.953125
0 0.4378452659826362 0.6163723916532905 0.025256511444356748 0.012306052862493312 0.952148
10 0.5078433843725336 0.6589083873729268 0.015094705603788476 0.018191532584269664 0.952148
5 0.4899367198105762 0.5453451985018727 0.01578531965272297 0.01257355848047084 0.95166
7 0.353221000789266 0.619850101658641 0.015834660773480662 0.017121455323702513 0.95166
0 0.6981550370955011 0.2683252562867844 0.024763221468034727 0.011235948207597645 0.95166
6 0.4385358800315706 0.3632959143927234 0.01637725146014207 0.011235948207597645 0.95166
0 0.15587995580110497 0.476458050294275 0.02604576732438832 0.0058855071161048695 0.951172
0 0.1564719684293607 0.48008615516318887 0.02683502320441989 0.012540137399678974 0.951172
2 0.5785321168113654 0.17696626645264849 0.012628255722178374 0.012038519850187265 0.950684
14 0.3571428318863457 0.430226724023542 0.00868193591160221 0.01755617592295345 0.950684
0 0.6955404830307814 0.5666130593900481 0.023283351539068665 0.01337613012306046 0.950195
2 0.7010653954222573 0.22324761476725521 0.013022903867403315 0.012841091492776886 0.950195
5 0.6250986582478295 0.5682183670411985 0.013812159747434886 0.010700909577314071 0.949707
15 0.3543803756906077 0.3620919336543606 0.030781383425414366 0.018191532584269664 0.949707
6 0.31531158326756115 0.1559657742108079 0.01736387182320442 0.011771014232209739 0.94873
5 0.5398581341752171 0.47578908079186727 0.01578531965272297 0.011904753344034244 0.94873
10 0.6767957063930545 0.1728195869448903 0.014996063772691397 0.01845906559657571 0.94873
5 0.5666930765588003 0.22418395291599785 0.01578531965272297 0.013108624505082933 0.94873
5 0.294396363062352 0.24913059818084538 0.01578531965272297 0.012306052862493312 0.94873
6 0.48677985793212314 0.3392187651150348 0.017955803630623518 0.011503481219903692 0.94873
2 0.6493687513812154 0.360888226859283 0.011049743962115234 0.011235948207597645 0.94873
8 0.3740133733228098 0.663322709470305 0.01657457553275454 0.013108624505082933 0.948242
0 0.1554855501183899 0.43517589299090426 0.023677999684293606 0.012205734831460674 0.948242
5 0.6318075958958169 0.5219367447833065 0.014996063772691397 0.011771014232209739 0.947754
0 0.34925027308602996 0.4555912423756019 0.02604576732438832 0.012841091492776886 0.947754
2 0.6252958610891871 0.38469773354735154 0.013022903867403315 0.012841091492776886 0.947754
9 0.6616021973164957 0.19970575066880686 0.014996063772691397 0.012038519850187265 0.947266
6 0.3970008397790055 0.13242363616907438 0.014206767482241514 0.013108624505082933 0.946777
9 0.20397603157063932 0.22739429427501337 0.015094705603788476 0.012841091492776886 0.946777
6 0.37766364640883976 0.17924026966292136 0.01578531965272297 0.013108624505082933 0.946289
11 0.6314127861089187 0.6573033536650615 0.014996063772691397 0.01765649395398609 0.945312
5 0.7000789771112865 0.361155595505618 0.014206767482241514 0.012038519850187265 0.945312
13 0.42077752170481453 0.5666130593900481 0.01006312359905288 0.0197966758694489 0.944824
4 0.612865050670876 0.10500273515248797 0.013392861247040254 0.01658641669341894 0.944824
6 0.4088398800315707 0.2940742814339219 0.017166547750591947 0.011503481219903692 0.944336
5 0.15568275295974743 0.4579320877474586 0.024861863299131808 0.012172286356340288 0.944336
6 0.6452250670876085 0.20010707758159443 0.01657457553275454 0.010700909577314071 0.943848
8 0.6400945603788477 0.3841627223113965 0.01657457553275454 0.011771014232209739 0.943848
14 0.5481450986582478 0.12767510326377743 0.007892639621152327 0.01765649395398609 0.943359
6 0.6195244855564325 0.15369177100053502 0.01726518958168903 0.011503481219903692 0.942871
2 0.6254934680347277 0.4743177314071696 0.014206767482241514 0.010165870947030498 0.942871
8 0.4229479652722968 0.24826110219368647 0.01657457553275454 0.011771014232209739 0.942383
0 0.3042621625887924 0.3420277795612627 0.023677999684293606 0.012306052862493312 0.942383
0 0.692975633780584 0.5904225660781167 0.03453037916337806 0.012841091492776886 0.941895
13 0.20737980110497237 0.4732477089352595 0.012628255722178374 0.012306052862493312 0.941895
6 0.2805840820836622 0.4789325799892991 0.014996063772691397 0.011102181701444624 0.941406
11 0.1953431539068666 0.6153023691813805 0.014996063772691397 0.017924026966292132 0.939941
8 0.5473558831886346 0.5219367447833065 0.015390671507498026 0.012038519850187265 0.939453
6 0.3451558895027624 0.27019793258426966 0.015587995580110498 0.006955584376672017 0.939453
2 0.45560362430939233 0.10807911824505083 0.013417511602209945 0.012841091492776886 0.938477
5 0.4725731712707182 0.20131078437667202 0.014601415627466457 0.01257355848047084 0.938477
2 0.2600632675611681 0.5256820973782771 0.013417511602209945 0.01257355848047084 0.938477
0 0.25295992423046565 0.38790807490636703 0.024467255564325177 0.011771014232209739 0.937988
24 0.36306255406471977 0.6893895088282505 0.01973163946329913 0.017957475441412518 0.9375
9 0.6566692975532754 0.17656493953986088 0.014996063772691397 0.012306052862493312 0.9375
2 0.24704020205209154 0.3651685906902087 0.013417511602209945 0.012306052862493312 0.9375
0 0.5789265224940805 0.4530498705189941 0.03235989518547751 0.012038519850187265 0.9375
18 0.6408839779005525 0.33687791974317816 0.015489353749013416 0.013509896629213484 0.937012
0 0.6112863772691397 0.5211343649010166 0.025256511444356748 0.012306052862493312 0.936523
2 0.6225334048934491 0.2691947522739433 0.012233607576953433 0.011904753344034244 0.936523
7 0.6921864183109707 0.47796282075976454 0.014996063772691397 0.015583208988764044 0.935547
13 0.6584328082083662 0.6567683424291064 0.008509262194159432 0.019261637239165328 0.935547
6 0.1990924325177585 0.2967496115569823 0.015390671507498026 0.011904753344034244 0.935059
12 0.659628956590371 0.5216025339753879 0.013812159747434886 0.021669352166934188 0.93457
0 0.6482833275453828 0.5450775559122526 0.025355153275453828 0.013108624505082933 0.93457
2 0.7004733827940016 0.38389507972177633 0.013417511602209945 0.01337613012306046 0.93457
6 0.642955820047356 0.24578657249866237 0.015982643725335435 0.011904753344034244 0.93457
0 0.31514529439621153 0.24973245157838417 0.024084932596685083 0.01257355848047084 0.934082
2 0.701657408050513 0.45318355484216155 0.014996063772691397 0.014044935259497057 0.933594
0 0.4876676748224152 0.43097908186195827 0.02545383551696922 0.012038519850187265 0.933594
0 0.33445157379636936 0.640449431353665 0.023677999684293606 0.012172286356340288 0.933105
2 0.6041830339384373 0.3841627223113965 0.012628255722178374 0.012841091492776886 0.933105
2 0.17679558011049723 0.29735146495452114 0.013022903867403315 0.013108624505082933 0.932617
5 0.5290055122336228 0.22401684751203854 0.01617996779794791 0.012306052862493312 0.932129
0 0.30031568113654306 0.2019797538790797 0.03235989518547751 0.015516312038523274 0.930664
18 0.6917916085240726 0.6583065339753879 0.01578531965272297 0.014713740395933653 0.930664
13 0.395175501183899 0.24558577207062599 0.01026044767166535 0.018726598608881755 0.930664
19 0.6783741373322809 0.38389507972177633 0.012233607576953433 0.011771014232209739 0.930664
6 0.23559597158642462 0.4563938962011771 0.014996063772691397 0.010968442589620118 0.930664
5 0.5591949234411997 0.5912252199036918 0.01578531965272297 0.012306052862493312 0.929199
12 0.5343332217837411 0.49652220438737293 0.01578531965272297 0.01738898833600856 0.928711
22 0.43310956906077347 0.6396468597110755 0.014996063772691397 0.012506688924558588 0.928711
8 0.4881610860299921 0.20117710005350456 0.01736387182320442 0.01337613012306046 0.928711
6 0.44731665982636143 0.3404227458533975 0.019337031728492503 0.012306052862493312 0.928711
8 0.6888319494869771 0.1527554328517924 0.01617996779794791 0.012038519850187265 0.928223
5 0.2861089944751381 0.5941679186730872 0.014996063772691397 0.011235948207597645 0.928223
2 0.38595101499605367 0.5939005500267523 0.012628255722178374 0.012306052862493312 0.928223
11 0.48727326913970004 0.565543036918138 0.015390671507498026 0.01738898833600856 0.927734
9 0.28768742541436465 0.6637574574638844 0.014996063772691397 0.012038519850187265 0.927246
0 0.25887924230465664 0.4557249266987694 0.03235989518547751 0.011503481219903692 0.927246
18 0.6390834513022888 0.26765656072766186 0.019632997632202054 0.015382545532370251 0.927246
0 0.5473558831886346 0.17736759336543606 0.03157063930544594 0.012306052862493312 0.926758
6 0.5134175974743489 0.29340558587479937 0.01617996779794791 0.01257355848047084 0.926758
0 0.5357144498816101 0.40716957517388974 0.022888703393843725 0.014446234777956127 0.92627
0 0.15627476558800316 0.4119849502407705 0.02604576732438832 0.013911168753344035 0.925781
2 0.45343318074190997 0.17750127768860352 0.012430931649565904 0.012841091492776886 0.925293
13 0.6531176258879242 0.33500524344569294 0.009076543646408839 0.018860365115034777 0.925293
5 0.3434293543804262 0.41037991653290534 0.01474939857932123 0.012306052862493312 0.925293
14 0.6144436432517758 0.47124134831460673 0.007892639621152327 0.016318883681112895 0.925293
8 0.4650750181531176 0.6621187287319422 0.01637725146014207 0.011235948207597645 0.924805
10 0.5935280189423836 0.3586142236490102 0.014996063772691397 0.01738898833600856 0.924805
18 0.5611681641673244 0.42957462942750135 0.014996063772691397 0.013944617228464419 0.924316
0 0.20955024467245462 0.5250134018191547 0.029992127545382795 0.011503481219903692 0.924316
12 0.5497239337016575 0.22418395291599785 0.014206767482241514 0.021936857784911716 0.923828
8 0.5951064498816101 0.3384163852327448 0.01657457553275454 0.012306052862493312 0.923828
9 0.4423837600631413 0.45291591225254146 0.015390671507498026 0.011235948207597645 0.923828
0 0.20580096606156273 0.6412519208132691 0.023677999684293606 0.012841091492776886 0.923828
18 0.15607715864246252 0.5704923702514714 0.023677999684293606 0.0149812734082397 0.922363
6 0.2115234853985793 0.6183787522739433 0.01657457553275454 0.012038519850187265 0.922363
0 0.20047366061562746 0.5024076019261637 0.031175991160220996 0.012038519850187265 0.921387
22 0.41160233622730863 0.1783039315141787 0.013812159747434886 0.011503481219903692 0.920898
13 0.21033946014206786 0.3857677560192616 0.011049743962115234 0.01765649395398609 0.92041
0 0.6208933480662984 0.35981820438737294 0.029424805682715077 0.016051378063135367 0.92041
5 0.23993685872138912 0.1099517945425361 0.01617996779794791 0.012841091492776886 0.919434
18 0.40748330228887136 0.5687533782771536 0.015341370797158643 0.014446234777956127 0.919434
0 0.5822809913180742 0.661316074906367 0.024861863299131808 0.012841091492776886 0.919434
0 0.6838990497237569 0.29253608988764046 0.025256511444356748 0.012038519850187265 0.919434
5 0.33731873338595103 0.3186195997859818 0.021988440094711917 0.013242363616907438 0.919434
13 0.1926797032359905 0.661316074906367 0.011247027624309392 0.019863572819689673 0.918457
18 0.6858722904498816 0.6128946816479401 0.01578531965272297 0.014446234777956127 0.91748
5 0.2462509865824783 0.6639914050294274 0.014996063772691397 0.012172286356340288 0.91748
21 0.38994679715864244 0.6663656714820759 0.015094705603788476 0.016252014125200644 0.91748
5 0.7004733827940016 0.6112893739967897 0.013417511602209945 0.018191532584269664 0.916504
18 0.5043410134175218 0.19930442375601928 0.01617996779794791 0.014446234777956127 0.916504
0 0.32596700236779796 0.2250869521669342 0.023677999684293606 0.015215357945425362 0.916504
0 0.6112863772691397 0.31514188978063135 0.023677999684293606 0.012038519850187265 0.916016
14 0.5319651712707182 0.3588818662386302 0.00868193591160221 0.018191532584269664 0.916016
0 0.2722967134964483 0.6409008898876405 0.025256511444356748 0.012272604387372927 0.914062
13 0.26992906708760855 0.3844300909577314 0.009471191791633781 0.018726598608881755 0.914062
22 0.15203247987371746 0.5497592466559658 0.01696922367797948 0.012306052862493312 0.914062
8 0.6155103166535122 0.6610487062600321 0.015674312233622728 0.012841091492776886 0.913574
12 0.346487816890292 0.6840221380417336 0.014996063772691397 0.018258429534510432 0.913574
0 0.2963691996842936 0.2265916404494382 0.02604576732438832 0.01337613012306046 0.913086
9 0.28176810734017366 0.10941678330658106 0.015390671507498026 0.012841091492776886 0.911621
9 0.6620830812943962 0.6365745309791332 0.01482339005524862 0.011628892455858748 0.911133
6 0.6213497837411208 0.6376405264847512 0.01617996779794791 0.01257355848047084 0.910645
14 0.6148380489344909 0.38108606527554845 0.00868193591160221 0.01765649395398609 0.910645
0 0.6916930071033939 0.12981542215088282 0.03196528745067087 0.012038519850187265 0.909668
12 0.15124326440410418 0.15516312038523272 0.01637725146014207 0.017924026966292132 0.90918
4 0.14946722651933703 0.3880417592295345 0.012825579794790843 0.013911168753344035 0.90918
5 0.17501954222573007 0.27113427073301233 0.014601415627466457 0.005617974103798822 0.908691
7 0.6676205209155485 0.68671417870519 0.015982643725335435 0.018492514071696095 0.908691
5 0.19297550749802683 0.5724987308721242 0.014996063772691397 0.012841091492776886 0.908203
6 0.525651043409629 0.5926965692883895 0.014601415627466457 0.012306052862493312 0.907227
14 0.6397001546961326 0.3576778855002676 0.007892639621152327 0.01765649395398609 0.907227
0 0.3616813259668508 0.10854728731942215 0.025651159589581685 0.013911168753344035 0.906738
9 0.5595897332280978 0.6387105489566612 0.01657457553275454 0.013108624505082933 0.905762
7 0.5278214869771113 0.27247193579454254 0.027229671349644834 0.017522727447833068 0.905762
22 0.1772889913180742 0.20559114820759766 0.014798739700078925 0.011235948207597645 0.905273
5 0.5244674222573007 0.10754410700909577 0.01578531965272297 0.01257355848047084 0.905273
0 0.5140096101026046 0.5457465254146603 0.03235989518547751 0.012841091492776886 0.904785
12 0.6470253512233622 0.5880148785446763 0.01573597853196527 0.018191532584269664 0.904785
2 0.37766364640883976 0.36409856821829856 0.012628255722178374 0.012841091492776886 0.904785
0 0.1792622320441989 0.22766193686463349 0.03295186740331492 0.014713740395933653 0.903809
5 0.6760064909234412 0.5209335644729802 0.014996063772691397 0.011771014232209739 0.903809
5 0.3862472233622731 0.10874808774745853 0.014798739700078925 0.013108624505082933 0.903809
7 0.6584328082083662 0.4555912423756019 0.01482339005524862 0.017121455323702513 0.903809
6 0.3914759273875296 0.5700910433386838 0.01578531965272297 0.011235948207597645 0.903809
22 0.6018153875295975 0.5441412177635099 0.014996063772691397 0.011771014232209739 0.90332
9 0.5043410134175218 0.3393527233814874 0.015390671507498026 0.01257355848047084 0.901855
46 0.597474500394633 0.4763243659711075 0.024467255564325177 0.01257355848047084 0.900391
2 0.176894181531176 0.5949705724986624 0.012628255722178374 0.01257355848047084 0.900391
4 0.3563536164167324 0.24719107972177637 0.013812159747434886 0.014446234777956127 0.898438
8 0.5011837474348856 0.13108624505082933 0.01696922367797948 0.012841091492776886 0.898438
13 0.3729283535911602 0.6841560963081862 0.00868193591160221 0.01852596254681648 0.897461
7 0.19711919179163376 0.43793477581594437 0.01578531965272297 0.01658641669341894 0.897461
0 0.34540239305445936 0.5704923702514714 0.022395413417521704 0.012306052862493312 0.896484
0 0.645422269928966 0.22351525735687533 0.025256511444356748 0.011503481219903692 0.896484
5 0.398579270718232 0.543873849117175 0.011049743962115234 0.01765649395398609 0.896484
8 0.38328716022099446 0.43275565885500267 0.01736387182320442 0.012230800642054574 0.895508
13 0.43192594790844513 0.38269137292669875 0.00828728776637727 0.01738898833600856 0.895508
0 0.5073006724546172 0.40877488282504015 0.024072607419100236 0.011771014232209739 0.895508
13 0.5489343141278611 0.42803638309256287 0.01026044767166535 0.01765649395398609 0.89502
8 0.4543214017363852 0.2693952787586945 0.01696922367797948 0.009095766292134832 0.894043
5 0.3243881673243883 0.5478865703584804 0.022099447513812154 0.012306052862493312 0.894043
0 0.3500394885556432 0.2027821337613697 0.02604576732438832 0.01337613012306046 0.893066
14 0.4281766692975532 0.5432048796147673 0.00828728776637727 0.017924026966292132 0.893066
8 0.17699278295185478 0.45773128731942214 0.01775847955801105 0.011503481219903692 0.893066
13 0.4005525114443567 0.6593765564472981 0.007103383741120757 0.018325299090422686 0.892578
22 0.4151540078926598 0.22498660674157306 0.014996063772691397 0.012306052862493312 0.892578
22 0.2914362999210734 0.6408172823970038 0.013022903867403315 0.01136971471375067 0.891602
13 0.23125508445146017 0.6847245286249332 0.011049743962115234 0.01939540374531835 0.891602
23 0.5808997632202052 0.13055095987158907 0.014206767482241514 0.011771014232209739 0.891602
0 0.22415174112075767 0.2030497763509898 0.029992127545382795 0.011771014232209739 0.891113
18 0.6601716685082872 0.6124933547351525 0.015094705603788476 0.0149812734082397 0.891113
0 0.5968824877663772 0.17736759336543606 0.023677999684293606 0.012306052862493312 0.891113
8 0.555840454617206 0.36235957624398074 0.014996063772691397 0.011503481219903692 0.891113
6 0.6404893701657458 0.40716957517388974 0.01578531965272297 0.011771014232209739 0.891113
0 0.2324387056037885 0.33975377635098986 0.025256511444356748 0.018191532584269664 0.890137
9 0.6588397411207577 0.2926697742108079 0.014996063772691397 0.012038519850187265 0.890137
7 0.4866812565114444 0.6647940588550026 0.02584844325177585 0.017455857891920813 0.889648
21 0.6657458816101025 0.34109144141252007 0.01657457553275454 0.01658641669341894 0.888672
13 0.5359116527229677 0.6822834200107009 0.007892639621152327 0.019061001177100054 0.888184
0 0.21329911917916336 0.5712947501337614 0.024861863299131808 0.01257355848047084 0.888184
5 0.6397925733228098 0.4519127319422151 0.02181580678768745 0.012306052862493312 0.887207
0 0.587411093922652 0.2915997517388978 0.026440415469613256 0.013911168753344035 0.887207
14 0.4205799147592738 0.6363028614232209 0.007892639621152327 0.01845906559657571 0.88623
18 0.3575376416732439 0.5465489052969502 0.014996063772691397 0.01417870176565008 0.88623
5 0.5209153464877664 0.2006420888175495 0.014996063772691397 0.012306052862493312 0.885742
13 0.7055052880820836 0.4691010294275013 0.011049743962115234 0.020599247512038524 0.884766
5 0.6024074001578532 0.6115570165864099 0.015390671507498026 0.017924026966292132 0.884277
18 0.5307815501183899 0.3143392359550562 0.022099447513812154 0.01417870176565008 0.883301
14 0.6892263551696922 0.38095238095238093 0.007892639621152327 0.018191532584269664 0.883301
12 0.16475933701657458 0.5264847512038523 0.014206767482241514 0.02247189641519529 0.883301
13 0.3288525891081295 0.522137545211343 0.009323208839779005 0.017255221829855536 0.881836
14 0.611989437726914 0.1272069341894061 0.008336628887134965 0.018726598608881755 0.881836
13 0.7050118768745067 0.6572447298020332 0.009668515864246252 0.01897739368646335 0.880859
18 0.15193387845303868 0.5012707372926699 0.01835045177584846 0.0149812734082397 0.880859
13 0.3713495185477506 0.5442749020866774 0.011049743962115234 0.018726598608881755 0.880859
5 0.31457183014996054 0.6401818983413591 0.015957952959747435 0.012841091492776886 0.878418
0 0.18015004893449094 0.3431983392188336 0.023677999684293606 0.012372922418405563 0.877441
18 0.6731450292028414 0.42887240321027287 0.014996063772691397 0.014412786302835741 0.875977
7 0.37036310023677976 0.2097963420010701 0.012036323914759275 0.00867775623327983 0.875977
13 0.35960948382004737 0.2669875912252541 0.011049743962115234 0.013911168753344035 0.875
2 0.7026935311760063 0.1535580866773676 0.009767157695343332 0.010700909577314071 0.875
0 0.2600632675611681 0.10861412948100589 0.026440415469613256 0.01417870176565008 0.874023
0 0.27111268823993684 0.20117710005350456 0.027229671349644834 0.017121455323702513 0.874023
5 0.528413499605367 0.6615168753344034 0.023677999684293606 0.012841091492776886 0.874023
5 0.34333055090765585 0.3871054210807918 0.014601415627466457 0.012306052862493312 0.874023
5 0.5609709613259668 0.5656767212413055 0.01617996779794791 0.016853922311396468 0.872559
0 0.526637865824783 0.24692343713215625 0.022888703393843725 0.01257355848047084 0.872559
11 0.4696131081294396 0.33707872017121454 0.014601415627466457 0.017924026966292132 0.871582
8 0.448007273875296 0.639646887105404 0.015193387845303866 0.011235948207597645 0.870605
22 0.3575376416732439 0.15569813162118779 0.014206767482241514 0.012306052862493312 0.868652
5 0.3065311752486188 0.10981811021936864 0.006856758958168904 0.010968442589620118 0.868652
13 0.22790061562746647 0.15395941359015516 0.009076543646408839 0.016853922311396468 0.868164
14 0.1663377679558011 0.6390742086677367 0.00828728776637727 0.01840055131086142 0.868164
13 0.6176005051302288 0.1728195869448903 0.009471191791633781 0.021401819154628143 0.868164
21 0.49131794790844513 0.4747190583199572 0.0230860274664562 0.009363299304440877 0.868164
18 0.31048985256511447 0.2945424505082932 0.01482339005524862 0.014446234777956127 0.865234
24 0.41278595737963697 0.13322628999464953 0.01637725146014207 0.020064208881754947 0.863281
6 0.5730072044198895 0.24705712145532369 0.015390671507498026 0.012306052862493312 0.862305
2 0.3082854238358327 0.45605941144997325 0.010340621941594318 0.011904753344034244 0.861328
8 0.2750591696921863 0.5254147287319422 0.01578531965272297 0.011235948207597645 0.861328
14 0.2797948666140489 0.3852327447833066 0.00868193591160221 0.017924026966292132 0.86084
18 0.3617799273875296 0.17763523595505618 0.014996063772691397 0.0149812734082397 0.859863
14 0.24348853038674034 0.3164792808988764 0.007892639621152327 0.017924026966292132 0.859863
2 0.5292027150749802 0.45251458533975386 0.012628255722178374 0.012038519850187265 0.859863
22 0.25611678610891875 0.15703579668271803 0.014206767482241514 0.011771014232209739 0.858887
23 0.5418309707971586 0.4533840813269128 0.012628255722178374 0.010834676083467094 0.85791
22 0.33228113022888717 0.1559657742108079 0.014206767482241514 0.012038519850187265 0.855957
0 0.25532757063930545 0.26912791011235954 0.02683502320441989 0.009630804922418405 0.855957
22 0.2233621215469613 0.4344570658105939 0.014206767482241514 0.011771014232209739 0.85498
8 0.639453449092344 0.5684857356875335 0.014700097868981847 0.010700909577314071 0.853027
22 0.440212912391476 0.5469502322097378 0.013812159747434886 0.010968442589620118 0.852051
10 0.5426201862667719 0.5885501637239166 0.01736387182320442 0.01765649395398609 0.851074
13 0.2967640094711918 0.29240240556447294 0.011444351696921862 0.018994104226859286 0.850098
6 0.17778199842146805 0.6206694660246121 0.01775847955801105 0.008594176136971643 0.848145
9 0.30505137805840565 0.38790807490636703 0.014206767482241514 0.012038519850187265 0.848145
7 0.4631017774269929 0.4557249266987694 0.01617996779794791 0.015516312038523274 0.847168
5 0.32912386424625095 0.2721374510433387 0.01578531965272297 0.012172286356340288 0.845703
22 0.6828136258879243 0.2002407619047619 0.013812159747434886 0.010968442589620118 0.84375
13 0.25335432991318074 0.6803102065275549 0.007892639621152327 0.009095766292134832 0.842773
0 0.5402525398579322 0.20090945746388442 0.023283351539068665 0.01257355848047084 0.841797
13 0.5990529313338596 0.4497140631353665 0.00868193591160221 0.01710474478330658 0.839844
6 0.5086325998421468 0.10700909577314072 0.015094705603788476 0.01337613012306046 0.839844
8 0.3877270528808208 0.4777285992509363 0.01657457553275454 0.01257355848047084 0.838867
6 0.559984138910813 0.4749867009095773 0.022888703393843725 0.008828260674157304 0.836426
13 0.6432518263614839 0.1736222407704655 0.011049743962115234 0.019529170251471373 0.834473
6 0.3989740805051302 0.10848044515783842 0.01026044767166535 0.012306052862493312 0.832031
10 0.30386735280189425 0.26725523381487426 0.013417511602209945 0.01337613012306046 0.832031
22 0.4446528050513023 0.6625200556447298 0.022296771586424624 0.012707324986623863 0.832031
13 0.20619577584846094 0.4537185660781166 0.011838999842146803 0.01765649395398609 0.832031
10 0.2233621215469613 0.6617842439807383 0.014206767482241514 0.019261637239165328 0.831055
9 0.20540656037884766 0.6642590476190476 0.015390671507498026 0.012841091492776886 0.831055
18 0.2198104498816101 0.4553235997859818 0.01578531965272297 0.01337613012306046 0.830078
14 0.3461669581689029 0.6602460524344569 0.008533952959747435 0.018191532584269664 0.829102
5 0.3801302983425414 0.27153559764579993 0.014996063772691397 0.012306052862493312 0.829102
13 0.6059590718232044 0.6783038459069021 0.009865839936858722 0.013108624505082933 0.827637
6 0.4884568902920284 0.40877488282504015 0.01578531965272297 0.011771014232209739 0.82666
13 0.5702447482241515 0.47124134831460673 0.00868193591160221 0.016318883681112895 0.82666
8 0.4650750181531176 0.4997325457463885 0.01657457553275454 0.01337613012306046 0.825684
14 0.46093133385951063 0.19796675869448901 0.00868193591160221 0.018191532584269664 0.825684
24 0.4011445240726125 0.5381218619582665 0.01578531965272297 0.006153012734082397 0.824219
10 0.4332081704814522 0.12834407276618512 0.015982643725335435 0.01805779347244516 0.822266
0 0.1547949360694554 0.2715355976457999 0.024861863299131808 0.004815402461209203 0.820801
5 0.3871350402525651 0.4989298919208133 0.01578531965272297 0.016318883681112895 0.820801
22 0.372533543804262 0.34122512573568753 0.013417511602209945 0.012306052862493312 0.819824
12 0.4265982383583267 0.45063369074371323 0.015390671507498026 0.017940737506688068 0.818848
2 0.20279200631412786 0.13362761690743713 0.012726897553275452 0.013108624505082933 0.817383
18 0.6543016511444356 0.5668807019796682 0.014996063772691397 0.014446234777956127 0.817383
6 0.40385767955801105 0.4773943884430176 0.014502773796369377 0.012172286356340288 0.81543
2 0.2805840820836622 0.27247193579454254 0.021310191633780583 0.011235948207597645 0.813965
0 0.40341356906077347 0.33814874264312467 0.024072607419100236 0.016318883681112895 0.813965
14 0.7061959021310182 0.4953182236490102 0.00927386771902131 0.018994104226859286 0.811523
22 0.4553078200473559 0.40917593579454253 0.013614835674822417 0.011235948207597645 0.810547
46 0.5848462446724546 0.6385768646334938 0.024467255564325177 0.013911168753344035 0.809082
2 0.21172068823993687 0.4145390330658106 0.022099447513812154 0.007248183199571964 0.809082
18 0.2174428034727703 0.6821828828250401 0.014996063772691397 0.005350441091492776 0.809082
5 0.2032361168113654 0.1808453033707865 0.022099447513812154 0.011771014232209739 0.808105
0 0.4252170102604578 0.6824505254146602 0.029005507182320443 0.004815402461209203 0.808105
18 0.1977112044198895 0.38764043231674694 0.01578531965272297 0.014446234777956127 0.808105
22 0.5903711570639306 0.5216693761369717 0.012628255722178374 0.011771014232209739 0.806641
5 0.15587995580110497 0.620640208881755 0.025256511444356748 0.008535634456928839 0.806641
21 0.47355958958168903 0.5493579197431783 0.01657457553275454 0.016318883681112895 0.805664
21 0.24704020205209154 0.6892054189406099 0.022099447513812154 0.020331741894060996 0.805664
14 0.5852406503551697 0.24404758052434458 0.007892639621152327 0.017522727447833068 0.805664
2 0.6893253606945541 0.4067682482611022 0.012233607576953433 0.011503481219903692 0.805664
13 0.5588001136543015 0.17388988336008562 0.007498031886345699 0.018191532584269664 0.804199
9 0.6625886156274664 0.5904225660781167 0.014996063772691397 0.011771014232209739 0.803223
14 0.49980251933701664 0.565543036918138 0.00828728776637727 0.018191532584269664 0.801758
22 0.40341356906077347 0.640449431353665 0.014798739700078925 0.011771014232209739 0.801758
19 0.35102590686661406 0.2947432509363296 0.011838999842146803 0.011235948207597645 0.800781
14 0.49230477032359904 0.45060848796147673 0.00828728776637727 0.01738898833600856 0.799316
24 0.48155074980268353 0.49063680684858213 0.015390671507498026 0.00628677924023542 0.79834
13 0.6795581625887924 0.31173074799357947 0.00868193591160221 0.018592832102728732 0.79834
10 0.14897381531176004 0.13175494060995185 0.015390671507498026 0.018994104226859286 0.795898
22 0.5891871318074191 0.49866224933119313 0.021310191633780583 0.012841091492776886 0.795898
6 0.3495214269928966 0.2725053568753344 0.0243192726124704 0.011570350775815943 0.795898
8 0.6459402102604578 0.6139647041198502 0.015538654459352803 0.012306052862493312 0.794434
22 0.35772231728492504 0.6630550668806848 0.01403413417521705 0.012038519850187265 0.794434
9 0.2835437411207577 0.6871990583199571 0.014206767482241514 0.012707324986623863 0.792969
2 0.1844909360694554 0.3889780973782772 0.01006312359905288 0.009095766292134832 0.789062
13 0.37213873401736386 0.6800428378812199 0.007103383741120757 0.009630804922418405 0.789062
2 0.4864836495659037 0.3622258919208132 0.014798739700078925 0.012306052862493312 0.788086
13 0.46764027150749804 0.4055645414660246 0.009865839936858722 0.019261637239165328 0.788086
9 0.4136741783741121 0.6630884879614768 0.014798739700078925 0.013041727554842161 0.786621
9 0.2105366629834254 0.5484215815944354 0.014996063772691397 0.012038519850187265 0.786621
18 0.1785716179952644 0.10941678330658106 0.01657457553275454 0.015248806420545746 0.785156
10 0.24269931491712704 0.5687533782771536 0.014206767482241514 0.018726598608881755 0.785156
18 0.18932523441199683 0.5930978962011771 0.014601415627466457 0.0149812734082397 0.78418
7 0.6228171668508288 0.5010702108079187 0.02607045808997632 0.01738898833600856 0.782715
23 0.48036712865035525 0.22485292241840557 0.013614835674822417 0.011771014232209739 0.78125
18 0.38289275453827937 0.22368244494382022 0.015193387845303866 0.0149812734082397 0.78125
0 0.49980251933701664 0.1535580866773676 0.025256511444356748 0.014446234777956127 0.779785
10 0.5392661215469613 0.5426698683788123 0.013417511602209945 0.019529170251471373 0.778809
20 0.4837211933701657 0.6220488800428037 0.030781383425414366 0.011353004173354735 0.778809
21 0.4968428602999211 0.25053510540395935 0.01775847955801105 0.016452650187265917 0.778809
10 0.3983820678768745 0.3604868999464954 0.011444351696921862 0.018191532584269664 0.777344
13 0.2766376006314128 0.5449438715890851 0.00868193591160221 0.018726598608881755 0.774414
0 0.31078581846882397 0.3191546110219369 0.015366021152328335 0.011771014232209739 0.771973
22 0.3851617995264404 0.4548554307116105 0.014206767482241514 0.012038519850187265 0.771973
22 0.4167324388318863 0.5930978962011771 0.013417511602209945 0.012306052862493312 0.770508
16 0.3159160423046567 0.5246120749063671 0.01568667782162589 0.012841091492776886 0.769043
2 0.24269931491712704 0.4343231075441413 0.0205208953433307 0.010968442589620118 0.769043
2 0.33405676400947115 0.13228995184590692 0.01578531965272297 0.01257355848047084 0.767578
2 0.25434115232833465 0.6411182364901017 0.010655095816890291 0.010901545639379348 0.766113
10 0.5236778026835044 0.17495990583199572 0.014996063772691397 0.018726598608881755 0.764648
7 0.31667139384372534 0.17924026966292136 0.02377045872138911 0.012306052862493312 0.764648
24 0.5753748508287292 0.6871322161583734 0.022888703393843725 0.019127870733012305 0.763672
2 0.32063929281767956 0.31882012627073303 0.010655095816890291 0.012172286356340288 0.763672
14 0.254143545382794 0.4732477089352595 0.006314127861089187 0.012306052862493312 0.763672
6 0.2663773954222573 0.6181113836276083 0.01775847955801105 0.011503481219903692 0.763672
13 0.4057812154696133 0.6134296928838952 0.007892639621152327 0.018191532584269664 0.760742
14 0.23500395895816892 0.6610487062600321 0.007498031886345699 0.018325299090422686 0.759277
7 0.623520227308603 0.41469159208132694 0.013812159747434886 0.007553328624933119 0.757812
7 0.22691379321231256 0.504882405564473 0.021704799368587213 0.017522727447833068 0.757812
4 0.3957182131018153 0.17629757089352593 0.019534315390686664 0.01658641669341894 0.756348
0 0.5619573796369376 0.33915192295345103 0.025256511444356748 0.012439819368646333 0.754883
5 0.6576557158642463 0.42698301637239167 0.01617996779794791 0.017188324879614768 0.749023
22 0.5027625824782952 0.6392079751738898 0.014206767482241514 0.011913108614232209 0.746094
14 0.6551894680347277 0.24384705403959336 0.00818864593528019 0.018191532584269664 0.746094
8 0.603393818468824 0.2236322859283039 0.014996063772691397 0.010834676083467094 0.746094
5 0.47790047671665353 0.2937400706260032 0.022099447513812154 0.012038519850187265 0.746094
9 0.41554841357537486 0.1546281091492777 0.015390671507498026 0.012306052862493312 0.744629
5 0.6397001546961326 0.15395941359015516 0.021310191633780583 0.012038519850187265 0.743164
13 0.2521703046566693 0.5897538705189941 0.01026044767166535 0.02220439079721776 0.743164
22 0.5647198358326756 0.49879620759764576 0.014996063772691397 0.012306052862493312 0.741699
8 0.6380784037884767 0.10680856928838951 0.016956898500394633 0.013242363616907438 0.73877
10 0.6672257111286504 0.1268058812199037 0.015587995580110498 0.018191532584269664 0.73584
8 0.20797140962904498 0.2704655751738898 0.01617996779794791 0.006955584376672017 0.732422
24 0.4111089250197316 0.4997325457463885 0.024269931491712707 0.011904753344034244 0.732422
5 0.3295432031570639 0.5941679186730872 0.02145817458563536 0.01257355848047084 0.732422
10 0.30781383425414366 0.2700642482611022 0.021310191633780583 0.018592832102728732 0.730957
8 0.3567480220994475 0.34122512573568753 0.01657457553275454 0.01257355848047084 0.730957
12 0.30793090323599054 0.36276090315676834 0.009656190686661405 0.01765649395398609 0.730957
10 0.22849262825572217 0.6377742108079186 0.014206767482241514 0.018191532584269664 0.730957
6 0.2663773954222573 0.6639914050294274 0.025651159589581685 0.012974857998929909 0.729492
2 0.22395413417521703 0.47619040770465487 0.014601415627466457 0.006420545746388443 0.729492
8 0.30894831633780584 0.5710273814874265 0.011727992423046568 0.01257355848047084 0.728027
6 0.27940005682715074 0.41158362332798293 0.01578531965272297 0.012306052862493312 0.728027
24 0.4250198074191002 0.5147136821829855 0.015587995580110498 0.006420545746388443 0.725098
13 0.5161800536700868 0.22231127661851258 0.007892639621152327 0.018994104226859286 0.723145
2 0.5528807955801106 0.3158105853397539 0.01973163946329913 0.011235948207597645 0.723145
5 0.6270718989739542 0.6139647041198502 0.022888703393843725 0.012841091492776886 0.720215
22 0.21566676558800316 0.2502674628143392 0.013812159747434886 0.012038519850187265 0.713867
5 0.18271489818468825 0.6416031434991974 0.023677999684293606 0.012774221936864635 0.712402
23 0.4410025319652722 0.40890856714820756 0.014601415627466457 0.011503481219903692 0.710449
13 0.20205209155485399 0.592027873729267 0.010655095816890291 0.018726598608881755 0.710449
9 0.547158680347277 0.684991897271268 0.013812159747434886 0.013108624505082933 0.708984
21 0.6446330544593528 0.4737827201712146 0.021704799368587213 0.011235948207597645 0.70752
6 0.4057812154696133 0.4542535773140717 0.023283351539068665 0.011771014232209739 0.705566
22 0.6519829013417522 0.6828518523274478 0.013713477505919495 0.011637247726056715 0.704102
12 0.4388320883977901 0.2683252562867844 0.015390671507498026 0.01845906559657571 0.704102
14 0.6168112896606156 0.42723372926698766 0.007892639621152327 0.017121455323702513 0.700684
13 0.18074206156274664 0.6855940246120921 0.01578531965272297 0.018191532584269664 0.697754
6 0.5775452943962116 0.4277687405029427 0.01696922367797948 0.016051378063135367 0.697754
1 0.395422408839779 0.2730069470304976 0.01578531965272297 0.01779026046013911 0.695801
10 0.39226514285714287 0.6139647041198502 0.01657457553275454 0.01658641669341894 0.695801
5 0.20155868034727703 0.2082455490636704 0.01677189960536701 0.005576170358480471 0.694336
21 0.3200195990528808 0.3657036019261637 0.014360933228097868 0.012841091492776886 0.694336
9 0.19692198895027624 0.6886704077046549 0.014996063772691397 0.014312468271803103 0.692871
22 0.27841363851617995 0.341960937399679 0.014601415627466457 0.012974857998929909 0.692871
22 0.7017067087608524 0.544676228999465 0.014897381531176007 0.013108624505082933 0.690918
22 0.470797133385951 0.2707329438202247 0.014601415627466457 0.012439819368646333 0.690918
13 0.3867402304656669 0.31514188978063135 0.011049743962115234 0.018994104226859286 0.6875
22 0.4404105193370166 0.4316103293739968 0.022888703393843725 0.011043667415730337 0.684082
24 0.5481450986582478 0.6161047490636705 0.014996063772691397 0.015516312038523274 0.684082
4 0.4031177647987372 0.43017642803638306 0.022888703393843725 0.01658641669341894 0.684082
18 0.4169296416732439 0.1067414531835206 0.015982643725335435 0.01578384505082932 0.682617
8 0.3085721761641673 0.41091492776886035 0.010963386898184688 0.012841091492776886 0.682617
22 0.250986683504341 0.2265916404494382 0.014206767482241514 0.011503481219903692 0.680664
22 0.5088791033938437 0.6155697378277153 0.014601415627466457 0.012038519850187265 0.680664
2 0.17541435201262826 0.41225259283039056 0.012628255722178374 0.011771014232209739 0.680664
24 0.5033541910023678 0.16907450829320492 0.01578531965272297 0.006688078758694489 0.677246
2 0.5420285777426992 0.3619582493311932 0.012233607576953433 0.011771014232209739 0.677246
6 0.37894627308603 0.1559657742108079 0.024960545540647198 0.012306052862493312 0.675781
13 0.38826936069455403 0.3600855730337078 0.007498031886345699 0.0197966758694489 0.673828
7 0.4625097647987372 0.22712692562867845 0.022494095659037094 0.018191532584269664 0.672363
6 0.2841357537490134 0.47619040770465487 0.007103383741120757 0.006420545746388443 0.672363
22 0.17738759273875296 0.479802075976458 0.014404091554853986 0.01136971471375067 0.67041
6 0.4173244514601421 0.2706326805778491 0.025256511444356748 0.013041727554842161 0.668945
18 0.344218771902131 0.17790260460139112 0.021211509392265192 0.015516312038523274 0.663574
22 0.1954421594317285 0.6202911777421081 0.015193387845303866 0.007837572177635099 0.662109
14 0.5082377900552486 0.22124125414660248 0.007991321862667718 0.018994104226859286 0.662109
12 0.19514595106550908 0.5460138940609952 0.015390671507498026 0.018191532584269664 0.662109
6 0.4376480631412786 0.592027873729267 0.023677999684293606 0.014446234777956127 0.660156
22 0.2413180868192581 0.6408505939004815 0.013417511602209945 0.011503481219903692 0.660156
7 0.30544578374112075 0.6901918887105404 0.01617996779794791 0.017957475441412518 0.658203
0 0.614153738910813 0.5647403830925629 0.015994968902920285 0.01765649395398609 0.656738
22 0.38328716022099446 0.2487961134296415 0.012628255722178374 0.012974857998929909 0.654785
18 0.2419100994475138 0.4098449052969502 0.022099447513812154 0.01658641669341894 0.65332
19 0.4153512107340174 0.6865303627608347 0.012233607576953433 0.01337613012306046 0.651367
24 0.3869378374112076 0.4919741979668272 0.01617996779794791 0.00628677924023542 0.647949
8 0.5712311665351224 0.31594426966292133 0.01775847955801105 0.01257355848047084 0.647949
5 0.3861975185477506 0.38764043231674694 0.022395413417521704 0.011771014232209739 0.645996
10 0.3070246187845304 0.6375065682182987 0.01578531965272297 0.018726598608881755 0.644043
14 0.5676794948697711 0.17415725200642054 0.007892639621152327 0.018726598608881755 0.640625
2 0.3405680947119179 0.29567958908507225 0.00868193591160221 0.008159455537720706 0.640625
18 0.2841357537490134 0.2946764087747458 0.01578531965272297 0.014713740395933653 0.638672
6 0.17482233938437253 0.5489231717495987 0.024269931491712707 0.013443027073301231 0.638672
4 0.6738356432517759 0.10326374317817014 0.024467255564325177 0.01738898833600856 0.637207
6 0.16022084293606945 0.34309780203317286 0.01578531965272297 0.011771014232209739 0.637207
7 0.6081171053512234 0.503745266987694 0.0038415073086029987 0.02220439079721776 0.635254
4 0.6860694932912391 0.6779025189941145 0.01696922367797948 0.013911168753344035 0.633301
23 0.44692185003946333 0.31674692348849653 0.014206767482241514 0.011235948207597645 0.633301
12 0.3877270528808208 0.1995720663456394 0.01578531965272297 0.018191532584269664 0.631836
8 0.6049722494080505 0.6377742108079186 0.01578531965272297 0.01337613012306046 0.631836
18 0.5931332091554854 0.6804441647940075 0.01578531965272297 0.008828260674157304 0.629883
5 0.6799525682715075 0.6371055152487961 0.011444351696921862 0.007758156019261637 0.62793
2 0.19761260299921074 0.34346570786516856 0.010457771744277821 0.009697701872659175 0.625977
22 0.295777591160221 0.4787320535045479 0.014206767482241514 0.011637247726056715 0.625977
12 0.36242124072612475 0.5215356918138041 0.01568667782162589 0.01738898833600856 0.624512
2 0.32517778689818466 0.4783307265917603 0.022888703393843725 0.012439819368646333 0.624512
5 0.250986683504341 0.5711610658105939 0.01657457553275454 0.013911168753344035 0.624512
14 0.5248618279400157 0.6128946816479401 0.014996063772691397 0.020064208881754947 0.620605
16 0.32754543330702446 0.4336544119850187 0.01657457553275454 0.013108624505082933 0.616699
2 0.5931332091554854 0.5643393301230604 0.0205208953433307 0.01845906559657571 0.615234
21 0.4696131081294396 0.6425895858747993 0.029202831254932914 0.017121455323702513 0.613281
13 0.3500148382004736 0.5212680492241841 0.008139304814522495 0.01845906559657571 0.611328
12 0.399566093133386 0.1527554328517924 0.015982643725335435 0.018191532584269664 0.611328
6 0.6104971617995264 0.200508404494382 0.018942383583267563 0.012306052862493312 0.611328
13 0.1905092596685083 0.22547151375066882 0.011444351696921862 0.017823708935259495 0.611328
22 0.49388320126282553 0.2707663649010166 0.021112867561168112 0.012774221936864635 0.609375
24 0.773875270718232 0.12961489566613163 0.019337031728492503 0.008828260674157304 0.607422
16 0.32754543330702446 0.41144993900481536 0.01578531965272297 0.012038519850187265 0.607422
24 0.6146532116811365 0.33366785232744783 0.016895232202052093 0.021803091278758697 0.607422
2 0.5095204167324389 0.24719107972177637 0.010951061720599843 0.012306052862493312 0.605957
4 0.5219021689029203 0.33848322739432857 0.011444351696921862 0.013242363616907438 0.604004
12 0.5854378531965272 0.22089016843231676 0.021310191633780583 0.018091214553237027 0.602051
24 0.3332675485398579 0.619315090422686 0.01696922367797948 0.017121455323702513 0.602051
5 0.15203247987371746 0.11082129052969501 0.018153127703235992 0.013643663135366507 0.598145
23 0.170974863456985 0.32096044515783845 0.01854773543804262 0.012439819368646333 0.596191
22 0.5520915801104972 0.5449438715890851 0.013417511602209945 0.012038519850187265 0.594727
8 0.6677191223362273 0.6812465446762975 0.01657457553275454 0.0072231173889780636 0.594727
6 0.4485002809786898 0.13148729802033174 0.01617996779794791 0.012038519850187265 0.584961
5 0.1564719684293607 0.6158373804173355 0.025256511444356748 0.01845906559657571 0.584961
6 0.2403316685082873 0.1534244023542001 0.01578531965272297 0.01845906559657571 0.583008
13 0.6501579668508287 0.6340288582129481 0.00818864593528019 0.01765649395398609 0.583008
12 0.5059194443567482 0.36302827180310326 0.01578531965272297 0.021936857784911716 0.575684
9 0.7023480220994476 0.6835205478865704 0.014798739700078925 0.01377742964151953 0.57373
7 0.4652722209944751 0.47458537399678974 0.02545383551696922 0.009630804922418405 0.57373
13 0.4527425666929755 0.6827181680042804 0.01026044767166535 0.019529170251471373 0.567871
2 0.7020522178374112 0.29093105617977527 0.01026044767166535 0.015917611556982344 0.567871
10 0.2799920694554065 0.15329044408774747 0.021310191633780583 0.018191532584269664 0.563965
21 0.6118599627466456 0.4521135323702515 0.011234702446724545 0.012439819368646333 0.563965
21 0.1752171491712707 0.1848582985553772 0.03196528745067087 0.01765649395398609 0.562012
19 0.6460142825572218 0.5215356918138041 0.011838999842146803 0.011503481219903692 0.562012
6 0.6018153875295975 0.4048955719636169 0.01657457553275454 0.01658641669341894 0.562012
2 0.6055642620363062 0.5909578512573568 0.014601415627466457 0.012306052862493312 0.560059
0 0.30971292186266774 0.2019797538790797 0.01326952865035517 0.01417870176565008 0.560059
24 0.5743884325177585 0.4180711482075976 0.022099447513812154 0.014312468271803103 0.558105
18 0.38437258405682717 0.5460807362225789 0.014996063772691397 0.012707324986623863 0.558105
5 0.6276639116022099 0.5441412177635099 0.015390671507498026 0.011771014232209739 0.556641
19 0.568666317284925 0.20037444622792938 0.012628255722178374 0.012306052862493312 0.554688
13 0.14187047198105762 0.41508661829855537 0.0035516959116022096 0.008301577314071697 0.550781
0 0.5007893417521705 0.681647871589085 0.021704799368587213 0.006420545746388443 0.544922
13 0.425611820047356 0.26324251257356873 0.008089963693764798 0.009630804922418405 0.544922
13 0.27486196685082875 0.660781063670412 0.00828728776637727 0.01765649395398609 0.544922
10 0.19277830465666929 0.20144474264312467 0.014206767482241514 0.018726598608881755 0.539062
12 0.649565954222573 0.3124665596575709 0.0205208953433307 0.017924026966292132 0.539062
6 0.2624309139700079 0.4146477063670412 0.01775847955801105 0.007457201926163724 0.539062
5 0.19692198895027624 0.6831192209737827 0.014996063772691397 0.0034777921883360086 0.535156
9 0.6629834254143646 0.360888226859283 0.014206767482241514 0.011771014232209739 0.53125
12 0.2525651144435675 0.130618075976458 0.021310191633780583 0.017522727447833068 0.529297
23 0.7022494206787687 0.4065008796147672 0.014206767482241514 0.01257355848047084 0.529297
6 0.16821240726124706 0.13242363616907438 0.023677999684293606 0.01578384505082932 0.525391
5 0.6227801913180742 0.452782227929374 0.009915140647198107 0.007624389513108614 0.525391
24 0.6579640473559589 0.3757356789727127 0.016155277032359906 0.006688078758694489 0.525391
35 0.6731947340173638 0.5671480706260031 0.021803481610102603 0.01337613012306046 0.523438
4 0.23046546487766378 0.13175494060995185 0.013417511602209945 0.014713740395933653 0.521484
2 0.4581688776637727 0.6183787522739433 0.009865839936858722 0.007758156019261637 0.521484
14 0.19317271033938435 0.4735153515248796 0.014206767482241514 0.011771014232209739 0.521484
10 0.42442779479084447 0.428304025682183 0.011049743962115234 0.017924026966292132 0.521484
5 0.6985005461720599 0.6365702300695558 0.023875283346487766 0.011771014232209739 0.517578
4 0.15726118389897395 0.3651685906902087 0.02584844325177585 0.014446234777956127 0.517578
8 0.6824685209155485 0.3383492691278759 0.015982643725335435 0.01136971471375067 0.517578
7 0.6083051754380426 0.5465489052969502 0.004297809629044988 0.018191532584269664 0.509766
16 0.30505137805840565 0.4333867693953986 0.0205208953433307 0.01337613012306046 0.509766
6 0.6724544151539068 0.47532091171749596 0.024467255564325177 0.012841091492776886 0.507812
6 0.6014205777426993 0.24558577207062599 0.022888703393843725 0.012841091492776886 0.507812
0 0.2874902225730071 0.6203664299625468 0.022099447513812154 0.007937890208667737 0.505859
24 0.3117292400947119 0.13389525949705725 0.01722821404893449 0.014446234777956127 0.505859
5 0.5526835927387529 0.29360611235955053 0.009865839936858722 0.009095766292134832 0.505859
13 0.7024466235201263 0.12647139646869984 0.00868193591160221 0.018325299090422686 0.503906
7 0.3616813259668508 0.4098449052969502 0.022099447513812154 0.011771014232209739 0.503906
