21 0.6791633528018943 0.6139647041198502 0.01657457553275454 0.016051378063135367 0.995117
12 0.5469614775059195 0.2027821337613697 0.014206767482241514 0.02247189641519529 0.994629
2 0.636740495659037 0.4507758673087212 0.011049743962115234 0.011102181701444624 0.993164
21 0.6945540647198106 0.49866224933119313 0.014996063772691397 0.01578384505082932 0.993164
13 0.8235990781373322 0.6749598202247191 0.007892639621152327 0.0197966758694489 0.992188
24 0.825572318863457 0.4962545617977528 0.01578531965272297 0.016853922311396468 0.991211
21 0.7644042809786898 0.36276090315676834 0.015390671507498026 0.01578384505082932 0.990234
12 0.41722585003946333 0.452782227929374 0.014601415627466457 0.02247189641519529 0.989746
2 0.6329419971586424 0.3158105853397539 0.010457771744277821 0.010968442589620118 0.989746
2 0.4169296416732439 0.15823977742108078 0.012628255722178374 0.01257355848047084 0.989258
11 0.5059194443567482 0.4711076639914393 0.014996063772691397 0.01658641669341894 0.98877
0 0.36621941594317287 0.4747190583199572 0.025059187371744278 0.009363299304440877 0.988281
7 0.6101027561168113 0.15810581915462815 0.014996063772691397 0.017121455323702513 0.987793
5 0.6854774806629835 0.6787051728196897 0.01578531965272297 0.012306052862493312 0.987305
2 0.46497641673243884 0.6586410187265918 0.013220187529597475 0.012306052862493312 0.986816
11 0.38200453354380426 0.5869448560727661 0.01677189960536701 0.01765649395398609 0.986328
21 0.5714283693764799 0.41091492776886035 0.015390671507498026 0.016051378063135367 0.983398
2 0.4642858026835043 0.4521135323702515 0.012430931649565904 0.01257355848047084 0.98291
21 0.6274663046566693 0.3420277795612627 0.01657457553275454 0.016318883681112895 0.982422
18 0.8123520505130228 0.47010420973782774 0.01736387182320442 0.014580001284109148 0.981445
12 0.6975137237569061 0.2682249930444088 0.013812159747434886 0.023475131514178706 0.980957
5 0.6127417180741911 0.3157437431781701 0.013121545698500395 0.01136971471375067 0.980957
7 0.6760064909234412 0.2949437774210808 0.014996063772691397 0.016185117174959872 0.980469
2 0.5889899289660616 0.2017121112894596 0.013022903867403315 0.013108624505082933 0.97998
23 0.7122138216258879 0.2680578876404494 0.014009483820047354 0.011570350775815943 0.979004
2 0.7968627371744278 0.2668204858212948 0.013220187529597475 0.013108624505082933 0.978516
18 0.3664166187845304 0.5209335644729802 0.014601415627466457 0.014044935259497057 0.978027
12 0.6158248713496448 0.38389507972177633 0.014601415627466457 0.021401819154628143 0.977539
11 0.6053670591949487 0.6539593279828786 0.014601415627466457 0.01738898833600856 0.977051
2 0.45609703551696923 0.2268592830390583 0.012825579794790843 0.012038519850187265 0.977051
2 0.663279229676401 0.3834937528089888 0.012628255722178374 0.011771014232209739 0.977051
7 0.3663180173638516 0.2082664783306581 0.015292029676400948 0.016318883681112895 0.975586
2 0.46093133385951063 0.3624932605671482 0.013417511602209945 0.012306052862493312 0.975098
11 0.6416733954222573 0.6313538020331728 0.014996063772691397 0.01765649395398609 0.974609
5 0.5812945730071034 0.13215626752273943 0.015390671507498026 0.012038519850187265 0.974609
0 0.547158680347277 0.2252207186730872 0.024072607419100236 0.011603799250936329 0.974609
21 0.5862274727703235 0.6376571822364901 0.01578531965272297 0.01601792958801498 0.972656
7 0.6671271097079716 0.3638309256286784 0.014206767482241514 0.01658641669341894 0.97168
5 0.808603176006314 0.29006156019261636 0.014601415627466457 0.011102181701444624 0.971191
2 0.8752961262825572 0.5399945382557517 0.012628255722178374 0.011503481219903692 0.970703
2 0.5276242841357538 0.40716957517388974 0.013417511602209945 0.012306052862493312 0.970703
8 0.7100433780584057 0.47247847619047617 0.01637725146014207 0.013175494060995184 0.970215
5 0.5473558831886346 0.2714019133226324 0.01578531965272297 0.012439819368646333 0.970215
2 0.6917916085240726 0.6558320042803638 0.011049743962115234 0.010968442589620118 0.969727
7 0.6661406913970008 0.1335607747458534 0.015390671507498026 0.016987688817549494 0.968262
15 0.554459226519337 0.42696636062065274 0.029202831254932914 0.017121455323702513 0.967773
20 0.678867548539858 0.5183253504547887 0.03334647513812154 0.023943273194221508 0.967285
0 0.5126283820047356 0.4297753750668807 0.024072607419100236 0.011503481219903692 0.967285
2 0.8587213891081295 0.4034242225789192 0.013417511602209945 0.012841091492776886 0.967285
5 0.668311134964483 0.22328117281968965 0.01608128555643252 0.012306052862493312 0.966797
0 0.3266821051302289 0.22899960192616373 0.025799142541436466 0.013108624505082933 0.966309
20 0.525256637726914 0.2667202225789192 0.02604576732438832 0.014446234777956127 0.96582
5 0.7066396085240726 0.3828250572498662 0.01608128555643252 0.012306052862493312 0.96582
5 0.35373906235201263 0.3186195997859818 0.015094705603788476 0.012306052862493312 0.965332
2 0.8533936795580112 0.12707324986623864 0.013022903867403315 0.012038519850187265 0.964844
2 0.8504340205209155 0.33473787479935796 0.012628255722178374 0.013108624505082933 0.964355
5 0.8200474064719812 0.6543606548956662 0.014996063772691397 0.011771014232209739 0.963867
21 0.6154856258879242 0.5692883895131086 0.0177461543804262 0.016051378063135367 0.963379
18 0.8476715643251774 0.5850721797752809 0.014996063772691397 0.014446234777956127 0.962891
22 0.5335436022099447 0.13335997431781701 0.014206767482241514 0.011771014232209739 0.962891
18 0.8232042683504341 0.24214148314606743 0.01617996779794791 0.013643663135366507 0.962891
0 0.43261656195737963 0.635939174317817 0.02604576732438832 0.012966502728731942 0.962402
2 0.7720996369376479 0.1981007169609417 0.012233607576953433 0.01257355848047084 0.962402
2 0.7592737742699289 0.2217762653825575 0.011641675769534333 0.011235948207597645 0.961426
5 0.7582873559589582 0.24424838095238097 0.014996063772691397 0.012306052862493312 0.960938
2 0.48697706077348063 0.13429631246655965 0.010852419889502763 0.011503481219903692 0.960449
6 0.6621942099447514 0.26906106795077583 0.01657457553275454 0.010700909577314071 0.960449
5 0.3934984688239937 0.15864110433386838 0.015292029676400948 0.012038519850187265 0.959961
8 0.7454618973954222 0.22204390797217763 0.01657457553275454 0.012306052862493312 0.958984
18 0.5670874822415154 0.1550294360620653 0.014996063772691397 0.014446234777956127 0.958496
22 0.6699881673243883 0.10714278009630818 0.012825579794790843 0.011102181701444624 0.958496
5 0.5763616732438832 0.6112893739967897 0.015390671507498026 0.011235948207597645 0.958008
12 0.6760064909234412 0.2463884258962012 0.014206767482241514 0.021401819154628143 0.958008
18 0.5647198358326756 0.29233556340288924 0.014996063772691397 0.014312468271803103 0.958008
10 0.43133393528018943 0.6793404472980203 0.013022903867403315 0.019061001177100054 0.95752
5 0.5887923220205209 0.1787052584269663 0.014996063772691397 0.011235948207597645 0.957031
0 0.5915547782162589 0.384564049224184 0.024072607419100236 0.011503481219903692 0.957031
0 0.40074971428571426 0.6591760299625468 0.025256511444356748 0.01257355848047084 0.956055
9 0.7987369723756906 0.3580792124130551 0.014601415627466457 0.012306052862493312 0.955078
5 0.45797167482241513 0.6359015345104334 0.015982643725335435 0.012038519850187265 0.954102
0 0.870363226519337 0.4709068635634029 0.024861863299131808 0.011503481219903692 0.954102
0 0.46211535911602214 0.18138031460674156 0.024467255564325177 0.012306052862493312 0.954102
0 0.4427781657458563 0.2719369245585875 0.03157063930544594 0.013108624505082933 0.954102
21 0.3678964483030781 0.6871322161583734 0.01854773543804262 0.01845906559657571 0.953125
19 0.6014205777426993 0.26886026752273945 0.011838999842146803 0.010165870947030498 0.952637
5 0.7408248018942383 0.4948500545746388 0.015390671507498026 0.012172286356340288 0.95166
5 0.4423837600631413 0.6587747030497593 0.015390671507498026 0.011904753344034244 0.95166
5 0.766574724546172 0.40502953023006955 0.014996063772691397 0.011771014232209739 0.950684
5 0.43794386740331487 0.36302827180310326 0.015982643725335435 0.01257355848047084 0.950195
2 0.6310551539068666 0.4289727212413055 0.010877070244672455 0.010700909577314071 0.950195
2 0.7054062825572218 0.1297485799892991 0.011641675769534333 0.01257355848047084 0.949707
0 0.6837018468823994 0.3374800470840021 0.025651159589581685 0.012306052862493312 0.949707
23 0.8121548476716653 0.4487695066880685 0.014206767482241514 0.010433376565008026 0.949707
5 0.6663378942383583 0.6334938469769931 0.014206767482241514 0.011235948207597645 0.949219
12 0.8032754664561957 0.6543606548956662 0.013812159747434886 0.021401819154628143 0.949219
0 0.7091555611681136 0.6558402225789193 0.022296771586424624 0.011085471161048688 0.949219
0 0.42324376953433307 0.3855003873729267 0.023875283346487766 0.011771014232209739 0.949219
5 0.5897791444356748 0.4510432359550562 0.015390671507498026 0.01337613012306046 0.949219
5 0.5524863898973954 0.6115570165864099 0.015390671507498026 0.012038519850187265 0.94873
0 0.3334648726124704 0.680577849117175 0.024368573322809787 0.008560727661851257 0.94873
5 0.4767168555643252 0.11008547886570359 0.01578531965272297 0.013911168753344035 0.94873
5 0.5852406503551697 0.10848044515783842 0.01578531965272297 0.013911168753344035 0.94873
21 0.4357734238358326 0.1388777399678973 0.01637725146014207 0.017589624398073836 0.94873
5 0.5734016101026045 0.24785977528089886 0.014206767482241514 0.011235948207597645 0.94873
0 0.5497239337016575 0.6353665232744783 0.02604576732438832 0.01337613012306046 0.947754
5 0.6404893701657458 0.4065008796147672 0.014996063772691397 0.012038519850187265 0.947266
0 0.692975633780584 0.4491705596575709 0.023677999684293606 0.012306052862493312 0.947266
0 0.6130624151539069 0.4287553472445158 0.024467255564325177 0.01103531214553237 0.946777
8 0.7082677442778216 0.5418003723916534 0.014404091554853986 0.011102181701444624 0.946777
5 0.32235350276243097 0.25173881219903693 0.016747249250197317 0.012306052862493312 0.946777
8 0.6766971049723757 0.1538254553237025 0.01578531965272297 0.011235948207597645 0.946289
5 0.7786109676400947 0.4713750326377742 0.01578531965272297 0.011771014232209739 0.946289
5 0.4064964798737174 0.25013377849117174 0.016525274822415156 0.012038519850187265 0.945801
11 0.6507499794790844 0.2217762653825575 0.014996063772691397 0.01765649395398609 0.945312
7 0.8458959305445936 0.5200643424291065 0.02604576732438832 0.01738898833600856 0.944824
13 0.3835833685872139 0.27019793258426966 0.009372549960536701 0.018325299090422686 0.944336
8 0.44938850197316493 0.45264854360620654 0.015587995580110498 0.011503481219903692 0.944336
0 0.4786896921862667 0.6328250418405564 0.025651159589581685 0.017121455323702513 0.943848
7 0.35270334333070247 0.13897800321027287 0.01578531965272297 0.017121455323702513 0.943848
8 0.43212315074980273 0.15877478865703587 0.01657457553275454 0.012038519850187265 0.943848
5 0.7529596464088397 0.33627606634563934 0.014798739700078925 0.012841091492776886 0.943848
0 0.7536502604577743 0.4721776864633494 0.025059187371744278 0.012841091492776886 0.943848
7 0.3644312549329124 0.4567615280898877 0.02607045808997632 0.016787052755484217 0.943359
5 0.8016970355169692 0.10393271268057784 0.014206767482241514 0.01257355848047084 0.943359
5 0.602012590370955 0.5652756682718031 0.014601415627466457 0.011771014232209739 0.941895
5 0.7755523030781374 0.6547033579454253 0.015587995580110498 0.012021809309791333 0.941895
14 0.7460535059194949 0.24103803959336542 0.007498031886345699 0.01765649395398609 0.941895
5 0.6625886156274664 0.4728463820224719 0.014996063772691397 0.012306052862493312 0.941895
4 0.8204418121546962 0.33373469448903154 0.014206767482241514 0.015516312038523274 0.941895
14 0.4058551665351223 0.15543076297485287 0.007941980741910023 0.018191532584269664 0.941406
11 0.35951047829518545 0.22645795612627073 0.014404091554853986 0.018191532584269664 0.941406
13 0.6797553654301499 0.3580792124130551 0.009076543646408839 0.018191532584269664 0.940918
7 0.5692579258089977 0.11128945960406635 0.01578531965272297 0.016452650187265917 0.94043
2 0.3542324735595896 0.11155710219368646 0.010852419889502763 0.01337613012306046 0.94043
18 0.6574585130228887 0.1527554328517924 0.0205208953433307 0.014713740395933653 0.939941
5 0.7543408745067088 0.1290796104868914 0.014206767482241514 0.011235948207597645 0.939941
5 0.6835042399368587 0.4056982257891921 0.021507515706393053 0.012038519850187265 0.939941
5 0.6428570165745856 0.3378811000535045 0.013417511602209945 0.010968442589620118 0.939453
5 0.8279399652722967 0.47084002140181913 0.014996063772691397 0.011771014232209739 0.938965
0 0.870757632202052 0.6320224975922952 0.024467255564325177 0.012038519850187265 0.938477
22 0.6318075958958169 0.38389507972177633 0.013417511602209945 0.011771014232209739 0.938477
0 0.6254934680347277 0.47084002140181913 0.023677999684293606 0.01658641669341894 0.937988
5 0.8393841957379637 0.24247596789727127 0.014206767482241514 0.011102181701444624 0.9375
2 0.6138516306235201 0.6104869941144997 0.012233607576953433 0.012306052862493312 0.936523
5 0.8358325240726125 0.22097388550026753 0.01578531965272297 0.012306052862493312 0.936523
0 0.6610101846882399 0.5420680149812734 0.025256511444356748 0.012172286356340288 0.936035
8 0.7440806692975532 0.29093105617977527 0.01854773543804262 0.012707324986623863 0.935547
5 0.3372139087608524 0.13630294703049758 0.01568667782162589 0.012038519850187265 0.935059
13 0.38555660931333857 0.2247567135366506 0.01026044767166535 0.01878511289459604 0.935059
7 0.6337804325177585 0.2030497763509898 0.01617996779794791 0.017121455323702513 0.93457
2 0.8068271381215469 0.1976993900481541 0.013022903867403315 0.012038519850187265 0.93457
2 0.45728106077348063 0.4307117132156233 0.013417511602209945 0.012306052862493312 0.93457
7 0.6460142017363852 0.4732477089352595 0.015094705603788476 0.011771014232209739 0.93457
6 0.4212705288082084 0.18178164151952916 0.01696922367797948 0.012038519850187265 0.933594
22 0.7403313906866614 0.1524880642054575 0.014206767482241514 0.011503481219903692 0.933105
5 0.5536700110497238 0.4977261851257357 0.013812159747434886 0.012707324986623863 0.932617
22 0.7124853796369377 0.518258508293205 0.01267759684293607 0.010834676083467094 0.932617
0 0.7715076243093923 0.6760298426966292 0.03393844735595896 0.01765649395398609 0.932129
5 0.6446329736385161 0.10714278009630818 0.01617996779794791 0.012841091492776886 0.932129
2 0.37677582951854777 0.636185805457464 0.013022903867403315 0.011938201819154629 0.931152
0 0.5217049660615627 0.6581060074906367 0.023283351539068665 0.01257355848047084 0.930664
0 0.7620362304656669 0.6096843402889245 0.023677999684293606 0.011503481219903692 0.930664
2 0.6493687513812154 0.2006420888175495 0.012233607576953433 0.012306052862493312 0.930664
7 0.6444358516179952 0.27273930444087746 0.01578531965272297 0.01658641669341894 0.930664
0 0.5205209408050513 0.3844300909577314 0.02683502320441989 0.0149812734082397 0.930664
0 0.846093133385951 0.4933118630283574 0.024467255564325177 0.01417870176565008 0.930176
14 0.6231254175217048 0.31286788657035847 0.007892639621152327 0.016853922311396468 0.928711
0 0.747829543804262 0.42750137185660786 0.025651159589581685 0.012306052862493312 0.927734
14 0.7032358389897395 0.2419743777421081 0.00887925998421468 0.01765649395398609 0.926758
5 0.3466357190213102 0.4766585767790262 0.015193387845303866 0.012172286356340288 0.92627
8 0.6784727387529598 0.4955190240770465 0.01677189960536701 0.01257355848047084 0.925781
0 0.6083267182320442 0.20131078437667202 0.024861863299131808 0.012841091492776886 0.925781
0 0.35006413891081295 0.43084956147672554 0.0249112044198895 0.012832736222578918 0.924316
0 0.503749000789266 0.6356338919208132 0.024467255564325177 0.012841091492776886 0.924316
5 0.7980467624309393 0.6316211980738363 0.015587995580110498 0.012005071375066881 0.922852
8 0.6511443851617995 0.6110220053504548 0.018153127703235992 0.012306052862493312 0.922363
5 0.4350828097868982 0.2280632637774211 0.015390671507498026 0.012306052862493312 0.922363
18 0.7812748224151539 0.6309189444622794 0.015390671507498026 0.013810850722311398 0.921875
14 0.4463298374112076 0.2243846985553772 0.0067087760063141285 0.017522727447833068 0.921875
5 0.5708367608524073 0.6344301851257357 0.014996063772691397 0.011771014232209739 0.921387
2 0.7935082683504342 0.5854735066880685 0.013812159747434886 0.010968442589620118 0.921387
2 0.7884767671665351 0.4044942450508293 0.010655095816890291 0.011771014232209739 0.921387
8 0.4704023235990529 0.2272606099518459 0.014798739700078925 0.010968442589620118 0.920898
0 0.3610767861089187 0.2510701166399144 0.030608709707971585 0.011637247726056715 0.92041
0 0.47947890765588 0.24933112466559657 0.024664579636937647 0.012306052862493312 0.919434
22 0.39581681452249406 0.3182182728731942 0.013812159747434886 0.012038519850187265 0.919434
13 0.5603789486977111 0.19930442375601928 0.01026044767166535 0.020331741894060996 0.918945
8 0.5615625698500395 0.5882825211342964 0.014996063772691397 0.011235948207597645 0.918457
5 0.775256498816101 0.448903191011236 0.01657457553275454 0.010700909577314071 0.918457
14 0.3938435737963694 0.1787052584269663 0.00828728776637727 0.01765649395398609 0.917969
22 0.49743487292817684 0.10988495238095239 0.014404091554853986 0.012439819368646333 0.91748
0 0.4346884041041831 0.47625724986623863 0.03275454333070244 0.013108624505082933 0.915039
9 0.8743093038674034 0.586142202247191 0.015390671507498026 0.012841091492776886 0.915039
18 0.3918707371744278 0.5205322375601926 0.014601415627466457 0.013643663135366507 0.914062
8 0.6812844956590371 0.6334938469769931 0.014502773796369377 0.010165870947030498 0.913574
7 0.35571230307813734 0.6161047490636705 0.021606157537490137 0.017121455323702513 0.913086
1 0.7746644861878453 0.4292403638309257 0.01696922367797948 0.01738898833600856 0.913086
11 0.5046368176795579 0.22294677025147136 0.014798739700078925 0.01738898833600856 0.912598
2 0.7660813133385951 0.3822900460139112 0.019928963535911604 0.010700909577314071 0.911621
0 0.8504340205209155 0.44900345425361154 0.023677999684293606 0.010767779133226324 0.911133
5 0.5664954696132596 0.22471896415195292 0.013812159747434886 0.011771014232209739 0.911133
4 0.5611681641673244 0.27029819582664527 0.011049743962115234 0.013978065703584805 0.910645
8 0.5007893417521705 0.13376130123060462 0.01617996779794791 0.013108624505082933 0.909668
22 0.8705604293606946 0.19689673622257892 0.01578531965272297 0.012306052862493312 0.909668
46 0.5276242841357538 0.36276090315676834 0.025256511444356748 0.010968442589620118 0.909668
5 0.5580108981846883 0.47418404708400214 0.022888703393843725 0.012439819368646333 0.90918
6 0.3395570260457774 0.11262712466559659 0.017413172533543804 0.012306052862493312 0.90918
22 0.7531572533543804 0.44958037881219903 0.014206767482241514 0.010951704654895667 0.908691
5 0.7154696890292028 0.24505076083467095 0.015390671507498026 0.012306052862493312 0.908691
22 0.7653906992896606 0.6321561819154629 0.013812159747434886 0.011771014232209739 0.908203
7 0.5726123946329913 0.6600455259497058 0.021310191633780583 0.017255221829855536 0.908203
9 0.3556137016574586 0.15864110433386838 0.015094705603788476 0.012306052862493312 0.908203
13 0.36281564640883973 0.29360611235955053 0.009076543646408839 0.017924026966292132 0.907227
14 0.31802793117600636 0.2719703456393794 0.009958298973954222 0.01999731193151418 0.906738
0 0.6819258089976322 0.3833600684858213 0.024072607419100236 0.011235948207597645 0.905273
18 0.8235990781373322 0.42536105296950244 0.01578531965272297 0.01417870176565008 0.905273
21 0.4147591981057617 0.211493448047084 0.018153127703235992 0.012071968325307651 0.904785
7 0.7302683883188634 0.10727673836276083 0.01578531965272297 0.0197966758694489 0.903809
2 0.727703134964483 0.4052968988764045 0.012628255722178374 0.011771014232209739 0.902832
7 0.43389878453038677 0.4332530850722311 0.013812159747434886 0.015248806420545746 0.901855
13 0.44563922336227313 0.4281700674157303 0.00848461183898974 0.01658641669341894 0.901367
22 0.3861482178374112 0.4985285650080257 0.013614835674822417 0.012306052862493312 0.900391
21 0.6116811870560379 0.6769661808453719 0.022099447513812154 0.01578384505082932 0.900391
2 0.3302338172059984 0.27247193579454254 0.013664176795580112 0.016318883681112895 0.900391
4 0.6416239330702447 0.6551633087212413 0.013910801578531964 0.014446234777956127 0.899902
14 0.3342048277821626 0.47204400214018194 0.009076543646408839 0.014713740395933653 0.899902
8 0.4531373764798737 0.5218030604601391 0.01775847955801105 0.012038519850187265 0.898926
19 0.8464879431728491 0.5630016650615302 0.012628255722178374 0.012038519850187265 0.897461
13 0.3659236116811366 0.6337321228464419 0.00868193591160221 0.017447502621722847 0.897461
0 0.8545777048145226 0.17348855644729802 0.024861863299131808 0.012306052862493312 0.897461
13 0.6850826708760852 0.5621990112359552 0.007892639621152327 0.016853922311396468 0.896973
0 0.8650355169692187 0.10313005885500268 0.025256511444356748 0.013911168753344035 0.896484
22 0.5872138910812944 0.2702647747458534 0.014206767482241514 0.011904753344034244 0.896484
0 0.39399188003157065 0.5668807019796682 0.027131029518547747 0.012306052862493312 0.895508
9 0.3986778721389108 0.22739429427501337 0.015587995580110498 0.011771014232209739 0.895508
22 0.34934887450670876 0.3631622300695559 0.013713477505919495 0.011503481219903692 0.895508
4 0.3233030667719021 0.47485274264312466 0.013713477505919495 0.009095766292134832 0.895508
0 0.4689224940805052 0.1344302707330123 0.024664579636937647 0.01257355848047084 0.89502
0 0.3709551128650355 0.36276090315676834 0.024861863299131808 0.011771014232209739 0.89502
5 0.8082576669297554 0.42654829577314074 0.01568667782162589 0.012138837881219902 0.894043
6 0.7923242430939227 0.42750137185660786 0.015193387845303866 0.011235948207597645 0.894043
6 0.4372532533543804 0.5446093868378812 0.015390671507498026 0.011637247726056715 0.893066
6 0.38037680189423834 0.6591426088817549 0.014700097868981847 0.011637247726056715 0.893066
6 0.6067482872928177 0.4508761305510969 0.01657457553275454 0.011570350775815943 0.891602
14 0.5643250260457775 0.6086143178170145 0.007892639621152327 0.01765649395398609 0.891602
14 0.6541533449092344 0.6305511482075976 0.00858325367008682 0.01765649395398609 0.891113
10 0.3710044135753749 0.10821307651150347 0.01578531965272297 0.020599247512038524 0.891113
0 0.5505131491712708 0.40743721776350994 0.025256511444356748 0.011235948207597645 0.891113
14 0.5935280189423836 0.12881224184055645 0.007892639621152327 0.01738898833600856 0.889648
14 0.650947182320442 0.4930444943820225 0.00828728776637727 0.018325299090422686 0.888672
0 0.7440806692975532 0.3579455280898876 0.026440415469613256 0.015516312038523274 0.888184
13 0.849249995264404 0.6515516404494381 0.007892639621152327 0.016853922311396468 0.887207
6 0.5363060584056827 0.4513442996254682 0.01578531965272297 0.012372922418405563 0.88623
6 0.4873718705603789 0.5898875548421616 0.014996063772691397 0.011771014232209739 0.88623
5 0.43310956906077347 0.11088813269127876 0.01578531965272297 0.01417870176565008 0.88623
18 0.8114149329123914 0.1502140609951846 0.01647593370165746 0.013911168753344035 0.88623
8 0.6213497837411208 0.5197966998394864 0.01657457553275454 0.012038519850187265 0.885742
8 0.48776627624309393 0.49819435420010705 0.01677189960536701 0.011904753344034244 0.884766
13 0.8350433086029991 0.4455005414660246 0.007892639621152327 0.016837211771000535 0.883301
8 0.3920679400157853 0.6364365457463884 0.01677189960536701 0.012841091492776886 0.882324
24 0.3801302983425414 0.40048152380952384 0.01696922367797948 0.006955584376672017 0.879883
10 0.6860201925808997 0.4248260417335473 0.013713477505919495 0.01765649395398609 0.879883
12 0.8397790055248618 0.309390176565008 0.014996063772691397 0.01845906559657571 0.878906
2 0.35166722020520913 0.20545746388443017 0.011937641673243883 0.011771014232209739 0.878418
9 0.872138860299921 0.265382557517389 0.01696922367797948 0.012306052862493312 0.877441
4 0.3225353900552486 0.3863027672552167 0.014508916179952645 0.012841091492776886 0.877441
22 0.565903861089187 0.3836277110754414 0.013417511602209945 0.011235948207597645 0.877441
9 0.7188241578531964 0.3592829192081327 0.014996063772691397 0.012841091492776886 0.875977
0 0.5359116527229677 0.5658106795077582 0.024072607419100236 0.01257355848047084 0.875
2 0.35679772691397 0.4989298919208133 0.011937641673243883 0.011904753344034244 0.872559
5 0.35334465666929754 0.6803102065275549 0.014700097868981847 0.009095766292134832 0.872559
18 0.700276179952644 0.6310861594435526 0.022296771586424624 0.015516312038523274 0.872559
13 0.849249995264404 0.14767241519529162 0.01026044767166535 0.018726598608881755 0.872559
7 0.3534925588003157 0.6383092220438737 0.015094705603788476 0.017121455323702513 0.871582
9 0.3847669897395422 0.24986613590155163 0.015390671507498026 0.012306052862493312 0.871582
0 0.7902524009471192 0.3818887191011236 0.027229671349644834 0.012841091492776886 0.870605
6 0.6231378235201263 0.24678975280898877 0.015514004104183108 0.011637247726056715 0.868164
22 0.7046170670876085 0.5870785403959337 0.013614835674822417 0.011503481219903692 0.867188
18 0.6310179763220205 0.6094166976993045 0.0205208953433307 0.014446234777956127 0.866211
21 0.8318864467245463 0.10754410700909577 0.01657457553275454 0.016853922311396468 0.865234
23 0.6278611144435674 0.293204785446763 0.014206767482241514 0.011503481219903692 0.865234
2 0.6949488745067087 0.4724450551096843 0.013417511602209945 0.012841091492776886 0.865234
2 0.7436858595106551 0.6094166976993045 0.012233607576953433 0.011771014232209739 0.864258
14 0.5777429013417522 0.19930442375601928 0.007103383741120757 0.01765649395398609 0.864258
24 0.8571429581689031 0.38309269983948635 0.01578531965272297 0.016853922311396468 0.864258
2 0.8731256827150751 0.3772070283574103 0.014996063772691397 0.016853922311396468 0.863281
5 0.5079419857932124 0.31714825040128414 0.014897381531176007 0.010968442589620118 0.862305
22 0.8711524419889504 0.31179786409844834 0.014601415627466457 0.011503481219903692 0.861328
6 0.846093133385951 0.6321561819154629 0.022888703393843725 0.011771014232209739 0.859863
10 0.60161818468824 0.33594158159443555 0.013022903867403315 0.018860365115034777 0.858887
20 0.7402327892659827 0.6312198437667202 0.03295186740331492 0.023274468057784912 0.855957
13 0.37919277663772694 0.3592829192081327 0.00818864593528019 0.019261637239165328 0.855957
8 0.5489343141278611 0.13322628999464953 0.014996063772691397 0.011235948207597645 0.85498
14 0.6110336909234412 0.2669207490636704 0.006351143804262036 0.01765649395398609 0.85498
22 0.6191793401736385 0.5424022257891921 0.014206767482241514 0.010433376565008026 0.854004
0 0.5301895374901342 0.24558577207062599 0.025651159589581685 0.01765649395398609 0.854004
21 0.7878847545382794 0.24719107972177637 0.018942383583267563 0.016853922311396468 0.852051
12 0.5777429013417522 0.4711076639914393 0.014206767482241514 0.01658641669341894 0.852051
0 0.4132054175217048 0.1112226174424826 0.0224447545382794 0.013643663135366507 0.851074
22 0.4216653385951066 0.613162050294275 0.013614835674822417 0.011771014232209739 0.850098
2 0.4799723188634569 0.1812466302835741 0.010457771744277821 0.010700909577314071 0.850098
8 0.6460142017363852 0.3158774275013376 0.015094705603788476 0.010433376565008026 0.848145
5 0.49901330386740334 0.5208667223113965 0.014206767482241514 0.012306052862493312 0.847168
18 0.36735414048934495 0.5436062065275549 0.015883961483820045 0.015248806420545746 0.844727
8 0.6483819289660616 0.5877475098983413 0.01736387182320442 0.012306052862493312 0.844727
22 0.8095895943172849 0.17402356768325308 0.013812159747434886 0.011235948207597645 0.844727
2 0.6108919715864246 0.29347242803638307 0.01973163946329913 0.010968442589620118 0.844727
5 0.450276318863457 0.1346307972177635 0.012628255722178374 0.011102181701444624 0.842773
14 0.45501201578531963 0.6554306773675762 0.007498031886345699 0.01845906559657571 0.84082
8 0.47967651460142063 0.6591760299625468 0.015390671507498026 0.011235948207597645 0.839844
18 0.6172060994475138 0.5874798673087211 0.01775847955801105 0.013911168753344035 0.838867
6 0.8378057647987371 0.19729806313536652 0.01736387182320442 0.011771014232209739 0.838867
14 0.38116601736385164 0.13242363616907438 0.00818864593528019 0.018994104226859286 0.837402
5 0.40486874822415153 0.18164795719636168 0.01504536448303078 0.012306052862493312 0.837402
22 0.7470403283346487 0.3825574146602461 0.013417511602209945 0.012038519850187265 0.835449
7 0.4696131081294396 0.5698234007490637 0.014601415627466457 0.01658641669341894 0.834473
10 0.6921864183109707 0.10326374317817014 0.01657457553275454 0.019261637239165328 0.833496
9 0.6057614648776638 0.22378289994649547 0.014996063772691397 0.01257355848047084 0.833496
7 0.3712509171270718 0.2755483188871054 0.015587995580110498 0.016452650187265917 0.833496
13 0.7410220047355959 0.33326652541466023 0.009076543646408839 0.01805779347244516 0.833496
22 0.6621942099447514 0.4959871931514179 0.013417511602209945 0.011503481219903692 0.832031
18 0.49260057458563533 0.17950763830925628 0.014798739700078925 0.014446234777956127 0.832031
10 0.4035121704814522 0.38309269983948635 0.015587995580110498 0.018191532584269664 0.832031
22 0.8157065193370167 0.26648600107009096 0.014601415627466457 0.012105416800428037 0.831055
14 0.6081295153906866 0.5389245157838416 0.009076543646408839 0.017924026966292132 0.830078
12 0.45974730860299917 0.3829587415730337 0.013812159747434886 0.017924026966292132 0.827637
22 0.43310956906077347 0.45251458533975386 0.013220187529597475 0.011503481219903692 0.827637
18 0.4064964798737174 0.4063669213483146 0.02283940268350434 0.015248806420545746 0.825684
5 0.37865046882399367 0.3857677560192616 0.013417511602209945 0.011235948207597645 0.824219
22 0.6988949518547751 0.4282412104868914 0.013812159747434886 0.011361359443552703 0.820801
7 0.7806828097868982 0.2677902450508293 0.01578531965272297 0.011771014232209739 0.819824
18 0.7243486661404894 0.2901284023542001 0.021902123441199687 0.0149812734082397 0.819824
11 0.46724546172059983 0.15436074050294274 0.014206767482241514 0.01738898833600856 0.818848
24 0.7851222983425414 0.5086946003210272 0.017955803630623518 0.006688078758694489 0.817383
5 0.3461916085240726 0.6591760299625468 0.020422253512233625 0.011771014232209739 0.816406
11 0.5420285777426992 0.5857411492776886 0.022888703393843725 0.01738898833600856 0.81543
21 0.5860298658247829 0.22471896415195292 0.022888703393843725 0.023542001070090957 0.813965
2 0.7944946866614049 0.448903191011236 0.020718219415943175 0.010165870947030498 0.813965
22 0.5976717032359905 0.40663456393793473 0.013417511602209945 0.011235948207597645 0.812988
14 0.6355564704025256 0.24377171963616906 0.007892639621152327 0.017806971000535046 0.809082
2 0.8764797474348855 0.654093012306046 0.013417511602209945 0.01337613012306046 0.808105
6 0.8490527924230467 0.6096843402889245 0.014206767482241514 0.011771014232209739 0.805664
9 0.525256637726914 0.10968442589620117 0.014206767482241514 0.012172286356340288 0.804199
10 0.4078530576164167 0.42723372926698766 0.012430931649565904 0.017924026966292132 0.804199
22 0.6190928214680347 0.6333601626538257 0.015070055248618784 0.010968442589620118 0.803223
12 0.7468431254932912 0.10219372070626004 0.015390671507498026 0.01845906559657571 0.800781
2 0.5031569881610103 0.6822499989299091 0.020915543488555642 0.014044935259497057 0.79834
8 0.8606946298342542 0.6546280235420011 0.014996063772691397 0.010165870947030498 0.796875
22 0.7039264530386741 0.19997311931514178 0.014009483820047354 0.011235948207597645 0.796875
5 0.33082578942383584 0.5676833558052434 0.02293804451460142 0.013911168753344035 0.795898
10 0.3278660091554854 0.6340623340823971 0.015933302604577742 0.020398611449973247 0.795898
10 0.8723360631412787 0.23956669020866772 0.01657457553275454 0.01765649395398609 0.795898
6 0.6128835182320442 0.1787052584269663 0.013454527545382795 0.011235948207597645 0.794434
22 0.794001679558011 0.5630016650615302 0.012628255722178374 0.010700909577314071 0.791992
13 0.7024466235201263 0.6758961583734617 0.01696922367797948 0.017924026966292132 0.791992
5 0.6322020015785319 0.17790260460139112 0.022099447513812154 0.012306052862493312 0.791992
12 0.8136839779005525 0.629330511717496 0.014305449723756905 0.01708800684858213 0.789062
11 0.7261247040252565 0.2196362204387373 0.021704799368587213 0.018191532584269664 0.789062
22 0.43616823362273094 0.3402890615302301 0.013614835674822417 0.011503481219903692 0.789062
18 0.47592723599052883 0.3388845543071161 0.014996063772691397 0.015382545532370251 0.788086
14 0.8606946298342542 0.33226334510433386 0.009471191791633781 0.01765649395398609 0.788086
19 0.574585635359116 0.361690606741573 0.012628255722178374 0.012306052862493312 0.785156
4 0.7203039873717443 0.381487392188336 0.012430931649565904 0.015516312038523274 0.785156
14 0.6885357411207577 0.3575442011771 0.007695355958958169 0.01765649395398609 0.78418
11 0.7192185635359116 0.4472978833600856 0.022099447513812154 0.01765649395398609 0.78418
46 0.5917519810576164 0.5420011728196896 0.023677999684293606 0.010968442589620118 0.782715
5 0.4185084767166535 0.43017642803638306 0.01657457553275454 0.011771014232209739 0.78125
22 0.49388320126282553 0.4518458897806314 0.013417511602209945 0.011771014232209739 0.78125
22 0.5244674222573007 0.6356338919208132 0.015390671507498026 0.012306052862493312 0.779785
8 0.704419864246251 0.4724450551096843 0.005524871981057617 0.012439819368646333 0.778809
18 0.6022097932123126 0.5181916661316212 0.021310191633780583 0.015516312038523274 0.778809
7 0.85477490765588 0.24571973033707867 0.01617996779794791 0.016318883681112895 0.778809
6 0.840568220994475 0.6546280235420011 0.024467255564325177 0.011235948207597645 0.775879
8 0.4721783614838201 0.4308453975387908 0.01696922367797948 0.011503481219903692 0.773438
4 0.5878059037095501 0.24739160620652756 0.012628255722178374 0.01183788378812199 0.770508
2 0.45560362430939233 0.5666130593900481 0.012233607576953433 0.012841091492776886 0.769043
8 0.6022097932123126 0.6340288582129481 0.01696922367797948 0.011771014232209739 0.766113
13 0.7255326913970007 0.6070090101658641 0.007892639621152327 0.017924026966292132 0.764648
23 0.5205209408050513 0.6812799657570893 0.014206767482241514 0.012774221936864635 0.764648
6 0.6520815027624309 0.24638842589620116 0.021803481610102603 0.012974857998929909 0.764648
14 0.7344120726124704 0.4467962932049224 0.00828728776637727 0.017322091385767787 0.763672
14 0.7901537995264404 0.10139106688068485 0.00927386771902131 0.019261637239165328 0.763672
0 0.4812549455406472 0.26952923702514714 0.01854773543804262 0.008560727661851257 0.760742
0 0.660122367797948 0.17736759336543606 0.028216251302288872 0.01257355848047084 0.760742
0 0.7109311949486977 0.10513641947565543 0.020915543488555642 0.01257355848047084 0.757812
18 0.6479875232833464 0.42723372926698766 0.021507515706393053 0.013911168753344035 0.757812
14 0.7344120726124704 0.6062066302835741 0.007103383741120757 0.018191532584269664 0.756348
22 0.38664162904498817 0.4760901444622793 0.013812159747434886 0.011302845157838417 0.754883
0 0.5765588760852407 0.5196630155163189 0.02762431949486977 0.012306052862493312 0.754883
12 0.4065708350434097 0.6099517089352595 0.014996063772691397 0.01765649395398609 0.754883
8 0.5370956779794791 0.49745854253611554 0.01736387182320442 0.013108624505082933 0.753418
13 0.3804261026045777 0.5398608539325842 0.011444351696921862 0.023274468057784912 0.751953
21 0.6337804325177585 0.6768324965222043 0.022099447513812154 0.016051378063135367 0.751953
13 0.7531572533543804 0.4023542001070091 0.009076543646408839 0.01765649395398609 0.751953
5 0.33797847387529595 0.6353665232744783 0.015538654459352803 0.0149812734082397 0.750488
16 0.4266968397790056 0.6585407554842162 0.015587995580110498 0.011704117281968967 0.750488
6 0.337115226519337 0.6130283659711075 0.015489353749013416 0.011771014232209739 0.747559
23 0.5901735501183899 0.6571028271803103 0.013812159747434886 0.011503481219903692 0.744629
14 0.5702447482241515 0.19943810807918672 0.007892639621152327 0.017924026966292132 0.741699
10 0.8155089123914759 0.2196362204387373 0.022888703393843725 0.02086678052434457 0.741699
22 0.4447514064719811 0.680577849117175 0.013022903867403315 0.008560727661851257 0.73877
6 0.7955801104972375 0.47251217121455324 0.01617996779794791 0.013509896629213484 0.73877
6 0.5307815501183899 0.15623314285714288 0.024467255564325177 0.012841091492776886 0.73584
6 0.6337804325177585 0.1546281091492777 0.023677999684293606 0.012306052862493312 0.733887
22 0.4125887545382794 0.2731740524344569 0.014996063772691397 0.012907961048689139 0.733887
0 0.6212263299131807 0.361690606741573 0.03014011049723757 0.012306052862493312 0.733887
13 0.3459451049723757 0.4502408560727662 0.009520532912391477 0.01658641669341894 0.732422
22 0.7271111223362273 0.2678570872124131 0.014009483820047354 0.012038519850187265 0.732422
22 0.6629834254143646 0.4505082247191011 0.013417511602209945 0.011771014232209739 0.729492
10 0.8399762083662193 0.2863830497592295 0.014601415627466457 0.01779026046013911 0.725098
12 0.48421460457774274 0.518258508293205 0.014206767482241514 0.017522727447833068 0.723145
6 0.4450472107340174 0.613162050294275 0.015390671507498026 0.012306052862493312 0.72168
18 0.6888319494869771 0.541599845906902 0.021310191633780583 0.01257355848047084 0.71875
24 0.4080506645619574 0.5128410058855002 0.018153127703235992 0.0065543122525414665 0.716797
6 0.6217441894238359 0.6545028314606741 0.01736387182320442 0.016302173140716962 0.710449
14 0.4491908950276243 0.541332203317282 0.00828728776637727 0.017924026966292132 0.708984
24 0.7113260047355959 0.4868914542536116 0.017166547750591947 0.006688078758694489 0.704102
24 0.380327501183899 0.40583191011235953 0.017955803630623518 0.01738898833600856 0.704102
8 0.6671271097079716 0.4292403638309257 0.01578531965272297 0.011235948207597645 0.704102
7 0.6677191223362273 0.683052378812199 0.01736387182320442 0.017522727447833068 0.702637
23 0.7895617868981847 0.22131653376136973 0.01006312359905288 0.010550432530765114 0.702637
5 0.6487767387529597 0.3615569224184056 0.021902123441199687 0.012038519850187265 0.702637
22 0.5274270812943962 0.4737827201712146 0.02683502320441989 0.011235948207597645 0.699219
6 0.8326756621941594 0.15115039914392722 0.023677999684293606 0.011503481219903692 0.692871
6 0.5280190939226519 0.29481009309791334 0.024467255564325177 0.012038519850187265 0.692871
6 0.45737966219415943 0.2034511032637774 0.022099447513812154 0.01417870176565008 0.690918
13 0.7991317821625887 0.2160078964151953 0.00868193591160221 0.02110086506153023 0.6875
22 0.8007102131018152 0.6086143178170145 0.014206767482241514 0.011235948207597645 0.684082
2 0.6091113956116812 0.5201311845906902 0.005768425572217837 0.011904753344034244 0.682617
10 0.7462511128650355 0.5149144826110219 0.013614835674822417 0.01779026046013911 0.679199
21 0.8338596874506707 0.6122257121455323 0.01657457553275454 0.016318883681112895 0.677246
10 0.8247831033938438 0.17134823756019263 0.011444351696921862 0.017924026966292132 0.677246
10 0.7506906014206788 0.17268590262172284 0.011049743962115234 0.01845906559657571 0.677246
14 0.5487371112865035 0.44813395826645264 0.007892639621152327 0.018325299090422686 0.672363
19 0.7894631854775059 0.6548956661316212 0.011049743962115234 0.011771014232209739 0.672363
23 0.8133384688239936 0.6781033194221509 0.012628255722178374 0.01257355848047084 0.672363
11 0.6095107434885556 0.1282772306046014 0.022494095659037094 0.017924026966292132 0.668945
6 0.46487781531176003 0.5436062065275549 0.022888703393843725 0.013108624505082933 0.666992
5 0.6108919715864246 0.3389513964686999 0.01578531965272297 0.012038519850187265 0.665527
5 0.32972201925808997 0.5222043873729267 0.02415892407261247 0.014713740395933653 0.662109
8 0.3841753812154696 0.68111286035313 0.012628255722178374 0.00749065040128411 0.662109
12 0.8559589329123916 0.2635098812199037 0.014206767482241514 0.01658641669341894 0.656738
2 0.8750985193370165 0.5626003381487426 0.014996063772691397 0.012306052862493312 0.649414
2 0.42709164956590373 0.31741561904761906 0.012036323914759275 0.012306052862493312 0.649414
7 0.8239934838200473 0.2952114200107009 0.015390671507498026 0.023274468057784912 0.649414
6 0.775256498816101 0.14927772284644195 0.01696922367797948 0.01765649395398609 0.645996
22 0.49743487292817684 0.27207060888175494 0.013417511602209945 0.010834676083467094 0.645996
12 0.6913972028413575 0.24799345960406635 0.013417511602209945 0.01578384505082932 0.642578
11 0.749210771902131 0.3105270411985019 0.012628255722178374 0.017522727447833068 0.640625
21 0.4401143109707971 0.2985554456928839 0.023875283346487766 0.018726598608881755 0.638672
14 0.5937252217837411 0.49357950561797753 0.00828728776637727 0.01765649395398609 0.637207
4 0.45678764956590373 0.10727673836276083 0.022296771586424624 0.0197966758694489 0.629883
13 0.37213873401736386 0.24719107972177637 0.00927386771902131 0.01765649395398609 0.62793
8 0.7040254585635359 0.5411316768325307 0.006314127861089187 0.012306052862493312 0.624512
12 0.5872138910812944 0.3587479079721776 0.012233607576953433 0.018191532584269664 0.624512
4 0.5678766977111287 0.26859289887640453 0.025256511444356748 0.010700909577314071 0.620605
6 0.6282559242304657 0.2239165842696629 0.018153127703235992 0.012306052862493312 0.618652
2 0.4638909928966062 0.47532091171749596 0.022888703393843725 0.012707324986623863 0.616699
13 0.6651538689818469 0.653558001070091 0.007892639621152327 0.018726598608881755 0.615234
14 0.39640882715074977 0.26999740609951844 0.014700097868981847 0.01779026046013911 0.615234
4 0.32666977995264407 0.4308453975387908 0.022370763062352014 0.014713740395933653 0.615234
6 0.7243486661404894 0.5873461829855537 0.023283351539068665 0.011235948207597645 0.609375
6 0.5651146456195738 0.4496472209737828 0.022888703393843725 0.015633368004280362 0.607422
14 0.6366416921862668 0.5882825211342964 0.006610093764798737 0.012306052862493312 0.602051
7 0.3609907119179163 0.3428304333868379 0.027229671349644834 0.016853922311396468 0.602051
6 0.3928078547750592 0.3615569224184056 0.01696922367797948 0.013911168753344035 0.602051
2 0.8628650734017362 0.28558039593365436 0.013812159747434886 0.01738898833600856 0.602051
5 0.33109706456195737 0.5454788828250402 0.024467255564325177 0.01337613012306046 0.596191
6 0.4106155138121547 0.476458050294275 0.015193387845303866 0.011235948207597645 0.594727
2 0.5522887829518548 0.36262694489031566 0.020915543488555642 0.010968442589620118 0.594727
24 0.6490971933701658 0.5559122867843767 0.017906462509865825 0.006420545746388443 0.592773
11 0.6803473780584057 0.3120652327447833 0.014996063772691397 0.01738898833600856 0.592773
46 0.48273477505919493 0.29567958908507225 0.024664579636937647 0.012841091492776886 0.592773
18 0.5966848808208366 0.47154213804173356 0.022888703393843725 0.016118247619047617 0.59082
14 0.4984212912391476 0.5864098448368111 0.00828728776637727 0.018726598608881755 0.586914
22 0.4325175564325177 0.5218030604601391 0.022099447513812154 0.01257355848047084 0.586914
0 0.6902131775848461 0.17415725200642054 0.03157063930544594 0.018191532584269664 0.586914
9 0.609615479210734 0.22418395291599785 0.006918425256511445 0.012841091492776886 0.586914
5 0.3519880789265982 0.2707329438202247 0.02214878863456985 0.006420545746388443 0.583008
19 0.5323599810576164 0.1797752808988764 0.010655095816890291 0.011771014232209739 0.581543
22 0.5189425098658248 0.18004292348849651 0.013022903867403315 0.011771014232209739 0.577637
6 0.32103086977111284 0.20912961883360084 0.01613680947119179 0.0073443372926698764 0.567871
2 0.33760851649565904 0.25120380096308187 0.014305449723756905 0.011503481219903692 0.565918
9 0.7827546519337016 0.3124665596575709 0.014206767482241514 0.01257355848047084 0.560059
8 0.35798134806629833 0.41313035094703054 0.009964481767955802 0.004414130337078652 0.556641
6 0.3469068729281768 0.29594695773140717 0.021063526440410416 0.011771014232209739 0.550781
14 0.6961324956590371 0.3579455280898876 0.007892639621152327 0.018191532584269664 0.548828
2 0.7936068697711128 0.15074907223113965 0.01973163946329913 0.01417870176565008 0.542969
22 0.5647198358326756 0.6800428378812199 0.01657457553275454 0.009630804922418405 0.541016
23 0.8251775090765588 0.4482008004280364 0.011049743962115234 0.010834676083467094 0.541016
8 0.6325968113654302 0.5652756682718031 0.01578531965272297 0.011235948207597645 0.537109
4 0.6204617243883188 0.1067414531835206 0.012085624625098658 0.0149812734082397 0.535156
2 0.3255753041831097 0.29695013804173354 0.022783878768745068 0.011503481219903692 0.535156
22 0.4330109676400947 0.4082395976457999 0.013812159747434886 0.011771014232209739 0.535156
5 0.4344907971586424 0.20438744141252008 0.0205208953433307 0.012306052862493312 0.53125
14 0.8524072612470402 0.28578119636169075 0.007892639621152327 0.01845906559657571 0.53125
2 0.7367797190213102 0.3105270411985019 0.013812159747434886 0.01738898833600856 0.527344
18 0.7417126187845304 0.40422687640449434 0.015390671507498026 0.016051378063135367 0.527344
13 0.4543214017363852 0.2636101444622793 0.006511451933701657 0.00635367619047619 0.521484
13 0.7178373354380426 0.6277755548421615 0.01026044767166535 0.019662909363295882 0.519531
4 0.4988161010260458 0.6577046805778491 0.021704799368587213 0.01337613012306046 0.517578
6 0.6983522399368587 0.29186739432851794 0.028314933543804263 0.013108624505082933 0.517578
13 0.7052090797158642 0.6774343499197432 0.003946327892659826 0.0211342861423221 0.515625
2 0.4873718705603789 0.4749867009095773 0.021704799368587213 0.012841091492776886 0.513672
18 0.7436858595106551 0.5393926848582129 0.021310191633780583 0.013509896629213484 0.513672
13 0.5552484419889503 0.17643125521669342 0.00868193591160221 0.017924026966292132 0.511719
5 0.7392463709550119 0.17629757089352593 0.01026044767166535 0.00749065040128411 0.511719
2 0.3728293480662983 0.3161450700909577 0.0205208953433307 0.015917611556982344 0.509766
4 0.4650750181531176 0.27227113536650616 0.012825579794790843 0.012172286356340288 0.505859
2 0.6871545130228888 0.13055095987158907 0.022888703393843725 0.012306052862493312 0.503906
24 0.5335436022099447 0.5113696565008026 0.01578531965272297 0.007758156019261637 0.501953
