3 0.3390964685082873 0.1716237625383828 0.024021811523283348 0.017646601432958035 0.976197
0 0.8202215753749014 0.17551852610030705 0.02150230276243094 0.009664484749232344 0.953519
0 0.6373909417521705 0.15343754350051178 0.021630565430149958 0.010062293551688844 0.95024
0 0.480572817679558 0.1318481228249744 0.023310749802683505 0.01064087451381781 0.947156
0 0.35927973480662984 0.2565848433981576 0.022050470086819256 0.009698364790174002 0.940883
0 0.5184749613259668 0.29955825588536333 0.022822430307813734 0.009925358444216992 0.937403
2 0.49807861089187055 0.5028516028659161 0.012837864561957379 0.009248176867963153 0.933202
9 0.8244974017363852 0.48349700716479016 0.014028921231254933 0.009863729785056294 0.933199
19 0.7337230749802685 0.6461259201637667 0.011797983267561167 0.00958713449334698 0.919013
23 0.7347830402525651 0.6250909477993858 0.012642156906077347 0.009582313203684748 0.918476
5 0.3314670623520126 0.3595356233367451 0.014304520284135754 0.009649523029682701 0.915249
1 0.7589367513812154 0.34121996315250763 0.014493358168902919 0.013977259365404298 0.91215
12 0.43850597632202054 0.2958207082906858 0.015108000631412787 0.017294385261003072 0.910275
0 0.6795375532754538 0.6872992098259979 0.021903739857932123 0.01047865383828045 0.909371
5 0.49312752644041047 0.644520483111566 0.013849014048934492 0.009690582599795291 0.904186
9 0.38267373007103395 0.4401452282497441 0.014562540805051302 0.010591927942681678 0.884952
5 0.6608740015785319 0.2984986202661208 0.014313612628255722 0.009923471852610031 0.874142
5 0.35972424940805053 0.5022457973387923 0.01376819321231255 0.009584697645854658 0.871473
0 0.7986238232044198 0.5235800040941658 0.022936023993685873 0.010429733469805528 0.869729
8 0.7737560599842147 0.688147914022518 0.01464231097079716 0.010078355783009212 0.865619
5 0.7380934617205999 0.3394939938587513 0.014505723756906076 0.00988608065506653 0.864208
1 0.7318051965272296 0.6072867635619242 0.013651487924230467 0.013614850358239509 0.863868
8 0.8026769881610103 0.1337425752302968 0.014123804893449093 0.01025640286591607 0.86228
8 0.5588663867403315 0.6865026489252815 0.015122063456985005 0.010852225179119756 0.855293
14 0.3288266860299921 0.25422398362333676 0.006957178847671665 0.01627984442169908 0.85187
23 0.7695711570639305 0.5842616990788126 0.012334956906077348 0.009686023336745139 0.846042
8 0.8393328745067089 0.668082440122825 0.013631605998421469 0.009895461207778915 0.845496
2 0.7004826771902131 0.6868267758444218 0.01333665035516969 0.010253337154554761 0.843981
1 0.731577685872139 0.23852046673490276 0.014415285240726125 0.014055317093142273 0.843686
2 0.423519772691397 0.6867038853633571 0.012503508760852407 0.010063263050153532 0.8423
3 0.4129803314917127 0.1922135516888434 0.020195429834254142 0.016141756397134083 0.835653
6 0.3555656132596685 0.4816481473899693 0.014778696132596685 0.010018246878198567 0.827101
3 0.4001096132596685 0.15015251586489253 0.02404270370955012 0.01782781903787103 0.825865
0 0.4647097079715864 0.5422323684749233 0.02210963093922652 0.010488322620266121 0.820812
5 0.5207092533543805 0.21636724339815763 0.014659404577742698 0.009868184237461617 0.817374
8 0.4166386866614049 0.6659560941658137 0.013423653985793212 0.009856419242579325 0.817077
2 0.3567096322020521 0.5630160573183214 0.01242495090765588 0.009991336745138177 0.813813
1 0.7705959652722968 0.4028284200614125 0.01324621183898974 0.013653866120777892 0.813343
5 0.4881752296764009 0.278295582395087 0.014603921073401735 0.010154264892528147 0.808299
12 0.4317178342541436 0.2334541821903787 0.015369253985793212 0.018160671443193447 0.807492
1 0.3360576454617206 0.6477651586489254 0.015621697868981847 0.014376771340839305 0.806359
2 0.7781721104972376 0.5640070419651996 0.01289738910812944 0.009629425588536335 0.805344
6 0.5387209850039463 0.29936566632548617 0.015034049565903708 0.009485468167860799 0.794599
2 0.6951501183898975 0.257138505629478 0.012486698026835042 0.009710863459570113 0.792248
1 0.7874923693764799 0.3008778219037871 0.013975741120757694 0.01378233776867963 0.791988
0 0.5683959715864246 0.44159554554759467 0.021470014838200473 0.00986766018423746 0.791253
5 0.7050474380426204 0.4411647737973388 0.014265807103393844 0.010299244216990787 0.789484
8 0.5039154917127071 0.21611829191402254 0.013183009944751382 0.009530379529170931 0.782461
2 0.37926996053670087 0.46103582395087 0.012131490449881611 0.008998255885363357 0.78094
9 0.4717011144435675 0.19404354554759468 0.014728627624309392 0.00996678485158649 0.777134
18 0.6442626121546962 0.6425400859774821 0.0170971226519337 0.015927837871033777 0.775128
5 0.6680941310181532 0.42098400818833165 0.01426653449092344 0.009479808393039918 0.769328
9 0.8172308003157063 0.3201417563971341 0.014596041041831096 0.010081369089048105 0.76311
8 0.6717702667719021 0.6047173568065507 0.01447012217837411 0.009785514841351074 0.75947
5 0.7912194222573007 0.15411828863868987 0.014575674191002367 0.010124341453428864 0.757502
6 0.7187938500394633 0.46225267553735927 0.015309284925019732 0.009539917297850564 0.751765
7 0.6179878794001579 0.34200604298874104 0.015865008997632202 0.013638458955987719 0.747323
18 0.3343835226519337 0.6231372773797339 0.015432536700868194 0.013616003275332652 0.739467
5 0.6571493733228098 0.15338304196519958 0.014389988318863456 0.010017303582395087 0.738821
8 0.5363391949486978 0.6451807901740021 0.013482976479873718 0.009993957011258957 0.735466
7 0.5280485935280189 0.6262532978505629 0.016440008839779006 0.014251339201637665 0.72827
9 0.7676864151539069 0.6666355291709314 0.014263422888713496 0.010165846468781985 0.725635
2 0.3646280536700868 0.6244012937563972 0.011994216258879241 0.010002970726714432 0.711784
2 0.7667557632202052 0.44139090276356197 0.012459582636148383 0.009202479426816786 0.711556
8 0.6054511128650355 0.6867628413510748 0.014947611681136544 0.010253520573183215 0.709871
5 0.712103501183899 0.6044127770726714 0.014603921073401735 0.009872481473899693 0.708391
2 0.6409579693764799 0.6244557952917092 0.01241994001578532 0.009275060798362334 0.705768
2 0.6716090292028414 0.666559803480041 0.012235910970797159 0.009535043602865917 0.69397
2 0.5955267182320442 0.40003146939611056 0.012369386582478294 0.009723126305015354 0.690476
2 0.8178519084451461 0.5430561801432958 0.01256901404893449 0.010412308700102353 0.683202
0 0.3376558775059195 0.5635340839303992 0.021908387056037884 0.009703317093142271 0.681585
22 0.6849101183898973 0.5429597543500512 0.014404051144435675 0.010008263664278405 0.678567
8 0.472984953433307 0.5634242947799385 0.014131886977111286 0.009494586693961107 0.675604
1 0.8125270276243094 0.27989918526100305 0.014131644514601421 0.013632956397134084 0.670871
2 0.752721224940805 0.44133037461617197 0.013490896921862668 0.009488953121801433 0.66972
8 0.7821424340962905 0.4214700675537359 0.014145101183898974 0.009418756192425793 0.665733
5 0.7310103235990528 0.35982228045035825 0.014030901341752172 0.009973152098259979 0.664441
5 0.6485019479084452 0.5635112876151483 0.014151001104972376 0.009981458341862844 0.646772
5 0.8529245146014206 0.2794382804503583 0.014400050513022889 0.01033401514841351 0.643311
2 0.8294638421468034 0.5444577604912999 0.010583690607734807 0.009435106653019446 0.640501
5 0.8540438831886346 0.15490384442169908 0.014609982636148381 0.010221789150460592 0.635562
7 0.37484178689818465 0.5653294902763562 0.01608265951065509 0.013665762128966223 0.632056
5 0.7597542541436464 0.21649851873080858 0.014387765745856353 0.009586505629477994 0.626234
5 0.3327485171270718 0.2978126345957011 0.014521079715864247 0.010025583623336746 0.624377
5 0.7052292849250197 0.3800515209825998 0.014257846250986582 0.009133278198567041 0.620949
6 0.7697134017363851 0.5435532446264073 0.015395399526440411 0.009698469600818833 0.617159
2 0.49633530544593524 0.40002764380757416 0.011945925808997632 0.009775688843398158 0.612689
9 0.49539172217837407 0.29913193858751275 0.014007584530386741 0.010025269191402253 0.609303
19 0.4539128524072612 0.399868593654043 0.011321099921073401 0.008855163152507678 0.603816
1 0.5507139889502762 0.27968825383828044 0.014323876874506708 0.013756816376663256 0.60352
6 0.5038023425414364 0.2784729744114636 0.014558055248618786 0.01000158198567042 0.592035
6 0.3445125556432518 0.5025840736949846 0.013673915706393055 0.009762351688843398 0.59076
9 0.7607758295185477 0.5020215025588536 0.014864083346487766 0.009820547799385874 0.586525
8 0.8014517442778216 0.5436027676560901 0.014902109550118389 0.010372297236438075 0.584859
5 0.7277492028413576 0.21564648679631526 0.012770783267561167 0.009777156192425794 0.584798
13 0.6765039431728492 0.49946674309109523 0.00835275264404104 0.015889660593654042 0.583332
5 0.7319506740331492 0.5847068822927329 0.014277849408050512 0.009771103377686795 0.582745
1 0.6955368460931334 0.6683730276356192 0.014727374901341751 0.01341240859774821 0.582522
4 0.5211537679558012 0.3591024933469805 0.010236484293606947 0.010240917093142272 0.578352
4 0.7346553433307025 0.44060508495394063 0.00969053954222573 0.011297618014329582 0.566483
13 0.6281941771112864 0.2748022436028659 0.008049472454617207 0.01759018710337769 0.564459
13 0.37670026203630624 0.4168902354145343 0.007587662194159433 0.016917276560900717 0.563849
19 0.8583972975532754 0.5044109232343911 0.012363203788476716 0.010038396724667348 0.560173
8 0.8263372880820837 0.5034461412487206 0.0147673408050513 0.009407462845445242 0.558212
7 0.5396079936858722 0.36138212487205734 0.025204179952644044 0.014556416786079836 0.542014
9 0.791776277821626 0.278086747185261 0.014510613417521703 0.010031243398157625 0.534401
2 0.4159375659037095 0.5215875537359264 0.010895335753749014 0.008395594677584443 0.533974
5 0.5079120820836621 0.35962733265097235 0.014120289187056038 0.009282371340839304 0.529401
6 0.45452789897395424 0.3582163193449335 0.014678114601420678 0.009636264483111567 0.528972
6 0.36228748224151536 0.3590084257932446 0.015215694396211524 0.009669175025588535 0.526926
14 0.5359993433307024 0.14991669191402252 0.005595468981846883 0.015464967860798363 0.523024
2 0.7617363851617995 0.6047156012282497 0.012408423046566693 0.010002787308085978 0.522283
2 0.3299162317284925 0.5025707103377687 0.013685675138121547 0.00984302968270215 0.519432
6 0.7209117600631412 0.4416023582395087 0.015081653038674033 0.00992064196519959 0.514835
9 0.7582041104972376 0.5634717215967248 0.013211014364640885 0.009484446264073694 0.514608
23 0.8267523030781373 0.25848296417604916 0.012589704183109708 0.009416843398157624 0.513587
2 0.6682052596685083 0.3394884912998976 0.011985608839779005 0.009610009416581371 0.508873
9 0.399264227308603 0.17420210440122827 0.014622913970007893 0.010108724667349028 0.505329
6 0.5935817647987371 0.6042249039918117 0.014264069455406474 0.010216181780962128 0.503558
6 0.752073041831097 0.6665092323439099 0.014772392107340174 0.010109458341862845 0.500295
