5 0.14494045146014206 0.28105540074906366 0.01493043725335438 0.01121266302835741 0.966735
0 0.41251157063930544 0.6440491556982343 0.0250312637726914 0.011935243231674691 0.955878
0 0.5250218531965273 0.2784134917067951 0.024633140331491714 0.011441433065810594 0.955785
8 0.20761256511444356 0.39512072766185125 0.014708422415153908 0.01109708635634029 0.952146
0 0.23500113022888716 0.7151848303905832 0.02513580552486188 0.013357967683253077 0.951696
7 0.14569855090765588 0.6473707180310326 0.01607134459352802 0.01792698555377207 0.948607
9 0.34108906582478293 0.14208232851792402 0.013808118705603787 0.01094704761904762 0.9338
0 0.5213222794001579 0.6438067158908507 0.023665351223362274 0.011756933547351526 0.932321
23 0.2570320820836622 0.5533777635098983 0.013340166061562745 0.010463565115034778 0.929413
7 0.2782330039463299 0.5339888796147673 0.014712907971586425 0.016523957624398074 0.927827
0 0.48088842304656665 0.7136532134831461 0.02387673812154696 0.01292313750668807 0.926297
0 0.32410040473559587 0.16535134510433389 0.024273568429360695 0.01179013547351525 0.915445
0 0.23727017521704813 0.5074369266987694 0.02413431412786109 0.011242331086142324 0.914149
0 0.2395125493291239 0.5990408218298556 0.022498742857142855 0.011332677581594435 0.907051
0 0.40915063614838204 0.7142901316211878 0.025513844988161012 0.012929958694489032 0.90276
0 0.45656498816101027 0.2783058319957196 0.0250843226519337 0.011258877260567148 0.897872
5 0.2453716558800316 0.4397707437132156 0.015128731176006313 0.011017177100053505 0.895862
8 0.4690425130228887 0.3475781444622793 0.016710920284135754 0.011090758266452647 0.889542
7 0.42976601104972373 0.3282366527554842 0.014676700236779795 0.016005739111824506 0.888476
9 0.44728554380426205 0.6898253525949706 0.014293245777426992 0.0117575088282504 0.883285
0 0.24063353433307022 0.5763503734617442 0.02508424183109708 0.011858128196896736 0.882971
5 0.500234910812944 0.2106670707330123 0.016119432991318076 0.010419241091492776 0.87984
11 0.616315049723757 0.2751195976457999 0.014646998579321233 0.016782751845906902 0.878861
6 0.1460198137332281 0.41775696265382556 0.01653424593528019 0.011148889031567683 0.87689
8 0.36707409629044985 0.2798226559657571 0.014267140647198105 0.010480138683788123 0.873552
5 0.3689794475138122 0.16502316104868914 0.016287580741910022 0.011514384162653825 0.870787
4 0.3423733089187056 0.27771110112359554 0.012579641988950277 0.013467024505082931 0.870572
5 0.21795884451460143 0.18897594007490637 0.015570901973164956 0.011395574959871589 0.864243
12 0.6129828470402526 0.369329241305511 0.013580001894238358 0.02112842375601926 0.862352
0 0.675600770323599 0.2551680342429107 0.025839916653512235 0.012629881219903692 0.860034
0 0.5520968334648776 0.30112749919743176 0.025051105288082083 0.01183262407704655 0.851225
12 0.23525490765588003 0.14308523488496522 0.013537853827940016 0.02208607469234885 0.849691
0 0.48767494869771116 0.3245512937399679 0.024092044830307816 0.011411080149812734 0.847965
0 0.36095838358326754 0.41673597602996254 0.0232901000789266 0.010909763937934726 0.847226
0 0.45940624467245467 0.21043610914927768 0.0222362771902131 0.011126042161583735 0.845469
12 0.6209965966850829 0.1413974703049759 0.01382193906866614 0.021480687426431246 0.845099
0 0.33375833307024466 0.5530766998394864 0.02430496732438832 0.0111383696094168 0.836772
11 0.318174216890292 0.3923308892455859 0.014812883346487764 0.017127756019261635 0.833799
0 0.6654331049723757 0.6867259582664527 0.025541122020520918 0.012300628785446762 0.833224
0 0.571447362273086 0.5966303948635634 0.02466251870560379 0.011629467736757625 0.831576
0 0.38316027150749804 0.21056212306046015 0.022375814364640884 0.011476634777956126 0.831364
8 0.3283575210734017 0.6454679079721776 0.01588202178374112 0.010511012092027823 0.828445
0 0.3490211460142068 0.5761090294275013 0.025249682083662194 0.011557283681112895 0.827421
5 0.2866614048934491 0.48438432530765113 0.014578866614048934 0.011689625682182986 0.827191
5 0.6600185130228887 0.20940361690743714 0.01531583141278611 0.0119412151952916 0.824953
11 0.392762999210734 0.5037504719101124 0.014117783741120759 0.017028698127340824 0.822136
0 0.51077718074191 0.7130445115034778 0.025460786108918707 0.01339749769930444 0.821146
5 0.6324000934490924 0.27795792402354197 0.015396005682715075 0.011460006420545748 0.814925
2 0.14490004104183107 0.348309846976993 0.012500558800315706 0.011327691813804172 0.809965
18 0.6759879021310181 0.20847084002140182 0.016314615311760063 0.013348571428571428 0.809076
0 0.587146001578532 0.36861342750133763 0.023380659826361484 0.011519945211342964 0.807875
6 0.3455955548539858 0.16496782450508293 0.016359309234412 0.010915516746923487 0.805582
8 0.2863255943172849 0.3032417934724452 0.015757396053670086 0.010594153879079722 0.803068
5 0.6762889597474349 0.3685958951310861 0.015367677979479084 0.01124063263777421 0.795719
5 0.21096945856353588 0.507687036918138 0.015255700710339383 0.011226716318887105 0.795445
23 0.34301838042620364 0.6675860888175494 0.013125384688239938 0.01106815794542536 0.794223
5 0.40929975059194945 0.5065608560727662 0.01453166724546172 0.011182967576243982 0.78943
5 0.3314327134964483 0.5300183456393793 0.015024391475927386 0.011384370679507759 0.786942
8 0.6566959684293606 0.663723214553237 0.016837606945540647 0.011990360620652757 0.786363
11 0.6619097205998422 0.5244134660246121 0.014482811049723756 0.016599949491706796 0.785378
9 0.5438329029202842 0.14134158587479934 0.014540517127071825 0.011754413269127876 0.783054
7 0.44274826203630624 0.6014361819154628 0.014773159905288083 0.016366905939004816 0.782258
9 0.6372379479084451 0.11695214125200643 0.015027907182320442 0.013295070304975922 0.779579
2 0.47349412470402524 0.5292469213483146 0.012897267876874506 0.011657629106474051 0.77669
0 0.332418606471981 0.6916796746923488 0.023408947119179162 0.01179580609951846 0.771064
9 0.4966848555643252 0.6431515805243446 0.014308157221783739 0.011559091706795078 0.766964
5 0.6573853701657458 0.3914077003745318 0.01611050228887135 0.011958774959871589 0.758227
9 0.2572385793212313 0.530950026752274 0.014302418942383582 0.011254494168004281 0.75682
0 0.4162527671665351 0.6672113344034243 0.023960185635359114 0.011801449331193151 0.755245
0 0.670189411207577 0.709717470304976 0.023876051144435674 0.013226447512038523 0.74356
5 0.6352627674822415 0.39097541787051904 0.015050456195737964 0.01119181594435527 0.739822
0 0.25972826519337017 0.4844484280363831 0.025995658405682714 0.011231126805778492 0.733644
9 0.5020368113654302 0.3009962803638309 0.014262776322020521 0.011543997431781701 0.727149
5 0.18626656985003945 0.5310289224184056 0.014000553117600631 0.010163432851792402 0.718308
5 0.3348442014206788 0.39393263563402886 0.015104080820836622 0.010852893311931514 0.704923
9 0.23895326913970005 0.2801034478330658 0.013565211681136542 0.011388945532370253 0.70403
6 0.29925894869771114 0.3259141615837346 0.016074617837411206 0.0104001746388443 0.701832
5 0.5118476527229676 0.4151766634563938 0.014697026677190214 0.010932802568218299 0.696247
18 0.6740966945540647 0.3901765992509364 0.015722764325177586 0.01343905489566613 0.695271
5 0.3700147624309393 0.3483402546816479 0.015468865666929755 0.011763398608881755 0.690042
7 0.36536918074191005 0.4414250872124131 0.015143844672454616 0.01491977314071696 0.686936
5 0.36271057932123124 0.21068211021936864 0.015769923283346487 0.01125556254681648 0.68521
12 0.4838238358326756 0.21073114606741575 0.013439494869771114 0.021365631246655966 0.68418
5 0.678153496448303 0.5274380738362761 0.015478281294396212 0.01137856308186196 0.679709
0 0.6342993426992897 0.5955844794007491 0.024449757853196526 0.011492249545211343 0.672875
12 0.31681464877663773 0.46190782664526486 0.013630191633780583 0.020406583199571966 0.669238
5 0.3624273022888713 0.5065304483681113 0.015331349013417523 0.011173845264847514 0.665505
9 0.45811432359905285 0.5523663649010166 0.013077579163378058 0.01085374253611557 0.66373
0 0.6539165398579321 0.43601180353130015 0.02460679273875296 0.011261644087747458 0.659218
6 0.14613336700868193 0.2349143113964687 0.01708204956590371 0.011655300588550027 0.646804
8 0.17830652565114444 0.6454947544141252 0.016091711444356747 0.011777479293739969 0.646798
0 0.4824721073401736 0.2786822300695559 0.025559670402525655 0.011078239058319957 0.646398
0 0.6084742162588792 0.4364126099518459 0.024616087134964486 0.011181981380417335 0.640763
0 0.5750095406471981 0.2326734553237025 0.02311795169692186 0.011806161155698235 0.640162
1 0.36404210260457776 0.6693880877474586 0.015716904814522495 0.017555874585339755 0.636823
7 0.39256094711917916 0.14560222578919207 0.015185629044988162 0.015986891813804173 0.635984
5 0.3799743141278611 0.461013949705725 0.01581045493291239 0.01085007169609417 0.632649
5 0.5667710686661406 0.6881441626538255 0.01513939952644041 0.01180659946495452 0.626315
8 0.6801283535911602 0.4594880856072766 0.016815906550907655 0.01207435163188871 0.623968
8 0.352447545382794 0.3251493119315142 0.016538165745856353 0.01139319165329053 0.621751
0 0.6157271993685872 0.6204118497592295 0.018378860299921074 0.008078943606206528 0.621007
6 0.5076490102604577 0.324468836811129 0.014497035516969218 0.01124049566613162 0.604568
7 0.4301446566692976 0.2365796126270733 0.01534464404104183 0.016120932263242377 0.599316
12 0.4899023709550119 0.5065329138576778 0.012694973322809788 0.020965372712680577 0.598422
7 0.2754382194159432 0.5563810037453183 0.015423242304656668 0.01471127490636704 0.594915
5 0.6168654396211524 0.5279045992509364 0.014367237253354382 0.011390726163723917 0.593738
1 0.29004658563535907 0.41956241326912785 0.015738847671665352 0.01657702043873729 0.587973
5 0.43434127861089183 0.30209397110754416 0.015434516811365432 0.01123813975387908 0.580465
5 0.618219471507498 0.7108625532370252 0.01568421278610892 0.011948365115034778 0.57459
9 0.5111323883188634 0.2550483210272873 0.01425400726124704 0.01183328154093098 0.574212
23 0.6033186550907655 0.6643368475120385 0.013310383583267561 0.010607084002140181 0.573852
4 0.34886071665351226 0.392569493846977 0.013100653512233624 0.0131950810058855 0.569956
5 0.33654418689818466 0.3255610486891386 0.0153180135753749 0.011313556340288924 0.562556
18 0.4443626582478295 0.712560453718566 0.014684822730860301 0.014273897057249867 0.557169
8 0.18663753749013418 0.6229171432851792 0.014795223993685873 0.01091921498127341 0.550824
11 0.3461035138121547 0.50432 0.014088001262825571 0.01701171364365971 0.548328
4 0.2689717442778216 0.41595411449973246 0.01309216732438832 0.013463490636704122 0.543781
2 0.6206287810576164 0.390869949705725 0.01278836179952644 0.011808873194221508 0.542658
12 0.2946788318863457 0.21152010272873195 0.012514985319652722 0.021131738469769932 0.534011
2 0.31001741436464086 0.2109938576779026 0.011281376479873718 0.011438885393258427 0.522828
8 0.46152536700868196 0.3934439208132691 0.016774041357537493 0.011204444729802034 0.521464
2 0.3212126762430939 0.41698879828785446 0.011028043567482241 0.010382313536650615 0.520567
2 0.4743374901341752 0.36996232423756015 0.012457966219415943 0.012084569716425896 0.512856
9 0.6205977458563536 0.3008404066345639 0.014244834096290451 0.012031671268057785 0.510032
6 0.4297639905288082 0.3938362075976458 0.015516873243883188 0.010774901658640985 0.507754
14 0.4160050513022889 0.1841142685928304 0.007960690765588004 0.01709408838951311 0.500854
