0 0.21202497868981848 0.2951155135678392 0.024597053827940016 0.010121365226130654 0.97356
8 0.20780330228887137 0.40713789748743723 0.016256788003157063 0.010624411658291458 0.970404
0 0.2634629960536701 0.6826362211055276 0.024042582478295185 0.010720019296482412 0.96692
0 0.4156437821625888 0.20428519557788943 0.02382076969218627 0.010401653065326633 0.966186
8 0.16844315074980268 0.6591662954773869 0.01643532123125493 0.011040160804020099 0.954798
0 0.3559862857142857 0.4987196462311558 0.024669024782951854 0.010364655276381909 0.951738
0 0.416104865035517 0.27299273969849247 0.02451978910812944 0.009879155778894472 0.950546
8 0.18726632359905288 0.5887535855276381 0.01608847861089187 0.011186145125628141 0.947161
8 0.19340991949486977 0.13272943919597988 0.01712617774269929 0.011058248040201005 0.946013
9 0.21055403946329915 0.49899545728643213 0.015445589265982636 0.010735816683417086 0.943967
0 0.2710399494869771 0.47608873165829146 0.023876374427782163 0.010368154371859298 0.939834
5 0.12713683346487767 0.36286057487437184 0.015796998263614838 0.010705997185929648 0.936049
0 0.5054947308603 0.4073090444221105 0.025557730702446723 0.010696323216080402 0.935646
18 0.1851601325966851 0.6575196623115578 0.015720622573007104 0.013955756381909549 0.93281
8 0.3138682039463299 0.5223465165829145 0.015776388950276245 0.010348137487437186 0.931005
8 0.671710863456985 0.568912016080402 0.01578382446724546 0.010434276984924622 0.92946
0 0.2548915422257301 0.3613598231155779 0.023821335438042622 0.010095096281407036 0.927834
18 0.2876967198105762 0.6802630110552763 0.016138102604577743 0.013821941708542713 0.924002
5 0.6862533606945541 0.22953757587939697 0.015253195264404103 0.010747934874371859 0.922695
6 0.3130560757695343 0.13288381105527639 0.016657942225730072 0.011304625527638192 0.905699
5 0.6517004325177584 0.6842229065326633 0.015220503235990527 0.010092652060301507 0.905305
0 0.13197234411996842 0.2952961286432161 0.025174235832675612 0.01155964783919598 0.902854
0 0.396538544593528 0.5444847276381909 0.023946769376479875 0.010188028140703518 0.901788
8 0.1705461089187056 0.4539896281407035 0.015450559747434886 0.010576402010050251 0.901616
9 0.23677595580110497 0.6123543155778894 0.014579149486977111 0.010691897889447237 0.901502
0 0.5388527229676401 0.6841925467336682 0.02357895374901342 0.010521368442211056 0.90085
7 0.1647714601420679 0.707832024120603 0.017638379794790847 0.014966943517587941 0.899166
0 0.13163047198105762 0.2697956984924623 0.02483668760852407 0.017281878190954773 0.896691
18 0.12882113970007894 0.15467957386934672 0.01555764735595896 0.014423220100502511 0.895656
0 0.40213821625887924 0.6586635577889447 0.023308405998421468 0.01074497608040201 0.893769
0 0.4986447608524073 0.4536855155778895 0.02238199715864246 0.010008725226130654 0.891604
1 0.12757649881610103 0.479547175879397 0.016385899289660617 0.015177146532663317 0.891587
0 0.7044380489344909 0.1821047638190955 0.025177832359905287 0.01189270512562814 0.888178
18 0.36568236148382005 0.6570583477386934 0.016296753906866614 0.014084656884422111 0.887491
14 0.3784661973164956 0.15417940904522615 0.00849418910812944 0.01613293989949749 0.883963
1 0.175719046566693 0.22833476180904522 0.016010324861878453 0.015443540904522613 0.883129
18 0.46834826203630625 0.5886070609045225 0.01729901310181531 0.014282072763819096 0.880134
7 0.4051330323599053 0.4564863356783919 0.01699500552486188 0.014341891859296482 0.878803
11 0.154303545382794 0.20057764663316582 0.01715402052091555 0.015225670753768844 0.878169
8 0.5179423520126283 0.227159991959799 0.016772182478295188 0.011211436381909549 0.872895
0 0.3386875958958169 0.2260814472361809 0.02279729502762431 0.010326551155778895 0.871436
7 0.1286865730071034 0.4566401929648241 0.01709910276243094 0.014768627135678392 0.867091
0 0.42448194475138123 0.47644867537688446 0.02413322304656669 0.010640054673366834 0.865098
8 0.14448179321231255 0.36185226934673365 0.01485135406471981 0.01031160281407035 0.862999
0 0.31283204041041834 0.295848008040201 0.019330525651144438 0.009815811859296482 0.862881
12 0.2625517411207577 0.15545169045226132 0.020025988950276245 0.019341610452261307 0.860991
0 0.277345591160221 0.31740346532663316 0.023412826519337016 0.009427721005025126 0.859593
11 0.2019660173638516 0.3362816 0.015818456195737962 0.014237587939698492 0.858095
18 0.1980308508287293 0.20096535155778894 0.015577852565114444 0.013708066733668341 0.857071
2 0.39063013733228097 0.15777961809045227 0.01313419415943173 0.010695988743718594 0.852441
0 0.4470123693764799 0.18110597788944724 0.02409111539068666 0.010485657085427137 0.85232
0 0.5188891681136543 0.27367995175879395 0.023780682557221784 0.010248593366834171 0.852055
0 0.39411068666140486 0.36171282010050254 0.02407604230465667 0.00987411296482412 0.849423
9 0.18043251775848462 0.5440859336683417 0.015442598895027625 0.010236243618090451 0.847425
5 0.2885328113654302 0.43001053266331657 0.01431518863456985 0.010578794773869348 0.847324
2 0.37540510812943967 0.4072270215075377 0.01235002999210734 0.010569146532663316 0.846266
5 0.6446700299921073 0.45501594371859294 0.014188138279400157 0.010312760603015076 0.84549
18 0.7026717095501184 0.274630367839196 0.015889982636148384 0.012882923417085428 0.844179
1 0.3127631002367798 0.6369828020100503 0.014878469455406473 0.015348370653266332 0.842147
4 0.218554089976322 0.7270644422110553 0.011859528334648777 0.012958282613065326 0.836457
9 0.6400363693764798 0.6611821346733668 0.016301037411207576 0.010759358391959798 0.833153
9 0.2917898910812944 0.5218746532663316 0.01623537048145225 0.010733295276381909 0.833042
6 0.45728954696132595 0.20457991718592963 0.016347913496448305 0.010347288442211056 0.832748
2 0.19482105130228886 0.24904426130653265 0.013626473875295975 0.010685208442211056 0.82469
2 0.520339093922652 0.7287895477386935 0.013224107340173636 0.010431601206030152 0.818432
9 0.2390538910812944 0.1566339216080402 0.015307628097868982 0.010986053467336684 0.817811
0 0.36320520284135754 0.6815617929648241 0.022319765114443568 0.010456660904522613 0.816422
11 0.3718910181531176 0.45085587939698496 0.015915562430939226 0.015283328643216082 0.815551
1 0.3318195220205209 0.6150398713567838 0.015567588318863457 0.013993628944723618 0.814666
8 0.24775667876874508 0.24927427537688443 0.01701670591949487 0.010528521005025125 0.813398
23 0.666402955011839 0.22910970854271356 0.014400656669297554 0.01055448120603015 0.812591
5 0.17091828887134963 0.5893409189949749 0.015266449881610102 0.010434997386934673 0.801365
8 0.39827215153906864 0.25026585728643214 0.016436250670876087 0.010223353567839197 0.799875
2 0.7080656921862668 0.2534780783919598 0.013226774427782162 0.009889472964824121 0.796979
0 0.6186643902131018 0.7061732984924622 0.023699457616416734 0.010402682211055276 0.794563
0 0.441259138121547 0.15827952562814068 0.024141830465666928 0.01067507135678392 0.792894
5 0.3508206219415943 0.45353963417085424 0.014992305603788475 0.010600947135678392 0.79257
9 0.20416272770323599 0.4529954733668342 0.015047223362273085 0.010869682814070351 0.786255
8 0.3236791665351223 0.6823514050251257 0.01677242494080505 0.010558777889447236 0.780926
5 0.18097563378058407 0.20288887638190956 0.015930473875295975 0.011508679396984925 0.780594
2 0.2870420710339384 0.20290997386934673 0.012682769376479873 0.010629557386934673 0.778802
6 0.3338018550907656 0.45328054673366835 0.01558516685082873 0.010020354572864322 0.775329
6 0.227652091554854 0.36172774271356783 0.015735574427782163 0.009938537487437185 0.774904
0 0.1837247545382794 0.15655879396984926 0.02482997947908445 0.010469576683417086 0.773794
8 0.5045212438831886 0.7288680201005026 0.017231568113654304 0.011027373668341708 0.773606
7 0.6146123567482241 0.6402485386934673 0.0169122045777427 0.015188647236180906 0.768068
0 0.13273084767166535 0.18010513366834172 0.0248286863456985 0.01152571175879397 0.767605
18 0.68244791160221 0.29566379095477385 0.01635361136543015 0.013938106532663317 0.764743
5 0.2590715958958169 0.6127142592964824 0.015859391949486976 0.010525124824120602 0.762342
2 0.6857801546961326 0.6829259256281407 0.012929636621941593 0.010255231356783918 0.760031
9 0.5304158358326756 0.47627089045226134 0.016513677032359907 0.01170203015075377 0.758095
1 0.31587308602999215 0.4555804301507538 0.016276063772691397 0.015282685427135678 0.756399
8 0.5504642525651144 0.6142651819095477 0.016978235201262827 0.010890317185929648 0.756043
5 0.20284049881610103 0.6597755497487438 0.01557643820047356 0.010692052261306532 0.749467
8 0.2638351760063142 0.1800068502512563 0.015759739857932123 0.010243267537688443 0.748588
13 0.6921839936858721 0.31740886834170856 0.00950194411996843 0.015231253869346734 0.745256
9 0.20914209944751383 0.5223779055276382 0.015435890765588002 0.010815421105527637 0.744695
5 0.26418634254143647 0.4077165089447236 0.014051349013417522 0.00998137567839196 0.742687
5 0.33270325745856355 0.2949819819095477 0.01644267592738753 0.010089435979899497 0.741709
0 0.4611253038674033 0.25033017889447234 0.029620392107340174 0.011035092261306532 0.737862
0 0.1591653228097869 0.5668174472361809 0.025141988318863457 0.010122137085427136 0.735876
5 0.1614307308602999 0.47651788542713563 0.014302418942383582 0.010688630351758795 0.734463
2 0.3585713401736385 0.22585863718592963 0.012332370639305446 0.010277821105527638 0.722467
5 0.6165538752959747 0.15843338291457285 0.015751981057616417 0.010905085427135678 0.716098
0 0.383683182320442 0.6127662311557789 0.024318423993685872 0.010443719396984925 0.715082
1 0.2538538026835043 0.433056032160804 0.016144406629834254 0.015058897688442211 0.715079
2 0.1824178816101026 0.33928438994974874 0.012345261562746646 0.009937817085427136 0.698613
6 0.3486356306235201 0.6125452221105527 0.016367997474348858 0.009676877185929649 0.692171
2 0.6572451460142068 0.3865659175879397 0.012508721704814523 0.010249854070351758 0.690656
23 0.6270853556432519 0.6839602170854272 0.013404095343330704 0.010381430351758794 0.683789
6 0.6906657742699289 0.364360040201005 0.01541827182320442 0.009857337889447235 0.68361
0 0.5008083346487766 0.6833684582914573 0.024402154380426207 0.01034870351758794 0.681854
9 0.5921225445935281 0.5912302761809045 0.016005071507498025 0.011458868743718592 0.681105
8 0.5660323662194159 0.4991369648241206 0.015567830781373321 0.009828521809045225 0.674508
6 0.3321299144435675 0.659064152763819 0.015652490607734805 0.010072403618090453 0.672942
13 0.4498350370955012 0.2706681567839196 0.009246752328334648 0.016398922613065327 0.668153
9 0.25818054617206 0.6357367638190955 0.01550826582478295 0.011083976683417086 0.666616
5 0.1542918263614838 0.17933764824120602 0.01621043725335438 0.011007356783919599 0.666137
5 0.3232365512233623 0.4301772542713568 0.015664654143646407 0.009934009246231156 0.658407
6 0.22197281136543015 0.1572745648241206 0.015091472770323598 0.010157745527638191 0.656317
13 0.3514437505919495 0.5430555015075377 0.008043128018942384 0.015637869346733668 0.652747
6 0.2714763820047356 0.430417559798995 0.016905900552486187 0.009992027336683418 0.644966
14 0.18865603788476717 0.35893927236180906 0.007992453354380426 0.015635064924623115 0.64422
18 0.7046788950276244 0.22672543517587943 0.01897859131807419 0.015922505326633165 0.637826
23 0.30469980741910024 0.18015015879396984 0.0127930089976322 0.010572568442211055 0.627846
2 0.2329854585635359 0.49950359798994975 0.012262420205209155 0.010272932663316582 0.626769
18 0.28188489344909234 0.40493387899497485 0.016945987687450672 0.013758726432160803 0.620607
5 0.23796523441199685 0.7278766954773869 0.016059908445146015 0.010619677587939698 0.615891
18 0.30841089818468825 0.42854091256281407 0.010664875138121546 0.01498564824120603 0.615077
2 0.6092211503078138 0.31772635979899494 0.006106297079715864 0.00981352201005025 0.61436
6 0.19300419889502762 0.22612775879396985 0.014438723283346486 0.010392442211055276 0.61307
5 0.3884621183898974 0.45381750351758793 0.013561695974743488 0.009922199798994976 0.612146
5 0.613321809629045 0.1817916462311558 0.01433106992896606 0.01154632040201005 0.609638
8 0.15447690607734807 0.5222500341708542 0.01731065130228887 0.010680345728643216 0.609445
18 0.2762472359905288 0.6102574311557789 0.01590574269928966 0.012932631155778893 0.608064
6 0.5539896574585635 0.7283539618090452 0.01787215406471981 0.01011534472361809 0.606896
8 0.3328353187056038 0.2028798198994975 0.01601941720599842 0.010879459698492463 0.600985
7 0.6405310333070245 0.502652783919598 0.01775468097868982 0.014285237386934675 0.600597
5 0.37220985635359116 0.1331542190954774 0.015868039779005527 0.009994960402010051 0.597673
18 0.22688591002367797 0.2244214351758794 0.015607756274664562 0.01341643256281407 0.585175
13 0.7033465635359116 0.47592329648241205 0.00979960726124704 0.01655880040201005 0.582062
1 0.3142190471981057 0.6617201206030151 0.016359632517758484 0.014475423517587939 0.575733
9 0.25786736543015 0.5894241511557788 0.016491693764798736 0.010776339296482413 0.570296
5 0.39864594790844515 0.1812178974874372 0.014051712707182319 0.009663807035175878 0.569899
18 0.6337652382004736 0.15682534271356782 0.016831545382794 0.014086354974874371 0.569685
7 0.12761650513022887 0.6848861909547739 0.017054408839779003 0.015349142512562813 0.564089
1 0.25297366377269137 0.2054250773869347 0.015472825887924231 0.015075466934673367 0.562252
6 0.18919066771902132 0.2955989547738693 0.01716743677979479 0.010033862110552764 0.552828
5 0.6110587049723757 0.5685994130653266 0.009804860615627466 0.010669179497487438 0.548422
7 0.3945038800315706 0.1360980904522613 0.01746259447513812 0.015811177487437184 0.542488
22 0.5841455280189424 0.5221293668341709 0.01531789234411997 0.01000008040201005 0.531103
1 0.3500839400157853 0.7313310231155778 0.016582374743488556 0.015264804020100503 0.529334
13 0.4944570292028413 0.1789926271356784 0.008960484925019732 0.017089839597989948 0.52869
6 0.6566107024467245 0.27503353567839195 0.014563025730071035 0.009816326432160804 0.526115
8 0.6906318295185477 0.6162236462311558 0.01724276179952644 0.010799829547738693 0.525805
4 0.7081800536700869 0.43021147336683413 0.010740967955801105 0.011513362010050252 0.52558
9 0.7066303141278611 0.20484736643216078 0.016308634569850038 0.01218742673366834 0.513909
7 0.6665407545382793 0.6175659095477387 0.023417231254932912 0.015982633165829145 0.513364
5 0.20978826203630627 0.22642106532663317 0.014203090134175218 0.010698510150753768 0.510999
6 0.47714197316495666 0.5676410211055276 0.016253029834254144 0.010320582110552765 0.508843
2 0.30689207665351226 0.2725298814070352 0.007614292659826361 0.01028108864321608 0.508607
2 0.45917428887134965 0.43090846231155777 0.012531230307813734 0.010733475376884422 0.506385
0 0.43142647513812155 0.5445330974874372 0.03210381436464088 0.011286461105527638 0.505145
