16 0.6868410855841197 0.5785765726008661 0.016427819069313374 0.009965443355368133 0.993933
16 0.6472214825903027 0.6741937105083201 0.016571888838268795 0.009987431228630043 0.992572
16 0.22552875235925804 0.5362853492591748 0.015343122160754962 0.009921747709140642 0.98943
7 0.4562469821021803 0.35440038951447456 0.014611160429547673 0.008550049874629588 0.988964
7 0.5922510432801823 0.23301263551401868 0.01553595938821998 0.014997620241622978 0.98885
23 0.6316083649853563 0.48565831775700935 0.01172551643345265 0.00987794702530203 0.988569
8 0.5704429755938822 0.27685988602689765 0.015783662089163684 0.010211989970366993 0.988554
16 0.5809993726000651 0.46324235787554136 0.016880005206638463 0.010196782858445406 0.986137
16 0.2989336908558412 0.11718486072486892 0.016546896973641395 0.01007107617962161 0.985997
23 0.21635807094044907 0.30591095509459765 0.010852367328343637 0.009821180031912468 0.985547
4 0.5560246690530426 0.5792582666970595 0.009909507582167264 0.011695821290175518 0.984944
4 0.7057304367068012 0.46135296466833825 0.011098187308818744 0.01284644996580807 0.984171
4 0.2752324061178002 0.4429794122635058 0.010791687081028312 0.010642480784134944 0.982941
4 0.586156027334852 0.2762153052199681 0.013702972730231045 0.011848942785502622 0.982185
21 0.2763210517409697 0.39917980214269433 0.016009138691832084 0.01502352951903351 0.982076
23 0.38734052925479984 0.6289407066332345 0.011803990888382687 0.010087625438796443 0.981449
2 0.6319018027985682 0.5555520948256212 0.011623266384640417 0.010291970275814907 0.981346
8 0.2528265330296128 0.6539276371096422 0.014862578587699318 0.010053383177570093 0.981207
8 0.4666370999023755 0.5337706087987235 0.016098742857142856 0.010411328014588557 0.980499
23 0.45320980410022776 0.6047436589924777 0.011591660006508298 0.00992419858673353 0.979972
8 0.6829721783273673 0.22979451652609983 0.016461491441588025 0.01051858308639161 0.979958
8 0.5891943716238204 0.29923383086391614 0.015453752814838918 0.010575163346250286 0.979441
19 0.24579548844777088 0.23553692272623658 0.009550724373576309 0.009767949304764077 0.979129
7 0.3445854969085584 0.37531934169136083 0.015580661503416856 0.01515599361750627 0.978551
16 0.576128291571754 0.13754523455664464 0.016429401887406443 0.010322979712787783 0.978427
19 0.6865850022779043 0.18309742056074765 0.010121771819069314 0.010128905219968088 0.978342
4 0.5697725271721445 0.6499458946888534 0.011913088708102832 0.012791830408023706 0.977694
8 0.30546639765701267 0.5819094160018236 0.015314364855190369 0.010134927376339184 0.9765
2 0.6415996459485844 0.11244894825621153 0.01197326911812561 0.010276518076134033 0.976141
7 0.6653464158802473 0.6530475386368817 0.01690566352098926 0.015466438112605426 0.975465
8 0.5051343182557761 0.5573059895144745 0.010578489814513503 0.01046616931844085 0.975456
8 0.5212946410673609 0.6278603364485981 0.015695190888382688 0.010524850330521997 0.975061
14 0.6533719804751058 0.3197022767266925 0.0078082749105109015 0.015262081604741282 0.974692
8 0.321053823625122 0.32593264098472763 0.014798349495606898 0.010175296831547755 0.974078
2 0.5619085870484869 0.5102296494187372 0.012276303807354378 0.009772465922042398 0.973673
8 0.6398923350471851 0.13622934670617734 0.0160158698340384 0.010473533622065193 0.973295
4 0.4338557709079076 0.37166601686801914 0.011133009306866254 0.012158453612947345 0.973208
23 0.527201884803124 0.6520103505812628 0.01135846924829157 0.010011216412126739 0.969759
4 0.6370954954767328 0.36974009391383633 0.011304103612105433 0.012088778664235241 0.969479
7 0.5304086742596811 0.3024282580351037 0.016947150016270746 0.015692152268064734 0.968577
8 0.4019399934917019 0.30171236836106674 0.015955022974292223 0.010422893822657852 0.968505
22 0.25393783794337776 0.5597395942557557 0.013356602147738367 0.01003632040118532 0.967351
19 0.6866553127237228 0.2769415819466606 0.01058702037097299 0.009743102074310462 0.967034
6 0.6861591409046534 0.5552891506724413 0.015269812691181255 0.0100452135855938 0.966277
2 0.5596351604295476 0.37113756097560974 0.012002526260982752 0.009985178755413722 0.965754
2 0.3869939753986332 0.4644268320036471 0.012405978262284413 0.010392853065876452 0.965417
21 0.2377297806703547 0.39999839525871894 0.015785494825903027 0.014961674036927285 0.965219
2 0.31128500357956396 0.6297805406883975 0.011641127237227464 0.00983290923182129 0.964927
4 0.3360446104783599 0.4648619211306132 0.011660320989261308 0.01303843537725097 0.963961
6 0.6293989508623495 0.22970663505812627 0.009074845948584445 0.009833726191018919 0.963937
22 0.6787792098926131 0.4850888971962617 0.014261407614708753 0.009852049418737178 0.963655
8 0.320405867881549 0.5353115222247549 0.015427944549300358 0.010210192660132207 0.963599
4 0.6392068248616987 0.4152625776156827 0.0109534844126261 0.011677614770914063 0.963135
9 0.5627624757565897 0.6747494761796216 0.014914378392450373 0.011335950763619785 0.962729
7 0.5741019511877644 0.39675121586505585 0.01614751031565246 0.015328372008206064 0.962451
9 0.7008558568174422 0.3922260788693868 0.014553362577286039 0.011386625575564167 0.962276
0 0.6022156329319882 0.651112045589241 0.022431864627399937 0.010002276544335538 0.96214
2 0.6922123371298406 0.1354960674720766 0.01197086989912138 0.010522644540688398 0.961524
21 0.48244428766677516 0.3969867335308867 0.017009463065408396 0.014531253248233416 0.961057
8 0.2546677670029287 0.5828112222475496 0.014415207549625773 0.010290861545475267 0.961025
16 0.2233731207289294 0.4440652910873034 0.014729471916693784 0.010293102347845908 0.960495
6 0.6438917331597788 0.27673920948256214 0.01496437878294826 0.010233709414178255 0.960461
8 0.24273315196876014 0.28182116252564393 0.014374587438984704 0.010146446501025757 0.960443
6 0.6664252313699968 0.3221210594939594 0.015732262154246664 0.009908746387052655 0.959214
8 0.5104593015294501 0.18536661809892865 0.015230292222583795 0.009847019284248916 0.958734
9 0.5203716082004556 0.4169380442215637 0.013641276147087536 0.01049849756097561 0.958732
16 0.42021271200780996 0.6292585037611124 0.01680036446469248 0.01048099129245498 0.957803
14 0.32112796615684996 0.6511321194438112 0.007141941815815163 0.015220416685662184 0.956726
8 0.5176366651480638 0.32364328789605656 0.015778963618613733 0.010106847321632095 0.956365
14 0.2244234454930036 0.7216854160018236 0.007750127172144484 0.016499307955322545 0.955659
9 0.6592099134396355 0.22982602780943695 0.014191730296127563 0.010680329336676543 0.955587
6 0.5537579069313374 0.2771090585821746 0.015489774422388544 0.01007779858673353 0.955068
14 0.3019820318906606 0.13779102256667425 0.007350523917995444 0.015281571917027581 0.955002
8 0.5069440458184185 0.4402783350809209 0.014155841978522616 0.010366687029860953 0.95336
11 0.6372174391148714 0.45935935080920903 0.014913745265213146 0.015562255755641668 0.952915
6 0.42678357305564596 0.13871080191474813 0.014921509404490727 0.009597554957829952 0.951996
5 0.614509464367068 0.5324210038750855 0.013523631109664822 0.010759352632778664 0.951422
8 0.48429385226163363 0.16177951219512196 0.01596460318906606 0.010227558878504673 0.950993
1 0.22633732248616986 0.5853582676088442 0.013689827009437031 0.015284022794620468 0.950435
14 0.26341775203384316 0.3712779612491452 0.007056636251220306 0.015219716434921359 0.949972
9 0.6306716865603644 0.5085758905858218 0.011703906801171494 0.01096011452017324 0.949869
6 0.3882004493328995 0.11553215226806474 0.014781788219980474 0.010005054205607477 0.949262
23 0.5082813604946307 0.207956030088899 0.011663020110641069 0.010050547162069752 0.94913
21 0.47697073608851287 0.5603490458171871 0.015906005597136348 0.014559146569409619 0.948606
4 0.4843315066710055 0.6277367421928425 0.01175883891962252 0.012773974014132664 0.948034
22 0.4834477943377807 0.5339299158422612 0.01378634559062805 0.00980173640300889 0.947754
0 0.5966166221932965 0.4410447361750627 0.023844904653433127 0.0067760463186687945 0.947626
8 0.29348029938171166 0.5121765798951448 0.015236873413602343 0.010438474401641211 0.947567
14 0.5413086260982752 0.27471420104855254 0.0076325821021802805 0.015773031228630042 0.947413
4 0.25497989873088184 0.3267629049464326 0.010090865213146762 0.012472632778664236 0.947375
6 0.4782206625447445 0.18517296375655345 0.015634294044907255 0.0097847436516982 0.947054
22 0.23842255515782623 0.4668619539548666 0.012095679271070615 0.00989497478914976 0.946281
8 0.25477756459485845 0.18878981718714383 0.015845875170842825 0.011016391338044221 0.946068
18 0.3909197141555483 0.674880423068156 0.014631253888708102 0.014145881923865967 0.945381
11 0.3648847224210868 0.5551405808069295 0.014924841653107711 0.015054690677000227 0.944085
5 0.6460353686950863 0.555313192614543 0.013590026163358283 0.010496210075222247 0.943911
2 0.5750533081679141 0.2536272003647139 0.012766161015294502 0.010189430225666743 0.943614
22 0.6843254044907257 0.3928124221563711 0.013588210087862023 0.009504771734670616 0.943567
6 0.40966614513504723 0.27864844312742193 0.01622090309144159 0.009845898883063597 0.942463
4 0.6881374969085585 0.6010226432641896 0.010398481744223885 0.011724064736722134 0.942226
4 0.43931965896518066 0.6755381919307044 0.011786713179303611 0.012888231593343971 0.94184
2 0.6964576218678816 0.5316752485069524 0.010903750602017571 0.010253421472532482 0.941552
0 0.5336661138952163 0.39384459174834735 0.022729267816465996 0.010362847321632094 0.941458
5 0.5544921679140905 0.394339552313654 0.014342331272372276 0.01023947481194438 0.940254
22 0.6503204738041002 0.5785822913152495 0.013875416596160104 0.009793555140186915 0.940037
5 0.6998725102505695 0.20646169500797812 0.014454944614383338 0.010835843355368132 0.93958
1 0.2252145213146762 0.515476744928197 0.014388882785551579 0.015552919079097333 0.939436
22 0.3906708951513179 0.13886964212445863 0.01374554220631305 0.009779106633234556 0.938083
1 0.6340707634233648 0.5347944454068839 0.014353294370322161 0.015546616822429906 0.937766
8 0.4631082486169867 0.3249913872806018 0.015103350211519687 0.010155736494187372 0.937514
22 0.6640276784900748 0.6735497132436745 0.013971135437683045 0.010025151401869159 0.937036
4 0.4415317722095672 0.1377445726008662 0.011090523136999673 0.012396772281741509 0.936254
2 0.5585708402212821 0.18454234128105768 0.011627848226488774 0.010444088078413495 0.935546
4 0.40763530621542465 0.653243492135856 0.009722468467295802 0.012491539548666514 0.935536
22 0.3368091949235275 0.5359602461819011 0.013363799804751058 0.009776177250968772 0.935396
5 0.23915248421737717 0.7028880134944153 0.01256389352424341 0.005274545338500114 0.934888
27 0.5023378785551579 0.2335303542284021 0.005001172014318256 0.014788595395486664 0.93454
19 0.4132364829157176 0.6767681823569638 0.010553431304913765 0.010370538408935492 0.934409
2 0.23624176505043928 0.6772631429222704 0.010259210413276928 0.010414852609984045 0.934378
8 0.25421749690855844 0.11822998495555048 0.008567411129189717 0.010596065830863916 0.934206
6 0.6017097975919297 0.18404848944609073 0.015239539212495934 0.010194763802142693 0.933376
6 0.5649222726976896 0.697583602461819 0.015520664367068011 0.009745704672897197 0.933293
8 0.7056094760820045 0.6496313653977661 0.01647880247315327 0.010405539275131069 0.932718
5 0.7035491467621217 0.4850831784818783 0.014223736544093719 0.010606896375655345 0.932689
6 0.45063947412951516 0.1618177925689537 0.014154075886755614 0.009609891041714155 0.932595
8 0.223405610152945 0.4680295053567358 0.01430975854214123 0.010507087303396398 0.93219
14 0.5522047458509599 0.6952444148620925 0.007371267165636185 0.01573510098016868 0.931051
16 0.3606212769280833 0.7026044352860724 0.018158755613407095 0.004707388921814452 0.930729
9 0.5746349443540514 0.37068893366765443 0.013994094630654083 0.010551156416685662 0.930689
5 0.5828999205987634 0.651134687029861 0.013446339602993818 0.010344127285160702 0.93064
13 0.24262968564920276 0.5571408470480966 0.006843638919622519 0.015675112833371325 0.930149
8 0.7054263690205012 0.6731034201048552 0.01667923722746502 0.01080931552313654 0.929607
6 0.2615666212821347 0.44350705119671757 0.014450479401236577 0.009836877319352632 0.929412
4 0.2253116563618614 0.6765984882607705 0.010682655906280508 0.011938808297241851 0.929321
5 0.2753502011064107 0.37328231228630043 0.013657987373901724 0.010034908228857988 0.928953
14 0.5348039101854866 0.6729416621837246 0.007550058965180605 0.01545266651470253 0.928659
5 0.44472240026033194 0.3249122589468886 0.013816702375528801 0.010283508912696604 0.928553
14 0.2947433882199805 0.4864115541372236 0.007244958281809307 0.01540119808525188 0.927856
5 0.6997075639440287 0.27679056120355594 0.014179817507321836 0.010721223979940733 0.927752
28 0.40815530361210545 0.3454416266241167 0.01755278620240807 0.015352180533394119 0.927702
5 0.46713827009437026 0.13856433280145888 0.014686285974617637 0.010324205151584226 0.927489
13 0.672619714936544 0.6235000618190107 0.008209544288968435 0.01618582904034648 0.926448
6 0.31614258900097625 0.11662501025757921 0.01555513647901074 0.010312744381126055 0.926278
1 0.5417341542466645 0.4659228010029633 0.014767659485844452 0.01518937223615227 0.926234
6 0.45307718060527175 0.48757467061773424 0.015143920338431502 0.009940175974470025 0.925585
9 0.641371236967133 0.39237219785730565 0.015018627790432802 0.011021421472532484 0.925397
6 0.2265029352424341 0.4895196170503761 0.014841768695086233 0.009892944062001368 0.925351
6 0.2399662193296453 0.14251187964440393 0.013925766872762773 0.009813465602917711 0.924796
22 0.5196440117149366 0.557003014360611 0.013421381060852586 0.009988399908821518 0.924667
5 0.446984830458835 0.3719489181673125 0.012985372990562967 0.010186115705493505 0.924418
1 0.2195645271721445 0.2158993243674493 0.014119953660917669 0.015220650102575792 0.924114
22 0.3914836139277579 0.7234921796216093 0.013508619329645298 0.010138860451333486 0.923901
14 0.40109443540514156 0.20626025621153407 0.007007885453953791 0.015533078641440618 0.923753
23 0.32838943573055646 0.13990344563483018 0.012339899772209569 0.009850112058354229 0.923652
8 0.2997819147412952 0.23373576111237748 0.01506826163358282 0.01056475295190335 0.922529
8 0.33844632866905305 0.723697353088671 0.015823715717539863 0.01067547426487349 0.922045
2 0.4613501542466645 0.2779738682470937 0.012010457012691182 0.010180233599270571 0.921875
13 0.6444388883826879 0.5060277948484158 0.007814522876667751 0.015838971506724413 0.921733
2 0.5260904132769281 0.11374884704809665 0.012154510120403514 0.010938593480738546 0.921057
28 0.600760606573381 0.55520885525416 0.017730561666124307 0.020024020059266012 0.921008
14 0.4787448252521965 0.13568968680191476 0.007183978132118451 0.015882387052655576 0.920486
5 0.30664118190693135 0.48898695965352185 0.013982198503091441 0.010595563984499658 0.920448
2 0.4464486716563619 0.46397785457032137 0.011569333940774487 0.009948018782767267 0.920384
1 0.7045676485519037 0.628473756097561 0.014557844451675886 0.015221583770230227 0.920311
6 0.6331342516108038 0.5786567513106907 0.015594756915066711 0.010119883656257125 0.919464
4 0.45270780084607876 0.5101508712103944 0.011694293263911488 0.012641043081832688 0.919446
8 0.5693874858444516 0.11346827991793937 0.016088879401236576 0.011102732254387964 0.919338
22 0.7036061282134721 0.5547674638705266 0.014080583143507974 0.010069523957146114 0.918925
14 0.37705800976244713 0.1121612619101892 0.004360080702896193 0.01599944563483018 0.918595
8 0.5540659733159778 0.6278098016868019 0.014765376895541815 0.010234794802826533 0.918128
9 0.4804914233647901 0.6519854916799636 0.01470034806378132 0.01103694369728744 0.917789
9 0.291116735437683 0.3731920966491908 0.01348536023429873 0.010284174150900388 0.917745
5 0.2878942844126261 0.4428369579211306 0.014007406963878945 0.010263014907681786 0.917328
6 0.31438499446794665 0.14040167403692727 0.013899642043605597 0.010133328470480967 0.916649
14 0.6793581880898145 0.3668701162525644 0.007716621412300684 0.015358482790061544 0.916568
6 0.510772399609502 0.3711020816047413 0.015178359127888057 0.009612166856621838 0.916491
1 0.49375827139602996 0.374332805105995 0.01416645519036772 0.015143155687257808 0.916402
1 0.6668430953465668 0.5582948602689766 0.014313057468272048 0.01574537132436745 0.915969
14 0.23529390693133745 0.5569723200364713 0.00693472593556785 0.015675813084112148 0.915815
22 0.683122962577286 0.3233093850011397 0.013283842499186462 0.009794908958285845 0.914232
6 0.591863169541165 0.39396783587873263 0.01495033335502766 0.009631096968315479 0.912739
2 0.4691181256101529 0.4868210841121495 0.011847576700292873 0.010904526282197402 0.912567
2 0.5782156121054344 0.32274871757465234 0.011906140969736414 0.010746222931388194 0.910582
5 0.6410543567849007 0.3231955942557556 0.015394622063130492 0.010099144563483018 0.910358
14 0.6761735580865603 0.6710428155915205 0.007470218288317605 0.015594817415090037 0.90936
6 0.2881182115196876 0.32650299521312975 0.015182641067360884 0.010024824618190107 0.909276
16 0.6223392489424016 0.6026098782767266 0.01640287718841523 0.010137448279006155 0.908894
2 0.5702548701594533 0.6028688543423752 0.011364184054669704 0.010088955915204012 0.908858
2 0.547500443865929 0.44000512058354224 0.011743460592255124 0.010225201367677229 0.908739
16 0.6891786579889358 0.6968238304080236 0.01633789834038399 0.009373159607932528 0.908497
14 0.2559758411975268 0.3717306733530886 0.0071940415229417515 0.015746771825849097 0.908229
6 0.35505608851285386 0.7237287476635514 0.015700089293849657 0.010229846364258034 0.907363
9 0.666903742271396 0.5787172062913152 0.01425342687927107 0.010777349076817872 0.907165
22 0.40077537260006507 0.6292737925689537 0.013727864627399933 0.010077646865739686 0.906993
5 0.30510434884477705 0.32600289947572375 0.015194353921249593 0.010649284887166629 0.906969
9 0.2704799531402538 0.5593277301116936 0.01346773263911487 0.010615544472304537 0.90686
5 0.5227899876342336 0.6756463806701618 0.014372754702245362 0.01016179366309551 0.906497
16 0.33496496192645625 0.5119394283109187 0.015991844321509928 0.010107104080237064 0.906405
4 0.25714496062479664 0.6054020113973102 0.010668743768304588 0.012103017095965353 0.905593
5 0.5063233978522617 0.4173831702758149 0.01297221060852587 0.010123863414634147 0.905354
13 0.3808499920598763 0.5550818764531571 0.007241426098275301 0.01593712331889674 0.905307
13 0.6074589261308168 0.671805972190563 0.008110909729905628 0.016252236152268063 0.903697
4 0.3975684165310771 0.3242814497378619 0.010344399349170192 0.011724064736722134 0.903572
14 0.34385623429873086 0.16065175837702303 0.007456422779043279 0.015333390471848644 0.903533
4 0.4238058756915067 0.27761907453840895 0.010386585616661243 0.011797591064508775 0.902915
8 0.37523185421412303 0.7234754903122862 0.01561761614057924 0.010660932391155687 0.902162
18 0.21876995248942402 0.1893486172783223 0.014017770257077775 0.014349304764075678 0.901069
2 0.6660708467295803 0.43832241805333944 0.011205102505694762 0.009816581718714384 0.900128
4 0.3224873569801497 0.3019335308867107 0.010557713244386594 0.012155069067700024 0.90003
14 0.3280467139602994 0.23044563300661042 0.006325774162056623 0.015544282653293823 0.899368
6 0.23581123852912467 0.7242289601094142 0.014802281548974942 0.009910672076589924 0.898983
22 0.6570404529775463 0.1361337624800547 0.0143380993166287 0.010248449692272623 0.898623
1 0.5849787438984706 0.18716593571917026 0.01392893250894891 0.014497057670389788 0.898301
4 0.4895104874715262 0.20822422612263505 0.011379312463390823 0.011389800045589241 0.896634
13 0.6910857038724374 0.48218157282881235 0.007612921835340058 0.015734984271711876 0.896377
4 0.609537582818093 0.6258079015272396 0.011161966547347869 0.012037777068611807 0.895328
22 0.6603580397006182 0.626319668110326 0.013833263651155224 0.009946629952131298 0.895299
14 0.44911430393752033 0.6261447221335765 0.006980161145460462 0.015341093229997722 0.895081
9 0.6089509404490725 0.32224372008206065 0.014658528343638138 0.01101857378618646 0.89472
13 0.2814107282785552 0.23215109368589015 0.007342159973966807 0.015842122635058128 0.894208
38 0.45829631500162704 0.1824022349669478 0.021122957370647576 0.01467912286300433 0.894205
6 0.29623406963878945 0.630009172555277 0.014984838789456558 0.009863685251880555 0.8931
2 0.3873199359583469 0.30153637200820604 0.010795252587048488 0.010225458126282196 0.892808
6 0.4389042941750732 0.3017459803966264 0.01521024874715262 0.009710633781627537 0.892434
1 0.29367073739017246 0.7053067145657624 0.013291789912137976 0.010087403692728515 0.891265
2 0.3058029547673283 0.396349388648279 0.011926950862349494 0.009965758468201504 0.891238
4 0.3542160286365115 0.16198013403236836 0.011131709729905629 0.01203170822885799 0.891142
22 0.2688693107712333 0.5827927823113745 0.012972993686950861 0.010041572281741509 0.890384
0 0.5064809798893589 0.6759665119671757 0.013287391343963553 0.01016342758149077 0.889737
2 0.24091874259681093 0.18945587235012537 0.010510162056622193 0.009472968680191474 0.889208
9 0.2950304614383339 0.16362117164349216 0.013697241262609827 0.010902577250968772 0.88909
22 0.5429585890009763 0.2537374898563939 0.013838778522616335 0.00986292664691133 0.888735
22 0.5400138808981451 0.6980843984499658 0.013884280377481288 0.010059592067472076 0.88841
16 0.31437283176049463 0.16342405105994984 0.016372470419785227 0.009840308547982676 0.888101
22 0.40458313309469573 0.11481089400501482 0.014116571428571428 0.01022387089126966 0.887894
9 0.6562807002928734 0.11234881240027353 0.014533252456882525 0.011268843400957374 0.885973
1 0.4625862518711357 0.30408166674264875 0.014356909860071591 0.01519614132664691 0.885787
14 0.4659030055320534 0.41573559699111007 0.006860133550276603 0.015733583770230226 0.885636
2 0.2769461815815164 0.30360059448370186 0.01125775203384315 0.010083832413950309 0.885184
14 0.2515956003904979 0.1392555969911101 0.007343609502115197 0.015532961932983815 0.885079
5 0.3892588547998698 0.20934077592888078 0.014869676277253498 0.010548810576703897 0.883954
7 0.363651623820371 0.32834862274903126 0.016260140318906605 0.015467255071803056 0.883868
13 0.6318366739993492 0.2742828465922042 0.007953094435405142 0.01642648187827673 0.883675
4 0.3918957630979499 0.5338619098244815 0.010871077904328019 0.012205020287212218 0.88235
6 0.3398628675561341 0.2330824271711876 0.014981306605922552 0.009487405516298154 0.882234
1 0.26838280247315327 0.6565317529063142 0.013694942011064108 0.015098456348301802 0.882025
5 0.4402213654409372 0.3483487175746524 0.01470834546046209 0.009897075541372235 0.881787
0 0.6699234259681094 0.15999562343286985 0.02330474715261959 0.010426815226806474 0.881482
5 0.5467323605597136 0.67485836516982 0.01467532287666775 0.01040888880784135 0.88081
9 0.43043055255450696 0.39481140460451336 0.014402594988610478 0.010904269523592433 0.880393
5 0.49807369996745854 0.39425785639389105 0.013503004490725676 0.009772092454980624 0.880343
2 0.4574054383338757 0.11470854068839753 0.011872551903677189 0.010794400182356964 0.880125
5 0.6846497988935893 0.6259866988830637 0.015026875105759844 0.010451674128105767 0.87967
8 0.35588098665798895 0.2326091743788466 0.015200301985030914 0.010090834921358559 0.878687
18 0.5587359531402538 0.4613918285844541 0.014922725675235927 0.014097914748119444 0.878211
1 0.48623555353075176 0.7048272762252109 0.014004774487471528 0.009128188557100524 0.877848
2 0.38872659472827853 0.18586084340095738 0.01130980175724048 0.009874970959653522 0.877612
4 0.5933150302635861 0.4154300542511967 0.010933757500813537 0.012438670617734213 0.874886
0 0.3041829821021803 0.28064929291087304 0.0229900162707452 0.010099027855026213 0.874059
18 0.41883765961601044 0.23020019512195122 0.014536734656687277 0.013968368361066788 0.873879
0 0.22082961535958348 0.14387608479598815 0.02228941099902376 0.011009003692728517 0.873442
2 0.47206916498535634 0.372263914292227 0.011149353986332574 0.009750956553453385 0.872556
23 0.6708422935242434 0.1834307049008434 0.011555904978848031 0.010044268247093686 0.872341
23 0.31353493784575337 0.34968386232049237 0.01153479518385942 0.009741398130841121 0.871998
6 0.4050428167914091 0.7026516555276955 0.015599272111942727 0.004801829405060406 0.871683
0 0.6326680866905304 0.6506428775928881 0.015728346762121707 0.01032907189423296 0.871614
21 0.5475126065733811 0.5130696330066105 0.015850573641392775 0.015362917711420105 0.870767
5 0.32609851480637814 0.6997148155915205 0.014285083241132444 0.010274942511967176 0.87014
4 0.6081217103807355 0.4849595842261226 0.011732930686625447 0.012486287668110326 0.869688
22 0.31237115001627075 0.5590385265557328 0.013729813992840872 0.009709560063824937 0.86945
8 0.47444989000976245 0.2084116599042626 0.01696331142206313 0.010198778573056759 0.869113
6 0.30994410673608846 0.7000426496466834 0.014996451675886757 0.009383464964668338 0.869014
22 0.32500403774812886 0.48859832049236385 0.013617217312072893 0.010222657123318896 0.868935
6 0.47994476797917346 0.6761872076589925 0.014481719232020827 0.009920802370640528 0.868151
38 0.43625432346241455 0.6502585566446318 0.022429198828506344 0.016057799863232275 0.867599
2 0.6168342076147088 0.18369256366537495 0.011293923592580541 0.009978853157054936 0.867388
2 0.325442894890986 0.352278606428083 0.01103400820045558 0.004306472031000683 0.867038
9 0.3295137364139278 0.5581803692728515 0.013817468792710706 0.01081155632550718 0.865966
13 0.5846458522616336 0.5317070982448142 0.007655374682720469 0.013038085251880556 0.865965
2 0.3856348011714937 0.48769312970139045 0.011573599219004232 0.010280241075906086 0.864453
2 0.22982901919947935 0.3049959607932528 0.010775175789131142 0.010118716571689081 0.864339
13 0.4031560976244712 0.6742095828584453 0.007405056166612431 0.016306388876225212 0.863994
4 0.3379834793361536 0.6756557173467062 0.011722367458509601 0.012636608160474128 0.862667
1 0.2803822297429222 0.6327489035787554 0.013864870029287343 0.01476420332801459 0.861684
5 0.46817060071591277 0.16184802005926602 0.013950692092417833 0.010342201595623433 0.861093
13 0.5686875470224536 0.18245117082288578 0.007963474389847056 0.014714485525416002 0.860955
4 0.26043244048161407 0.6292998185548211 0.010269723657663522 0.011908347390015957 0.860223
28 0.6079964178327367 0.7178280847959881 0.017581110315652456 0.01705425666742649 0.85941
14 0.2526646357305564 0.5335909944837018 0.005491978913114221 0.015858461819010714 0.858157
1 0.30881264171819073 0.5152851096421245 0.013798924829157176 0.014923160246181903 0.854837
13 0.3577617077774162 0.37030064463186685 0.006428440741945981 0.01592463551401869 0.854613
5 0.3240625109013993 0.6770584362890358 0.013442457533355028 0.009644553453385002 0.854142
4 0.46031815684998373 0.370844739457488 0.011443075040676863 0.011099476088443128 0.853733
4 0.35151890660592255 0.18506991018919536 0.009960924178327366 0.01246913152496011 0.852645
2 0.3255108727627726 0.3492672131297014 0.011132942661893915 0.010375370139047185 0.851164
9 0.6996340878620241 0.32209433325735126 0.015112363944028637 0.011253262821974013 0.851123
5 0.4170897286039701 0.4870432970139047 0.014161939993491702 0.010325547298837475 0.850148
13 0.646968898145135 0.22749606017779803 0.007855726130816792 0.016149882835650786 0.850041
13 0.2396308285063456 0.11646395258718943 0.007400091116173122 0.015917633006610442 0.849985
2 0.23545435470224538 0.35106312286300434 0.010209676537585421 0.010213507180305448 0.84992
14 0.5322130868857794 0.48369504809664915 0.007119432476407419 0.015582679735582403 0.849137
8 0.4469668363163033 0.5338800579895145 0.01586561874389847 0.010369978208342831 0.848957
2 0.25033767653758543 0.7239599471164805 0.010155594142531728 0.0104192291771142 0.848579
5 0.6382113489098601 0.3463323455664463 0.014383034689228765 0.01001433252792341 0.847684
6 0.33190845688252524 0.16324326966036015 0.015127825577611454 0.00998038203783907 0.84458
14 0.6390703192971039 0.22794923911556875 0.007717837683045883 0.01557451014360611 0.843231
22 0.31602379433778066 0.23343897150672438 0.013119462674910511 0.010005194255755643 0.843015
16 0.5222375008135373 0.6984577488032825 0.016436682850634557 0.009603390380670162 0.842791
5 0.5135994959973967 0.30000807476635516 0.012943436641718192 0.010413428766811032 0.842198
14 0.3613167172144484 0.5788753462502849 0.007793196485519037 0.015160078413494416 0.842064
2 0.45525597136348844 0.7227982311374516 0.012240198893589327 0.010894115887850468 0.841876
21 0.5370726716563619 0.5827117866423525 0.020872372274650178 0.01542734077957602 0.840731
14 0.5326614409371949 0.554311250512879 0.007121348519362187 0.015417187143834055 0.839752
13 0.5996538001952489 0.5065299913380442 0.007462370842824601 0.015865697743332574 0.83942
2 0.5200653745525545 0.580078143606109 0.011419632671656363 0.010191075814907682 0.838812
13 0.3119701138952164 0.6746967239571461 0.007062217767653758 0.016330430818326875 0.838596
1 0.21943806833712987 0.16931210941417826 0.013503204425642694 0.01531156599042626 0.837141
14 0.39225331337455255 0.6974112240711192 0.0077298337780670355 0.01539174470025074 0.836944
5 0.7003240299381712 0.18290871465694097 0.014899116693784575 0.01079011698199225 0.835135
1 0.4391163917995445 0.23448024435833142 0.014532519362186788 0.015197891953498974 0.834147
4 0.6329290684022129 0.2059579813084112 0.010762729840546697 0.011422256667426488 0.832984
2 0.42096346762121706 0.7028388558924094 0.012568675301008787 0.005176241805333941 0.832601
14 0.32492089814513503 0.1846182134488261 0.00736162030589001 0.015500750398905857 0.830005
13 0.25813147282785553 0.23337081376795077 0.007237460722421088 0.015348795988146797 0.829592
2 0.3473580943703221 0.20927250148165033 0.011866853758542142 0.010569082835650787 0.829587
11 0.24148705759843797 0.4875711693640301 0.014011455645948584 0.01547659174834739 0.826046
4 0.3541388870810283 0.6524571105539092 0.009530780865603645 0.012171641668566218 0.825847
6 0.6097680078099577 0.23008675450193752 0.015486725414904002 0.01007136795076362 0.825699
18 0.23542319817767657 0.1638790973330294 0.013799324698991214 0.013959848643720081 0.82475
5 0.6003572378782949 0.2762688744016412 0.01359822349495607 0.010483885662183725 0.823778
4 0.36997589847054996 0.2315326555732847 0.011489593231369995 0.012409376795076362 0.823722
9 0.27916295997396684 0.11703582402552996 0.013884696908558413 0.011483610303168452 0.823218
14 0.5919629703872438 0.5071502967859585 0.006418160754962578 0.01539116115796672 0.821607
14 0.6793445258704849 0.3428928306359699 0.007200722681418808 0.014523550490084339 0.819396
14 0.5929908024731533 0.5314109388648279 0.007481081418808981 0.01244578983359927 0.815529
5 0.5799663755287993 0.4166342521085024 0.014239614708753661 0.010605425849099612 0.814936
0 0.5089533584119752 0.4637125762480055 0.01804279336153596 0.010188449874629586 0.814666
22 0.5379793765050439 0.6280685443355368 0.01378401301659616 0.010154674447230453 0.811812
1 0.6163348701594533 0.5817336530658764 0.013697457858769933 0.015176884431274218 0.811551
6 0.23644419915392126 0.21287727558696148 0.015474679336153596 0.009896725416001824 0.81048
14 0.3288061334201106 0.11389251515842261 0.007145240741945981 0.0158442233872806 0.810285
22 0.527771366091767 0.3710243537725097 0.013532045037422715 0.00970988684750399 0.807142
5 0.4584417676537586 0.20888071119215865 0.014699964855190368 0.010064213722361522 0.807119
9 0.5066975593882199 0.34737466879416456 0.013720533680442565 0.01076230535673581 0.806857
22 0.437102047510576 0.6284930129929337 0.014165022323462416 0.010377225803510371 0.806839
1 0.4023785174096974 0.23486118076134033 0.014263073739017246 0.01486387235012537 0.806319
8 0.5266893849658314 0.2535229797127878 0.01488863677188415 0.010407324914520172 0.806165
4 0.4929755261958998 0.41693862776384777 0.011097254279205989 0.011634012491452019 0.805517
5 0.32627379108363164 0.7025270108958286 0.014179084412626098 0.0045331782083428305 0.805003
4 0.3787084891636837 0.18470078468201503 0.007640212951513179 0.012569967631638932 0.804755
5 0.3636043058900098 0.11591308867107362 0.014998684282460137 0.010398280009117848 0.803479
9 0.3979058067035471 0.5809757483473901 0.014324553726000652 0.010955994711648051 0.802751
5 0.25364376700292873 0.2124909705949396 0.013845343052391799 0.010428484157738773 0.800837
5 0.34903338236251225 0.5584834611351721 0.01317417819720143 0.010803305037611123 0.799253
22 0.3244812079401237 0.27957242397994075 0.01378246352098926 0.00988216020059266 0.799175
22 0.6252682954767328 0.3932573147937087 0.013945643735763099 0.009921000775017097 0.798675
7 0.29933922551252845 0.6799794155459312 0.012973860071591278 0.014070838386140871 0.79765
18 0.5183196095021152 0.22910115158422611 0.014718942011064107 0.013778833827216777 0.797457
22 0.5143469860071591 0.6043265429678596 0.013861137910836317 0.00973382375199453 0.795211
22 0.31359308558411975 0.21002083610667882 0.013648973641392774 0.010225096330066104 0.794361
13 0.27891604035144807 0.48698751037155236 0.006822978978197202 0.0159916261682243 0.79399
0 0.4082206156849984 0.6052833188967404 0.02378275821672633 0.010367994164577161 0.7928
2 0.34050299251545724 0.13943731205835425 0.010911131532704196 0.010106672258946889 0.79031
4 0.24514703286690528 0.2573937323911557 0.010416342596810934 0.011613448461363118 0.788315
11 0.5027955629027009 0.29799146934123544 0.005881335502766026 0.016970343286984272 0.787622
6 0.5920049567198178 0.16087467152951904 0.014594449202733485 0.009974639981764302 0.78697
8 0.3661986280507647 0.4187027927968999 0.01437825291246339 0.009732493275586961 0.786924
4 0.31953548454279207 0.5819151347162069 0.011078410413276929 0.0123798495555049 0.786729
13 0.3697011545720794 0.579064880784135 0.0077802840221282135 0.015929303852290858 0.786651
0 0.350107366091767 0.44261564367449285 0.02224609176700293 0.009901825575564167 0.784199
5 0.4258222193296453 0.67654153453385 0.013441791083631631 0.01058088206063369 0.783089
6 0.5543700410022779 0.6036655062685207 0.01528809007484543 0.009714590198313198 0.782442
5 0.6060158958672307 0.41598978801002967 0.014139463976570128 0.010520088625484385 0.781637
12 0.6581574227139603 0.5061156763163893 0.018072616986657988 0.015275969911100981 0.780889
4 0.6061538509599739 0.1597521695919763 0.010911248161405792 0.012354640528835194 0.777857
5 0.4947852704197852 0.1850397293822658 0.014148244451675887 0.010315837155231366 0.777747
23 0.5621481757240482 0.7208252746751767 0.012786621021802799 0.010201147754729883 0.776147
14 0.612591921900423 0.3907766765443355 0.008010659030263587 0.015395479370868475 0.775914
22 0.7002840429547673 0.22980315295190334 0.014311924503742272 0.010125719079097333 0.773043
4 0.3980559245037423 0.5101374497378619 0.011179410868857794 0.012543124686573969 0.76924
16 0.643496695086235 0.6973985028493276 0.015890660592255124 0.009969026304992022 0.76862
13 0.6821482798568175 0.41286270161841804 0.007713505759843801 0.015747121951219512 0.766966
2 0.2623167770907907 0.39705524139503073 0.010719943768304587 0.010482076681103259 0.765658
14 0.6040963540514156 0.3906814424435833 0.008029119687601692 0.015216098472760427 0.765076
8 0.3735672294175073 0.13922571962616823 0.01606835274975594 0.009869275586961476 0.76217
9 0.5569153791083632 0.3230280009117848 0.014229401366742597 0.010643192705721451 0.762082
22 0.5861040442564269 0.1140563738317757 0.014265123071916694 0.010493607476635514 0.761787
2 0.26242207614708757 0.7031186060633691 0.010794969345916042 0.005735730476407568 0.759628
4 0.3769605581516433 0.67587104444951 0.004155513960299382 0.014149266469113289 0.759379
6 0.6885863507972666 0.6738742794620469 0.015242121705174095 0.010108574606792797 0.75934
6 0.6813745317279533 0.4407249316617278 0.016651879466319557 0.006136425621153407 0.758704
1 0.6566327523592581 0.2092742521085024 0.01408543156524569 0.015389643948028267 0.757347
1 0.43616468597461766 0.4904413804422156 0.01392511708428246 0.014741095053567358 0.757267
9 0.5612018171168239 0.34643726646911327 0.014343830784249919 0.010787024207886938 0.753977
0 0.29050243540514153 0.7244691461135172 0.022609806703547022 0.010677213220879873 0.753145
7 0.5635783768304589 0.42023715887850466 0.015100967653758542 0.014240765899247778 0.751623
9 0.34180090335177354 0.6995772163209483 0.014085364920273348 0.010675345885571005 0.751502
1 0.2720965935567849 0.3293664372008206 0.013513867621217052 0.01498326510143606 0.750083
6 0.490060308493329 0.3478518896740369 0.014485451350471853 0.009681480009117848 0.749812
13 0.6873167640741946 0.34342910599498516 0.007275598307842499 0.015508919990882152 0.749373
6 0.33712859095346565 0.18672104308183268 0.014873275105759845 0.009737138272167769 0.749184
8 0.4984289176700292 0.7227557492591749 0.01585315613407094 0.010724620196033735 0.748366
14 0.3925212261633583 0.7027064268064737 0.007584447770907907 0.0049113719626168225 0.748109
14 0.2518103304913765 0.4409914237519945 0.00378120247315327 0.015933855482106223 0.742706
23 0.31389582037097297 0.3523084487804878 0.010856032801822324 0.004366168406656028 0.741871
1 0.6269119437683046 0.3730695527695464 0.004216960624796615 0.014520282653293822 0.741239
2 0.5043648020826554 0.3244299028949168 0.009050687146111293 0.010243886391611579 0.740805
22 0.699895169541165 0.34623804513334855 0.013616101008786201 0.009869614041486209 0.740197
16 0.3621467803449398 0.699974958741737 0.016170369541164985 0.010010282744472306 0.739977
5 0.3511573576309795 0.41856659402780944 0.013415049788480312 0.010605005698655117 0.739781
11 0.6611294552554507 0.6941346341463415 0.015792875756589653 0.01559516754046045 0.736459
5 0.4403379941425318 0.35168185274675173 0.014683370257077773 0.003112964668338272 0.736244
2 0.3076945056947608 0.3027560920902667 0.010613195183859421 0.010363722635058126 0.732218
13 0.3980369306866255 0.6504374707089127 0.0063286732183534 0.015764394802826532 0.731093
5 0.3408965310771233 0.6295461901071348 0.0140324488122356 0.01013456558012309 0.730571
5 0.5019775958346893 0.16180658855710053 0.013577296973641392 0.00991640246181901 0.730354
14 0.5796668063781322 0.15862628310918622 0.007232312398307843 0.01565573922954183 0.729548
5 0.5739871552229092 0.29947775153863687 0.014085081679140904 0.010777640847959883 0.725235
5 0.6198797162382037 0.16024036106678824 0.014016987178652783 0.010667001230909506 0.724017
22 0.5233897923852913 0.44022418235696376 0.013892744288968435 0.009782071028037383 0.721714
2 0.46926874324764073 0.2547432833371325 0.013025176700292873 0.010674015409163438 0.720607
0 0.6234717136348845 0.6745146587645315 0.02352750797266515 0.010541551310690676 0.720078
2 0.26639748206963876 0.4888429414178254 0.011273480247315327 0.010033180943697288 0.719364
6 0.24143157565896517 0.5132900952815136 0.014448230133420111 0.009930967677228175 0.718594
9 0.485943315327042 0.44170060268976524 0.014347796160104134 0.008050736083884204 0.717453
5 0.36401967068011715 0.18559990663323456 0.013907189586723072 0.010604305447914292 0.716645
4 0.3387732222583794 0.11484847412810577 0.011775833387569152 0.013628163209482562 0.716512
16 0.5227120130165962 0.1375577223615227 0.01678087081028311 0.00975608005470709 0.716465
23 0.5391878164659941 0.6519952951903351 0.011445790823299707 0.00993223979940734 0.713883
18 0.6796104393101204 0.5311526280373832 0.01749830393752034 0.011914999772053795 0.711599
13 0.679022630654084 0.6478013767950764 0.007865872827855516 0.016146148165033052 0.707688
5 0.6028467608200455 0.602650842945065 0.01496063000325415 0.010211114656940962 0.706822
13 0.5300979420761471 0.22831652062913152 0.006714380995769606 0.01565573922954183 0.706244
22 0.5972780735437683 0.2070424362890358 0.014239248161405793 0.010032877501709597 0.706029
0 0.3114456179629027 0.6061377415090039 0.02341237878294826 0.010982032368361067 0.705479
0 0.5870885571103156 0.48627150398905855 0.024165133745525546 0.01037269751538637 0.705262
22 0.5914531363488448 0.3231046783679052 0.013788778132118451 0.010021206656029178 0.703752
2 0.25552525453953795 0.5130983432869842 0.011213233192320208 0.0096227989970367 0.70263
5 0.3786614877969411 0.2790782803738318 0.007567020110641068 0.01053720975609756 0.701113
14 0.22443727432476407 0.6039393043081832 0.007845046273999349 0.0157272815135628 0.699107
9 0.45898725675235924 0.580426168224299 0.01385189092092418 0.010656590836562571 0.698762
6 0.28370048291571753 0.25744006564850697 0.014469956394402862 0.010275304308183268 0.697259
18 0.3248550862349496 0.6275802361522681 0.014078700423039374 0.013631314337816275 0.696649
18 0.5483120130165962 0.13581468155915202 0.014729371949235275 0.01421579028949168 0.693912
5 0.6323143351773511 0.25272527741053114 0.013431411129189717 0.01011534369728744 0.693185
22 0.6406209312072892 0.602607894232961 0.013564601106410674 0.010125859129245499 0.692883
8 0.24450757435730555 0.42038106040574424 0.007859524894240156 0.01022359079097333 0.690409
13 0.46317955873739014 0.5547853202644175 0.007416885649202734 0.01672688944609072 0.688014
22 0.35464555548324117 0.3961907818554821 0.013124710966482264 0.010083517301116935 0.686361
4 0.710203813862675 0.7180668702986096 0.011682163878945656 0.012389536357419649 0.685546
29 0.6127043852912464 0.2513084367449282 0.020650777741620566 0.018087126510143606 0.685264
1 0.611033929059551 0.13949076453157053 0.014470239635535308 0.015282855710052428 0.680977
22 0.240728471200781 0.5362811010713472 0.012806781125935567 0.009965770139047186 0.678034
6 0.47801539602993814 0.418186591292455 0.015262681679140905 0.009680721404148622 0.677803
14 0.5084645675235926 0.5777570458171871 0.007166933680442565 0.015466554821062229 0.668981
1 0.537178637162382 0.6069297250968771 0.014762511161731207 0.01507371415545931 0.66808
8 0.37825901880898144 0.1393725388648279 0.006762115457207941 0.00963231073626624 0.667229
11 0.2694172990562968 0.35252943624344657 0.01482020904653433 0.004808119990882151 0.662705
1 0.6218842303937521 0.37290125917483474 0.01426125766352099 0.0147032815135628 0.659052
5 0.5648904497233973 0.7013769540916344 0.015573913699967459 0.0022524265329382266 0.655709
13 0.2533352007809958 0.48720377114201047 0.007293992320208266 0.015843756553453384 0.654395
5 0.6533399908883827 0.46235058855710054 0.01424862844126261 0.010300770093457944 0.65418
5 0.3700225499511877 0.3725878969683155 0.014026850634559062 0.010126069204467746 0.653486
23 0.24706207614708756 0.3511461025757921 0.010184734656687277 0.00941496457715979 0.651038
14 0.268414125610153 0.41713166355140185 0.007529682264887732 0.015416020059266015 0.649385
14 0.5019523040676863 0.577809564622749 0.004230023039375203 0.015597034875769319 0.647766
14 0.6016626462739993 0.5315484564394803 0.007555840416531077 0.012720754957829952 0.644163
9 0.3418792111942727 0.7026042252108502 0.014017670289619264 0.004706980442215638 0.639954
22 0.5441846898795965 0.48630313198085257 0.013411717539863326 0.010173896330066105 0.638716
18 0.5266305707777416 0.3461528479598815 0.014627005271721444 0.014360158650558468 0.63703
22 0.381485318581191 0.5823411205835423 0.013109449267816466 0.009968921267380899 0.636216
22 0.5521970816791409 0.6516274301344882 0.013825882720468597 0.010285166172783224 0.63612
0 0.3429170400260332 0.3498700123090951 0.020948180930686625 0.009628669432413951 0.635854
2 0.6907188232997071 0.6498626815591521 0.012211458249267816 0.010302252290859357 0.633005
22 0.2996776153595835 0.2569997246409847 0.013653605466970387 0.010213168725780715 0.632375
18 0.6710242342987308 0.25109836152268067 0.014872275431174748 0.01381979849555505 0.630127
14 0.33460108037748126 0.3939539475723729 0.007713772339733159 0.01524702621381354 0.627306
0 0.5031602108688579 0.7225350535673581 0.006645853302961276 0.010466344381126055 0.623071
13 0.3430909834038399 0.299258339639845 0.007610622583794338 0.015953812628219738 0.622237
0 0.7014431656361862 0.4181879917939366 0.015878764464692482 0.014663017095965352 0.61999
14 0.2759716654734787 0.27835783906997946 0.006030570257077774 0.0150232961021199 0.61829
5 0.47416315001627074 0.35157706022338725 0.015442589781972013 0.0029033796216093003 0.618137
0 0.4068623911487146 0.4424820825165261 0.023817913439635536 0.009650739001595623 0.61761
14 0.5181115105759844 0.3918277529063141 0.007832633647901073 0.015799757465238203 0.616733
13 0.6760286052717214 0.27422372208798723 0.006718896192645624 0.015506002279462049 0.61533
27 0.6145612808330622 0.557961424207887 0.007471867751383013 0.014861421472532483 0.613898
14 0.6094319505369346 0.20478447777524503 0.007186860527172144 0.015500633690449052 0.610834
13 0.33701979303612106 0.48584155003419194 0.007734232346241459 0.015878418965124232 0.610118
22 0.6118986475756589 0.5092995997264645 0.014214106345590628 0.01022388256211534 0.606982
8 0.33826405466970383 0.25559292090266694 0.01515526664497234 0.010521559152040118 0.601977
22 0.4142294930035796 0.39614794985183494 0.013977450048812234 0.009994807203100068 0.597253
11 0.3550965753335503 0.29913416184180536 0.014038846729580215 0.015355915204011852 0.596952
0 0.4910108324113244 0.4871674748119444 0.02298001952489424 0.010275946204695692 0.596578
13 0.5353522316954117 0.13406662229313882 0.00703314389847055 0.01607343879644404 0.596446
4 0.434916925479987 0.4637810841121495 0.010837972014318254 0.011330080328242535 0.593665
4 0.285059040676863 0.5351159421928425 0.010480538366417182 0.011826534761796216 0.58958
1 0.26659671721444844 0.26519891388192385 0.014729955092743248 0.005179696375655345 0.589448
5 0.4900143234624146 0.3513802780943697 0.01464020097624471 0.002509803692728516 0.577993
14 0.6544036446469249 0.4407723853202644 0.007331096908558412 0.00623135627991794 0.577792
8 0.5229527679791734 0.20779345520857076 0.0158729996745851 0.010021451743788466 0.577655
22 0.7050471591278881 0.578266128105767 0.014110823299707127 0.010283287166628676 0.573684
0 0.5850198971688904 0.3509780832459539 0.022997847054995118 0.0017054256667426487 0.572852
27 0.7069292131467622 0.5337269715067244 0.00939415867230719 0.015585364030088898 0.567572
2 0.6265896820045558 0.46213724549806245 0.003581717409697364 0.008961225438796445 0.560533
8 0.5435130751708428 0.3512836598313198 0.015654337520338433 0.0023165811716434922 0.557784
22 0.37940532899446794 0.702820684385685 0.014049643215099253 0.005139887121039435 0.552794
8 0.22095240872111943 0.35339969619329836 0.015266463781321186 0.006548651561431502 0.551443
9 0.3609208460787504 0.20878080875313426 0.013905840026033192 0.010954139047184864 0.550902
6 0.28250020696387895 0.16410936311830407 0.006447951057598438 0.010290313015728289 0.548803
1 0.26722184705499513 0.2604838222019603 0.013430494760820047 0.014890365169819923 0.545494
13 0.34289021542466647 0.39373850376111236 0.007422300553205336 0.016338833827216778 0.541846
14 0.44753115261959 0.5550391611579667 0.0058249205336804435 0.015336308183268747 0.541052
19 0.3775818392450374 0.4647976147709141 0.005393361015294501 0.010387157693184408 0.53873
27 0.5617294786853237 0.3025761276498746 0.008709698145135048 0.01497124413038523 0.536563
9 0.37974355222909206 0.3522523236836107 0.014501229547673283 0.004253906542056075 0.535129
2 0.2799475379108363 0.18804428356507866 0.01170493979824276 0.011217374971506724 0.531233
13 0.2554535112268142 0.352774243902439 0.006388053888708103 0.005293918942329611 0.522895
14 0.5090674046208916 0.3918680173239116 0.006738089944679466 0.01502831456576248 0.522849
4 0.33828054930035795 0.41871317984955553 0.011324730231044583 0.011072306359699111 0.522426
0 0.43234093068662544 0.4421878021426943 0.025523025056947608 0.009037272669250057 0.518898
5 0.5023456426944354 0.39441424572600864 0.0050167169541164985 0.009371642397994073 0.51345
13 0.3079754142531728 0.37109823022566674 0.006235003709729906 0.01462788785046729 0.512697
14 0.45789711161731206 0.2521869012992934 0.006447984380084607 0.015437377706861181 0.512557
14 0.28711153921249594 0.4863883291543196 0.00787378691832086 0.015557354000455893 0.511872
7 0.6292784400911162 0.11583092591748347 0.0089636488122356 0.017118679735582402 0.505345
27 0.23900619850309143 0.5853621189879189 0.007740197071265864 0.014977429678595852 0.500033
