7 0.520806799869834 0.633526415317985 0.01590843813862675 0.014653680419421018 0.992041
19 0.6369083397331597 0.4196785922042398 0.00991330634559063 0.009560943514930476 0.991044
7 0.6634125453953791 0.19107146751766585 0.015081623950536933 0.01436634419876909 0.990192
23 0.3185721314676212 0.5139104007294278 0.010971711812561015 0.009794873945748803 0.989071
4 0.6851338080052067 0.6266643081832688 0.012257726521314677 0.016010649646683382 0.987611
7 0.5645338991213797 0.3309108402097105 0.015750739472827856 0.014656131297013904 0.987588
7 0.5271500683371299 0.6566848744016412 0.015532560494630653 0.014381633006610441 0.986843
4 0.6711143716238204 0.6980762288579895 0.011899209892613082 0.01268562571233189 0.98631
7 0.6572297246989912 0.4002155896968315 0.015571514480963227 0.014283597902894917 0.98524
11 0.5977879075821673 0.3248586897652154 0.015179242173771557 0.015527009801686802 0.984962
16 0.27210042564269443 0.4669134223843173 0.015965702831109665 0.010447565990426259 0.984685
8 0.320472179629027 0.16449216685662185 0.015214414057923852 0.00980708165033052 0.984421
4 0.38750181008786205 0.3256972400273535 0.01228060240807029 0.012426416229769774 0.981341
4 0.4323899147412952 0.6294377679507636 0.012371289554181581 0.012357208114884888 0.981243
8 0.5137617431825577 0.18751641121495327 0.015369680182232346 0.01022635678139959 0.979937
4 0.5491932261633583 0.582474751766583 0.012401862935242433 0.012063919762935948 0.979556
21 0.32968051545720795 0.6552892746751766 0.01671089358932639 0.015361633918395257 0.979225
19 0.4512870966482265 0.5141752122179165 0.010704265538561665 0.010074437383177572 0.978909
4 0.5081582005857469 0.25684671985411445 0.011055501204035145 0.012360125826304993 0.978762
4 0.38690413797591927 0.44274501499886026 0.011780531858119102 0.010176615637109641 0.977899
23 0.22622202668402214 0.5831304198769091 0.011285776244712007 0.009636045406883975 0.977485
4 0.22621402928734136 0.46687607567813993 0.009637945981125936 0.011722080692956462 0.977036
2 0.6767720299381712 0.5595399060861637 0.011003534786853238 0.009657788192386597 0.976813
8 0.40119590237552877 0.6307294971506724 0.01603096492027335 0.010227920674720767 0.975946
7 0.20845314415880248 0.17060990745384091 0.015233741099902377 0.016098531114656943 0.974965
16 0.4477107608200456 0.2810515869614771 0.016518222974292222 0.010319361750626851 0.974413
0 0.6664423924503743 0.6299264262594028 0.022821571103156527 0.01010339275131069 0.973141
8 0.2740564555808656 0.3974110854798268 0.01524530400260332 0.010279307408251653 0.972995
9 0.2374865265213147 0.6292538354228402 0.013700673478685324 0.010718679735582404 0.971961
9 0.32063512658639765 0.442969982220196 0.014009939472827854 0.011059900250740825 0.971786
9 0.45579263000325415 0.6531405552769547 0.015197802798568175 0.011363552313653977 0.971067
4 0.22115434298730882 0.3282671602461819 0.010291983078424992 0.011045486756325506 0.97099
23 0.25601262922225837 0.5367083707317073 0.01056752671656362 0.00986601942101664 0.970735
2 0.33542231304913767 0.16410772919990882 0.011473365180605271 0.010233230909505356 0.969758
0 0.5453361483891962 0.5366495613403237 0.022182279205987636 0.009980662138135398 0.968928
2 0.5090306499186463 0.652510913152496 0.01171500318906606 0.009800849418737179 0.968038
2 0.5368952294175073 0.23466779484841574 0.01170885519036772 0.010106497196261681 0.968005
4 0.6548556641718191 0.46584834100752226 0.011685012951513179 0.012514297697743332 0.966641
12 0.6216488070289619 0.6268994757237292 0.018239729254799872 0.015795555960793253 0.966078
11 0.6744048005206639 0.1379870927741053 0.015218212821347218 0.015229403236836107 0.965527
24 0.6832064354051415 0.6772045552769547 0.012814378652782298 0.013160395714611353 0.964209
23 0.3258286026684022 0.3503042844768635 0.011447373641392778 0.009653761750626851 0.96374
1 0.4382115196876017 0.1897073790745384 0.014599214318255777 0.015059125598358787 0.963433
4 0.2628062177676537 0.30402903122863006 0.010137749951187764 0.01184357419648963 0.963194
1 0.2088145265213147 0.35641127622521085 0.012800183273673934 0.012524101208114886 0.962419
13 0.6685863612105435 0.30154512514246634 0.008563129189716889 0.01611802142694324 0.962402
4 0.4412397006182883 0.4432547391839526 0.011833098080052066 0.011196040665602917 0.962179
4 0.3464343950536935 0.13986481513562798 0.01032115691506671 0.012305856393891042 0.961071
23 0.4845114480963228 0.44307965315705494 0.01122891142206313 0.009346375017095966 0.960186
19 0.23526075105759842 0.3289354328698427 0.008661813732508948 0.010237910918623205 0.960075
2 0.5286037617962902 0.3971836206975154 0.011590876928083306 0.010438159288807841 0.959481
16 0.3086107074520013 0.397395446546615 0.015975632931988285 0.009929987326191018 0.959033
4 0.5039459051090139 0.2073016457715979 0.008202263325740318 0.015616992021882834 0.958816
9 0.3975302622844126 0.5604614360610896 0.014449896257728604 0.011061522498290404 0.958764
7 0.6237064705499512 0.4688326929564623 0.015372795834689227 0.01464842853886483 0.958699
6 0.42099778978197205 0.4670911693640301 0.015591624601366743 0.010090881604741283 0.958399
4 0.6799871500162707 0.16343035331661726 0.00950847146111292 0.012589224527011627 0.958362
4 0.31650547087536607 0.30307704034647825 0.010888139017246988 0.0127861116936403 0.957979
2 0.6431396446469249 0.14116086254843857 0.01156380240807029 0.010359696193298382 0.957913
6 0.4555280494630654 0.1873977187143834 0.015408817442238853 0.00969765580123091 0.957768
1 0.46233566677513827 0.5402664381126053 0.014049176700292872 0.01501886118076134 0.957594
19 0.24913156915066711 0.4436746445406884 0.01056709352424341 0.010278140323683611 0.957498
4 0.6116578926130817 0.4882267207658993 0.010477006182883174 0.012619802142694325 0.957491
23 0.3996845610152945 0.2805482233872806 0.010830924308493329 0.009750349669478003 0.957195
8 0.6395296864301985 0.4895946605881012 0.015637326391148714 0.0101537524504217 0.956963
4 0.4664988115847705 0.3959885260998404 0.010946453368044257 0.012479518577615683 0.956934
4 0.47436775008135373 0.20959508365625712 0.011279361666124308 0.012221943013448826 0.956835
6 0.39007673856166614 0.14178571962616823 0.014514008721119428 0.009984093366765444 0.956818
4 0.24864189521640093 0.5829443865967632 0.010871644386592907 0.012270260314565762 0.956538
7 0.6653805714285714 0.4227920237064053 0.0160058064432151 0.014861188055618875 0.955544
18 0.5420153960299382 0.30211746341463414 0.01512146098275301 0.014647144745839983 0.955413
14 0.2045199245037423 0.6272914994301345 0.006501750211519688 0.015800924549806247 0.955404
23 0.5271395717539864 0.14144224663779348 0.011240324373576308 0.00957974524732163 0.955269
7 0.41156969215750083 0.5869388502393436 0.016535200780995768 0.015452199680875313 0.954988
4 0.6526432177025707 0.3271708010029633 0.011331927888057272 0.012761136083884203 0.954849
0 0.5581069912137976 0.11856050330521996 0.022019498861047836 0.010272048142238432 0.954845
14 0.20622436967133095 0.44376239762935943 0.00749029508623495 0.012211322543879645 0.954826
6 0.22240793491701918 0.6298567513106906 0.013324929124633907 0.009677138454524732 0.954787
4 0.5279236498535632 0.6990178326874857 0.011814320859095347 0.013282005926601323 0.954138
14 0.44172720859095344 0.581316070207431 0.007310770191994793 0.015766145429678594 0.953846
0 0.2957453953791084 0.3748828520629131 0.021787574357305564 0.009664860724868931 0.953253
8 0.5219792515457208 0.2349340068383861 0.014582286495281482 0.009996674538408936 0.953217
11 0.2734918060527172 0.3531698739001596 0.014427703481939473 0.0060890186459995445 0.953123
27 0.6306250017572405 0.16748165397766127 0.008593719232020828 0.015217032140414862 0.95282
6 0.5334900045558086 0.5601020907225894 0.01575203904978848 0.010157288716662868 0.952294
11 0.2778698808981451 0.417294938682471 0.014470639505369346 0.015451266013220881 0.952257
8 0.2888989573706476 0.4663630253020287 0.01492619121379759 0.010198101664007295 0.951541
8 0.4380544041653108 0.42024392796899934 0.015079907842499187 0.010052963027125598 0.951445
6 0.21778194077448745 0.44433652154091635 0.014008789847054996 0.010102855892409392 0.951152
19 0.4720884920273348 0.443460986368817 0.010449015294500489 0.010230663323455664 0.951041
4 0.3872604886430199 0.5359049730567587 0.010144331142206312 0.012382533850011397 0.950617
6 0.3390587959648552 0.1189396890813768 0.014774207354376831 0.009855072167768406 0.950457
4 0.3905148292873414 0.4892012363802143 0.010741586723071917 0.01176071119215865 0.949868
4 0.22111868792710707 0.28154829815363575 0.011110383338756915 0.012637425119671758 0.949148
12 0.24645210803774814 0.25658575974470027 0.01706344549300358 0.015278070663323455 0.947956
11 0.3805374937845753 0.23058428265329384 0.011283810218027986 0.015265466149988603 0.947639
2 0.4332572990562968 0.723150807385457 0.011273363618613733 0.010702095463870527 0.947275
6 0.23806400520663848 0.23623974105311146 0.014564792190042305 0.009843564713927512 0.947211
6 0.5600232007809958 0.1651476015500342 0.01516617975919297 0.00967153644859813 0.94557
5 0.5080325914741295 0.5368733731479371 0.013940628701594533 0.01026590927741053 0.94548
6 0.5698041835340059 0.21068093913836336 0.01563332769280833 0.009881833416913609 0.945322
2 0.2300596108037748 0.3749818208342831 0.010647883891962251 0.01021719516754046 0.945285
6 0.23974312528473804 0.5604441632094825 0.013691893003579564 0.009818565762480054 0.945275
2 0.44460327237227465 0.5605891151128334 0.011895227855515783 0.010206166218372465 0.945066
8 0.522523074520013 0.4894871720993845 0.016777371949235273 0.01066237957602006 0.944763
6 0.6614058652782298 0.5599669423296102 0.015280342596810935 0.009865389195349898 0.944431
5 0.42340750536934596 0.21007697287440164 0.013856756003904978 0.010307270754501939 0.943988
2 0.670306467946632 0.6749631693640301 0.011656788805727302 0.01040026405288352 0.9435
2 0.6418359023755288 0.5134267608844313 0.011178394533029613 0.010154452701162525 0.943463
21 0.5749068558411975 0.5622754356051971 0.01636157396680768 0.014481302028721221 0.943219
7 0.2778380579238529 0.4459924394802826 0.017046950862349496 0.01609899794848416 0.943056
6 0.2220275587373902 0.1901459694552086 0.014068953595834688 0.009905665283793025 0.942999
2 0.41976935632931983 0.42001914748119445 0.012039947412951514 0.009956340095737405 0.942989
2 0.2370366729580215 0.5831706842945065 0.010031334591604296 0.010397007886938684 0.941578
4 0.3532113556784901 0.11758271985411442 0.011644426163358283 0.012787862320492364 0.941292
7 0.39565420631304915 0.3998717665830864 0.015890260722421088 0.0155158057898336 0.940555
23 0.493477362837618 0.6302371041714155 0.012341415945330296 0.009833130977889218 0.940499
22 0.3269815606898796 0.4908695837702302 0.013862854018874065 0.010185275404604514 0.940488
13 0.2116032853888708 0.6270241203555961 0.006979644646924829 0.015921951219512193 0.940302
2 0.4056924386592906 0.676731652609984 0.011434544484217378 0.010587977934807386 0.940156
6 0.42955150536934594 0.5839443446546615 0.01591087068011715 0.009881308228857988 0.939892
19 0.6065027373901725 0.6297321066788237 0.010408928343638138 0.010597641395030772 0.939822
7 0.6478827673283436 0.37721947207658996 0.015179858639765701 0.01357272669250057 0.938622
4 0.4109357318581191 0.2087767239571461 0.010965847054995119 0.01226909322999772 0.937266
13 0.6329107243735763 0.5571311602461819 0.007157686690530426 0.01548301071347162 0.937246
0 0.6032494630654084 0.4662541363118304 0.02308481874389847 0.010086901846364257 0.937027
7 0.20816773706475758 0.42475377615682697 0.014132366287015946 0.014951637109642126 0.936912
6 0.6643584041653108 0.3742323191246866 0.014843751383013342 0.009653621700478687 0.936738
9 0.6810747959648552 0.374115844084796 0.01431610647575659 0.010771046820150445 0.936462
0 0.28718651480637813 0.6531684485981308 0.021646120403514484 0.010250923911556872 0.936189
2 0.5589667113569802 0.257419758377023 0.01173539655060202 0.010146306450877593 0.935737
6 0.2249287809957696 0.16712989468885342 0.014125101985030914 0.009862308092090268 0.935337
2 0.20735383534005858 0.6515555377250969 0.011017213667425968 0.010612229952131296 0.934769
5 0.40303913569801497 0.49046658946888533 0.013833513569801496 0.010446959106450878 0.934362
2 0.506255803189066 0.6299824463186688 0.011074178457533355 0.010276774834739 0.933825
9 0.5630223911487146 0.3500820715751083 0.014451878945655711 0.010938640164121266 0.933026
18 0.26361472124959323 0.6506747390015957 0.014299945069964204 0.014138062457260086 0.932749
2 0.6867009645297754 0.1177518304080237 0.011658504913765052 0.010669837246409847 0.932712
11 0.35592380605271723 0.5580286482790061 0.01469463325740319 0.015478225666742647 0.932255
13 0.5482776908558412 0.27815394939594257 0.007969355808656035 0.016361591976293596 0.931748
6 0.6049988935893263 0.23421905083200367 0.014823224731532704 0.00958303642580351 0.931523
5 0.46439399674585097 0.5139782083428311 0.013296388415229416 0.01027365871894233 0.931457
4 0.6452397943377807 0.23136284476863458 0.01397171858119102 0.015840488716662864 0.931184
13 0.22858509079075823 0.6726275997264646 0.006816614383338757 0.015105458855710052 0.930892
2 0.52134545785877 0.4661535336220652 0.011700124698991213 0.01043449464326419 0.93085
13 0.3124121366742597 0.18507201094141784 0.007672019264562317 0.015288341007522225 0.93057
5 0.6487698119101856 0.16473795486665146 0.014475521249593231 0.010124657032140416 0.929561
23 0.267656538887081 0.5367500239799408 0.010599982818093068 0.009873208661955778 0.929214
0 0.3064968955418158 0.1412701016640073 0.02205648682069639 0.009636418873945748 0.929129
5 0.27492483957045233 0.30459109915659904 0.012865512007809958 0.00990051844084796 0.928673
5 0.20877770517409697 0.23689891041714153 0.013189989716889035 0.010274043856849784 0.927872
2 0.5205517162382037 0.3281364467745612 0.011699658184184836 0.010346122999772054 0.92782
5 0.4551974904002603 0.44330752641896515 0.014454028246013667 0.010301808798723501 0.927688
0 0.23625276147087537 0.6069297250968771 0.021219592580540188 0.010278758878504672 0.927424
0 0.42537336544093723 0.5608805361294734 0.023198448421737714 0.010294514520173239 0.927321
6 0.5620162186788155 0.6762783569637566 0.015350503091441588 0.009882743742876681 0.927225
6 0.4389069599739668 0.6532392906314111 0.015578562186788155 0.010242042397994073 0.927103
6 0.47364165310771233 0.28100607066332345 0.015154866775138302 0.009665000775017096 0.927086
11 0.3477321392775789 0.4633897606564851 0.015149468532378784 0.015736268064736724 0.926677
1 0.5422479869834038 0.1674600629131525 0.014621557045232672 0.015679314337816275 0.926546
0 0.30755788350146435 0.4899179430134488 0.02173842369020501 0.010102190654205609 0.925623
0 0.2601799226814188 0.6297514802826533 0.020522486169866582 0.010132196398449965 0.925147
2 0.4114668922876668 0.2807910936858901 0.011253720013016597 0.010184365078641441 0.924068
5 0.5350391669378457 0.11819602279462046 0.01461715847705825 0.010531105903806702 0.923667
2 0.24487612105434428 0.39809744791429225 0.011099536869508623 0.010705503350809208 0.922855
1 0.4045299837292548 0.44580401367677225 0.01427706918320859 0.01518668794164577 0.922786
6 0.6385741808005206 0.3275126400729428 0.015018611129189717 0.010136701344882608 0.922774
5 0.3230085206638464 0.11827164987462957 0.014455777676537586 0.010488682379758377 0.922323
13 0.5615415398633258 0.5572547545019375 0.0071481564594858445 0.016040993845452475 0.921912
1 0.40416960104132765 0.4687585830863917 0.014621673673934268 0.014785210850239342 0.921232
1 0.5534360117149365 0.21317733302940506 0.013764835925805402 0.014476050148165033 0.921146
2 0.4942274520013017 0.5371150763619785 0.011567018027985683 0.009745447914292226 0.921062
5 0.4593559700618288 0.3526810988830636 0.013675848226488773 0.005111456940961933 0.92101
2 0.6485372209567198 0.5832675523136539 0.012663561080377481 0.010350767996352862 0.920848
4 0.3355421073869183 0.7212167148392978 0.011947577481288644 0.012798832915431957 0.920782
5 0.20768756003904978 0.1905693877364942 0.012899534266189392 0.010361283428310919 0.920611
8 0.3032941047835991 0.11841333394118987 0.01564575698014969 0.010847525871894232 0.920147
24 0.6625868141880898 0.607871562343287 0.012764594858444517 0.013282822885798951 0.919696
13 0.6903514428896843 0.20775564166856622 0.008330654864952816 0.01637419648962845 0.919567
6 0.39600325935567854 0.23379248142238432 0.01473023833387569 0.00975693202644176 0.918571
14 0.5471550562967784 0.41774368269888307 0.007177980084607875 0.014895383633462503 0.918236
1 0.6494844126260984 0.21333418919534988 0.01397000247315327 0.015467371780259859 0.917876
5 0.6785247927107061 0.21021317164349215 0.014811745135047186 0.01091784271711876 0.91769
0 0.5849812430849333 0.23471599544107588 0.02263096648226489 0.009984373467061774 0.917601
5 0.3895876144484217 0.3527675448370185 0.01416135684998373 0.005284348848871666 0.91695
14 0.36738424210868853 0.3949044212445863 0.007002420566221934 0.015330122635058126 0.916659
6 0.45432644061178 0.5840917474356052 0.01587528226488773 0.010049286710736266 0.916457
6 0.4391188909860072 0.16504536494187372 0.014485451350471853 0.00983958495555049 0.916354
23 0.3482901243084933 0.16421650148165032 0.01171753569801497 0.00892301509003875 0.916272
1 0.2089506488773186 0.7041802562115341 0.013933947543117473 0.007859030772737634 0.916229
5 0.44585419850309144 0.6303372400273535 0.014251110966482265 0.010383598085251881 0.915122
6 0.6300215981776766 0.14115619421016642 0.010449948324113244 0.009617885571005243 0.915008
1 0.5516845818418483 0.23717049099612492 0.01457298952164009 0.015452549806245726 0.914828
1 0.4794134409371949 0.37697041622976973 0.01482142531727953 0.015562372464098471 0.914664
4 0.39589429482590305 0.18574205753362205 0.0102839023755288 0.011986075222247549 0.914602
13 0.6703596173120729 0.3946222201960337 0.007490994858444518 0.01567639662639617 0.914449
13 0.22889965506020177 0.5576647513106907 0.007201089228766677 0.015783651698199223 0.913904
6 0.37003604555808656 0.631011698199225 0.015410500227790431 0.009922284568041942 0.913698
4 0.5201081939472828 0.7207205871894232 0.01194354546046209 0.014552144062001367 0.913367
1 0.5190758633257403 0.3066442343286985 0.014693233712984055 0.015680598130841123 0.913305
6 0.22494194337780668 0.6985387444723046 0.0143347837292548 0.009889827946204695 0.913183
9 0.38132498743898474 0.46570140506040575 0.012894019394728277 0.010712704262594028 0.912122
5 0.4218813355027661 0.39709375518577616 0.015002966221932965 0.010213915659904262 0.911884
5 0.684338233647901 0.698741700478687 0.014084198633257404 0.0107870475495783 0.911694
9 0.553572633908233 0.46586573056758607 0.01416963748779694 0.010656999316161387 0.910519
6 0.534751427269769 0.5835337643036242 0.015381159778717865 0.009942416776840666 0.910363
14 0.6248221073869183 0.5569571479370868 0.008047863586072243 0.015507402780943697 0.909911
9 0.4387746697038724 0.35056699521312973 0.014350761861373252 0.010903756006382494 0.909806
5 0.6439148922876667 0.5361047079097333 0.01368546176374878 0.010220603054479142 0.909625
5 0.6493104692482916 0.41934970777296554 0.013273145981125934 0.010319385092318214 0.908751
11 0.27864229612756264 0.5573586250284932 0.014075701399284088 0.015315183952587191 0.908599
14 0.6612652443865928 0.16213465602917712 0.008422408330621543 0.01620065101436061 0.908433
5 0.3856477136348845 0.6305221062229314 0.013205434689228768 0.010130037291999088 0.907704
5 0.5169628844777091 0.5608172801458856 0.014227801887406443 0.009820398085251881 0.907634
0 0.41423499121379764 0.7230988721221792 0.02254516108037748 0.010809373877364942 0.905904
5 0.6834068701594533 0.5363024820606337 0.013957389912137977 0.010437704125826305 0.905793
5 0.39977619785226165 0.5371772819694552 0.013750857142857141 0.01044785776156827 0.905648
5 0.6565217884803124 0.30403638386140874 0.015257450048812236 0.01049519471164805 0.905173
18 0.5829004204360559 0.5337674693412355 0.015138738691832085 0.01562691224071119 0.905107
6 0.4935691662870159 0.6532257524504217 0.015013729384965832 0.009737301664007294 0.904581
18 0.5240234194598112 0.5350788289035788 0.014791335112268144 0.014359458399817643 0.903815
5 0.561379759192971 0.2805735491224071 0.014446847250244062 0.010854329974925917 0.902618
5 0.2792352697689554 0.6302269505356736 0.01335698535632932 0.009924548712103944 0.902574
11 0.5110240676863 0.4404217697743333 0.01446487471526196 0.015111294278550264 0.902477
9 0.502547410348194 0.30325840528835196 0.005407639700618289 0.011053002780943698 0.902425
2 0.6693884334526521 0.3273138855710052 0.01193031643345265 0.01063376266241167 0.902359
13 0.6032288031239831 0.3478427864144062 0.0072496400911161735 0.015441345794392524 0.902046
6 0.34381391474129513 0.2572498308639161 0.015000983534005858 0.009908804741281058 0.901777
14 0.4015371246339083 0.3529174801914748 0.007257920728929385 0.005584207886938683 0.899558
5 0.5834487419459811 0.3503846966036015 0.013913337585421412 0.010335607567813996 0.899344
0 0.38761488994467946 0.5846560328242535 0.022504341034819395 0.010584149897424207 0.89932
11 0.30055599609502115 0.6735664025529975 0.01512797552879922 0.015356498746295874 0.899195
22 0.2082205532053368 0.5359765620241623 0.01249195027660267 0.009984700250740825 0.898751
18 0.34702037097299054 0.39534091087303397 0.014395480637813212 0.013628863460223389 0.898544
11 0.4816102258379434 0.7205897570093458 0.01438216830458835 0.015217032140414862 0.898193
13 0.5767414253172795 0.18495571096421246 0.0076363475431174745 0.01614999954410759 0.897771
9 0.6827890712658639 0.396894767266925 0.014003791474129515 0.010600874219284248 0.897184
22 0.5689039765701269 0.44316000692956464 0.013990062609827532 0.010217591976293594 0.89709
5 0.25869595574357307 0.3533171249601094 0.01317822687927107 0.006383520765899248 0.896485
5 0.24022563488447768 0.3059184244358331 0.014239997917344614 0.010568289218144518 0.89621
2 0.6078897858769932 0.5600352167768406 0.013229760104132769 0.010620271164805106 0.896196
5 0.5364678685323788 0.28098751401869154 0.015760736218678816 0.01068324704809665 0.896038
5 0.6816249502115197 0.30392632778664236 0.014410742336479012 0.011081304581718713 0.89595
9 0.5162022320859095 0.5136492072031001 0.014674173250894892 0.01053165443355368 0.89572
22 0.5760658119101855 0.16456464280829722 0.013973651285388872 0.010165061499886028 0.895282
0 0.41771535828180933 0.18741790927741053 0.022578483566547347 0.010291970275814907 0.895185
5 0.5160770228441263 0.3527204413038523 0.01335428623494956 0.005190153453385001 0.894908
8 0.2948856752359258 0.2582430198313198 0.01526361470875366 0.010363722635058126 0.894609
4 0.28753506801171497 0.39617105812628217 0.010206610868857793 0.01280198404376567 0.893911
4 0.36610016010413277 0.7225688990198313 0.011516517800195249 0.013762377934807385 0.893847
14 0.4015171311422063 0.34811413357647597 0.007231212756264237 0.015372721221791657 0.89353
19 0.4527847757891311 0.4199400191474812 0.010117589847054995 0.009783786642352405 0.893382
14 0.2360826501789782 0.16402731707317073 0.007227863846404165 0.015561788921814453 0.893083
14 0.42686937845753337 0.16174531661727834 0.007680999674585096 0.015280054707089128 0.892291
8 0.39321183468922877 0.5136187462958742 0.015596772925479988 0.01037856795076362 0.891727
27 0.49902005857468273 0.3553413397766127 0.007829934526521315 0.010431950398905859 0.891618
27 0.6619390250569476 0.2133958112605425 0.008772894240156199 0.015212247093685889 0.891541
5 0.4559039271070615 0.1646748155915204 0.014703263781321184 0.010318042945064965 0.891429
13 0.29019520208265537 0.41765871894232964 0.007862190693133746 0.016031307043537727 0.891409
4 0.4208973224861699 0.11708519170275815 0.011815403839895868 0.012860805105994985 0.890828
19 0.25214382193296453 0.4434828808753134 0.004448985095997397 0.011371826943241395 0.889093
5 0.3355396082004556 0.21018866286756327 0.014041479205987634 0.01007498591292455 0.888503
14 0.5828109495606899 0.6503761987690906 0.006985542726976896 0.015316701162525643 0.888169
13 0.2538027319232021 0.3025033015728288 0.007641545850959974 0.0160418108046501 0.887082
5 0.2552100904653433 0.606660945520857 0.012961547412951514 0.010243419557784362 0.886889
5 0.37518070419785227 0.6534534506496467 0.013840811194272698 0.010172519170275814 0.886862
8 0.5365533407094045 0.5134058700706634 0.016029731988285063 0.010583566355140185 0.886553
5 0.5379365571103156 0.7233111648051059 0.014660444386592905 0.010503597720537952 0.886103
6 0.2952612196550602 0.32771197811716435 0.014268338691832087 0.00963924321860041 0.885416
0 0.211081122030589 0.6068438276726693 0.0218542193296453 0.010483302119899703 0.885285
14 0.5688736531077123 0.18514344818782769 0.007176513895216402 0.015257529974925917 0.884586
5 0.2590246820696388 0.3976965543651698 0.013088772665148064 0.009778791520401184 0.884309
18 0.4219468141880898 0.4430763386368817 0.01490669755938822 0.010839251242306816 0.883773
2 0.3610343091441588 0.16311430681559153 0.011635012561015295 0.01031906997948484 0.883589
5 0.5471852131467622 0.3528005966719854 0.013925933485193621 0.005350452518805562 0.882775
4 0.45667234363813863 0.5596814734442671 0.009932000260331924 0.011810662411670845 0.882331
5 0.5424250959973966 0.7024141188055619 0.014258092027334851 0.00428519607932528 0.882239
1 0.6119814539537911 0.1440753061317529 0.01453343573055646 0.015277136995669021 0.881573
5 0.513408091636837 0.37385686801914747 0.013990612430849333 0.010127621426943241 0.88148
13 0.42811230719166943 0.254725076817871 0.007418051936218679 0.016198316845224527 0.880172
22 0.586522074845428 0.21046911328926374 0.013769101204035145 0.009798293503533166 0.879739
5 0.3157755418158152 0.37343204923638024 0.013883563944028636 0.010759060861636655 0.879098
0 0.610308498535633 0.7025640074766355 0.022510505694760822 0.0046265333029405055 0.875708
0 0.3664417155873739 0.352999129427855 0.023291084933289945 0.005747506359699111 0.874328
18 0.3000481614057924 0.18560933667654433 0.014546381516433452 0.014081225438796443 0.87419
6 0.33977706215424663 0.5606223770230225 0.014845917344614384 0.009859833872806019 0.873697
5 0.47208499316628705 0.187113650330522 0.014354244061178 0.010047209300205152 0.873052
4 0.548461464367068 0.5597491643492136 0.012034182622844126 0.011386637246409847 0.872561
13 0.5549621815815164 0.30206844586277637 0.007346541880898144 0.015833369500797813 0.870972
5 0.4008448499837292 0.32686350763619787 0.013723982557761145 0.010506760519717346 0.87057
1 0.38126090829808 0.7257174597674948 0.012765861112918971 0.0157773494415318 0.870426
1 0.5264632918971689 0.2606410284932756 0.014654696257728604 0.015287757465238203 0.869928
18 0.5081015856817442 0.39525232915431957 0.014785337064757565 0.013949928424891725 0.86972
13 0.4617218665798894 0.2789162890357875 0.007566470289619264 0.015323236836106677 0.86863
5 0.5572439388219981 0.18736527376339185 0.014799915652456882 0.010212841942101664 0.866944
11 0.29826507517084283 0.720054415317985 0.01418578223234624 0.01541426943241395 0.866708
0 0.3053259433778067 0.5372026077045817 0.022570152945004883 0.010198475131069067 0.866475
2 0.4712900852587048 0.5836317994073399 0.01135913569801497 0.01042169172555277 0.866278
4 0.6517670029287341 0.6509747964440392 0.010585454214123007 0.012335733758832915 0.866209
13 0.5098576473804101 0.720580653749715 0.007436012756264237 0.016406057898335994 0.865278
0 0.5877943273673935 0.14171207658992477 0.02356466254474455 0.01023634702530203 0.864906
2 0.6144808070289619 0.3031404130385229 0.011507254149040027 0.009684281012081148 0.864901
2 0.26428546957370647 0.6758419840437656 0.010749967328343638 0.010553525598358787 0.864811
13 0.4982088226488773 0.25498463642580355 0.0065663791734461435 0.015316000911784818 0.864667
21 0.5938826788154897 0.49213376977433326 0.021025155873739015 0.015520240711192157 0.86451
9 0.4155740553205337 0.5369415308867107 0.014267255711031565 0.01105418153635742 0.864442
8 0.37989123748779696 0.3029847239571461 0.009998112072892938 0.01051327285160702 0.864349
4 0.34573512268141876 0.6987705274675177 0.0104496650829808 0.01282089081376795 0.864307
5 0.4219043280182232 0.3528113455208571 0.01391518698340384 0.005371961887394574 0.864277
6 0.20790232346241458 0.28281913653977664 0.014109357110315652 0.0102355884203328 0.862531
5 0.5366721353726001 0.6304904782311375 0.01359549105109014 0.010313036152268064 0.861547
0 0.4164742622844126 0.3039257442443583 0.022166451025056946 0.010369406336904492 0.860155
13 0.6611404516758868 0.6964663524048325 0.007696977806703547 0.015953579211306135 0.860123
4 0.4680787972665148 0.2331357629359471 0.011294106866254476 0.012324296330066105 0.859436
4 0.38867106280507646 0.6528099202188283 0.011843161470875366 0.012372963756553453 0.859287
22 0.5892221958997722 0.18763813813540003 0.013556753660917669 0.010132651561431501 0.859261
6 0.24745044972339736 0.1665447184864372 0.014270504653433127 0.010021731844084796 0.85915
0 0.39325248812235597 0.21010579986323227 0.022785749430523916 0.009905338500113974 0.857488
5 0.24859441067360888 0.6523531233188967 0.013428645362837619 0.010285597994073399 0.856884
5 0.6158570257077775 0.3526565901071347 0.013326078750406768 0.005004120173239116 0.85677
6 0.5434607588675562 0.25782543697287436 0.01546138366417182 0.009894041121495327 0.856369
5 0.6376970329970713 0.6520488643720082 0.014893002017572404 0.010473591976293595 0.855736
13 0.2267588519362187 0.2341894068839754 0.007181445623169541 0.015075464782311376 0.855625
5 0.20791998438008463 0.26033455208570777 0.013185224601366743 0.010570378299521314 0.855095
4 0.2856670094370322 0.5352451501253704 0.010628156980149692 0.012766971506724413 0.855015
5 0.28043704523267166 0.3273924303624345 0.013722149821021802 0.010358167312514247 0.854385
5 0.39252955678490076 0.30338118258491 0.014147677969410999 0.010562313745156144 0.854098
22 0.43790778522616336 0.46666973512651017 0.014071102896192646 0.010099949851834968 0.853372
1 0.6451916433452652 0.5625841294734443 0.014266056101529449 0.014782526555732846 0.85314
4 0.6593716941099902 0.44285250348757693 0.010633905109013993 0.010260167221335765 0.852452
0 0.6182879010738692 0.652609881923866 0.021953686950862347 0.009779783542284022 0.851809
5 0.46565808525870483 0.7232462749031229 0.014767442889684347 0.010723546478231137 0.850868
22 0.5401986540839571 0.14161427490312284 0.014131050048812235 0.010401197720537953 0.850401
5 0.3524549352424341 0.7228012655573285 0.014104308753660918 0.010775388374743561 0.848871
1 0.35272301464367073 0.6332433973102347 0.014382484868206964 0.0149983204923638 0.848593
23 0.4033905213146762 0.3742793526327787 0.011068780214773836 0.009550346387052655 0.848192
2 0.6306571246339082 0.6996489920218828 0.011721001236576637 0.010196479416457717 0.847298
5 0.5422694799869834 0.6992347937086848 0.014252460527172144 0.010574906587645316 0.846848
5 0.5779980162707452 0.11811035878732618 0.014066554376830458 0.010672521540916344 0.846522
14 0.5953706944354051 0.3475731898791885 0.006866781386267491 0.015106859357191704 0.846172
2 0.33372203319232024 0.6299580542511967 0.011565535177351123 0.010341267927969 0.845032
22 0.24072830458835018 0.6984921777980396 0.012985772860397005 0.009893399224982904 0.844568
9 0.4406212352749756 0.25695922680647365 0.01465737871786528 0.010468468475039891 0.844424
13 0.6621871109664823 0.13822471119215865 0.007276664627399935 0.015619793024846137 0.844259
9 0.5404235808656036 0.4894215819466605 0.014089913439635535 0.010594035103715522 0.844183
5 0.5735153088187439 0.3745916644631867 0.014721907712333225 0.009932414862092545 0.84401
4 0.6199037084282459 0.2330525498062457 0.011597591409046534 0.012329314793708685 0.843691
5 0.37945964464692483 0.39702676453157054 0.013632229092092418 0.010153787462958742 0.8428
7 0.6175264822648877 0.2602782986095281 0.015952640416531078 0.015054690677000227 0.841335
14 0.21936759127888059 0.23464993845452475 0.007205737715587374 0.015015476635514018 0.840731
5 0.5993937181906931 0.2574161404148621 0.013396072632606575 0.010321019010713472 0.839892
5 0.38230446859746176 0.18658528780487807 0.01473448695086235 0.01026558249373148 0.839696
2 0.6318222953465669 0.23407374880328238 0.011253620045558086 0.010204940779576021 0.838808
13 0.4103021047835991 0.11574339457488034 0.007723585811910185 0.015984506952359243 0.837374
2 0.28416216596160104 0.2813241012081149 0.010788554767328344 0.01011451506724413 0.836818
24 0.5467363592580541 0.6087944928196944 0.012966928994467948 0.013545300205151585 0.835325
1 0.4860269547673284 0.35556214050604057 0.013755089098600716 0.010873551857761569 0.835016
5 0.2621156092417833 0.44328358951447455 0.013512068206963879 0.010505103259630727 0.834919
0 0.24613804360559713 0.6755428602689766 0.021795071916693786 0.010300338272167768 0.833966
5 0.35858027465017894 0.1407059329838158 0.013473464106736088 0.01017656895372692 0.833784
22 0.2517098965180605 0.49017715249601096 0.013678863911487147 0.01014321367677228 0.833411
13 0.6675140436055972 0.23197778162753588 0.007555857077774162 0.016026288579895145 0.833129
5 0.24665970712658639 0.3285906760884431 0.01307146163358282 0.01017261253704126 0.832674
13 0.2907656830458835 0.44110194666058805 0.007161102245362838 0.01618559562343287 0.829387
5 0.4363362967783924 0.30350629405060403 0.014436867165636186 0.010111807431046274 0.827506
8 0.6121543976570127 0.5827415472988375 0.01547512918971689 0.010223625803510371 0.826292
13 0.37832116524568826 0.13857682060633691 0.006670711877643996 0.016008782311374516 0.822297
14 0.27010174292222583 0.5805295719170275 0.013027242694435406 0.0151959079097333 0.820145
5 0.541665010087862 0.39745018281285616 0.013083274454930037 0.00984483683610668 0.818768
2 0.32858420566221935 0.42015849737861866 0.010755165636186137 0.00981062958741737 0.817558
2 0.389311454344289 0.11758972236152267 0.011964155418158153 0.01037019995441076 0.817338
4 0.4375135802147738 0.6991576494187371 0.010560495671981777 0.011705974925917484 0.817284
4 0.35242277904328023 0.4188555641668566 0.009951960429547673 0.012234080692956463 0.816128
5 0.5813955769606248 0.32721258263049924 0.014348046078750409 0.010358003920674722 0.814446
5 0.35801645818418487 0.7026665942101664 0.013831947412951514 0.00483171844084796 0.812487
5 0.4545472020826554 0.23372350672441303 0.014651647250244062 0.010394276909049465 0.812446
11 0.27324038789456556 0.3485437374059722 0.014861695541815816 0.015413802598586733 0.811116
2 0.3080983742271396 0.5840328096649191 0.0104536471200781 0.010306115340779576 0.810888
4 0.36147883110966483 0.652612216093002 0.011950593166287016 0.01138783934351493 0.810807
9 0.24260269443540516 0.3753737278322316 0.013266081614057923 0.010580520264417597 0.809775
23 0.602253453953791 0.5131354565762479 0.010953184510250569 0.009577842899475723 0.809174
6 0.4965651910185487 0.3743115641668566 0.015670965440937195 0.010097662366081605 0.808741
4 0.2973312124959323 0.5834584873489856 0.010542751448096323 0.01168858536585366 0.802446
18 0.22759791213797595 0.3499925561887394 0.013946326846729579 0.014011433781627535 0.801137
16 0.26114434207614706 0.42042914428994754 0.015403452521965505 0.009990022156371096 0.80026
1 0.47642941230068336 0.6560827754729884 0.01447517136348845 0.01489106542056075 0.799248
0 0.38860390133420114 0.6079869870070663 0.02203099511877644 0.009849353453385001 0.79899
22 0.5669184562316953 0.4196243227718259 0.01355577064757566 0.010032083884203328 0.798202
2 0.31009389131142207 0.25740306906770005 0.011313150667100553 0.01057559516754046 0.79808
6 0.47891493654409373 0.5374711538636882 0.015343671981776764 0.00994612810576704 0.796873
5 0.6239237331597787 0.48922901299293364 0.013137906671005532 0.010173172737633919 0.795763
5 0.6276155147412952 0.48916902484613634 0.005637798112593557 0.010273845452473215 0.792195
13 0.35868174162056626 0.39433103259630725 0.006250298730881875 0.015494098016868017 0.789464
2 0.3531640377481288 0.20955680328242535 0.01185735684998373 0.010619209117848189 0.785598
7 0.3267136479010739 0.2604667827672669 0.015169412040351448 0.014700130385229087 0.785377
1 0.2810586762121705 0.14462932117620242 0.014142396355353075 0.015105925689537269 0.78522
14 0.3273419433778067 0.558124115796672 0.0071742812886430194 0.015834303168452243 0.78522
5 0.37743317097299056 0.4432251886026898 0.0051104031239830785 0.010434576339183953 0.783386
0 0.5182684594858444 0.16497043811260542 0.023064325414904004 0.010351689993161614 0.7831
13 0.4094237240481614 0.348109932072031 0.007825269378457534 0.015557120583542285 0.780877
14 0.5798374175073219 0.2544921267380898 0.0076408960624796615 0.015738135400045587 0.778723
9 0.23279971884152295 0.4437635880556189 0.013219080247315327 0.010889505903806702 0.77814
8 0.5919476420436056 0.5596030453612948 0.015006448421737715 0.010076211351720994 0.777851
22 0.565804152294175 0.5368082848415774 0.014103658965180605 0.009984688579895144 0.774656
2 0.3106808669053043 0.32716975062685205 0.01102806013667426 0.010126897834511055 0.76919
13 0.6054145916042954 0.1622430781855482 0.006981110836316303 0.015616992021882834 0.766848
18 0.4548622661893915 0.46442461454296785 0.015004149170191996 0.013999996352860724 0.763509
2 0.3279092587048487 0.3038524513334853 0.011357169671330946 0.010286379940733987 0.761134
13 0.6698504497233974 0.16194663870526557 0.007349407614708753 0.016653596535217686 0.760974
4 0.31996551122681416 0.27979918851151125 0.01103539108363163 0.012220775928880784 0.759875
13 0.3074959036771884 0.2082307617962161 0.007567270029287341 0.015894057898335992 0.752616
13 0.5551532860397006 0.41723448370184635 0.008102762382037098 0.015854026897652154 0.749787
0 0.45795026098275304 0.49028884248917254 0.023116141880898146 0.010454183359927056 0.745281
22 0.505970762642369 0.328214057898336 0.012266940188740643 0.010015534625028492 0.742797
5 0.4960526911812561 0.23413677136995667 0.013781497168890334 0.01026666788237976 0.742326
2 0.4007303872437358 0.6537336676544335 0.011498640286365115 0.009904089719626169 0.741103
5 0.5956824262935242 0.6528012837930248 0.015108198633257403 0.010452561112377478 0.741042
13 0.3262223078424992 0.7200093658536585 0.007038425512528474 0.016813136995669022 0.740746
27 0.30256417572404815 0.30623820560747667 0.007673985291246339 0.014872041942101663 0.740285
14 0.6547756902050114 0.13899183587873262 0.006760349365440938 0.015879936175062684 0.738519
1 0.2906075678490075 0.30710068110325967 0.013614618158151645 0.014875893321176201 0.736961
14 0.3182290764725024 0.7198008078413495 0.007946030068337129 0.016633172555276955 0.73437
2 0.39988016400911164 0.7001437191702757 0.011004234559062806 0.010436618737178025 0.732214
1 0.2690090986007159 0.19121536904490538 0.014287832346241458 0.01517746797355824 0.727652
14 0.6758418327367394 0.23222987189423297 0.006978961535958347 0.015670911328926375 0.7273
27 0.5648204725024406 0.23718928105767037 0.009111384054669705 0.01511292819694552 0.725803
0 0.28109716368369675 0.6762686701618419 0.02158897233973316 0.010106613904718486 0.7117
2 0.4967351356980149 0.44343859001595626 0.011437710120403516 0.010552020059266013 0.710665
13 0.407576325414904 0.41727007978117164 0.007073280833062154 0.01579613950307727 0.706259
7 0.3729879179954442 0.12023865420560748 0.015818617377155873 0.01406301891953499 0.706046
13 0.2666553647901074 0.5577417788921815 0.007153871265863977 0.015674645999544108 0.705415
18 0.5905116095021152 0.37203913380442216 0.014377703091441589 0.013588365625712332 0.705377
4 0.5275431070615034 0.7029446404376568 0.01152611467621217 0.005387810895828585 0.705224
5 0.6827765753335502 0.32754835286072487 0.013540009111617313 0.011055663733758834 0.702514
5 0.44697316758867556 0.14152756051971735 0.01370623833387569 0.010434226213813541 0.701822
5 0.27923543638138626 0.25840291041714153 0.014421822063130491 0.010303629450649646 0.701464
0 0.5299871448096323 0.21096010576703897 0.023378056622193295 0.01018626742648735 0.696443
11 0.6178402134721771 0.16184486893093228 0.014723123983078425 0.015041269204467744 0.688969
2 0.4083289137650504 0.5136752331889674 0.012760662805076473 0.010730945794392524 0.688507
14 0.5881750367718842 0.2552673043081833 0.007205987634233647 0.01528262229313882 0.687231
27 0.29062506215424666 0.5634705302028722 0.008407246599414253 0.014950119899703669 0.685311
19 0.4109244022128214 0.14126625028493275 0.010159859420761471 0.009796951356279919 0.683298
0 0.2896510458835015 0.21145109824481423 0.022182279205987636 0.010335397492591748 0.682051
6 0.5918320130165962 0.7027259754729883 0.014295179954441914 0.0049504809664919075 0.678124
4 0.46650680898145136 0.6071126072486893 0.01065216583143508 0.01169698837474356 0.677457
23 0.4590857246989912 0.32791026578527466 0.011091989326391148 0.009735866149988604 0.675116
13 0.5718018665798894 0.255650108046501 0.007439394988610478 0.01545908547982676 0.674158
1 0.5841306866254474 0.42257611306131754 0.013911421542466646 0.015119697287440163 0.673943
23 0.34693223299707127 0.28080988374743565 0.010782939928408721 0.009547813813540003 0.667879
4 0.4787939759192971 0.11582088899019832 0.01315201874389847 0.015894291315249602 0.666766
5 0.48461658054018875 0.6072834684294507 0.014298079010738691 0.010561473444267154 0.666143
14 0.43420715652456887 0.6046365206291315 0.007745478685323788 0.01575622521085024 0.664573
7 0.4160898874064432 0.26517692600866194 0.019459998698340385 0.005122579256895373 0.664556
19 0.590541766352099 0.5131708192386597 0.010234718385942075 0.010002393252792341 0.662989
9 0.6319547855515782 0.6061441604741281 0.014212673478685324 0.010998184818782767 0.661414
6 0.3847733982427595 0.7026439177570093 0.013601155873739017 0.00478635386368817 0.660621
8 0.5393212730231045 0.46568728333713244 0.010143997917344615 0.0105917826304992 0.6602
22 0.4151846820696388 0.16440311830408025 0.01464843163032867 0.009976017141554593 0.647903
0 0.6881166703547023 0.18946497560975611 0.015783612105434427 0.015243875085479829 0.646584
5 0.5186874897494306 0.5839770230225667 0.014449496387894566 0.01006720145885571 0.643511
13 0.5355225095997397 0.34804807658992476 0.007518702505694761 0.0159081796216093 0.641101
6 0.3640471617312073 0.4661843446546615 0.016058206052717214 0.010269177114201049 0.636655
22 0.3156635782622844 0.560777132436745 0.013899125545069963 0.009866684659220424 0.630353
2 0.35908461047835993 0.28041914383405514 0.011101269638789458 0.010186991018919534 0.630335
2 0.37794878646273994 0.20973595076361978 0.006138185226163359 0.010763297378618645 0.627191
2 0.507745101724699 0.4900952231593344 0.010924477188415228 0.009998576886254842 0.626822
9 0.5527039166937846 0.37369055846820154 0.014862495281483893 0.010796839389104172 0.623862
2 0.49640274389847056 0.5835650421700478 0.012162574162056622 0.010348282106222932 0.612886
14 0.4430994285714286 0.6050367139275131 0.006519910966482264 0.015407617050376111 0.61032
6 0.26421127705824926 0.2587210576703898 0.014023435079726653 0.009727416457715979 0.608761
1 0.5262600247315327 0.26545192614542973 0.014969527107061505 0.005681262639617051 0.607506
5 0.4692550810283111 0.5605698582174606 0.013931664952814839 0.010422672076589925 0.605347
2 0.6499735867230719 0.6060198659676317 0.011883431695411652 0.010289017551857762 0.60159
14 0.21868181451350469 0.26442475167540463 0.006855701659616011 0.003661459402780944 0.599923
4 0.45043820631304915 0.3034624116708457 0.01061197891311422 0.011528998222019603 0.599014
5 0.25265180657338104 0.6523752979256896 0.00545222518711357 0.010231608661955778 0.597984
27 0.6869317227465017 0.14309623888762252 0.008914564790107387 0.015117479826760885 0.595924
18 0.670503237227465 0.1157676699338956 0.015427528018223235 0.013824350125370413 0.594457
23 0.4842631955743573 0.5839134169136084 0.011010049332899447 0.009818273991338045 0.593757
5 0.20761891571753985 0.2640478300433098 0.014159107582167263 0.00290169901983132 0.592307
4 0.2520266600715913 0.5828274447230454 0.004190052717214449 0.013153860041030318 0.590247
8 0.5700227790432802 0.5136427882379758 0.015247036771884152 0.010243221153407795 0.588455
9 0.3317358464041653 0.37376933667654433 0.014172436576635208 0.010796454251196718 0.585308
14 0.5027256356654735 0.7204092090266697 0.00577668623494956 0.015841072258946886 0.583092
0 0.24978352359258052 0.21463910645087758 0.02123142206313049 0.014645277410531113 0.581653
7 0.3281994975593882 0.26520093293822655 0.01762309664822649 0.00521379858673353 0.579782
2 0.6632201080377481 0.6527810932299978 0.012337900423039377 0.010817928607248688 0.578057
5 0.368216471200781 0.6766555586961477 0.01388877891311422 0.010429021016640073 0.5774
13 0.22397209241783272 0.5110998276726693 0.006915565506020176 0.015635548666514704 0.565505
7 0.31901132183534003 0.21317126418965124 0.014934305239179956 0.014769688625484386 0.562855
0 0.2553129903026359 0.4664897706861181 0.010788704718516107 0.010538435194894006 0.561487
22 0.2560749589326391 0.5135895691816731 0.012312608656036447 0.010246173877364942 0.559339
2 0.6299629339407745 0.7024802574880329 0.013323412951513179 0.004459033325735127 0.554002
14 0.5951840885128539 0.352589202644176 0.007335545460462089 0.004927664463186689 0.548723
4 0.5562924152294175 0.44293081486209257 0.010461911096648227 0.010537898335992706 0.545432
13 0.6778650074845428 0.41768451151128333 0.006649235535307517 0.01609934807385457 0.544209
2 0.6642649345916043 0.3526837831775701 0.011048886690530425 0.005116825529974926 0.540021
8 0.2534973813211845 0.6755872094825621 0.0071574534331272375 0.01048514611351721 0.537581
14 0.6034319036771885 0.35279102657852746 0.006487204946306541 0.005331312331889674 0.537338
2 0.4538735880247315 0.6074294707089126 0.011794044126260983 0.010312545976749486 0.535366
7 0.3778072492027335 0.12033879006154548 0.005848196290270095 0.01474552997492592 0.534539
8 0.5021574539537911 0.3742647640756781 0.004625111096648226 0.010086003191246865 0.534456
2 0.22893197787178654 0.26354791520401183 0.012109224861698666 0.0019077747891497606 0.532949
22 0.24072963748779694 0.7018384310006838 0.013230626488773186 0.003175392021882836 0.531971
2 0.4859038281809307 0.6761979448370184 0.012256810152945006 0.009979670116252564 0.525175
14 0.36372859876342334 0.20770627399133804 0.007485529970712658 0.015491063596991109 0.520866
8 0.34399485584119754 0.3270707818554821 0.014872358737390172 0.010055028766811032 0.517769
5 0.2316037748128864 0.21247941645771598 0.01459703169541165 0.010475517665830865 0.515324
27 0.39316085128538886 0.7259783031684522 0.00905000403514481 0.015354281285616595 0.514947
8 0.2522624 0.1663581016640073 0.004687490790758217 0.010150811397310236 0.514289
7 0.6277635332248617 0.6776220214269433 0.005921022583794337 0.015487562343286982 0.51423
13 0.36747521249593235 0.5583259047184864 0.006460113765050439 0.01610074857533622 0.513845
2 0.48395146371623815 0.3036973457943925 0.012042979759192971 0.010492487075450193 0.507744
14 0.2473173263911487 0.3490517693184409 0.006381056166612431 0.015301062229313881 0.502956
18 0.5447306788154898 0.6749648032824254 0.014975575138301334 0.01386379758377023 0.502557
5 0.2516255406443215 0.18926598769090494 0.0033880137975919296 0.00952205625712332 0.502215
4 0.6134849645297754 0.32741390471848647 0.012785188154897495 0.00982953635741965 0.500666
