8 0.16708576479873719 0.3256710419651996 0.014885581689029204 0.01006184810644831 0.962823
2 0.29136315706393057 0.5279002988741044 0.012389106866614048 0.008987224564994883 0.951132
0 0.2547553591160221 0.4881747062436029 0.021882241515390685 0.009877800614124872 0.938669
2 0.683692956590371 0.17343148413510745 0.012081219889502762 0.009424101535312179 0.936015
0 0.5111190528808208 0.6057238010235415 0.021978377900552487 0.009705911156601842 0.933402
0 0.393470181531176 0.46512448720573185 0.023099484135753752 0.010289575435005117 0.915039
5 0.6288428855564325 0.21554948454452405 0.014278011049723758 0.009776317707267144 0.911977
2 0.6903259226519337 0.5210755537359263 0.012218655722178375 0.00956284462640737 0.911969
9 0.245947908445146 0.2622178915046059 0.014473274191002368 0.010105449334698055 0.90342
3 0.21487633780584056 0.3019840982599795 0.020159141278610893 0.016408499488229273 0.899937
5 0.17002723914759274 0.4499122702149437 0.014128007576953434 0.009514710337768678 0.89916
1 0.170367090765588 0.5129239058341863 0.016014567955801105 0.012852405322415559 0.897676
6 0.46962603946329917 0.6059178579324462 0.014785283030781372 0.009485022722620267 0.896544
3 0.47456863772691393 0.1942012855680655 0.020499801104972376 0.016473403480040942 0.896514
7 0.39804706550907654 0.4871952507676561 0.015594622888713498 0.014083327737973389 0.896468
8 0.6651069928966061 0.6034047606960082 0.014842948697711128 0.00953014370522006 0.89629
8 0.21276570165745856 0.26427034595701127 0.014613457932123127 0.00976313776867963 0.884297
2 0.6945863930544594 0.5417169621289663 0.012531311128650354 0.009744822108495393 0.879476
11 0.2094573007103394 0.44545074309109517 0.014578381689029201 0.016091892732855682 0.878645
5 0.5332482020520916 0.23728081883316274 0.013749806471981057 0.010120489662231322 0.877889
23 0.4807663835832676 0.4631501166837257 0.011818228887134965 0.01007707185261003 0.869558
1 0.41238144909234414 0.3839423541453429 0.014610427150749804 0.013002861003070625 0.866365
0 0.21804815153906865 0.40721872835209827 0.022004442620363062 0.009994114227226202 0.866358
8 0.49080837253354376 0.6260075168884339 0.014444097868981846 0.009734105220061413 0.866308
2 0.6889572217837412 0.418576140839304 0.012363486661404893 0.00936108413510747 0.859435
0 0.5155666235201263 0.21759457604913 0.02235407355958958 0.01018599631525077 0.854283
2 0.68038172691397 0.6038288507676561 0.012078189108129439 0.009882752917093143 0.850216
23 0.3374592404104183 0.6080820667349028 0.011510705603788477 0.009617765404298874 0.849735
9 0.5153674001578532 0.7089038280450359 0.014566581846882398 0.010728889252814738 0.847877
0 0.6223852198895027 0.15367651177072672 0.021820534806629835 0.010330818423746162 0.842421
5 0.6155464839779006 0.17404646059365406 0.013813735753749013 0.009382989559877175 0.842247
23 0.41963107813733225 0.15650115864892528 0.01307091144435675 0.00958645322415558 0.84142
7 0.6723218689818469 0.4217593449334698 0.015853572849250198 0.014073370726714432 0.84075
1 0.17630944277821625 0.6979183623336745 0.01448252817679558 0.01363617932446264 0.837159
2 0.18730269297553276 0.18286365609007166 0.011837383425414365 0.009673341248720574 0.835569
23 0.3321557367008682 0.20017051381780965 0.012883932438831886 0.009618106038894575 0.833632
0 0.25296396527229675 0.6317089539406346 0.022187663456985002 0.009567351484135107 0.832448
7 0.3953060268350434 0.180325142272262 0.016621007103393842 0.013612151484135108 0.822686
1 0.17689175690607736 0.6765212691914022 0.015325893606945539 0.01379816417604913 0.822265
23 0.5556254711917916 0.1548220921187308 0.012763186108918705 0.009469379733879221 0.813759
9 0.5315832928176796 0.1756728597748209 0.014525646093133386 0.009932171136131013 0.812446
8 0.48622946803472766 0.23856920368474924 0.015011136858721389 0.009931778096212896 0.806586
8 0.19746833780584058 0.6328815230296827 0.013176625098658247 0.01012876970317298 0.796922
8 0.419957998421468 0.1982406878198567 0.01437224814522494 0.009509548413510748 0.794783
23 0.4780867687450671 0.6888750378710338 0.013571919810576165 0.010137521392016376 0.794465
2 0.4462878105761641 0.442974329580348 0.011912223520126282 0.009673760491299898 0.791051
0 0.3207310648776638 0.6914774861821903 0.022206615943172848 0.009837527123848517 0.787072
0 0.18922542067876874 0.4495152998976458 0.02277567545382794 0.01030631893551689 0.786038
0 0.4806394948697711 0.6466096212896623 0.022054591949486977 0.00972917911975435 0.785307
6 0.6453394285714286 0.48166832343909927 0.014892451460142066 0.009649496827021495 0.781954
6 0.3381151419100237 0.6709678771750256 0.01500499447513812 0.009507242579324464 0.781775
0 0.5191263772691397 0.5243576990788127 0.02191319589581689 0.009159218833162744 0.779002
0 0.6729264088397791 0.5833972732855681 0.022357589265982636 0.010521573797338792 0.778737
2 0.6841548476716653 0.5013701044012282 0.012561982636148382 0.009791541453428863 0.770346
0 0.31333325082872926 0.1588958198567042 0.020286312865035516 0.010490969089048107 0.768894
4 0.49373934017363846 0.6664392712384852 0.010524206471981056 0.010243851791197545 0.768618
8 0.3175843056037885 0.42578643193449334 0.01358836685082873 0.009178739815762539 0.763775
5 0.6374946752959747 0.5222583418628455 0.01363960726124704 0.009450933060388945 0.763248
14 0.6237837436464089 0.6626097523029683 0.005930188476716653 0.01571072262026612 0.75849
5 0.18875787213891082 0.4901362374616172 0.01502863456985004 0.009991258137154554 0.756493
9 0.5313327482241516 0.19644921187308087 0.014075231570639305 0.00991063254861822 0.743141
8 0.5522596874506709 0.17591051791197543 0.013537490134175217 0.009684870419651995 0.742515
0 0.44065257774269934 0.21852144278403277 0.021941604419889505 0.009313185670419652 0.738636
2 0.5026724672454618 0.238268659160696 0.01181095501183899 0.009970584237461616 0.737193
9 0.21860298658247831 0.20129146366427839 0.01478302004735596 0.010117528761514841 0.7329
9 0.4895710055248619 0.2584410399181167 0.014402879242304656 0.009989974206755374 0.731883
8 0.5642163220205209 0.605343521801433 0.014660778531965271 0.009381443602865917 0.727836
5 0.4430396211523283 0.27961881678607986 0.013863440568271507 0.009933769498464688 0.724217
9 0.4038051460142068 0.4438222476970317 0.013551148855564327 0.010177061207778915 0.724103
0 0.5422471981057616 0.5041680245649949 0.021040128808208367 0.009455073080859775 0.723518
0 0.68697145382794 0.3785134247697032 0.021296492501973165 0.009645985670419651 0.723509
8 0.6682194033149171 0.17470545752302968 0.014289487608524073 0.009572958853633571 0.719358
6 0.37443242936069454 0.17822290276356192 0.015262530071033937 0.010139905834186285 0.718176
5 0.24078264877663774 0.592698510542477 0.014383886345698501 0.006277240532241555 0.716845
4 0.451727456985004 0.5249758198567043 0.0094974181531176 0.009175831320368475 0.709088
13 0.33101333417521706 0.17627971340839305 0.008163712707182321 0.016636986693961103 0.705909
8 0.3733320536700868 0.4449560368474923 0.013660297395422256 0.009777942272262027 0.702933
1 0.2142035043409629 0.5312828004094167 0.014720788003157063 0.012554245240532242 0.702275
8 0.5103888366219416 0.25851807574206753 0.014446360852407261 0.009328802456499488 0.700873
5 0.41400716022099443 0.48498610440122825 0.014190926598263615 0.010264211258955989 0.689321
1 0.5051492217837411 0.4439619078812692 0.014197149802683506 0.013331049334698055 0.687891
9 0.39227686187845306 0.7117638485158649 0.015022734648776636 0.01092187185261003 0.670446
8 0.40662498500394634 0.6492267430910952 0.014514169534333071 0.009470925690890482 0.666864
2 0.6891984719810577 0.5619561596724667 0.012019432359905288 0.009610376253838279 0.66381
2 0.33223514317284925 0.42525084953940634 0.012272441988950276 0.009155471852610031 0.663495
2 0.6612833591160221 0.4816929539406346 0.011470699289660616 0.0096771406345957 0.661512
1 0.5903412533543804 0.4635973961105425 0.014404172375690609 0.013803404708290687 0.658112
8 0.5868085745856354 0.257431451381781 0.014833654301499605 0.00940426612077789 0.652044
23 0.16352560694554066 0.2637365977482088 0.012513166850828728 0.010210574411463665 0.647492
0 0.6554969913180742 0.5417410685772773 0.02343666866614049 0.009681673694984648 0.643941
2 0.346878181531176 0.38407441555783006 0.0121856 0.009172215353121802 0.642502
8 0.3999010955011839 0.5667032958034801 0.014254411365430151 0.009348506857727737 0.635048
8 0.3012176416732439 0.30345039918116684 0.01383022320441989 0.009327675742067554 0.627047
6 0.22899008050513023 0.26306397543500515 0.015150795264404104 0.009819185261003071 0.615593
9 0.41539444988161006 0.21894658096212896 0.014161871507498027 0.009903217195496418 0.61506
8 0.6380987302288872 0.33864607574206756 0.013995501815311761 0.009321570522006141 0.612849
2 0.23666280662983424 0.4884742026612077 0.011472073243883189 0.00947176417604913 0.612742
13 0.3448204830307814 0.442283889457523 0.007492657300710339 0.01599800859774821 0.608517
9 0.21399781531176004 0.6528733674513817 0.014033447198105762 0.010468487205731833 0.602564
0 0.6658000315706393 0.5017241023541453 0.020697003946329912 0.00956412855680655 0.60154
8 0.3065486285082873 0.5474639918116683 0.00684499952644041 0.008993801432958035 0.597073
5 0.6537860142067877 0.17410436847492322 0.013319880031570638 0.009243303172978506 0.587976
1 0.49371266929755325 0.48545198771750253 0.014265524230465667 0.012973697441146365 0.582862
8 0.4540514601420679 0.6063397731832139 0.013493361957379636 0.00933632262026612 0.582806
7 0.6121597676400947 0.6679254861821904 0.012006985951065509 0.014504194882292732 0.581663
4 0.6940408524072613 0.39883162333674516 0.009875659668508287 0.01074657604912999 0.581166
14 0.5553777553275454 0.6636604790174002 0.006408849881610102 0.01584383213920164 0.575297
8 0.3142055905288082 0.5887706530194473 0.013906679715864248 0.009821019447287615 0.574748
11 0.3278192138910813 0.23870178915046059 0.015332884609313339 0.015392831934493346 0.573587
7 0.2325308413575375 0.6548563848515865 0.017049680820836622 0.013549762947799386 0.571577
6 0.4725974175217048 0.2586603561924258 0.014333009629044989 0.00962064769703173 0.570944
8 0.26676331491712707 0.7139989355168884 0.014095558011049725 0.010410264892528148 0.563804
2 0.39581156116811367 0.6695448106448311 0.011435218942383583 0.009872926919140225 0.563
3 0.49626095027624306 0.29696131013306043 0.023926442936069454 0.017566578505629475 0.56251
8 0.35830624782951853 0.17889788331627432 0.014148414838200474 0.00978792548618219 0.56119
0 0.365169957379637 0.46552198157625385 0.022211020678768744 0.009721108700102354 0.560344
18 0.6197671905288082 0.2534250644831116 0.016986317284925022 0.014872525690890481 0.558913
5 0.6137358547750592 0.23605086591606958 0.014606386108918705 0.009668257932446264 0.557444
5 0.6511217553275453 0.27681827635619244 0.01355426045777427 0.009859118116683725 0.55417
0 0.5448876148382005 0.25789078403275334 0.022013332912391475 0.010381022722620266 0.553983
5 0.2409556053670087 0.6724409907881269 0.014146071033938439 0.009771365404298874 0.553715
0 0.3183021158642462 0.6710134698055271 0.022964109234411997 0.010410448311156603 0.551096
7 0.613074901973165 0.2167692970317298 0.013814624782951855 0.014218297645854657 0.548544
12 0.39888356116811363 0.6875625465711361 0.015131761957379636 0.017670105220061412 0.546859
5 0.5652031444356749 0.4623053428863869 0.01411321736385162 0.009846200204708291 0.546628
14 0.4456618531965272 0.4000191017400205 0.006329483820047356 0.013942174002047083 0.543963
5 0.6944962778216259 0.68566888024565 0.014088486187845303 0.01025367778915046 0.533932
4 0.4978890860299921 0.3404912671443193 0.009219838989739541 0.010848058955987719 0.533187
18 0.20311650197316497 0.17923118116683726 0.01738670370955012 0.015207867349027635 0.529914
2 0.5266463520126282 0.25783287615148415 0.011865428255722179 0.009467362128966223 0.528477
5 0.46220668666140485 0.38121649129989765 0.013435696290449883 0.009603196724667348 0.521356
9 0.2661155359116022 0.34449529580348004 0.014096972375690608 0.009855947594677585 0.51159
8 0.6326532647198105 0.2358116356192426 0.01466275864246251 0.00917258219037871 0.51098
18 0.17191076874506708 0.468493363357216 0.01739543235990529 0.013558907676560901 0.507527
8 0.5393231002367798 0.21704049457523028 0.014715898342541436 0.00978051013306039 0.505506
5 0.35820683820047355 0.4446526100307063 0.01437721862667719 0.009402772569089049 0.503792
22 0.3191804767166535 0.5471309559877174 0.013570788318863457 0.009362106038894575 0.502108
