8 0.1652127419100237 0.2734794991974318 0.01755323504340963 0.012064763616907438 0.982766
0 0.27006161325966854 0.5492135516318887 0.02425372691397001 0.011738031460674158 0.979931
0 0.43488964798737173 0.27746701765650084 0.024631887608524073 0.011650150454788656 0.979086
0 0.25211575059194946 0.43542077089352593 0.024399244830307813 0.010519887854467629 0.97114
5 0.23893750907655883 0.18387675976457998 0.015337774269928967 0.01141165543071161 0.969317
11 0.16300229202841357 0.3389722161583735 0.015765720599842145 0.017295217549491707 0.967892
0 0.29504292975532753 0.3439415473515248 0.024679410260457772 0.011903301444622793 0.9558
0 0.6895136732438832 0.3481819154628143 0.02506961325966851 0.011489701872659176 0.951112
8 0.6529539636937648 0.46250091385767794 0.016049159273875294 0.010543008667736758 0.949889
5 0.181918408839779 0.6626940096308186 0.015256953433307022 0.011370563937934725 0.948016
0 0.6827752359905288 0.5534410444087747 0.02460226677190213 0.011805640663456393 0.941735
11 0.2224092438831886 0.1803322075976458 0.01466481957379637 0.017042066559657572 0.941379
5 0.48809481294396206 0.1405928988764045 0.016034934806629833 0.011738086249331193 0.935937
12 0.16949624625098658 0.18314259176029962 0.01412287545382794 0.022268219582664527 0.931663
21 0.14738285714285715 0.665022253611557 0.01743410513022889 0.015628875334403422 0.929488
0 0.28366618468823995 0.4351268845371856 0.0247616454617206 0.011351908400214019 0.92764
0 0.6871763346487767 0.41685347030497594 0.022779756906077347 0.010886752701979668 0.927037
5 0.3375913420678769 0.6417923561262707 0.01381979731649566 0.01078021615837346 0.926907
11 0.40046320441988953 0.7082406420545746 0.014339354064719811 0.017331350668806846 0.926612
0 0.6490971933701658 0.2796035013376137 0.024385545698500394 0.011591608774745854 0.926012
11 0.6801934143646409 0.13980065489566612 0.013974730860299921 0.0169933594435527 0.925423
0 0.4556953559589581 0.459103469234885 0.024289530544593527 0.011391246655965758 0.924666
23 0.3764448681925809 0.5042961669341894 0.01372535816890292 0.010770710326377742 0.91925
8 0.24071354696132596 0.2523529930444088 0.01425602778216259 0.0104978354200107 0.912266
0 0.373056454617206 0.16246863991439273 0.024507140647198108 0.01135848303905832 0.910996
0 0.16442595106550906 0.3650855858747994 0.02292099131807419 0.010880753344034242 0.898149
8 0.5075459636937648 0.3012499518459069 0.01444130955011839 0.011122919208132692 0.895723
12 0.21056454617206 0.2979272937399679 0.013388416101026044 0.021199375066880684 0.894958
6 0.46625055722178377 0.14063809951845904 0.01627283093922652 0.010340975494917068 0.8933
8 0.5392729913180742 0.3018808432316747 0.016608681925808996 0.01158848582129481 0.889326
0 0.6481863425414365 0.3478446912787587 0.0222303772691397 0.010184882611021935 0.88638
0 0.5594701183898974 0.2335684280363831 0.02282529944751381 0.010756163937934724 0.884992
5 0.372783684293607 0.4360410332798288 0.014907241673243884 0.010243232530765116 0.877751
0 0.6710364135753749 0.6905332220438738 0.023906763062352013 0.011637275120385232 0.876372
0 0.39040828413575374 0.13964861637239165 0.024052967955801103 0.01200600278223649 0.873241
0 0.2956943456985004 0.45752665168539325 0.02552839273875296 0.011525643231674694 0.86492
5 0.6981869613259669 0.3716898105939005 0.0158495318074191 0.011380727233814874 0.864488
1 0.20475312391475928 0.66515675976458 0.015640044198895028 0.01722875890850722 0.863357
8 0.6500807829518548 0.11887440128410914 0.016561522967640095 0.012868157089352596 0.853396
11 0.2169178721389108 0.6831373012306046 0.014844807576953433 0.017002700909577312 0.845458
1 0.4345914191002368 0.303006202247191 0.01544696322020521 0.015748314606741573 0.84354
5 0.27860235516969223 0.2527841797752809 0.014536395264404105 0.010693458319957197 0.840213
2 0.3340895368587214 0.5492036896736223 0.012135571902131019 0.011253398394863563 0.834931
6 0.4566850071033939 0.32388013269127874 0.01655804767166535 0.010527859604066346 0.833687
11 0.6130681130228888 0.1619185617977528 0.013823676716653513 0.01666862707330123 0.833367
0 0.28568185635359117 0.20912734510433387 0.021899577584846095 0.007339735045478866 0.830275
0 0.6138832315706393 0.14158457356875337 0.015411482872928178 0.010427705939004816 0.828221
12 0.4337432044198895 0.3464204601391118 0.012899207576953432 0.020909899197431782 0.825553
8 0.6418689818468825 0.5078976993044408 0.016785639147592738 0.011192610379882291 0.824908
8 0.6639613575374902 0.6226606227929374 0.01611131049723757 0.010947321562332798 0.821437
0 0.2976946614048935 0.2530972969502408 0.022755187371744277 0.010761314071696094 0.818943
5 0.44647086977111283 0.1163322075976458 0.014960745067087609 0.012280110433386837 0.815782
12 0.26592681925809 0.2984192958801498 0.013083196211523285 0.02143398009630819 0.815395
0 0.5154971176006313 0.6893128047084003 0.024549046250986584 0.011084484965222043 0.814974
9 0.4735434254143646 0.5055752081326913 0.014463454459352803 0.011283806099518458 0.811629
5 0.6311923876874507 0.6449285136436598 0.012928909234411997 0.010509094489031569 0.810797
5 0.23840247513812152 0.13771457677902624 0.015268308760852407 0.011418339646869984 0.796991
5 0.41608061878453045 0.6654235805243446 0.015878425256511442 0.011420558587479935 0.793858
8 0.3442854490923441 0.32218880684858214 0.014610912075769535 0.011368344997324772 0.792829
11 0.4761991981057616 0.4797201669341894 0.014406112075769535 0.01619991011235955 0.792166
0 0.2994743362273086 0.11491783841626538 0.02482197821625888 0.012499511610486892 0.788607
5 0.47433062036306234 0.4155763467094703 0.01543528460931334 0.009322865275548422 0.785523
8 0.6994126093133386 0.18905565757089354 0.017091909707971586 0.011512822685928304 0.784387
5 0.38689500236779795 0.20988208624933122 0.015242567324388319 0.00881787822364901 0.773306
5 0.3626540047355959 0.23134020074906367 0.01458533228097869 0.011166065275548422 0.772926
8 0.20573509707971585 0.3205265189941145 0.01710201231254933 0.011399629320492242 0.770249
0 0.30946379163378057 0.6174936415195292 0.022634360220994475 0.011120015409309791 0.767122
5 0.6334034841357538 0.11844787158908508 0.01511729502762431 0.01242458812199037 0.762395
0 0.573182181531176 0.43889056393793474 0.020667665982636148 0.009896639486356341 0.762161
7 0.3175608271507498 0.2561380674157303 0.014789566535122338 0.016205005457463884 0.760217
5 0.5772405998421468 0.11899657998929909 0.016049684609313337 0.011038407704654895 0.758456
5 0.5073503772691398 0.34694807490636703 0.014918071665351224 0.01087313772070626 0.758289
0 0.2691750086819258 0.32061609844836814 0.02226193780584057 0.010500821401819155 0.755427
2 0.23043394475138124 0.388901393258427 0.011478660142067876 0.011511179026217228 0.754321
6 0.22002664561957377 0.6403043235955057 0.01646684135753749 0.010648367255216694 0.743265
7 0.32576903172849253 0.5297298833600856 0.014320482399368588 0.016158407704654897 0.739103
7 0.531625319652723 0.21322915270197967 0.023000236148382005 0.015527845050829322 0.738515
15 0.6459590415153907 0.4363224004280364 0.02977055722178374 0.017347403745318353 0.737577
9 0.25430639936858723 0.13777237881219903 0.013932542383583267 0.011612428464419476 0.737087
14 0.40802116495659035 0.15960839807383626 0.0070401010260457775 0.017326145746388445 0.731288
5 0.23824972375690606 0.6635939133226324 0.014843554853985794 0.011061281968967362 0.730478
8 0.25225395422257296 0.20729562332798288 0.015346947434885558 0.010789091920813268 0.723417
0 0.2730568334648777 0.5026609994649546 0.024427612943962115 0.011347497913322633 0.719151
5 0.46974605840568273 0.20951045478865704 0.015334258563535912 0.010389408667736758 0.718299
11 0.5576354853985793 0.1847594050294275 0.013986247829518548 0.017017630818619584 0.715088
9 0.6454131371744278 0.370136278223649 0.013633222415153906 0.011460828250401284 0.706906
0 0.4444026645619574 0.14013678330658105 0.025159405209155487 0.011569309791332263 0.702429
8 0.4914569597474349 0.21047794028892455 0.016812431254932914 0.010040952808988765 0.695209
8 0.45980671191791633 0.597181568753344 0.01579150244672455 0.011382590048154093 0.692982
4 0.49247206945540645 0.5732704291064741 0.012834470086819257 0.013730530551096843 0.691604
19 0.2170467813733228 0.5021994050294275 0.011755269455406472 0.011562817335473515 0.687999
9 0.2259124230465667 0.5716941594435527 0.014111116022099447 0.011544243980738363 0.68102
11 0.34698890607734806 0.22742440064205457 0.014061370797158641 0.016865208774745854 0.680699
9 0.27708534806629836 0.3656416907437132 0.013424381373322811 0.011444638202247191 0.679214
9 0.317093682715075 0.6409603355805243 0.013601621468034727 0.011275067308721241 0.672795
8 0.5024247513812155 0.7133042097378277 0.015095473401736384 0.011753536650615301 0.669535
7 0.2363985224940805 0.5055927405029427 0.015782329281767957 0.016201800321027287 0.667226
9 0.24241603788476718 0.22916163937934725 0.01417827813733228 0.011398150026752273 0.666826
11 0.5375511033938438 0.7109441883360086 0.013827192423046567 0.017792999892990907 0.662768
8 0.21513334806629836 0.389123013376137 0.015273238831886344 0.010468852220438736 0.657596
12 0.2951621404893449 0.3216173611556982 0.012831802999210735 0.021391929802033173 0.652715
6 0.32637029834254144 0.27643562118780096 0.015492586582478296 0.011082868699839486 0.646937
5 0.4951747182320442 0.6894467629748529 0.014861012154696132 0.01105892605671482 0.645376
1 0.14939448776637726 0.6861484858212948 0.016409539384372535 0.017009796040663456 0.644905
9 0.3817107498026835 0.6418204627073302 0.013727782794001577 0.01088938255751739 0.643211
0 0.499159185477506 0.5058549042268593 0.02280634696132597 0.010949348742643125 0.636067
5 0.6822511128650355 0.5991829983948636 0.014750166377269142 0.011671079721776351 0.633614
0 0.4802172059984215 0.23241290786516855 0.021539884451460142 0.011032079614767255 0.621589
14 0.5236515359116022 0.25328659176029966 0.006547053512233623 0.016968649759229536 0.618453
5 0.47754405682715073 0.32390643124665597 0.014184299289660616 0.01151841112894596 0.618166
7 0.48302936700868193 0.16671695238095238 0.015347876874506708 0.016035818084537187 0.615948
9 0.5728892059984214 0.5064970272873194 0.014007746172059984 0.011687625896201176 0.615657
11 0.2913587119179163 0.13533017442482612 0.013753443409629045 0.016656874906367043 0.61284
0 0.27733063930544594 0.41274349919743175 0.02211015627466456 0.01119776051364366 0.609897
7 0.501947908445146 0.6691278416265383 0.02285677916337806 0.016431556554307118 0.608584
8 0.35591516337805845 0.43572838180845375 0.016832515232833464 0.011002219796682719 0.605642
6 0.602495494869771 0.4170287940074906 0.017436650986582477 0.010334510433386838 0.604688
14 0.20383701973164955 0.5448975751738897 0.006016707182320441 0.01737953729266988 0.599719
9 0.5046250986582479 0.25524035527019795 0.014316158484609312 0.011375084002140181 0.597933
5 0.25277686503551694 0.5021347544141253 0.014669588003157064 0.010972442161583733 0.593161
5 0.3956672959747435 0.5735476597110755 0.014506814838200472 0.010669132156233281 0.590879
14 0.31698206913970006 0.15813732263242375 0.007349644830307814 0.017399233814874265 0.587052
18 0.2793556053670087 0.22877198245050828 0.014601456037884769 0.013213709149277688 0.585979
1 0.5254215122336227 0.5321504462279293 0.014863275138121548 0.015601563188871053 0.584107
5 0.540454591949487 0.23319641305510969 0.01440595043409629 0.011273478437667201 0.578475
8 0.3075013404893449 0.11514822471910112 0.008811855406471981 0.012307641733547352 0.575493
0 0.18062487134964483 0.5938627458533976 0.02342264625098658 0.011584294489031567 0.575309
2 0.3598503299131807 0.32196883039058316 0.012928828413575375 0.011652013269127875 0.569877
5 0.2594692344119969 0.6635484387372926 0.015171121704814524 0.011729100909577314 0.562735
4 0.4640890039463299 0.1619254103798823 0.013224632675611681 0.013531839486356341 0.554967
11 0.3357651952644041 0.342472937399679 0.01369626266771902 0.01748401926163724 0.553353
0 0.35959695659037094 0.11593608560727661 0.023078026203630624 0.013393525521669341 0.55308
14 0.3186643144435675 0.3183851043338684 0.00621395043409629 0.017127180738362762 0.550221
1 0.34775670402525655 0.48300830818619583 0.015517681452249408 0.01742106709470305 0.549743
13 0.16759210734017363 0.15770230069555913 0.010767517600631413 0.018450244622792936 0.546893
2 0.30814026961325963 0.32165269983948636 0.009970098816101025 0.01063428657035848 0.54515
0 0.6105888934490924 0.6447351096843231 0.024296844830307814 0.011234003210272875 0.528053
2 0.5083064877663772 0.2105877367576244 0.012873304498816102 0.010260573140716961 0.520584
1 0.46408940805051296 0.39419014232209737 0.015411078768745068 0.01742030005350455 0.51952
9 0.31072095974743486 0.5024481455323703 0.013529246408839778 0.01175978255751739 0.515887
5 0.304481591160221 0.43516551054039593 0.015093452880820837 0.01073906987693954 0.515683
5 0.29132113022888717 0.6871741294810059 0.015298212470402524 0.011217703584804709 0.514613
14 0.2519383488555643 0.6833898769395399 0.006188572691397 0.017264398929909042 0.51182
18 0.2482949455406472 0.38870552380952383 0.014402475138121547 0.013561726698769394 0.511612
14 0.4456299289660616 0.5016386431246657 0.007012379479084452 0.017056914285714285 0.50885
23 0.6119596552486187 0.30296100160513645 0.01147878137332281 0.011135164472980203 0.501821
