6 0.620258 0.0866285 0.0938363 0.0838392 0.947054
14 0.15735 0.267312 0.042061 0.133093 0.923753
4 0.688019 0.28414 0.0682981 0.0975919 0.896634
38 0.500673 0.0628879 0.126779 0.125776 0.894205
5 0.0863134 0.293707 0.0892471 0.090386 0.883954
2 0.0831188 0.0925225 0.0678809 0.0846123 0.877612
18 0.263844 0.472438 0.0872488 0.119686 0.873879
8 0.597626 0.285746 0.101813 0.0873868 0.869113
23 0.800782 0.281851 0.0701445 0.085871 0.847513
1 0.385556 0.509111 0.0872235 0.130221 0.834147
5 0.501546 0.289765 0.0882285 0.0862338 0.807119
1 0.165057 0.512375 0.0856063 0.127359 0.806319
4 0.0229906 0.0825827 0.0458562 0.107704 0.804755
8 0.813729 0.0884087 0.0914477 0.0841736 0.778702
5 0.719678 0.0854869 0.0849171 0.0883898 0.777747
2 0.566529 0.682732 0.0781765 0.0914588 0.720607
2 0.519133 0.881825 0.0722316 0.0870577 0.604915
14 0.498277 0.660828 0.0387005 0.132273 0.512557
