16 0.487131 0.219227 0.101313 0.0873697 0.986137
2 0.372549 0.621831 0.0736818 0.083734 0.973673
0 0.580865 0.0290298 0.143116 0.0580596 0.947626
23 0.79064 0.411258 0.0710077 0.0844467 0.946401
1 0.251463 0.242194 0.0886348 0.130148 0.926234
18 0.353507 0.203371 0.0895655 0.120796 0.878211
21 0.286145 0.646165 0.0951344 0.131635 0.870767
4 0.649918 0.405308 0.0704205 0.106987 0.869688
14 0.194318 0.394473 0.0427305 0.133518 0.849137
13 0.599094 0.590131 0.0447888 0.135943 0.83942
9 0.777812 0.607312 0.0860868 0.0935228 0.822456
14 0.552934 0.595446 0.0385215 0.131877 0.821607
0 0.0547142 0.223256 0.108292 0.0872983 0.814666
8 0.0424622 0.0335595 0.0849244 0.0671191 0.805281
13 0.508686 0.79342 0.0463732 0.134363 0.772243
2 0.285145 0.0321613 0.0733475 0.0643226 0.758479
11 0.82439 0.186235 0.0899558 0.131965 0.740821
0 0.523678 0.416549 0.145038 0.088877 0.705262
13 0.867815 0.585252 0.0467424 0.136551 0.642393
22 0.266171 0.41682 0.0804965 0.0871736 0.638716
22 0.672587 0.613862 0.0853124 0.0876019 0.606982
