5 0.450177 0.169092 0.037755 0.041507 0.948016
21 0.364715 0.177591 0.0431426 0.0570515 0.929488
1 0.506684 0.178082 0.038703 0.0628917 0.863357
11 0.536787 0.243718 0.0367351 0.0620665 0.845458
5 0.835322 0.0926993 0.0340776 0.0391275 0.763475
6 0.54448 0.0873609 0.040749 0.0388707 0.743265
5 0.589575 0.172377 0.036732 0.040378 0.730478
9 0.784683 0.0897556 0.0336587 0.0411584 0.672795
1 0.369693 0.25471 0.0406072 0.0620924 0.644905
0 0.766112 0.0121859 0.0556917 0.0243718 0.583199
5 0.642085 0.172211 0.0375426 0.0428158 0.562735
5 0.720906 0.258454 0.0378571 0.040949 0.514613
14 0.623449 0.24464 0.0153143 0.0630218 0.51182
