19 0.458604 0.655638 0.0642465 0.0863214 0.978909
4 0.0721805 0.0435984 0.0707062 0.0871969 0.977899
4 0.3983 0.0479659 0.0710217 0.0959317 0.962179
23 0.658015 0.0464657 0.0673954 0.0800831 0.960186
6 0.276809 0.252205 0.0935802 0.0864623 0.958399
19 0.583453 0.0497331 0.0627145 0.08766 0.951041
4 0.0938517 0.441652 0.0644705 0.10077 0.949868
5 0.169022 0.452494 0.0830281 0.0895133 0.934362
5 0.537271 0.65395 0.0798043 0.0880284 0.931457
5 0.482074 0.0484182 0.0867524 0.0882696 0.927688
1 0.17797 0.069809 0.0856903 0.130125 0.922786
1 0.175807 0.266492 0.0877586 0.126685 0.921232
9 0.0386947 0.240297 0.0773893 0.0917903 0.912122
8 0.110039 0.65087 0.0936111 0.0889273 0.891727
18 0.282505 0.0464373 0.0894693 0.0928746 0.883773
22 0.378302 0.248594 0.0844541 0.08654 0.853372
5 0.149271 0.85247 0.0823717 0.0895071 0.816762
5 0.0153362 0.0477127 0.0306724 0.0894072 0.783386
18 0.480062 0.229357 0.0900542 0.119957 0.763509
0 0.498596 0.450971 0.138742 0.0895752 0.745281
2 0.731381 0.0495412 0.0686486 0.0904135 0.710665
9 0.847929 0.651321 0.0877845 0.0898389 0.706408
9 0.244058 0.850499 0.0852174 0.0944855 0.691824
2 0.200771 0.651354 0.0765889 0.0919466 0.688507
4 0.0741736 0.841479 0.0610909 0.10584 0.642188
2 0.716089 0.851986 0.0693804 0.0833154 0.518697
