0 0.651968 0.403215 0.059496 0.0416657 0.96692
8 0.416831 0.311994 0.040671 0.04291 0.954798
8 0.463411 0.0383196 0.0398127 0.0434774 0.947161
18 0.458199 0.305594 0.0389024 0.0542421 0.93281
18 0.711937 0.393991 0.0399355 0.053722 0.924002
9 0.585928 0.130049 0.0360777 0.0415564 0.901502
7 0.407745 0.501144 0.0436481 0.0581723 0.899166
4 0.540836 0.575895 0.0293477 0.0503652 0.836457
5 0.422956 0.0406024 0.0377785 0.0405579 0.801365
5 0.641101 0.131448 0.0392458 0.0409082 0.762342
5 0.501951 0.314362 0.0385456 0.041557 0.749467
9 0.638896 0.22093 0.0383769 0.0430803 0.666616
5 0.588871 0.579052 0.039742 0.0412757 0.615891
18 0.683604 0.121899 0.0393605 0.0502655 0.608064
8 0.800972 0.401935 0.0420281 0.0413498 0.592466
9 0.638121 0.0409259 0.0408105 0.0418846 0.570296
7 0.315801 0.41196 0.042203 0.0596578 0.564089
1 0.821057 0.140491 0.0386171 0.0543369 0.521846
