23 0.607774 0.496471 0.0677367 0.0825651 0.977485
4 0.742337 0.494877 0.0652511 0.105136 0.956538
6 0.688927 0.302087 0.0821781 0.084129 0.945275
2 0.672683 0.496816 0.0602076 0.0890853 0.941578
23 0.786447 0.0986577 0.0634959 0.0847005 0.93687
23 0.856462 0.0990671 0.0636206 0.0845972 0.929214
0 0.667978 0.700392 0.127359 0.0880721 0.927424
13 0.623845 0.278272 0.0432206 0.13524 0.913904
22 0.49973 0.0924398 0.0749761 0.0855525 0.898751
5 0.781759 0.698089 0.0777946 0.0877693 0.886889
0 0.516899 0.699656 0.131168 0.0898247 0.885285
14 0.477465 0.87482 0.0387002 0.135154 0.84531
13 0.520095 0.872558 0.0420552 0.136607 0.820477
14 0.871138 0.474186 0.0781889 0.130204 0.820145
13 0.850453 0.278932 0.0429372 0.134306 0.705415
6 0.584793 0.896662 0.0802388 0.0829425 0.627277
4 0.964929 0.0861368 0.0634561 0.110035 0.616746
11 0.922235 0.275555 0.0839911 0.131255 0.575006
9 0.675491 0.891638 0.0822866 0.0913548 0.546922
