0 0.130927 0.438383 0.0610462 0.0402845 0.951738
0 0.500902 0.0830957 0.0632454 0.0415736 0.935646
8 0.0267012 0.530214 0.0390404 0.0402203 0.931005
0 0.231278 0.616259 0.0592589 0.039598 0.901788
0 0.483951 0.263348 0.0553867 0.0389011 0.891604
7 0.252546 0.274234 0.042056 0.0557429 0.878803
0 0.300427 0.351822 0.0597203 0.0413549 0.865098
2 0.178981 0.0827769 0.0305615 0.0410793 0.846266
11 0.170285 0.25235 0.0393848 0.059402 0.815551
5 0.118144 0.262781 0.0371001 0.0412029 0.79257
6 0.0760292 0.261774 0.0385672 0.0389463 0.775329
9 0.562572 0.351131 0.0408649 0.0454825 0.758095
1 0.0316625 0.270713 0.0402769 0.0593995 0.756399
18 0.408872 0.787658 0.0430574 0.0551516 0.696949
8 0.650709 0.440005 0.0385243 0.0382007 0.674508
5 0.0498842 0.171978 0.0387639 0.0386107 0.658407
13 0.119686 0.610704 0.0199036 0.06078 0.652747
18 0.0131965 0.165618 0.0263914 0.058245 0.615077
5 0.211292 0.263861 0.0335599 0.0385648 0.612146
22 0.695532 0.52937 0.0379058 0.0388675 0.531103
6 0.43074 0.706261 0.0402199 0.0401132 0.508843
2 0.386277 0.17482 0.0310099 0.041718 0.506385
0 0.317612 0.616447 0.0794444 0.0438673 0.505145
