2 0.48255 0.419086 0.0317687 0.0352948 0.933202
9 0.196968 0.179773 0.0360366 0.0404231 0.884952
5 0.140177 0.416774 0.0340709 0.0365791 0.871473
6 0.129886 0.338165 0.0365715 0.0382337 0.827101
0 0.399975 0.569379 0.0547127 0.0400277 0.820812
2 0.132717 0.648698 0.0307469 0.038131 0.813813
0 0.656558 0.185308 0.0531299 0.037659 0.791253
2 0.188545 0.2595 0.0300207 0.034341 0.78094
2 0.723696 0.0266826 0.0306094 0.0371074 0.690476
0 0.0855664 0.650675 0.0542147 0.0370318 0.681585
8 0.420453 0.650256 0.0349709 0.0362352 0.675604
7 0.177587 0.657527 0.0397983 0.0521541 0.632056
6 0.102534 0.418065 0.0338376 0.0372571 0.59076
13 0.182186 0.0910225 0.0187765 0.0645632 0.563849
2 0.279283 0.49059 0.0269617 0.032041 0.533974
2 0.0664138 0.418014 0.0338667 0.037565 0.519432
