16 0.664432 0.0201673 0.108988 0.0403346 0.930729
8 0.531339 0.200899 0.0949732 0.0914713 0.922045
6 0.63103 0.201168 0.0942312 0.087653 0.907363
8 0.752124 0.198998 0.0937362 0.0913467 0.902162
1 0.262598 0.0433214 0.0797767 0.0864325 0.891265
5 0.45828 0.0195039 0.0851022 0.0388419 0.805003
2 0.075045 0.0245729 0.0647909 0.0491458 0.759628
0 0.243582 0.207512 0.135703 0.0914862 0.753145
22 0.849801 0.199392 0.0811599 0.0870523 0.738646
2 0.0167635 0.205199 0.0334379 0.0954434 0.710543
9 0.551943 0.0201655 0.0841334 0.0403311 0.639954
6 0.36287 0.0191773 0.0852987 0.0383546 0.625556
22 0.777173 0.0220202 0.0843253 0.0440404 0.552794
6 0.931306 0.0208297 0.094224 0.0416593 0.534469
14 0.855588 0.0211973 0.0467763 0.0423946 0.51256
