1 0.380125 0.125481 0.0876238 0.129032 0.963433
6 0.484058 0.105691 0.092483 0.083093 0.957768
4 0.597133 0.295886 0.0676982 0.104722 0.956835
11 0.0339682 0.475729 0.0677249 0.1308 0.947639
5 0.291272 0.300015 0.0831676 0.0883164 0.943988
4 0.216417 0.288874 0.0658165 0.105126 0.937266
6 0.126793 0.503218 0.0884102 0.0836009 0.918571
4 0.126139 0.0915047 0.0617235 0.102701 0.914602
4 0.759091 0.277005 0.0795333 0.133161 0.910634
0 0.257108 0.105864 0.135515 0.0881853 0.895185
4 0.800106 0.700861 0.0668519 0.105527 0.889371
13 0.31951 0.682576 0.0445228 0.138793 0.880172
5 0.583432 0.103257 0.0861535 0.0860881 0.873052
13 0.740226 0.6848 0.0394111 0.131233 0.864667
4 0.559387 0.497591 0.0677867 0.105599 0.859436
0 0.110283 0.300262 0.136759 0.0848725 0.857488
9 0.394588 0.701719 0.0879729 0.0896976 0.844424
5 0.0445735 0.0987298 0.0884357 0.0879592 0.839696
5 0.478171 0.502627 0.0879385 0.0890619 0.812446
5 0.727285 0.506168 0.0827159 0.0879685 0.742326
13 0.520956 0.889687 0.0453296 0.131333 0.735628
16 0.437079 0.907943 0.0988722 0.0882285 0.693348
2 0.0184309 0.297093 0.0368411 0.0922238 0.627191
23 0.148806 0.903825 0.0649568 0.0833738 0.595755
2 0.219565 0.9058 0.0673454 0.0869939 0.57891
