11 0.297746 0.432323 0.091339 0.130491 0.965527
4 0.331251 0.65033 0.0570694 0.107869 0.958362
2 0.110094 0.459517 0.0694054 0.0887656 0.957913
27 0.0349817 0.685043 0.0515791 0.130385 0.95282
2 0.371547 0.25894 0.0699738 0.091423 0.932712
5 0.143886 0.661534 0.0868814 0.0867517 0.929561
6 0.0313601 0.459477 0.0627201 0.0824095 0.915008
14 0.218883 0.639228 0.0505509 0.138813 0.908433
13 0.224416 0.434359 0.0436742 0.133836 0.844259
13 0.270411 0.637617 0.0441108 0.142694 0.760974
14 0.179933 0.440932 0.0405753 0.136065 0.738519
27 0.372932 0.4761 0.0535048 0.129532 0.595924
18 0.274329 0.241939 0.0925953 0.118452 0.594457
