19 0.315678 0.215879 0.0291954 0.0365884 0.919013
23 0.318301 0.135601 0.0312844 0.03657 0.918476
0 0.18159 0.373013 0.0542032 0.0399908 0.909371
8 0.414744 0.376252 0.036234 0.0384631 0.865619
1 0.310932 0.067653 0.0337821 0.0519598 0.863868
8 0.577021 0.299674 0.0337329 0.0377651 0.845496
2 0.233421 0.37121 0.033003 0.0391309 0.843981
18 0.0942983 0.202194 0.0423087 0.0607871 0.775128
8 0.162369 0.0578471 0.0358079 0.0373455 0.75947
9 0.399724 0.294152 0.0352964 0.038797 0.725635
5 0.262178 0.0566847 0.036139 0.0376774 0.708391
2 0.0861206 0.133177 0.0307345 0.0353974 0.705768
2 0.16197 0.293863 0.0302791 0.0363896 0.69397
1 0.221182 0.300783 0.0364445 0.0511872 0.582522
2 0.385 0.0578404 0.030706 0.0381747 0.522283
6 0.361087 0.29367 0.0365559 0.0385818 0.500295
