21 0.478727 0.364754 0.100298 0.131624 0.979225
0 0.22368 0.346582 0.129919 0.0878336 0.936189
18 0.0822032 0.325215 0.0858276 0.12114 0.932749
0 0.0615877 0.145937 0.123175 0.0868163 0.925147
6 0.720939 0.156735 0.0924931 0.0850177 0.913698
5 0.175957 0.150011 0.080168 0.0850371 0.902574
11 0.303923 0.521359 0.0907974 0.13158 0.899195
5 0.751817 0.349024 0.0830719 0.0871618 0.886862
4 0.575086 0.737317 0.0627184 0.109854 0.864307
1 0.617027 0.175857 0.086323 0.128511 0.848593
2 0.502984 0.147707 0.0694158 0.0886077 0.845032
4 0.669579 0.341816 0.0717269 0.0975751 0.810807
2 0.0863296 0.540902 0.0643803 0.0902706 0.795524
0 0.187132 0.544513 0.129576 0.0865971 0.7117
5 0.0164043 0.339786 0.032724 0.0876681 0.597984
5 0.710018 0.547828 0.0833598 0.0893596 0.5774
8 0.0214794 0.538674 0.0429587 0.0898405 0.537581
