0 0.377668 0.175907 0.0601071 0.0415825 0.924666
23 0.181554 0.340878 0.0339649 0.0393173 0.91925
5 0.172494 0.0917201 0.0368896 0.0373918 0.877751
2 0.0767411 0.504808 0.0300308 0.0410793 0.834931
9 0.421835 0.345547 0.0357914 0.0411903 0.811629
11 0.428407 0.251166 0.0356495 0.059136 0.792166
5 0.423783 0.017016 0.0381963 0.0340321 0.785523
0 0.668402 0.102122 0.0511444 0.0361266 0.762161
7 0.0561511 0.433721 0.0354376 0.0589845 0.739103
8 0.387842 0.679946 0.0390778 0.0415509 0.692982
4 0.468676 0.592661 0.0317603 0.0501218 0.691604
0 0.485224 0.346568 0.0564368 0.0399694 0.636067
9 0.667677 0.348912 0.0346637 0.0426644 0.615657
8 0.130751 0.0905788 0.0416539 0.0401624 0.605642
5 0.229122 0.593673 0.0358987 0.0389465 0.590879
1 0.550213 0.442557 0.0367808 0.0569518 0.584107
1 0.110562 0.263169 0.0384002 0.0635937 0.549743
0 0.0220375 0.754638 0.0438681 0.0393577 0.515622
5 0.0851198 0.842679 0.0343981 0.0378834 0.509047
5 0.0110998 0.0883325 0.0220941 0.0391887 0.508975
14 0.35276 0.331177 0.0173529 0.0622644 0.50885
