0 0.524679 0.397031 0.0608681 0.0393389 0.97356
5 0.314614 0.660337 0.0390914 0.0416112 0.936049
0 0.630757 0.654504 0.0589485 0.0392368 0.927834
0 0.32658 0.397733 0.0622964 0.0449291 0.902854
0 0.325734 0.29862 0.0614611 0.0671698 0.896691
1 0.434836 0.137473 0.0396193 0.0600247 0.883129
8 0.514405 0.832458 0.0403394 0.0413032 0.878232
11 0.381841 0.0295889 0.0424495 0.0591779 0.878169
8 0.357536 0.656418 0.0367513 0.0400783 0.862999
0 0.686322 0.483658 0.0579376 0.0366429 0.859593
11 0.499787 0.557032 0.0391445 0.0553375 0.858095
18 0.490049 0.0310958 0.0385491 0.0532794 0.857071
2 0.482106 0.217965 0.0337202 0.0415304 0.82469
8 0.613101 0.218859 0.0421097 0.0409214 0.813398
6 0.56335 0.655934 0.0389394 0.0386283 0.774904
2 0.710406 0.0385654 0.0311438 0.0415376 0.767276
2 0.451413 0.568703 0.0305497 0.0386255 0.698613
5 0.654225 0.83463 0.0352604 0.0374076 0.668789
14 0.46685 0.645096 0.0197782 0.0607691 0.64422
5 0.447647 0.0387421 0.0380812 0.0430458 0.634267
6 0.47761 0.128895 0.0357302 0.0403925 0.61307
18 0.561454 0.122263 0.0386231 0.0521459 0.585175
1 0.626011 0.0484295 0.0382892 0.0585941 0.562252
6 0.468173 0.39891 0.0424827 0.0389988 0.552828
5 0.519144 0.130035 0.0351471 0.0415821 0.510999
