8 0.478614 0.515882 0.0423806 0.0429803 0.946013
18 0.318782 0.601196 0.0384991 0.056059 0.895656
12 0.649713 0.604197 0.0495565 0.0751754 0.860991
18 0.490145 0.780886 0.0388924 0.0524378 0.826212
9 0.591565 0.608792 0.0378804 0.0426997 0.817811
5 0.447844 0.788572 0.0394217 0.044731 0.780594
2 0.710317 0.788654 0.0313849 0.0413141 0.778802
0 0.454647 0.6085 0.0614445 0.0406923 0.773794
11 0.381885 0.778801 0.0420066 0.0606921 0.768591
0 0.328457 0.700018 0.0614413 0.0447972 0.767605
8 0.652889 0.699636 0.0389992 0.0398127 0.748588
5 0.381812 0.697035 0.0401145 0.0427825 0.666137
6 0.549296 0.611282 0.0373455 0.0394803 0.656317
23 0.754013 0.700193 0.0316577 0.0410926 0.627846
