0 0.278556 0.0439991 0.0589471 0.0404283 0.966186
0 0.279697 0.311046 0.0606769 0.0383975 0.950546
8 0.531705 0.132907 0.0415046 0.0435757 0.872895
0 0.0881195 0.128715 0.0564144 0.0401364 0.871436
0 0.0241371 0.399878 0.0478355 0.0381513 0.862881
0 0.534048 0.313717 0.0588479 0.0398334 0.852055
0 0.22527 0.655876 0.0595788 0.0383779 0.849423
6 0.381613 0.0451446 0.0404547 0.040217 0.832748
8 0.235568 0.222713 0.0406733 0.0397353 0.799875
5 0.0733106 0.396512 0.0406892 0.0392148 0.741709
0 0.391105 0.222963 0.0732989 0.0428903 0.737862
2 0.137324 0.127849 0.0305178 0.039947 0.722467
13 0.363166 0.302011 0.0228821 0.063738 0.668153
0 0.500386 0.832756 0.0627983 0.040993 0.644649
8 0.0736374 0.0385368 0.0396418 0.0422854 0.600985
2 0.00943801 0.309247 0.0188424 0.0399597 0.508607
