8 0.408837 0.248307 0.0434374 0.0440411 0.982766
11 0.403367 0.487381 0.039014 0.0631343 0.967892
0 0.730116 0.505521 0.0610719 0.0434517 0.9558
8 0.595672 0.171187 0.0352781 0.0383212 0.912266
0 0.40689 0.582705 0.0567205 0.039719 0.898149
12 0.521065 0.337551 0.0331311 0.077386 0.894958
5 0.689432 0.172761 0.0359719 0.0390353 0.840213
0 0.706951 0.0133965 0.0541929 0.0267929 0.830275
0 0.736678 0.173904 0.0563102 0.039283 0.818943
12 0.658065 0.339347 0.0323758 0.0782424 0.815395
8 0.509114 0.420047 0.0423208 0.0416131 0.770249
7 0.785839 0.185004 0.0365984 0.0591546 0.760217
0 0.666103 0.420374 0.0550896 0.0383321 0.755427
2 0.570234 0.669642 0.0284052 0.0420203 0.754321
9 0.685678 0.584735 0.0332201 0.0417774 0.679214
9 0.599885 0.0865295 0.0350857 0.0416077 0.666826
8 0.532371 0.670451 0.0377953 0.0382154 0.657596
12 0.730411 0.424029 0.0317537 0.0780889 0.652715
6 0.807639 0.259098 0.0383381 0.0404568 0.646937
0 0.686285 0.756675 0.054714 0.0408762 0.609897
18 0.691296 0.0851071 0.0361329 0.0482352 0.585979
0 0.701296 0.838953 0.0604756 0.0408425 0.573415
0 0.623703 0.839285 0.0601482 0.0382299 0.561382
18 0.614433 0.668927 0.0356405 0.0495056 0.511612
