2 0.208287 0.488636 0.0302364 0.0364957 0.911969
2 0.21883 0.567412 0.0310101 0.0371902 0.879476
2 0.2049 0.0974566 0.0305948 0.0357257 0.859435
7 0.163734 0.109605 0.0392314 0.0537097 0.84075
6 0.096963 0.338242 0.036853 0.0368264 0.781954
0 0.16523 0.726481 0.0553263 0.0401546 0.778737
2 0.193016 0.413432 0.031086 0.0373685 0.770346
5 0.0775503 0.49315 0.0337527 0.0360686 0.763248
2 0.205497 0.644653 0.0297434 0.0366771 0.66381
2 0.136418 0.338336 0.0283855 0.0369319 0.661512
0 0.122099 0.567504 0.0579966 0.0369492 0.643941
0 0.147595 0.414783 0.051217 0.0365006 0.60154
4 0.21748 0.0221035 0.0244384 0.0410133 0.581166
