5 0.198209 0.142148 0.0377457 0.0417742 0.922695
18 0.238838 0.317411 0.0393215 0.0500723 0.844179
23 0.149087 0.140485 0.035636 0.0410223 0.812591
2 0.252186 0.235198 0.0327311 0.0384376 0.796979
18 0.188792 0.399162 0.0404688 0.0541735 0.764743
13 0.212885 0.483679 0.0235136 0.0591996 0.745256
2 0.126425 0.752473 0.0309542 0.0398383 0.690656
6 0.209128 0.666165 0.0381542 0.0383127 0.68361
18 0.243805 0.131218 0.0469646 0.0618863 0.637826
2 0.00758437 0.484913 0.0151107 0.0381424 0.61436
6 0.124855 0.318978 0.0360378 0.0381533 0.526115
9 0.248634 0.0461841 0.0403575 0.0473691 0.513909
