2 0.72101 0.514682 0.0306582 0.0342989 0.951132
0 0.63042 0.363073 0.05415 0.0376977 0.938669
5 0.420751 0.217048 0.0349613 0.036312 0.89916
1 0.421592 0.457526 0.0396298 0.04905 0.897676
11 0.518325 0.200021 0.0360758 0.0614132 0.878645
0 0.539584 0.0541121 0.0544524 0.0381416 0.866358
0 0.468259 0.215533 0.0563609 0.0393331 0.786038
5 0.467102 0.370559 0.03719 0.0381307 0.756493
1 0.53007 0.527591 0.0364282 0.0479121 0.702275
5 0.595794 0.75525 0.0352308 0.0378897 0.677609
2 0.585648 0.364216 0.0283889 0.0361481 0.612742
18 0.425412 0.287961 0.0430469 0.0517463 0.507527
22 0.789847 0.588074 0.0335824 0.0357296 0.502108
