0 0.668297 0.504844 0.0600185 0.0428484 0.979931
0 0.623888 0.0894559 0.0603786 0.0384017 0.97114
0 0.701963 0.0883831 0.0612754 0.0414389 0.92764
0 0.731728 0.170151 0.0631728 0.0420731 0.86492
0 0.765802 0.754093 0.0560112 0.0405924 0.767122
0 0.675709 0.334909 0.0604488 0.0414228 0.719151
19 0.537106 0.333224 0.0290897 0.0422088 0.687999
9 0.559045 0.586907 0.0349195 0.042141 0.68102
7 0.584994 0.345611 0.0390551 0.0591429 0.667226
14 0.504417 0.489089 0.014889 0.0634421 0.599719
5 0.625524 0.332988 0.0363015 0.0400537 0.593161
2 0.826681 0.504657 0.0299569 0.0408142 0.588484
0 0.446976 0.667831 0.0579619 0.0422872 0.575309
9 0.768913 0.334132 0.0334796 0.0429278 0.515887
5 0.753473 0.0885241 0.0373504 0.0392018 0.515683
