13 0.375083 0.0857635 0.0460471 0.130996 0.93057
6 0.563555 0.704209 0.0900352 0.0849022 0.901777
8 0.26989 0.712719 0.0916115 0.0888001 0.894609
5 0.513893 0.300972 0.0842763 0.0863261 0.888503
18 0.300875 0.0903675 0.0873067 0.120653 0.87419
2 0.361169 0.705522 0.067901 0.0906155 0.79808
2 0.619674 0.295558 0.0711673 0.0909892 0.785598
7 0.46092 0.731773 0.0910461 0.125956 0.785377
13 0.345576 0.284196 0.0454184 0.136186 0.752616
1 0.11458 0.138402 0.0857549 0.130046 0.727652
5 0.175958 0.714089 0.0865591 0.0882852 0.701464
0 0.238472 0.311789 0.133137 0.0885574 0.682051
6 0.0857837 0.716815 0.084168 0.083348 0.608761
7 0.414691 0.326528 0.089635 0.126552 0.562855
0 0.0319258 0.339019 0.0637871 0.124997 0.557523
5 0.794921 0.0988284 0.0882043 0.0879173 0.52264
14 0.683082 0.279702 0.0449278 0.132733 0.520866
5 0.0102447 0.121699 0.0203347 0.0815884 0.502215
