4 0.151932 0.0456068 0.0647712 0.0911886 0.982941
4 0.516924 0.233104 0.0699847 0.111718 0.963961
8 0.261455 0.638513 0.091451 0.0894406 0.947567
6 0.0699106 0.0501278 0.0867311 0.0842859 0.929412
14 0.269036 0.417749 0.0434839 0.131963 0.927856
5 0.340446 0.439816 0.0839205 0.0907866 0.920448
5 0.227928 0.0443862 0.0840718 0.0879372 0.917328
16 0.510444 0.636481 0.0959823 0.0866013 0.906405
22 0.450659 0.436486 0.0817299 0.0875914 0.868935
1 0.353479 0.665148 0.0828205 0.127867 0.854837
2 0.822839 0.229212 0.0746515 0.0895507 0.848044
22 0.521746 0.842064 0.0800358 0.0838251 0.811064
13 0.174041 0.422684 0.0409512 0.137022 0.79399
0 0.601328 0.0424899 0.13352 0.0848424 0.784199
2 0.0989052 0.438582 0.0676629 0.0859679 0.719364
2 0.0336506 0.646411 0.0673013 0.0824516 0.70263
13 0.522777 0.412865 0.0464205 0.136052 0.610118
14 0.0115802 0.0482641 0.0230615 0.0965282 0.568344
8 0.422918 0.836677 0.0920452 0.0872767 0.551868
14 0.22323 0.41755 0.0472581 0.133301 0.511872
