4 0.345184 0.143249 0.0742519 0.105881 0.981243
8 0.157959 0.154317 0.0962171 0.0876365 0.975946
9 0.485646 0.346343 0.0912165 0.097367 0.971067
2 0.805158 0.340919 0.0703316 0.0840303 0.94729
23 0.711828 0.150098 0.0740726 0.0842538 0.940499
2 0.184947 0.54848 0.0686296 0.0907216 0.940156
6 0.384299 0.347189 0.0935018 0.0877575 0.927103
5 0.425996 0.150956 0.0855345 0.0889704 0.915122
5 0.0646395 0.15254 0.0792584 0.0867978 0.907704
6 0.712379 0.347073 0.0901117 0.0834327 0.904581
7 0.875813 0.178692 0.094434 0.126425 0.885383
4 0.0827855 0.34351 0.0710821 0.106016 0.859287
2 0.78873 0.148418 0.066348 0.0878295 0.855823
4 0.375936 0.740634 0.0633836 0.100301 0.817284
5 0.0218207 0.349012 0.0436414 0.0864558 0.81154
1 0.609507 0.371553 0.0868793 0.127592 0.799248
2 0.155165 0.351425 0.0690143 0.0848618 0.741103
2 0.150062 0.749083 0.0660469 0.0894247 0.732214
2 0.666372 0.543907 0.0735648 0.0855094 0.525175
7 0.913966 0.376211 0.0935272 0.122372 0.517432
