5 0.457844 0.513219 0.0396802 0.0428486 0.935937
0 0.173169 0.593074 0.0606456 0.0414629 0.910996
6 0.403788 0.513384 0.0402689 0.0377486 0.8933
0 0.216108 0.509772 0.0595217 0.0438266 0.873241
5 0.354841 0.424658 0.037022 0.0448272 0.815782
0 0.759804 0.516398 0.0573356 0.0389002 0.759942
5 0.678445 0.434384 0.0397167 0.0402945 0.758456
14 0.259693 0.582633 0.0174215 0.0632472 0.731288
5 0.412438 0.764795 0.0379463 0.0379254 0.718299
11 0.62993 0.674444 0.0346105 0.062121 0.715088
0 0.349723 0.511554 0.0622597 0.0422325 0.702429
11 0.766331 0.59103 0.035917 0.0617292 0.693768
7 0.445309 0.608582 0.03798 0.058537 0.615948
8 0.467289 0.766363 0.0408195 0.0406651 0.601221
14 0.0344068 0.577263 0.0181875 0.063514 0.587052
8 0.0109457 0.420336 0.0218059 0.0449277 0.575493
8 0.858769 0.434099 0.0408903 0.0467923 0.570817
4 0.398439 0.591091 0.0327258 0.0493965 0.554967
0 0.139862 0.423212 0.0571091 0.0488916 0.55308
