4 0.296232 0.490853 0.0744354 0.103368 0.979556
0 0.273082 0.0982063 0.133137 0.0855179 0.968928
6 0.201982 0.299156 0.094543 0.0870313 0.952294
5 0.0491878 0.100124 0.083671 0.087962 0.94548
21 0.450564 0.317778 0.0982014 0.124081 0.943219
13 0.370346 0.274759 0.0429029 0.137445 0.921912
6 0.209553 0.499927 0.092317 0.0851902 0.910363
14 0.750153 0.272209 0.0483029 0.132873 0.909911
5 0.102787 0.305284 0.0853946 0.0841447 0.907634
18 0.498541 0.0735115 0.090862 0.133897 0.905107
18 0.145164 0.0847477 0.0887769 0.123037 0.903815
2 0.648526 0.298583 0.0794044 0.0909983 0.896196
4 0.29184 0.296132 0.0722286 0.0975648 0.872561
24 0.281486 0.71637 0.0778269 0.116061 0.835325
13 0.798754 0.273708 0.043011 0.132795 0.827775
8 0.674122 0.493139 0.092881 0.0875997 0.826292
8 0.552842 0.29488 0.090068 0.0863366 0.777851
22 0.39593 0.0995663 0.0846495 0.0855524 0.774656
7 0.125771 0.928661 0.0945286 0.126329 0.721623
5 0.113138 0.503725 0.0867252 0.0862594 0.643511
2 0.0384251 0.897628 0.0664188 0.0876942 0.528512
5 0.86462 0.0936566 0.0821545 0.087832 0.520021
