8 0.514232 0.0824305 0.0402292 0.0412941 0.970404
9 0.521039 0.439455 0.0382218 0.0417271 0.943967
0 0.670718 0.350423 0.0590847 0.0402981 0.939834
8 0.422035 0.26453 0.0382341 0.0411075 0.901616
1 0.315702 0.363865 0.0405487 0.0589893 0.891587
8 0.463345 0.788617 0.0399703 0.0432349 0.867161
7 0.318449 0.274832 0.0423136 0.0574015 0.867091
9 0.4465 0.614709 0.0382144 0.0397854 0.847425
5 0.714006 0.17133 0.0354245 0.0411168 0.847324
9 0.722066 0.52838 0.0401762 0.0417173 0.833042
8 0.77665 0.530069 0.039422 0.0404631 0.821886
9 0.505223 0.260666 0.037236 0.0422474 0.786255
9 0.517545 0.530336 0.0381978 0.0420365 0.744695
5 0.653758 0.0846794 0.0347716 0.0387948 0.742687
0 0.393872 0.70306 0.0622166 0.0393419 0.735876
5 0.399478 0.352091 0.0353929 0.0415437 0.734463
1 0.628189 0.183167 0.0399511 0.0585297 0.715079
6 0.671798 0.172912 0.0418355 0.0388362 0.644966
5 0.422463 0.79087 0.038107 0.0398428 0.630804
2 0.576548 0.44143 0.0303447 0.039928 0.626769
18 0.697555 0.0738641 0.0419347 0.0534763 0.620607
8 0.38227 0.529839 0.0428371 0.0415115 0.609445
