8 0.144874 0.405161 0.0915016 0.0880768 0.972995
9 0.424437 0.795526 0.084087 0.0947652 0.971786
16 0.352267 0.405027 0.095885 0.0850837 0.959033
0 0.27505 0.212131 0.130768 0.082812 0.953253
11 0.141485 0.0260864 0.0865944 0.0521729 0.953123
11 0.167762 0.575533 0.0868521 0.132392 0.952257
14 0.705023 0.383683 0.0420282 0.131354 0.916659
18 0.5828 0.387423 0.086401 0.116777 0.898544
4 0.225772 0.394536 0.0612596 0.109692 0.893911
13 0.241738 0.57865 0.0471885 0.137362 0.891409
5 0.0523965 0.0274061 0.0790574 0.0548122 0.888072
5 0.39527 0.1997 0.0833285 0.0921875 0.879098
0 0.699366 0.0246234 0.139792 0.0492467 0.874328
5 0.0546313 0.407524 0.078482 0.08352 0.858473
5 0.777499 0.401868 0.08182 0.0870013 0.8428
5 0.838262 0.0224831 0.0847591 0.0449663 0.836806
13 0.245162 0.77952 0.0429806 0.138684 0.829387
2 0.472147 0.600069 0.064552 0.084061 0.817558
4 0.615225 0.588905 0.0597312 0.104826 0.816128
16 0.0673761 0.602388 0.0924508 0.0855981 0.80026
13 0.652791 0.37877 0.037514 0.132759 0.789464
19 0.0132602 0.797489 0.0264455 0.102 0.729704
14 0.910169 0.0238822 0.0432841 0.0477643 0.716704
5 0.0732162 0.798371 0.0805521 0.0893879 0.631781
7 0.874522 0.426264 0.0950968 0.132851 0.624031
9 0.491063 0.20259 0.0850623 0.0925079 0.585308
23 0.456999 0.0215335 0.0675395 0.0430669 0.574178
13 0.759058 0.775731 0.0440053 0.135362 0.547714
23 0.921245 0.206724 0.0666506 0.0813432 0.516112
