7 0.488373 0.0366299 0.0876955 0.0732599 0.988964
4 0.353982 0.184568 0.0668198 0.104178 0.973208
21 0.645608 0.401525 0.10209 0.124509 0.961057
5 0.432782 0.186992 0.0779376 0.0872783 0.924418
1 0.713514 0.207418 0.0850264 0.129752 0.916402
14 0.546328 0.562172 0.0411742 0.134811 0.885636
9 0.333424 0.382886 0.0864437 0.0934317 0.880393
5 0.739415 0.378143 0.0810444 0.0837308 0.880343
2 0.583337 0.189691 0.0669179 0.0835497 0.872556
4 0.512808 0.177531 0.0686808 0.0951043 0.853733
6 0.815557 0.179979 0.0901542 0.0825343 0.832312
4 0.708816 0.57248 0.0666052 0.0996844 0.805517
5 0.392888 0.0133365 0.0881289 0.026673 0.736244
5 0.786453 0.576336 0.0831826 0.0867631 0.708909
6 0.619026 0.583173 0.0916059 0.0829479 0.677803
2 0.0719523 0.967031 0.0721732 0.0659386 0.65679
5 0.595905 0.0124386 0.0926857 0.0248772 0.618137
8 0.786979 0.772652 0.0958557 0.0882161 0.608766
14 0.859726 0.357466 0.0470033 0.135215 0.606192
22 0.236186 0.394338 0.083892 0.0856391 0.597253
5 0.691043 0.0107525 0.0878698 0.0215049 0.577993
