5 0.358671 0.275962 0.036947 0.0409306 0.966735
8 0.51376 0.692345 0.0363976 0.0405087 0.952146
2 0.358571 0.521467 0.030934 0.0413505 0.809965
8 0.708544 0.356951 0.0389934 0.0386728 0.803068
6 0.361667 0.77489 0.0407792 0.0405295 0.744372
11 0.787272 0.681893 0.0365906 0.0634068 0.722528
9 0.591316 0.272487 0.0335686 0.0415741 0.70403
6 0.740549 0.439714 0.0397784 0.0379647 0.701832
6 0.361623 0.107529 0.0422714 0.0425464 0.646804
4 0.847249 0.263781 0.0309536 0.0492685 0.628777
4 0.6656 0.768395 0.032398 0.049147 0.543781
5 0.828494 0.687843 0.0373137 0.0395977 0.528109
