7 0.554663 0.496536 0.0932461 0.128505 0.98885
8 0.0637528 0.0882878 0.0914115 0.0843728 0.958734
8 0.4237 0.872265 0.094766 0.087672 0.954865
23 0.0506809 0.281842 0.0700009 0.0861167 0.94913
2 0.451443 0.673169 0.0766219 0.0873067 0.943614
2 0.352516 0.0812251 0.0697898 0.0894887 0.935546
27 0.0150084 0.500972 0.0300168 0.126714 0.93454
6 0.611434 0.0769936 0.091467 0.0873524 0.933376
4 0.517958 0.866514 0.0821829 0.101372 0.908628
1 0.511015 0.103705 0.0836008 0.124216 0.898301
6 0.758652 0.468322 0.0920875 0.0828046 0.890311
22 0.258812 0.674114 0.0830597 0.0845091 0.888735
6 0.323674 0.874301 0.0934042 0.0857797 0.878889
2 0.70221 0.0739439 0.0677856 0.0855024 0.867388
13 0.413236 0.0633072 0.0477964 0.126079 0.860955
6 0.659799 0.471466 0.0929506 0.0862951 0.825699
8 0.161165 0.672276 0.0893609 0.0891737 0.806165
18 0.11093 0.463021 0.0883424 0.118062 0.797457
13 0.181623 0.456298 0.0402994 0.134144 0.706244
22 0.584835 0.274014 0.0854633 0.0859653 0.706029
29 0.677423 0.653301 0.123945 0.154977 0.685264
14 0.835614 0.453117 0.0461681 0.133106 0.61813
14 0.248788 0.853072 0.0458264 0.13517 0.616658
14 0.657782 0.254667 0.0431352 0.132815 0.610834
8 0.138738 0.280449 0.095269 0.0858674 0.577655
13 0.79206 0.850375 0.0474834 0.141463 0.572927
5 0.603115 0.866915 0.081008 0.0894545 0.550018
5 0.794671 0.665417 0.0814741 0.0863204 0.507993
