16 0.603613 0.0950856 0.0920887 0.0850131 0.98943
22 0.774123 0.29605 0.0801657 0.0859948 0.967351
8 0.778504 0.493736 0.0865194 0.0881758 0.961025
1 0.608466 0.51556 0.0821657 0.130959 0.950435
13 0.706252 0.273783 0.0410752 0.13431 0.930149
14 0.662223 0.272339 0.0416219 0.134316 0.915815
4 0.793372 0.687302 0.0640333 0.103703 0.905593
22 0.863741 0.493578 0.0778633 0.0860398 0.890384
9 0.873344 0.292471 0.0807779 0.0909725 0.867974
14 0.597062 0.674769 0.0470856 0.134757 0.699107
22 0.694841 0.0950492 0.0768657 0.0853903 0.678034
14 0.762342 0.07273 0.0418775 0.134482 0.552995
27 0.684504 0.515593 0.0464563 0.128332 0.500033
