23 0.548571 0.371155 0.0651354 0.0841514 0.985547
8 0.706873 0.164745 0.0862756 0.0869384 0.960443
4 0.776941 0.549687 0.0675867 0.107165 0.933026
2 0.912218 0.351359 0.0675685 0.0864019 0.885184
2 0.629423 0.363315 0.0646721 0.0867008 0.864339
2 0.663186 0.758035 0.061278 0.087513 0.84992
6 0.966908 0.547439 0.0657349 0.084991 0.791386
1 0.882983 0.572317 0.0804114 0.129285 0.733413
23 0.732855 0.758746 0.0611283 0.0806708 0.651038
14 0.906179 0.135222 0.0362508 0.129093 0.561762
1 0.850257 0.0221305 0.0880358 0.0442609 0.525078
