0 0.143231 0.0212491 0.0576339 0.0398249 0.847226
0 0.0759215 0.518946 0.0601453 0.0406594 0.836772
0 0.664109 0.677934 0.0610301 0.0424521 0.831576
0 0.113691 0.603023 0.0624831 0.0421886 0.827421
11 0.221935 0.338886 0.034936 0.0621614 0.822136
5 0.262857 0.349145 0.0359602 0.0408222 0.78943
5 0.0701665 0.434774 0.0371795 0.0415574 0.786942
7 0.345629 0.695477 0.0365578 0.0597456 0.782258
2 0.421713 0.431958 0.0319157 0.0425549 0.77669
7 0.154146 0.111374 0.0374751 0.054463 0.686936
12 0.0339925 0.186144 0.0337294 0.074492 0.669238
5 0.146866 0.349034 0.0379391 0.0407889 0.665505
9 0.383654 0.516353 0.0323619 0.0396204 0.66373
0 0.755736 0.0930765 0.0609152 0.0408186 0.640763
5 0.190288 0.182881 0.0391247 0.039607 0.632649
12 0.462317 0.349043 0.0314151 0.0765318 0.598422
11 0.106471 0.340965 0.0348623 0.0620994 0.548328
0 0.270964 0.851344 0.0623145 0.0426068 0.539243
