5 0.0854067 0.0927928 0.0341986 0.039352 0.926907
11 0.24099 0.335355 0.0354843 0.0632662 0.926612
0 0.525654 0.266261 0.0607493 0.0404627 0.814974
5 0.279637 0.179056 0.0392929 0.0416895 0.793858
8 0.493305 0.353839 0.0373554 0.042905 0.669535
11 0.580229 0.345224 0.0342169 0.0649514 0.662768
5 0.475364 0.26675 0.0367752 0.0403694 0.645376
9 0.194585 0.0928954 0.0339709 0.0397505 0.643211
7 0.492125 0.192578 0.0565616 0.0599816 0.608584
0 0.022461 0.0123142 0.0427198 0.0246285 0.537332
0 0.760969 0.103535 0.0601252 0.0410085 0.528053
