16 0.883134 0.250682 0.0958254 0.0895185 0.984685
4 0.607726 0.250362 0.0578465 0.100439 0.977036
19 0.745276 0.0515638 0.0634232 0.0880668 0.957498
14 0.487749 0.0523157 0.0449564 0.104631 0.954826
6 0.557117 0.057235 0.0840801 0.0865649 0.951152
22 0.760751 0.450014 0.0820999 0.0869107 0.833411
9 0.647253 0.0523259 0.0793403 0.0933052 0.77814
7 0.917688 0.0714821 0.102275 0.137853 0.74835
5 0.823293 0.0481077 0.0812742 0.0899093 0.715829
8 0.969845 0.246272 0.0603107 0.087643 0.634066
13 0.59427 0.629287 0.0415069 0.133971 0.565505
22 0.783749 0.650685 0.0809252 0.0878239 0.55648
23 0.786315 0.848555 0.0634651 0.0842669 0.545486
