9 0.0940622 0.518656 0.0341697 0.039961 0.9338
0 0.0520219 0.603597 0.0600676 0.0430386 0.915445
5 0.16308 0.602399 0.0403054 0.042032 0.870787
5 0.488151 0.767886 0.0391839 0.0404848 0.846585
0 0.386851 0.768174 0.0550261 0.0406144 0.845469
0 0.198172 0.768634 0.0553714 0.0418942 0.831364
6 0.105214 0.602197 0.0404829 0.0398459 0.805582
9 0.595774 0.515952 0.0359821 0.0429082 0.783054
5 0.147567 0.769072 0.0390244 0.0410872 0.68521
12 0.447275 0.769251 0.0332575 0.0779929 0.68418
9 0.826815 0.427003 0.0369844 0.0486178 0.654046
7 0.221435 0.531505 0.0375785 0.0583584 0.635984
14 0.27945 0.672089 0.0196996 0.0624001 0.500854
