0 0.51482 0.0616881 0.0543879 0.0370417 0.933402
6 0.412141 0.0624287 0.0365878 0.0361987 0.896544
8 0.464559 0.139099 0.0357435 0.0371493 0.866308
23 0.0850798 0.0706882 0.0284845 0.0367053 0.849735
9 0.525333 0.455465 0.0360466 0.0409458 0.847877
23 0.433078 0.379027 0.0335852 0.0386889 0.794465
0 0.0436841 0.388959 0.0549527 0.037544 0.787072
0 0.439395 0.217725 0.0545765 0.0371305 0.785307
6 0.0867029 0.310686 0.0371315 0.0362835 0.781775
4 0.471812 0.293403 0.0260433 0.0390947 0.768618
8 0.646215 0.0602368 0.0362797 0.0358034 0.727836
9 0.220732 0.46638 0.0371754 0.0416823 0.670446
8 0.256238 0.227713 0.0359169 0.0361449 0.666864
8 0.3736 0.0640389 0.0333908 0.0356312 0.582806
14 0.624343 0.282798 0.0158594 0.0604665 0.575297
2 0.229479 0.305255 0.0282977 0.0376791 0.563
0 0.0376734 0.31086 0.0568272 0.0397305 0.551096
12 0.237081 0.374018 0.0374452 0.0674363 0.546859
