4 0.337234 0.463293 0.0594764 0.100214 0.984944
2 0.792645 0.26017 0.0697623 0.0881853 0.981346
8 0.0317925 0.275198 0.0634916 0.0896779 0.975456
5 0.688257 0.0619745 0.0811682 0.09219 0.951422
1 0.805663 0.082311 0.0861478 0.133209 0.937766
22 0.118879 0.272602 0.0805545 0.0855842 0.924667
28 0.605737 0.257229 0.106418 0.171573 0.921008
16 0.735251 0.663378 0.0984493 0.0868613 0.908894
2 0.422643 0.665597 0.0682073 0.0864458 0.908858
13 0.509017 0.0558575 0.0459472 0.111715 0.865965
5 0.877408 0.257998 0.0812829 0.0898678 0.845951
21 0.223485 0.492884 0.125275 0.132187 0.840731
14 0.197009 0.249538 0.042742 0.1321 0.839752
2 0.121408 0.470318 0.0685401 0.0873208 0.838812
14 0.559103 0.0533199 0.0449011 0.10664 0.815529
1 0.699213 0.484503 0.0822115 0.130041 0.811551
22 0.0870865 0.678087 0.0831939 0.0834029 0.795211
6 0.327303 0.672423 0.0917584 0.0832381 0.782442
5 0.618258 0.663729 0.089793 0.0874925 0.706822
6 0.799782 0.458016 0.0940545 0.0862868 0.694134
14 0.0517805 0.45043 0.0430156 0.132523 0.668981
1 0.224121 0.700392 0.0886039 0.129157 0.66808
14 0.0126942 0.45088 0.0253884 0.133641 0.647766
14 0.611151 0.0544982 0.0453498 0.108996 0.644163
27 0.688568 0.280814 0.0448458 0.127338 0.613898
8 0.128088 0.87897 0.094172 0.0898454 0.511417
