2 0.358904 0.18004 0.0720386 0.0855566 0.965754
7 0.445733 0.399507 0.0969166 0.131339 0.962451
9 0.123246 0.572475 0.0818743 0.0899549 0.958732
8 0.0426544 0.772463 0.0849627 0.0888255 0.95336
0 0.203039 0.374602 0.13642 0.0887926 0.941458
5 0.328036 0.378843 0.086082 0.0877355 0.940254
9 0.448932 0.176196 0.0839919 0.0904061 0.930689
6 0.065632 0.179736 0.0910998 0.0823605 0.916491
6 0.552335 0.375658 0.0897312 0.0825227 0.912739
2 0.286072 0.770122 0.0704837 0.0876132 0.908739
5 0.0389293 0.576289 0.0778586 0.0867449 0.905354
4 0.836703 0.558006 0.0654986 0.10044 0.889412
4 0.561049 0.559554 0.0656239 0.106579 0.874886
5 0.480931 0.569872 0.0854655 0.0908711 0.814936
22 0.167659 0.17907 0.0812187 0.0831978 0.807142
22 0.752831 0.36957 0.0837011 0.0850067 0.798675
5 0.637279 0.56435 0.0848644 0.0901399 0.781637
14 0.676748 0.348315 0.0480796 0.131914 0.775914
14 0.625758 0.347499 0.0481904 0.130377 0.765076
4 0.823824 0.16776 0.067637 0.104208 0.754657
7 0.382571 0.600743 0.0906353 0.12202 0.751623
22 0.141361 0.771999 0.0833836 0.0838163 0.721714
0 0.58162 0.764205 0.14007 0.0878212 0.677392
1 0.73252 0.195152 0.0855954 0.125983 0.659052
14 0.109681 0.357321 0.0470111 0.135378 0.616733
16 0.487402 0.962834 0.100865 0.0743324 0.613762
0 0.511262 0.00730635 0.138032 0.0146127 0.572852
8 0.26214 0.00992464 0.0939566 0.0198493 0.557784
14 0.0553987 0.357666 0.0404417 0.128768 0.522849
5 0.015055 0.379483 0.0301101 0.0802996 0.51345
