7 0.388306 0.585363 0.0945352 0.125579 0.987588
11 0.587895 0.533506 0.0911051 0.133041 0.984962
18 0.253151 0.338651 0.0907583 0.125502 0.955413
9 0.379234 0.749629 0.0867395 0.0937262 0.933026
13 0.290737 0.133323 0.0478317 0.140192 0.931748
2 0.124327 0.561591 0.0702208 0.0886493 0.92782
1 0.115469 0.377438 0.0881881 0.134357 0.913305
5 0.369375 0.154055 0.0867093 0.0930038 0.902618
9 0.016266 0.348427 0.0324564 0.0947061 0.902425
13 0.620551 0.730442 0.043512 0.132307 0.902046
5 0.501832 0.752222 0.0835072 0.0885592 0.899344
5 0.219855 0.157602 0.0945952 0.0915379 0.896038
5 0.284861 0.752976 0.0819224 0.0862736 0.871153
13 0.330857 0.338231 0.0440936 0.135666 0.870972
2 0.688085 0.347416 0.069066 0.0829784 0.864901
14 0.573387 0.728132 0.0412141 0.129441 0.846172
5 0.489509 0.553675 0.0861163 0.0887511 0.814446
5 0.69488 0.751266 0.0826744 0.0850219 0.778731
22 0.0368128 0.562256 0.0736256 0.0858167 0.742797
13 0.214181 0.732201 0.0451269 0.136307 0.641101
1 0.158588 0.0244875 0.0898464 0.0486791 0.607506
5 0.0944366 0.751962 0.0858023 0.0850551 0.581717
4 0.682108 0.5554 0.0767361 0.084223 0.500666
