4 0.362141 0.119485 0.0735703 0.137185 0.987611
4 0.277997 0.731368 0.0714185 0.108695 0.98631
0 0.249956 0.147436 0.136974 0.0865695 0.973141
24 0.350573 0.552532 0.0769113 0.112763 0.964209
2 0.273148 0.533327 0.0699635 0.0891132 0.9435
5 0.357366 0.73707 0.0845327 0.0924273 0.911694
4 0.161875 0.327786 0.0635334 0.105697 0.866209
13 0.218134 0.717574 0.0461969 0.136696 0.860123
5 0.0774277 0.336989 0.0893871 0.0897415 0.855736
2 0.0351745 0.744844 0.0703489 0.0873671 0.847298
2 0.230616 0.343263 0.0740515 0.0926919 0.578057
7 0.0178073 0.556109 0.0355377 0.132703 0.51423
