21 0.676843 0.42733 0.0947438 0.128197 0.965219
14 0.831021 0.181243 0.0423536 0.130408 0.949972
21 0.908485 0.420245 0.0963542 0.128855 0.908498
14 0.786355 0.185122 0.0431783 0.134924 0.908229
16 0.590597 0.804793 0.0879496 0.0885637 0.900247
5 0.902572 0.198641 0.0822383 0.0853252 0.861755
2 0.661862 0.0258864 0.0615542 0.0517729 0.83059
2 0.824413 0.402112 0.0643406 0.0898142 0.765658
4 0.901925 0.790086 0.0643947 0.102457 0.757386
8 0.717523 0.601976 0.0471725 0.0875994 0.690409
14 0.861009 0.574134 0.0451928 0.13209 0.649385
14 0.752537 0.779628 0.0394113 0.13457 0.602864
11 0.867126 0.0204626 0.0880113 0.0409252 0.569682
8 0.576146 0.0280556 0.0916286 0.0561112 0.551443
13 0.78322 0.0226965 0.0383408 0.0453602 0.522895
