0 0.270805 0.101031 0.0619426 0.0435683 0.955878
0 0.540069 0.100146 0.0585625 0.0429174 0.932321
0 0.440011 0.355113 0.0590856 0.0471745 0.926297
0 0.262488 0.357438 0.0631368 0.0471994 0.90276
9 0.356857 0.268132 0.0353702 0.0429195 0.883285
8 0.0625566 0.10621 0.0393018 0.0383693 0.828445
0 0.513974 0.352891 0.0630055 0.0489061 0.821146
23 0.0988365 0.18695 0.0324802 0.0404031 0.794223
0 0.0726062 0.274901 0.057928 0.0430593 0.771064
9 0.479101 0.0977545 0.0354071 0.0421952 0.766964
0 0.280063 0.185582 0.0592921 0.0430799 0.755245
1 0.150862 0.193528 0.0388932 0.0640858 0.636823
5 0.652537 0.261995 0.0374641 0.0430987 0.626315
23 0.742978 0.175089 0.032938 0.03872 0.573852
18 0.349624 0.351124 0.0363392 0.0521053 0.557169
