23 0.0747997 0.13899 0.070847 0.0864344 0.981449
16 0.272097 0.141713 0.100835 0.0898049 0.957803
4 0.656935 0.128674 0.070576 0.109452 0.948034
18 0.0962818 0.532618 0.0878161 0.121207 0.945381
4 0.386776 0.538254 0.0707433 0.110431 0.94184
4 0.196608 0.347225 0.0583538 0.107032 0.935536
19 0.230226 0.548793 0.0633412 0.0888585 0.934409
9 0.633887 0.336446 0.0882308 0.0945685 0.917789
22 0.155435 0.141844 0.082394 0.0863489 0.906993
14 0.445563 0.115033 0.0418946 0.131448 0.895081
6 0.630606 0.543815 0.0869186 0.085005 0.868151
38 0.368378 0.321649 0.134619 0.137589 0.867599
13 0.169724 0.52687 0.0444448 0.139719 0.863994
14 0.104286 0.72567 0.0463941 0.131882 0.836944
22 0.373466 0.135154 0.0850178 0.0889158 0.806839
2 0.276429 0.749696 0.0747018 0.0893857 0.789294
5 0.305765 0.546851 0.080677 0.0906608 0.783089
4 0.0124996 0.541106 0.0249412 0.121236 0.759379
13 0.138999 0.323182 0.0379844 0.135075 0.731093
6 0.180059 0.747273 0.0947911 0.0871801 0.709859
1 0.668885 0.765485 0.0839131 0.126261 0.629442
8 0.878682 0.129688 0.0941238 0.0899787 0.551977
5 0.887698 0.53903 0.0861125 0.0871091 0.540915
