8 0.550734 0.0735384 0.0966239 0.089208 0.980499
23 0.470144 0.681661 0.0695726 0.0850341 0.979972
21 0.612756 0.301272 0.0954671 0.124748 0.948606
22 0.651631 0.0749034 0.082745 0.0839848 0.947754
13 0.0358438 0.256141 0.0434627 0.136555 0.905307
4 0.10214 0.0743207 0.0652477 0.104577 0.88235
8 0.432674 0.0744762 0.0952247 0.0888537 0.848957
9 0.138212 0.478009 0.0859753 0.0938749 0.802751
0 0.200121 0.686285 0.142743 0.0888367 0.7928
9 0.50482 0.4733 0.0831384 0.0913095 0.698762
13 0.529982 0.2536 0.0445158 0.143322 0.688014
8 0.768274 0.274935 0.0901928 0.0892583 0.669235
14 0.445428 0.865047 0.0423704 0.133208 0.64567
22 0.039657 0.489708 0.0786823 0.0854173 0.636216
23 0.0749666 0.889291 0.0708602 0.0855361 0.56658
22 0.155512 0.891869 0.0821134 0.0859234 0.545635
14 0.436061 0.255775 0.0349609 0.131407 0.541052
