4 0.0738173 0.168066 0.0678467 0.103581 0.969479
4 0.0864894 0.558119 0.0657423 0.100058 0.963135
9 0.456504 0.360734 0.0873486 0.0975647 0.962276
22 0.357289 0.365758 0.0815558 0.0814403 0.943567
9 0.0994801 0.361986 0.0901411 0.0944355 0.925397
14 0.327476 0.143475 0.0463148 0.131597 0.916568
2 0.247726 0.755704 0.0672525 0.084112 0.900128
13 0.344222 0.537556 0.0462961 0.134927 0.766966
1 0.0126961 0.196594 0.02531 0.124415 0.741239
22 0.0223959 0.370977 0.0447918 0.0878661 0.695524
0 0.460029 0.583185 0.0953036 0.125638 0.61999
4 0.485626 0.948879 0.0663507 0.102242 0.614636
