16 0.372388 0.457452 0.098599 0.0853875 0.993933
2 0.0427042 0.260323 0.0702016 0.0878577 0.976946
6 0.368295 0.257917 0.0916487 0.086071 0.966277
5 0.127474 0.258123 0.0815667 0.0899353 0.943911
4 0.380169 0.649778 0.0624112 0.100456 0.942226
2 0.430106 0.0555846 0.0654438 0.087855 0.941552
22 0.153193 0.457501 0.0832796 0.0839147 0.940037
1 0.0557163 0.082443 0.0861959 0.133116 0.929811
6 0.0500421 0.458139 0.093599 0.0867108 0.919464
22 0.473011 0.253447 0.084511 0.0862793 0.918925
1 0.252361 0.283671 0.0859063 0.134912 0.915969
9 0.252725 0.458657 0.0855484 0.0923442 0.907165
13 0.28687 0.842388 0.0489795 0.138233 0.82556
18 0.32899 0.0511066 0.105024 0.102092 0.711599
22 0.213408 0.866364 0.0832259 0.0855591 0.701358
5 0.359157 0.863601 0.0901377 0.0892889 0.701145
22 0.0949768 0.663361 0.0814141 0.086762 0.692883
1 0.478803 0.885833 0.0871013 0.132041 0.668009
22 0.48166 0.454792 0.0846925 0.0881109 0.573684
27 0.492956 0.0731645 0.0563833 0.133541 0.567572
