8 0.162425 0.33518 0.0957613 0.0893071 0.968505
6 0.208797 0.13756 0.0973571 0.0843632 0.942463
7 0.489642 0.762069 0.087683 0.122148 0.938438
8 0.529554 0.534643 0.0906496 0.087018 0.937514
5 0.419203 0.533965 0.0829272 0.0881128 0.928553
28 0.199729 0.709868 0.105351 0.131543 0.927702
2 0.519002 0.13178 0.0720862 0.0872279 0.921875
4 0.136187 0.52856 0.0620866 0.100456 0.903572
4 0.293663 0.12874 0.0623398 0.101086 0.902915
2 0.0746761 0.333672 0.0647926 0.0876154 0.892808
6 0.384283 0.335468 0.0912912 0.0832042 0.892434
1 0.526421 0.355481 0.0861695 0.130206 0.885787
5 0.392188 0.734777 0.0882788 0.0848017 0.881787
6 0.691319 0.73052 0.086941 0.0829544 0.749812
4 0.353881 0.934266 0.0672371 0.103597 0.722954
5 0.0227085 0.141243 0.0454169 0.0902866 0.701113
