2 0.368318 0.146186 0.0698695 0.0842519 0.964927
14 0.427395 0.329134 0.0428656 0.130414 0.956726
8 0.0308727 0.354157 0.0615905 0.086744 0.909414
6 0.277983 0.148145 0.0899383 0.0845156 0.8931
1 0.11083 0.375132 0.0822465 0.129028 0.878286
1 0.262825 0.774986 0.0802552 0.124747 0.873643
5 0.457228 0.745408 0.0857384 0.0880394 0.87014
6 0.36027 0.748217 0.090008 0.0804009 0.869014
4 0.528561 0.539261 0.0703571 0.108275 0.862667
1 0.182841 0.17162 0.0832163 0.126505 0.861684
4 0.0631033 0.142067 0.0616384 0.102035 0.860223
5 0.445008 0.55128 0.080681 0.082638 0.854142
13 0.37243 0.531044 0.0423871 0.139925 0.838596
4 0.625525 0.340487 0.0572033 0.104291 0.825847
7 0.29662 0.576308 0.0778685 0.120564 0.79765
9 0.551473 0.744229 0.0845397 0.0914702 0.751502
16 0.673588 0.747637 0.0970538 0.0857717 0.739977
5 0.546045 0.144178 0.0842221 0.0868366 0.730571
18 0.449765 0.127333 0.0844997 0.116798 0.696649
2 0.0166416 0.953693 0.0331992 0.0926133 0.525546
