5 0.470298 0.209752 0.0342709 0.0369832 0.904186
8 0.632976 0.369973 0.0374212 0.0414165 0.855293
2 0.298046 0.370741 0.0309413 0.0384055 0.8423
8 0.281018 0.291559 0.0332183 0.0376161 0.817077
1 0.0816114 0.222135 0.0386576 0.0548676 0.806359
18 0.0774686 0.128145 0.0381895 0.0519642 0.739467
8 0.57723 0.212272 0.0333651 0.038141 0.735466
7 0.556714 0.140037 0.0406826 0.0543889 0.72827
2 0.152312 0.132969 0.029681 0.0381754 0.711784
8 0.748255 0.370966 0.0369895 0.0391316 0.709871
6 0.718883 0.0559677 0.035298 0.0389891 0.503558
