9 0.135958 0.302235 0.0867276 0.0947791 0.958764
1 0.524917 0.129197 0.0843225 0.128687 0.957594
7 0.220222 0.529103 0.0992435 0.1324 0.954988
14 0.401226 0.480925 0.0438789 0.13509 0.953846
4 0.0743193 0.0918264 0.0608858 0.106098 0.950617
2 0.418488 0.303329 0.0713946 0.0874501 0.945066
6 0.328148 0.503445 0.0954963 0.0846666 0.939892
0 0.303071 0.305826 0.139236 0.0882071 0.927321
2 0.71633 0.102195 0.0694247 0.0835025 0.921062
6 0.476846 0.504708 0.0952827 0.0861059 0.916457
5 0.149438 0.102728 0.082532 0.089521 0.905648
0 0.0764464 0.509543 0.13507 0.0906888 0.89932
4 0.490926 0.295552 0.0596114 0.101198 0.882331
2 0.578661 0.500767 0.068177 0.0892968 0.866278
9 0.244256 0.100708 0.0856314 0.0947162 0.864442
4 0.345152 0.893272 0.0740181 0.105611 0.861614
8 0.157869 0.904464 0.0962192 0.0878551 0.836295
5 0.799127 0.0999516 0.0828834 0.0878767 0.802154
0 0.0823824 0.709451 0.132229 0.0843928 0.79899
6 0.624425 0.105246 0.092092 0.085222 0.796873
4 0.549952 0.701959 0.0639338 0.100224 0.677457
5 0.658646 0.703423 0.0858164 0.0904945 0.666143
14 0.356091 0.680743 0.046488 0.135005 0.664573
5 0.852684 0.304974 0.0855882 0.0845538 0.614196
2 0.729386 0.500195 0.0729992 0.0886678 0.612886
14 0.409462 0.684172 0.0391322 0.132018 0.61032
5 0.566447 0.303164 0.0836172 0.0893052 0.605347
23 0.656525 0.50318 0.0660818 0.0841265 0.593757
2 0.474128 0.704674 0.0707873 0.0883616 0.535366
5 0.425845 0.900907 0.0855656 0.0885963 0.534399
