9 0.675383 0.141673 0.0822308 0.0918415 0.971961
14 0.477519 0.124859 0.0390232 0.135388 0.955404
6 0.584882 0.146839 0.0799756 0.0829172 0.954787
13 0.520033 0.122568 0.0418915 0.136425 0.940302
2 0.494528 0.332762 0.0661248 0.0909294 0.934769
13 0.621957 0.513315 0.040913 0.129429 0.930892
6 0.600091 0.735331 0.0860367 0.0847396 0.913183
1 0.505884 0.752354 0.0791676 0.130721 0.909389
2 0.836229 0.540857 0.0645208 0.0904264 0.864811
5 0.742052 0.339596 0.0805981 0.0881307 0.856884
22 0.69484 0.734932 0.07794 0.0847702 0.844568
0 0.727309 0.538294 0.130813 0.088257 0.833966
18 0.8321 0.325023 0.0857313 0.121422 0.822656
0 0.806567 0.146147 0.132171 0.0859798 0.811006
