0 0.326182 0.262863 0.0609543 0.0425276 0.979086
8 0.505978 0.34968 0.0357366 0.040603 0.895723
8 0.58449 0.351983 0.0411 0.0423025 0.889326
0 0.63447 0.102616 0.0564837 0.0392642 0.884992
1 0.325444 0.356091 0.0382252 0.0574875 0.84354
6 0.380117 0.432289 0.0409747 0.0384308 0.833687
12 0.323345 0.51457 0.0319205 0.0763293 0.825553
8 0.101972 0.426115 0.0361563 0.0414989 0.792829
5 0.207414 0.0161516 0.0377194 0.0321887 0.773306
5 0.147427 0.0944821 0.036093 0.0407605 0.772926
5 0.505494 0.516496 0.0369164 0.0396912 0.758289
7 0.565565 0.0283697 0.0569166 0.0566827 0.738515
8 0.466164 0.0183267 0.0416042 0.0366534 0.695209
11 0.108662 0.0801879 0.0347964 0.0615646 0.680699
5 0.423504 0.764563 0.0384177 0.0397489 0.63808
0 0.43835 0.0983979 0.0533028 0.0402714 0.621589
14 0.545833 0.174595 0.0162014 0.0619422 0.618453
5 0.431735 0.432385 0.0351006 0.0420467 0.618166
6 0.740941 0.772318 0.0431489 0.037725 0.604688
9 0.49875 0.181727 0.0354269 0.0415235 0.597933
5 0.587414 0.101258 0.0356491 0.0411526 0.578475
5 0.412294 0.0168313 0.0381325 0.0335774 0.570207
2 0.140489 0.425312 0.0319938 0.0425344 0.569877
11 0.0808877 0.50016 0.0338929 0.0638235 0.553353
14 0.0385697 0.41223 0.0153771 0.0625209 0.550221
2 0.0125268 0.424158 0.0246721 0.0388193 0.54515
2 0.50786 0.0187275 0.0318564 0.0374551 0.520584
1 0.39844 0.688948 0.0381364 0.0635909 0.51952
