2 0.311954 0.294339 0.0660427 0.0827514 0.976813
6 0.219727 0.297998 0.0917119 0.0845302 0.944431
13 0.0487005 0.2737 0.0429601 0.132664 0.937246
4 0.362088 0.869232 0.0734212 0.136849 0.929554
2 0.14249 0.497646 0.0760061 0.0886891 0.920848
24 0.226815 0.708462 0.0766125 0.113812 0.919696
5 0.114747 0.0935378 0.0821395 0.0875738 0.909625
5 0.351776 0.0952324 0.0837716 0.089434 0.905793
1 0.12241 0.320423 0.0856242 0.126662 0.85314
14 0.012144 0.271244 0.024288 0.134745 0.750214
9 0.042963 0.693661 0.0853038 0.0942364 0.661414
2 0.151111 0.692596 0.0713238 0.08816 0.60159
