19 0.725253 0.518165 0.057323 0.0836953 0.979129
8 0.779163 0.117619 0.0951062 0.0943924 0.946068
1 0.567816 0.349903 0.0847473 0.130416 0.924114
18 0.563047 0.122407 0.084134 0.12295 0.901069
2 0.695983 0.123326 0.0630815 0.0811678 0.889208
13 0.799293 0.499605 0.0434389 0.131514 0.829592
6 0.669127 0.324009 0.0928783 0.0847987 0.81048
5 0.772358 0.320699 0.0830991 0.089355 0.800837
13 0.938905 0.489015 0.0441658 0.135952 0.800539
4 0.721361 0.705442 0.0625184 0.0995082 0.788315
1 0.853853 0.731919 0.0806092 0.127586 0.545494
