16 0.134593 0.526734 0.0994637 0.0855759 0.992572
7 0.243378 0.345546 0.101467 0.132522 0.975465
22 0.235463 0.521216 0.0838541 0.0858991 0.937036
8 0.485035 0.316275 0.098905 0.0891584 0.932718
8 0.483936 0.517392 0.100108 0.0926181 0.929607
13 0.287032 0.0923726 0.0492733 0.138686 0.926448
1 0.478782 0.134989 0.0873755 0.130424 0.920311
14 0.308362 0.499736 0.0448359 0.133622 0.90936
16 0.386418 0.720637 0.0980593 0.0803126 0.908497
22 0.213438 0.116532 0.0830266 0.0852263 0.895299
5 0.359236 0.113679 0.0901906 0.0895537 0.87967
0 0.0472442 0.324942 0.0944008 0.0885032 0.871614
16 0.112237 0.725561 0.095375 0.0854182 0.76862
6 0.382863 0.523997 0.0914825 0.0866139 0.75934
11 0.218068 0.697595 0.0947881 0.133625 0.736459
13 0.325462 0.300595 0.0472106 0.138346 0.707688
2 0.395662 0.318257 0.0732926 0.0882734 0.633005
