16 0.60366 0.845023 0.0919472 0.0852489 0.961611
16 0.590675 0.054911 0.0884056 0.088195 0.960495
22 0.681001 0.250241 0.0725977 0.0847837 0.946281
1 0.601727 0.66679 0.0863614 0.133263 0.939436
8 0.59087 0.260245 0.0858865 0.0900285 0.93219
6 0.60946 0.44438 0.0890796 0.0847663 0.925351
4 0.901863 0.0454493 0.0649238 0.0908333 0.843117
11 0.699394 0.427685 0.0840961 0.132609 0.826046
6 0.819421 0.0500267 0.0870275 0.084494 0.78493
6 0.699061 0.648054 0.0867176 0.0850921 0.718594
14 0.752379 0.0485078 0.0400426 0.0970156 0.691685
13 0.770506 0.424537 0.0437782 0.135755 0.654395
5 0.96802 0.0442045 0.0639606 0.088409 0.537082
