4 0.577358 0.562711 0.061772 0.0946417 0.97099
19 0.662024 0.568437 0.0519878 0.0877221 0.960075
4 0.577144 0.162407 0.066684 0.108282 0.949148
1 0.503407 0.794292 0.0772454 0.126817 0.897811
5 0.691823 0.371219 0.0854678 0.0905529 0.89621
13 0.773347 0.342768 0.0455532 0.137839 0.886392
6 0.49782 0.173296 0.0846837 0.0877022 0.862531
5 0.73044 0.565483 0.0784543 0.0871626 0.832674
18 0.616032 0.748862 0.0837052 0.120055 0.801137
5 0.800451 0.760806 0.0832772 0.088268 0.794916
11 0.889943 0.73649 0.0893526 0.132111 0.761432
4 0.827536 0.354957 0.061318 0.101637 0.747778
14 0.562518 0.0156863 0.0411476 0.0313727 0.599923
5 0.496119 0.0124567 0.0849823 0.0248628 0.592307
2 0.624039 0.00817325 0.072679 0.0163465 0.532949
2 0.630916 0.959421 0.0636874 0.0810461 0.521449
14 0.734387 0.740801 0.0382988 0.131105 0.502956
