6 0.311535 0.438524 0.0895582 0.0822353 0.951996
8 0.656709 0.636185 0.0958188 0.0876334 0.950993
6 0.0799609 0.239921 0.0887196 0.0857269 0.949262
22 0.0947884 0.439885 0.0825001 0.0837909 0.938083
4 0.400053 0.430245 0.0665648 0.10622 0.936254
6 0.454717 0.636513 0.0849521 0.082341 0.932595
5 0.553742 0.437269 0.0881464 0.0884615 0.927489
14 0.623404 0.412638 0.0431179 0.136086 0.920486
14 0.0130845 0.211038 0.026169 0.137089 0.918595
22 0.178289 0.233741 0.084727 0.0876018 0.887894
2 0.495326 0.232864 0.0712585 0.0924903 0.880125
5 0.559938 0.636772 0.0837314 0.0886157 0.861093
5 0.762846 0.636417 0.0814903 0.0849673 0.730354
8 0.0202929 0.444194 0.0405859 0.0825331 0.667229
