23 0.0365758 0.0987102 0.0634258 0.0845356 0.970735
11 0.636238 0.28139 0.0881965 0.132623 0.932255
11 0.172398 0.275649 0.0844817 0.131226 0.908599
6 0.539326 0.303614 0.0891045 0.0844826 0.873697
0 0.332552 0.102945 0.135465 0.0873842 0.866475
4 0.21456 0.0861728 0.0637897 0.109392 0.855015
4 0.824706 0.0918451 0.0612994 0.105971 0.835274
2 0.349192 0.504203 0.0627423 0.0883065 0.810888
4 0.284568 0.499282 0.0632771 0.100152 0.802446
23 0.106674 0.0989935 0.0642272 0.084225 0.785519
14 0.464691 0.282208 0.0430597 0.135674 0.78522
9 0.885877 0.301908 0.0866327 0.0953697 0.75925
14 0.120845 0.47409 0.0777243 0.130217 0.725453
27 0.244318 0.328018 0.0504599 0.128098 0.685311
22 0.394598 0.30494 0.0834219 0.0845413 0.630353
5 0.0353739 0.698407 0.0707477 0.0871661 0.628251
4 0.0126522 0.493875 0.0251485 0.112707 0.590247
0 0.0614191 0.895815 0.122838 0.0865343 0.583704
13 0.100404 0.278726 0.0431969 0.134752 0.550261
5 0.175965 0.899935 0.0801498 0.0853806 0.547186
13 0.705569 0.283937 0.0387733 0.137957 0.513845
