0 0.549224 0.266318 0.0609574 0.0417657 0.955785
0 0.37982 0.265925 0.0620739 0.0410993 0.897872
8 0.410697 0.518796 0.041353 0.0404856 0.889542
7 0.313503 0.448192 0.0363191 0.0584272 0.888476
5 0.487886 0.0190171 0.0398893 0.0380343 0.87984
11 0.775139 0.254294 0.0362456 0.0612636 0.878861
8 0.158365 0.271462 0.0353056 0.0382566 0.873552
4 0.0972402 0.263754 0.0311297 0.0491599 0.870572
0 0.616224 0.349233 0.0619917 0.0431937 0.851225
0 0.456805 0.434739 0.0596184 0.0416549 0.847965
11 0.0373569 0.682161 0.0366561 0.062523 0.833799
0 0.386892 0.0192701 0.0551053 0.0385402 0.820005
0 0.702957 0.595583 0.057858 0.0420523 0.807875
9 0.492345 0.348754 0.0352948 0.0421401 0.727149
5 0.0786086 0.688008 0.0373767 0.0396173 0.704923
5 0.516623 0.765557 0.0363694 0.039909 0.696247
5 0.165642 0.521578 0.0382794 0.042941 0.690042
5 0.147432 0.0196182 0.0395349 0.0392363 0.677133
0 0.44393 0.267299 0.0632502 0.0404399 0.646398
0 0.672924 0.099349 0.0572079 0.0430971 0.640162
8 0.12217 0.436922 0.0409255 0.0415896 0.621751
6 0.506233 0.434438 0.0358745 0.0410322 0.604568
7 0.31444 0.113608 0.037972 0.0588477 0.599316
5 0.324825 0.352761 0.0381944 0.0410236 0.580465
0 0.197894 0.0198474 0.0556118 0.0396948 0.575765
9 0.514853 0.181026 0.0352731 0.0431961 0.574212
4 0.113294 0.683032 0.032419 0.0481672 0.569956
5 0.0828154 0.438425 0.0379061 0.0412989 0.562556
5 0.814878 0.264728 0.0382521 0.0418067 0.534123
8 0.392095 0.686224 0.0415092 0.0409006 0.521464
2 0.0448759 0.772172 0.0272901 0.0378995 0.520567
2 0.4238 0.600507 0.0308286 0.0441134 0.512856
9 0.785737 0.348185 0.0352504 0.0439203 0.510032
6 0.313498 0.687656 0.0383982 0.0393326 0.507754
