1 0.378072 0.552234 0.0358654 0.0533429 0.91215
5 0.135405 0.389192 0.0354206 0.037872 0.874142
5 0.326493 0.545647 0.035896 0.0377293 0.864208
1 0.310369 0.160291 0.0356722 0.0536408 0.843686
2 0.220225 0.231345 0.0308997 0.0370606 0.792248
1 0.448736 0.398272 0.0345845 0.052599 0.791988
9 0.522327 0.471791 0.0361195 0.0384746 0.76311
7 0.0292786 0.555234 0.0392597 0.0520499 0.747323
1 0.406926 0.787353 0.0331143 0.0522618 0.709009
1 0.510687 0.318209 0.0349703 0.0520289 0.670871
5 0.308965 0.623228 0.034721 0.0380616 0.664441
5 0.610655 0.31645 0.0356345 0.0394388 0.643311
5 0.380095 0.0762463 0.0356041 0.036586 0.626234
5 0.245167 0.700431 0.0352826 0.0348563 0.620949
5 0.300895 0.0729946 0.0316027 0.0373136 0.584798
13 0.0545352 0.298757 0.0199193 0.0671313 0.564459
9 0.459337 0.311292 0.0359081 0.0382833 0.534401
23 0.545889 0.236476 0.0311546 0.0359385 0.513587
2 0.153547 0.545626 0.0296597 0.0366757 0.508873
