21 0.158466 0.420316 0.0960861 0.128727 0.982076
7 0.568186 0.215871 0.0935144 0.129862 0.978551
14 0.0811166 0.181576 0.0427364 0.130476 0.936136
4 0.151888 0.790266 0.0649814 0.102022 0.929415
5 0.152639 0.198417 0.0819746 0.0859827 0.928953
9 0.247269 0.197644 0.0809385 0.0881185 0.917745
2 0.335415 0.396064 0.071585 0.0853902 0.891238
2 0.453293 0.0184497 0.0662256 0.0368994 0.867038
14 0.0362951 0.18532 0.0435956 0.135267 0.858622
13 0.647269 0.172869 0.0385832 0.136448 0.854613
8 0.697907 0.587596 0.0862976 0.0833915 0.786924
5 0.22797 0.793633 0.0840379 0.0895047 0.76651
14 0.0113538 0.778573 0.0226946 0.136527 0.742706
23 0.383988 0.0187054 0.0651574 0.0374109 0.741871
5 0.60763 0.586429 0.0805165 0.0908675 0.739781
22 0.628566 0.394705 0.0787739 0.0863992 0.686361
6 0.0693344 0.799974 0.0873381 0.0849969 0.676433
11 0.11703 0.0205989 0.0889502 0.0411977 0.662705
5 0.720858 0.192467 0.0841885 0.0867638 0.653486
14 0.50826 0.375539 0.0462977 0.130642 0.627306
0 0.558968 0.0196761 0.124092 0.0390902 0.551622
13 0.558011 0.373693 0.0445483 0.139997 0.541846
9 0.779203 0.0182245 0.0870357 0.036449 0.535129
4 0.530344 0.587685 0.0679705 0.0948715 0.522426
2 0.0746327 0.402135 0.064122 0.0899093 0.52043
13 0.348454 0.179703 0.0374222 0.125337 0.512697
