8 0.423772 0.122235 0.0947328 0.0875 0.988554
4 0.518081 0.116712 0.0822446 0.101526 0.982185
8 0.536317 0.313943 0.0927527 0.0906118 0.979441
7 0.183488 0.341314 0.101716 0.134456 0.968577
8 0.106831 0.523092 0.0947046 0.0865991 0.956365
6 0.323629 0.12437 0.0929689 0.0863502 0.955068
14 0.248909 0.10385 0.0458104 0.135149 0.947413
2 0.470423 0.515427 0.0714601 0.0920775 0.910582
9 0.654895 0.5111 0.0879798 0.0944111 0.89472
5 0.0826001 0.320577 0.0776859 0.089226 0.842198
5 0.603316 0.117171 0.0816159 0.0898297 0.823778
9 0.041175 0.726431 0.08235 0.0922153 0.806857
11 0.0177554 0.303298 0.0352995 0.145408 0.787622
9 0.34258 0.51782 0.0854042 0.0911947 0.762082
9 0.368307 0.718399 0.086091 0.0924271 0.753977
2 0.0271739 0.529832 0.0543218 0.0877733 0.740805
5 0.445044 0.316033 0.084538 0.0923467 0.725235
22 0.549874 0.518477 0.0827596 0.0858653 0.703752
13 0.792211 0.100828 0.0477403 0.141298 0.681491
18 0.160812 0.715962 0.0877906 0.123043 0.63703
2 0.358703 0.92976 0.0721096 0.0855951 0.592131
27 0.371474 0.342581 0.0522752 0.128279 0.536563
