1 0.503295 0.0538599 0.0768261 0.107311 0.962419
14 0.487831 0.787834 0.0443499 0.132501 0.94964
2 0.630807 0.212979 0.0639081 0.0875446 0.945285
7 0.499413 0.639443 0.0848218 0.128111 0.936912
2 0.719735 0.411042 0.0666189 0.0917286 0.922855
11 0.89093 0.0261327 0.0872638 0.0518574 0.910102
5 0.802681 0.0273481 0.0790951 0.0546963 0.896485
5 0.804654 0.407607 0.0785582 0.0837882 0.884309
19 0.745161 0.801621 0.0631731 0.0874075 0.882693
8 0.894945 0.405437 0.0915339 0.0881356 0.866505
6 0.556733 0.806906 0.0839877 0.0868502 0.866494
9 0.70609 0.216337 0.0796224 0.0906577 0.809775
11 0.917715 0.575814 0.0874774 0.132406 0.741515
16 0.817641 0.6029 0.0932666 0.0855942 0.711902
5 0.823355 0.798468 0.081058 0.0893579 0.571296
