2 0.0727197 0.229376 0.0744601 0.0890497 0.965417
6 0.469348 0.427715 0.0908931 0.085171 0.925585
2 0.429564 0.225529 0.0694386 0.0852382 0.920384
4 0.467131 0.621156 0.0701886 0.108313 0.919446
2 0.565625 0.421258 0.0711086 0.0934339 0.912567
2 0.064562 0.42873 0.0694642 0.0880848 0.864453
5 0.253353 0.423162 0.0849993 0.088473 0.850148
8 0.550682 0.823594 0.096545 0.0889804 0.79961
4 0.139113 0.621041 0.0670983 0.107474 0.76924
1 0.36784 0.452278 0.0835779 0.126307 0.757267
9 0.666609 0.0346495 0.0861148 0.0689816 0.717453
0 0.191969 0.0413455 0.142954 0.082691 0.61761
0 0.697024 0.424226 0.137925 0.088048 0.596578
4 0.360351 0.223843 0.065049 0.0970802 0.593665
19 0.0162285 0.232553 0.0323707 0.0890009 0.53873
0 0.34489 0.038824 0.153188 0.0774346 0.518898
