16 0.294186 0.254082 0.0993137 0.0862926 0.985997
14 0.312482 0.430643 0.0441175 0.130938 0.955002
8 0.0258015 0.263037 0.0514212 0.0907909 0.934206
6 0.397473 0.249285 0.0933612 0.0883633 0.926278
23 0.470978 0.448743 0.0740635 0.0843993 0.923652
6 0.386924 0.453012 0.083425 0.086826 0.916649
14 0.563809 0.626522 0.0447531 0.131382 0.903533
4 0.625988 0.637904 0.066812 0.103092 0.891142
9 0.270759 0.651965 0.0822102 0.0934172 0.88909
16 0.386851 0.650276 0.0982668 0.0843153 0.888101
6 0.492099 0.648727 0.0907965 0.0855155 0.84458
9 0.175523 0.252805 0.0833353 0.0983957 0.823218
14 0.473479 0.225872 0.0428854 0.135759 0.810285
5 0.682336 0.243185 0.0900214 0.0890962 0.803479
14 0.753051 0.211266 0.0461571 0.135 0.79576
2 0.543683 0.444749 0.0654881 0.0865976 0.79031
8 0.742133 0.442936 0.0964415 0.0845635 0.76217
14 0.0158092 0.442789 0.0316183 0.132969 0.740096
4 0.533301 0.234063 0.070678 0.116771 0.716512
14 0.449894 0.831566 0.0438981 0.133064 0.631589
8 0.0385154 0.867545 0.0770309 0.0949686 0.601285
6 0.195553 0.656148 0.0387003 0.0881711 0.548803
