2 0.172655 0.403212 0.0695679 0.0894379 0.959481
14 0.283999 0.579378 0.0430819 0.127629 0.918236
11 0.0671425 0.773692 0.0868175 0.129479 0.902477
5 0.0974701 0.0222355 0.0801518 0.0444711 0.894908
5 0.28418 0.0229223 0.0835828 0.0458446 0.882775
5 0.0814513 0.20334 0.083971 0.0867771 0.88148
18 0.0496019 0.386664 0.0887409 0.119528 0.86972
22 0.414467 0.797637 0.0836533 0.0865253 0.859343
9 0.379855 0.0228681 0.0866482 0.0457183 0.859248
5 0.696345 0.0216884 0.0799825 0.0428771 0.85677
5 0.502586 0.022876 0.0817977 0.045752 0.852296
5 0.442212 0.209636 0.0883602 0.0851045 0.84401
19 0.822573 0.595871 0.0600359 0.0818923 0.836514
5 0.251048 0.405496 0.0785252 0.0843541 0.818768
22 0.402618 0.595492 0.0813611 0.0859585 0.798202
13 0.332004 0.575015 0.0486324 0.135843 0.749787
18 0.544223 0.187765 0.0862943 0.11643 0.705377
1 0.505925 0.620784 0.0834957 0.129551 0.673943
7 0.888813 0.232279 0.0905359 0.115469 0.649092
5 0.89718 0.593154 0.0800425 0.0887845 0.631276
9 0.317303 0.201915 0.089204 0.0925112 0.623862
7 0.944564 0.428707 0.0931456 0.122982 0.593547
14 0.572267 0.021111 0.0440276 0.042222 0.548723
14 0.62177 0.0228403 0.0389359 0.0456806 0.537338
8 0.0139255 0.206835 0.0277597 0.0864205 0.534456
4 0.338258 0.788024 0.0618908 0.1061 0.500829
