14 0.171508 0.489324 0.0468649 0.130771 0.974692
19 0.371273 0.122935 0.0635428 0.0834824 0.967034
6 0.114608 0.121201 0.0898155 0.0876861 0.960461
6 0.249853 0.510049 0.0944243 0.0849017 0.959214
5 0.449612 0.121641 0.0851066 0.0918633 0.927752
22 0.350072 0.520231 0.079729 0.0839263 0.914232
5 0.0975782 0.519256 0.0923978 0.0865331 0.910358
13 0.0422541 0.100154 0.0477341 0.140748 0.883675
9 0.449171 0.50982 0.0907037 0.096422 0.851123
5 0.0805146 0.7175 0.0863263 0.0858064 0.847684
14 0.327394 0.688029 0.0432184 0.124443 0.819396
13 0.375243 0.692624 0.0436678 0.132886 0.749373
22 0.450738 0.716692 0.0817232 0.0845664 0.740197
13 0.307492 0.0996474 0.0403265 0.132861 0.61533
