7 0.743457 0.267127 0.0922668 0.125513 0.958699
4 0.671142 0.433302 0.0628825 0.108131 0.957491
8 0.136159 0.444102 0.100697 0.0913591 0.944763
0 0.620675 0.245033 0.138554 0.0864282 0.937027
2 0.129091 0.244171 0.0702236 0.0894065 0.93085
9 0.322517 0.241705 0.0850455 0.091313 0.910519
22 0.414535 0.0471542 0.0839677 0.087548 0.89709
9 0.0982216 0.651131 0.0880737 0.090239 0.89572
8 0.220368 0.649046 0.0962097 0.0906838 0.886553
21 0.564456 0.466779 0.126192 0.132983 0.86451
5 0.0489074 0.850097 0.0829386 0.0879821 0.845342
9 0.243597 0.44354 0.084567 0.0907735 0.844183
11 0.0671941 0.0443494 0.0871388 0.0886988 0.823176
23 0.614697 0.646729 0.0657405 0.0820664 0.809174
5 0.744761 0.44189 0.0788531 0.0871674 0.795763
0 0.273261 0.848924 0.133847 0.084959 0.734339
18 0.498905 0.82339 0.0903121 0.133639 0.685904
19 0.544404 0.647032 0.0614283 0.0857041 0.662989
8 0.236981 0.240176 0.0608838 0.0907542 0.6602
2 0.0474623 0.449312 0.0655682 0.0856714 0.626822
18 0.145179 0.834702 0.087648 0.122919 0.597251
8 0.42125 0.651076 0.091512 0.0877676 0.588455
2 0.852263 0.64906 0.0671686 0.0870254 0.588299
4 0.338841 0.0451904 0.0627919 0.0902925 0.545432
