8 0.0835739 0.106708 0.0922481 0.0876231 0.979937
4 0.0499417 0.700755 0.0663546 0.105906 0.978762
2 0.22242 0.510718 0.070276 0.0865961 0.968005
4 0.0246597 0.276235 0.0492296 0.133812 0.958816
8 0.132895 0.512999 0.0875222 0.0856551 0.953217
6 0.419938 0.30519 0.0938305 0.0846711 0.945322
2 0.354892 0.705665 0.0704353 0.0869372 0.935737
6 0.631175 0.506873 0.0889683 0.0821109 0.931523
1 0.321697 0.32658 0.0826159 0.124036 0.921146
0 0.51103 0.511131 0.13583 0.0855497 0.917601
1 0.311185 0.532162 0.0874664 0.132403 0.914828
13 0.461575 0.084767 0.045833 0.138379 0.897771
14 0.414353 0.0863756 0.0430731 0.130732 0.884586
22 0.520278 0.303375 0.0826415 0.0839553 0.879739
1 0.159808 0.733266 0.0879568 0.130991 0.869928
5 0.344552 0.105413 0.0888284 0.0875073 0.866944
22 0.536484 0.107751 0.081367 0.0868202 0.859261
6 0.261826 0.709141 0.0927985 0.0847757 0.856369
4 0.720633 0.496878 0.0696082 0.105642 0.843691
7 0.706365 0.730158 0.095747 0.128994 0.841335
5 0.597533 0.705634 0.0804026 0.0884342 0.839892
14 0.480157 0.68058 0.0458603 0.13485 0.778723
27 0.390026 0.532323 0.0546861 0.129493 0.725803
5 0.369324 0.903871 0.0867404 0.0928183 0.710233
13 0.290593 0.87993 0.0476403 0.146743 0.706785
0 0.180958 0.307582 0.140314 0.0872796 0.696443
14 0.530199 0.687222 0.04325 0.130947 0.687231
13 0.431928 0.690502 0.0446509 0.132459 0.674158
2 0.792126 0.505814 0.0683115 0.0876412 0.649644
4 0.872898 0.482599 0.0841329 0.135284 0.524677
5 0.219966 0.907779 0.0934332 0.0917387 0.507019
