16 0.457895 0.428537 0.0986085 0.088451 0.978427
2 0.15757 0.224641 0.0729508 0.0937258 0.921057
8 0.417437 0.222237 0.0965647 0.0951322 0.919338
8 0.0636434 0.837969 0.0912451 0.0842866 0.822415
8 0.840733 0.417609 0.096231 0.0897294 0.789424
6 0.553186 0.628432 0.0875952 0.0854663 0.78697
4 0.638107 0.618814 0.0654888 0.105859 0.777857
22 0.517769 0.227276 0.0856186 0.089913 0.761787
14 0.479133 0.609167 0.043408 0.134144 0.729548
5 0.720489 0.622997 0.0841293 0.0913987 0.724017
16 0.137293 0.428644 0.100718 0.0835936 0.716465
2 0.352368 0.83118 0.0698517 0.0892763 0.703415
18 0.290943 0.413709 0.088405 0.121806 0.693912
1 0.667397 0.445207 0.0868497 0.130949 0.680977
2 0.850946 0.213309 0.0721231 0.0879051 0.644607
13 0.213159 0.398731 0.0422126 0.137723 0.596446
13 0.413298 0.808643 0.0474626 0.134981 0.51126
