23 0.163867 0.461928 0.0674639 0.0820827 0.955269
0 0.349732 0.265869 0.13216 0.0880146 0.954845
6 0.361233 0.665044 0.0910267 0.0828692 0.94557
1 0.254547 0.684858 0.0877579 0.134346 0.926546
5 0.21128 0.262746 0.0877315 0.0902343 0.923667
22 0.45752 0.660049 0.0838692 0.0870979 0.895282
1 0.673084 0.484489 0.087229 0.1309 0.881573
0 0.527914 0.46424 0.141434 0.0877087 0.864906
22 0.242247 0.463402 0.0848139 0.0891212 0.850401
13 0.461513 0.834695 0.0457463 0.13803 0.848963
5 0.469117 0.262012 0.0844268 0.091446 0.846522
6 0.770751 0.459622 0.0842433 0.0825739 0.840224
8 0.0835488 0.856865 0.0921623 0.0875947 0.827277
0 0.110623 0.663526 0.138431 0.088697 0.7831
14 0.414431 0.836297 0.0423446 0.129648 0.771767
13 0.63367 0.640157 0.0419003 0.133812 0.766848
22 0.536369 0.857726 0.0815294 0.0866946 0.757066
27 0.78469 0.685184 0.0511336 0.129564 0.746826
11 0.708248 0.636745 0.0883675 0.128879 0.688969
2 0.860024 0.459269 0.0687479 0.0886269 0.650439
5 0.344611 0.855355 0.0882649 0.0871572 0.509203
