4 0.0757677 0.540691 0.0737076 0.106474 0.981341
16 0.437139 0.158151 0.0991416 0.08842 0.974413
23 0.148888 0.153838 0.0650067 0.0835445 0.957195
6 0.592775 0.157761 0.0909588 0.0828132 0.927086
2 0.219605 0.155919 0.0675443 0.0872633 0.924068
9 0.383505 0.753784 0.0861326 0.0934273 0.909806
14 0.159887 0.732767 0.0434014 0.131719 0.89353
5 0.155852 0.550684 0.0823707 0.0900257 0.87057
13 0.521233 0.139855 0.0454136 0.131295 0.86863
8 0.0300894 0.346082 0.0600082 0.0900815 0.864349
0 0.249659 0.354145 0.133042 0.0888488 0.860155
5 0.105944 0.349479 0.0849137 0.0905017 0.854098
5 0.36887 0.350551 0.0866494 0.0866416 0.827506
5 0.505517 0.751172 0.0858281 0.0863471 0.791348
5 0.0873923 0.751472 0.0859017 0.0873275 0.790794
13 0.207342 0.732731 0.0469669 0.133299 0.780877
23 0.171112 0.957193 0.0667688 0.0824354 0.764451
5 0.279963 0.75237 0.0881805 0.0872016 0.711848
23 0.505411 0.559653 0.0665736 0.0834204 0.675116
7 0.247352 0.0221312 0.116798 0.0438921 0.664556
4 0.453509 0.350175 0.0636926 0.0987846 0.599014
2 0.654654 0.352188 0.0722814 0.0899034 0.507744
