23 0.412055 0.653369 0.0658517 0.083926 0.989071
16 0.133097 0.250815 0.0954347 0.0895207 0.978217
8 0.233958 0.245966 0.0895863 0.087381 0.951541
7 0.167571 0.0714235 0.102315 0.137942 0.943056
22 0.462528 0.455947 0.0832042 0.0872711 0.940488
9 0.424729 0.0462967 0.0849122 0.0924845 0.937384
11 0.587072 0.22049 0.0909264 0.134834 0.926677
0 0.345948 0.447793 0.130473 0.0865592 0.925623
23 0.0364922 0.848688 0.0632153 0.0847868 0.912521
19 0.0133554 0.0499207 0.0267026 0.0974379 0.889093
4 0.822264 0.043758 0.0709674 0.0875161 0.877098
5 0.0732056 0.0482131 0.0810988 0.0900115 0.834919
13 0.245303 0.0496042 0.0430371 0.0983497 0.801615
13 0.759328 0.0468028 0.0437963 0.0936056 0.741184
22 0.0258261 0.45246 0.0515918 0.0894027 0.678416
4 0.214616 0.836048 0.0637032 0.109226 0.64544
6 0.684994 0.244435 0.0963806 0.08799 0.636655
0 0.332603 0.853018 0.135697 0.087383 0.570541
0 0.0323766 0.247052 0.0647533 0.0902971 0.561487
22 0.0369499 0.65062 0.0738997 0.0877929 0.559339
23 0.106716 0.848897 0.0642624 0.0840081 0.554624
