9 0.540309 0.345221 0.0347161 0.037644 0.933199
0 0.476282 0.498194 0.0567577 0.0398041 0.869729
23 0.404388 0.72978 0.0305242 0.0369658 0.846042
1 0.406924 0.0373569 0.0327792 0.0521087 0.813343
2 0.425672 0.65248 0.031916 0.0367498 0.805344
5 0.244717 0.183664 0.0353023 0.0393061 0.789484
5 0.153272 0.106646 0.0353041 0.0361788 0.769328
6 0.278734 0.264144 0.0378845 0.0364082 0.751765
2 0.397421 0.184527 0.0308326 0.0351204 0.711556
2 0.523864 0.572523 0.0311034 0.0397376 0.683202
22 0.194885 0.572155 0.0356444 0.0381956 0.678567
2 0.362691 0.184296 0.0333847 0.0362137 0.66972
8 0.435497 0.108501 0.0350036 0.0359458 0.665733
1 0.310814 0.817556 0.0338076 0.05145 0.656257
5 0.104789 0.650588 0.0350182 0.0380933 0.646772
2 0.552599 0.577872 0.0261905 0.0360082 0.640501
6 0.40474 0.57442 0.0380976 0.0370133 0.617159
9 0.382623 0.415918 0.0367828 0.0374792 0.586525
8 0.48328 0.574609 0.0368769 0.0395849 0.584859
13 0.174083 0.406168 0.0206698 0.0606414 0.583332
5 0.311292 0.731479 0.0353321 0.0372905 0.582745
4 0.317985 0.181528 0.0239803 0.0431163 0.566483
19 0.624198 0.425037 0.0305941 0.0383106 0.560173
8 0.544862 0.421355 0.0365434 0.0359027 0.558212
6 0.283975 0.185334 0.0373212 0.0378612 0.514835
9 0.376259 0.650437 0.0326921 0.0361965 0.514608
