7 0.125858 0.178282 0.0954817 0.125558 0.992041
7 0.16393 0.376712 0.0932257 0.123227 0.986843
2 0.0551781 0.340948 0.0703129 0.0839772 0.968038
12 0.731107 0.1215 0.109474 0.135342 0.966078
4 0.168573 0.739436 0.070909 0.113805 0.954138
19 0.640201 0.145771 0.0624739 0.0908044 0.939822
2 0.0385236 0.147916 0.0664667 0.0880551 0.933825
6 0.373195 0.544596 0.092133 0.0846789 0.927225
14 0.498004 0.322657 0.0419269 0.131239 0.888169
5 0.221081 0.152269 0.0815995 0.0883658 0.861547
0 0.710935 0.341796 0.131765 0.0837967 0.851809
5 0.254676 0.741295 0.0855426 0.0906096 0.846848
2 0.780877 0.74447 0.0783795 0.0876098 0.839078
5 0.575258 0.343436 0.0906787 0.0895613 0.741042
4 0.121448 0.932128 0.0715658 0.110586 0.636468
18 0.269448 0.533341 0.0898827 0.11879 0.502557
13 0.0601352 0.924227 0.0443451 0.141675 0.500988
