8 0.299277 0.502732 0.090439 0.0905226 0.922529
14 0.468921 0.474541 0.037967 0.133189 0.899368
13 0.189014 0.489154 0.0440673 0.135741 0.894208
6 0.539841 0.497134 0.0899171 0.0812915 0.882234
8 0.635981 0.493079 0.0912315 0.0864619 0.878687
8 0.0384716 0.117451 0.0769433 0.094746 0.869657
4 0.6098 0.0857455 0.059785 0.10684 0.852645
22 0.39676 0.500189 0.0787424 0.0857281 0.843015
14 0.45016 0.0818752 0.0441841 0.132816 0.830005
2 0.584827 0.293122 0.0712243 0.0905597 0.829587
4 0.720578 0.483855 0.06896 0.106328 0.823722
22 0.382171 0.299534 0.0819205 0.0876123 0.794361
6 0.52343 0.099893 0.0892687 0.0834313 0.749184
5 0.684829 0.0902867 0.0834703 0.0908615 0.716645
6 0.202757 0.705839 0.086848 0.0880425 0.697259
13 0.0495271 0.499695 0.0437362 0.131845 0.694735
22 0.298651 0.702066 0.0819483 0.0875101 0.632375
5 0.0319954 0.320702 0.0633849 0.0900396 0.619404
8 0.530245 0.690012 0.0909612 0.0901525 0.601977
9 0.66623 0.288909 0.0834622 0.093859 0.550902
1 0.103811 0.731976 0.0806217 0.127764 0.540846
2 0.180232 0.111231 0.0702525 0.0961145 0.531233
5 0.836294 0.293917 0.0896995 0.0907289 0.520506
