4 0.419748 0.31897 0.0715018 0.109605 0.977694
8 0.128786 0.129733 0.0942018 0.0901807 0.975061
23 0.164241 0.336659 0.068173 0.0857797 0.969759
9 0.377674 0.531496 0.0895154 0.0971305 0.962729
0 0.61447 0.328962 0.134635 0.0857031 0.96214
6 0.390637 0.727147 0.0931543 0.0835047 0.933293
14 0.314307 0.707104 0.044242 0.134824 0.931051
5 0.498538 0.329156 0.0807043 0.0886322 0.93064
14 0.209868 0.516006 0.0453151 0.132404 0.928659
8 0.325478 0.1293 0.0886211 0.0876954 0.918128
5 0.137761 0.539181 0.0862646 0.0870699 0.906497
13 0.64594 0.506275 0.0486813 0.139255 0.903697
4 0.658416 0.112147 0.0669936 0.103144 0.895328
0 0.0398751 0.541924 0.0797503 0.0870839 0.889737
22 0.241138 0.731438 0.0833328 0.0861942 0.88841
5 0.281462 0.532429 0.0880806 0.0891871 0.88081
16 0.134445 0.734637 0.0986522 0.0822853 0.842791
16 0.884754 0.526899 0.0993023 0.0855063 0.831607
22 0.228927 0.131517 0.082731 0.0870089 0.811812
0 0.742048 0.529484 0.141211 0.0903238 0.720078
23 0.23618 0.33653 0.0686971 0.085103 0.713883
22 0.314261 0.333378 0.0829823 0.088127 0.63612
0 0.775573 0.325044 0.142373 0.0885337 0.625935
