8 0.349167 0.468962 0.0988011 0.090127 0.979958
19 0.370851 0.0688445 0.0607504 0.0867881 0.978342
6 0.027623 0.468209 0.0544668 0.0842589 0.963937
9 0.206547 0.469232 0.0851781 0.0915129 0.955587
5 0.450602 0.269038 0.0867579 0.0928454 0.93958
23 0.276364 0.0717002 0.069358 0.0860629 0.872341
13 0.133077 0.449268 0.0471497 0.138378 0.850041
14 0.0856701 0.453151 0.0463221 0.133448 0.843231
19 0.371071 0.872998 0.0637226 0.083153 0.838432
5 0.453312 0.0672276 0.0894238 0.0924536 0.835135
4 0.0488106 0.264722 0.0645974 0.09787 0.832984
5 0.449561 0.871765 0.0850473 0.0918787 0.81143
22 0.453072 0.469036 0.0858995 0.0867608 0.773043
1 0.191079 0.293137 0.0845401 0.131864 0.757347
5 0.045121 0.665441 0.0806147 0.0866719 0.693185
13 0.0421293 0.849705 0.0481056 0.14144 0.664952
18 0.277456 0.651501 0.0892627 0.118413 0.630127
6 0.114578 0.871185 0.0893011 0.0881348 0.585938
