19 0.072694 0.595957 0.0594992 0.0819216 0.991044
7 0.194662 0.429191 0.0934595 0.122387 0.98524
7 0.243583 0.622634 0.0960661 0.127336 0.955544
7 0.138562 0.232152 0.0911088 0.116296 0.938622
6 0.237448 0.206557 0.0890915 0.0827157 0.936738
9 0.337779 0.205559 0.0859246 0.0922902 0.936462
13 0.273467 0.381265 0.0449606 0.134321 0.914449
5 0.147131 0.593139 0.0796648 0.0884202 0.908751
9 0.348068 0.400737 0.0840501 0.0908321 0.897184
13 0.318514 0.578871 0.0399084 0.137945 0.544209
2 0.236887 0.0219214 0.0663149 0.0438428 0.540021
4 0.180207 0.968558 0.070969 0.0626591 0.52625
