12 0.729194 0.698519 0.102414 0.130908 0.947956
6 0.678849 0.524187 0.0874172 0.0843432 0.947211
6 0.582599 0.129239 0.0844412 0.0848753 0.942999
5 0.503074 0.529835 0.0791657 0.0880317 0.927872
5 0.496531 0.132867 0.0774224 0.0887792 0.920611
13 0.610996 0.506619 0.0431027 0.129172 0.855625
5 0.497926 0.73064 0.0791371 0.0905708 0.855095
14 0.566634 0.510565 0.0432485 0.128658 0.840731
6 0.498156 0.923368 0.0840685 0.0876025 0.591819
0 0.749189 0.339105 0.12743 0.125486 0.581653
4 0.577224 0.911974 0.0664325 0.108592 0.524195
5 0.640075 0.3206 0.0876107 0.089758 0.515324
