4 0.549904 0.392972 0.0657001 0.106929 0.956934
8 0.379182 0.600801 0.0905089 0.0861374 0.951445
2 0.269436 0.598875 0.0722632 0.0853095 0.942989
7 0.124698 0.426245 0.0953726 0.132945 0.940555
5 0.507033 0.0218984 0.0820818 0.0437968 0.92101
5 0.0882866 0.0226391 0.0849958 0.0452782 0.91695
1 0.627417 0.230018 0.0889575 0.133344 0.914664
5 0.282112 0.402442 0.0900471 0.0875165 0.911884
14 0.160007 0.0239238 0.0435617 0.0478475 0.899558
19 0.467593 0.598197 0.0607253 0.083831 0.893382
27 0.745095 0.0446923 0.0469949 0.0893847 0.891618
5 0.28225 0.0230144 0.0835183 0.0460289 0.864277
4 0.398023 0.791721 0.0704792 0.108588 0.860783
23 0.171131 0.20696 0.0664343 0.0818308 0.848192
1 0.667111 0.0465842 0.0825574 0.0931685 0.835016
23 0.657885 0.796815 0.0674331 0.0802004 0.829818
6 0.730361 0.207236 0.0940564 0.0865204 0.808741
5 0.84731 0.0222293 0.0806623 0.0444587 0.802771
9 0.381224 0.0251377 0.0915347 0.0502753 0.794693
5 0.0338564 0.402065 0.0675974 0.0879999 0.789896
4 0.0717046 0.787142 0.0705601 0.100464 0.770279
5 0.481683 0.798382 0.0866043 0.0889907 0.735096
13 0.196254 0.57532 0.0424535 0.135347 0.706259
2 0.922696 0.403407 0.0700097 0.089448 0.649758
5 0.831457 0.203413 0.0842432 0.0872639 0.646849
11 0.817074 0.77359 0.0866776 0.130956 0.570063
18 0.799444 0.386723 0.0885915 0.11891 0.516623
