5 0.569581 0.15556 0.0340254 0.0386239 0.877889
1 0.270483 0.71528 0.0361551 0.0496242 0.866365
0 0.525826 0.0804293 0.0553176 0.0388739 0.854283
8 0.453228 0.160477 0.0371467 0.0379037 0.806586
5 0.806013 0.0721316 0.0349674 0.0360189 0.758783
0 0.340443 0.0839666 0.0542969 0.0355429 0.738636
2 0.493918 0.15933 0.0292275 0.0380518 0.737193
9 0.461497 0.236316 0.0356415 0.0381258 0.731883
5 0.34635 0.317139 0.0343066 0.0379113 0.724217
8 0.513013 0.23661 0.0357491 0.0356025 0.700873
8 0.702122 0.232463 0.0367075 0.0358905 0.652044
2 0.108388 0.715784 0.0301546 0.0350049 0.642502
9 0.277939 0.0855891 0.0350451 0.0377947 0.61506
11 0.0612245 0.160983 0.0379429 0.0587453 0.573587
6 0.419494 0.237153 0.0354686 0.0367163 0.570944
3 0.478052 0.383325 0.0592086 0.0670412 0.56251
0 0.598384 0.234216 0.0544744 0.0396182 0.553983
4 0.482081 0.549453 0.0228155 0.0414006 0.533187
2 0.553244 0.233995 0.0293623 0.0361313 0.528477
5 0.393781 0.704877 0.0332481 0.0366497 0.521356
8 0.584614 0.0783147 0.0364161 0.0373264 0.505506
