3 0.424372 0.741151 0.050729 0.0628692 0.896514
23 0.288423 0.597272 0.0323454 0.0365858 0.84142
23 0.0719557 0.763932 0.0318827 0.0367066 0.833632
7 0.228228 0.688194 0.0411305 0.0519495 0.822686
23 0.624956 0.590864 0.0315839 0.036139 0.813759
9 0.565461 0.670439 0.0359453 0.0379052 0.812446
8 0.289232 0.756567 0.0355657 0.0362923 0.794783
0 0.0253774 0.606411 0.0502007 0.0400378 0.768894
0 0.789878 0.586471 0.0541964 0.0398262 0.761164
9 0.564841 0.74973 0.0348307 0.037823 0.743141
8 0.616627 0.671346 0.0335 0.0369614 0.742515
6 0.176574 0.680171 0.0377688 0.038698 0.718176
13 0.0691287 0.672755 0.020202 0.0634935 0.705909
5 0.805907 0.822251 0.0348985 0.0365505 0.625554
2 0.941832 0.662192 0.0298951 0.0359433 0.612709
5 0.77295 0.664428 0.034384 0.0359894 0.587037
8 0.136668 0.682747 0.0350118 0.0373547 0.56119
