0 0.223685 0.275104 0.0571622 0.0392692 0.915039
7 0.235011 0.359335 0.0385906 0.0537477 0.896468
23 0.439709 0.267569 0.0292455 0.0384582 0.869558
2 0.354388 0.19057 0.0294781 0.036919 0.791051
0 0.534635 0.501162 0.0542266 0.0349553 0.779002
8 0.0358971 0.124974 0.0336259 0.0350298 0.763775
9 0.24926 0.193806 0.0335338 0.0388398 0.724103
0 0.59185 0.42411 0.0520661 0.0360844 0.723518
4 0.367849 0.503521 0.0235024 0.0350187 0.709088
8 0.173851 0.198133 0.0338039 0.0373166 0.702933
5 0.274506 0.350904 0.035117 0.0391724 0.689321
1 0.500047 0.194339 0.0351324 0.0508767 0.687891
6 0.412064 0.812663 0.0367389 0.0366371 0.67644
2 0.0721522 0.12293 0.0303695 0.034941 0.663495
1 0.710864 0.269276 0.0356447 0.0526794 0.658112
8 0.239599 0.66277 0.0352741 0.0356777 0.635048
13 0.103296 0.187935 0.0185414 0.0610549 0.608517
8 0.00858811 0.589345 0.0169387 0.034324 0.597073
1 0.471746 0.352682 0.0353016 0.0495129 0.582862
8 0.0275361 0.746988 0.0344136 0.037481 0.574748
0 0.153653 0.276621 0.0549636 0.0370997 0.560344
5 0.648657 0.264345 0.0349247 0.0375771 0.546628
14 0.352839 0.0266354 0.015663 0.053209 0.543963
23 0.0851308 0.820732 0.0282304 0.0366333 0.517684
5 0.136422 0.196975 0.035578 0.0358848 0.503792
