23 0.0408838 0.411295 0.070376 0.0846378 0.988569
4 0.485761 0.203038 0.0666108 0.110073 0.984171
22 0.324001 0.406416 0.0855963 0.0844159 0.963655
11 0.0745492 0.185956 0.0895116 0.133343 0.952915
9 0.0352619 0.607661 0.0702463 0.0939102 0.949869
5 0.472669 0.406367 0.0853702 0.0908837 0.932689
13 0.117892 0.585828 0.0469024 0.135714 0.921733
13 0.397864 0.381505 0.0456924 0.134823 0.896377
2 0.246512 0.023668 0.0691321 0.0473361 0.783359
12 0.20023 0.586581 0.108471 0.13089 0.780889
6 0.339578 0.0262896 0.0999438 0.0525791 0.758704
2 0.429927 0.805342 0.0653949 0.0879197 0.713123
5 0.171316 0.211586 0.0855196 0.0882607 0.65418
14 0.1777 0.0266962 0.0440009 0.0533925 0.577792
2 0.0107619 0.209758 0.0214973 0.076783 0.560533
