0 0.58345 0.409264 0.0583487 0.0408936 0.90085
0 0.245135 0.31004 0.0576792 0.0417627 0.893769
18 0.154921 0.303801 0.0403281 0.0547431 0.887491
18 0.408979 0.0377501 0.0428083 0.0555104 0.880134
1 0.0239665 0.225773 0.0368184 0.0596548 0.842147
2 0.537636 0.5826 0.0327245 0.0405447 0.818432
0 0.148791 0.399039 0.0552327 0.0406421 0.816422
1 0.0711237 0.140487 0.0385237 0.0543893 0.814666
8 0.0509795 0.402108 0.0415052 0.041039 0.780926
8 0.498493 0.582905 0.0426414 0.0428603 0.773606
8 0.612184 0.137476 0.0420145 0.0423276 0.756043
0 0.199466 0.13165 0.0601786 0.0405918 0.715082
6 0.112737 0.130791 0.0405044 0.0376113 0.692171
0 0.489305 0.406061 0.0603858 0.0402225 0.681854
9 0.715272 0.0479458 0.0396063 0.0445374 0.681105
6 0.0718918 0.311597 0.0387338 0.0391486 0.672942
6 0.620908 0.580907 0.0442266 0.0393155 0.606896
1 0.0275694 0.32192 0.0404837 0.0562619 0.575733
9 0.834161 0.320158 0.0397981 0.041564 0.56731
1 0.116321 0.592478 0.0410349 0.05933 0.529334
