8 0.333395 0.486009 0.0919161 0.0868397 0.9765
8 0.423061 0.0867415 0.0925978 0.0874846 0.963599
11 0.690021 0.256644 0.0895782 0.128994 0.944085
22 0.521513 0.0923 0.0802089 0.0837658 0.935396
9 0.123408 0.292521 0.0808327 0.0909578 0.90686
22 0.374837 0.290043 0.0824057 0.083195 0.86945
9 0.477726 0.28269 0.0829318 0.0926373 0.865966
14 0.0164813 0.0719994 0.0329626 0.135881 0.858157
4 0.0436637 0.687406 0.0635751 0.102637 0.852146
22 0.113787 0.493817 0.0778836 0.0860901 0.845375
14 0.668606 0.460012 0.0467744 0.129897 0.842064
8 0.0360933 0.493997 0.0719435 0.0895927 0.822347
5 0.594882 0.285287 0.0790708 0.0925666 0.799253
4 0.417837 0.486058 0.0664921 0.106075 0.786729
13 0.718929 0.461636 0.0466969 0.136488 0.786651
0 0.369282 0.693606 0.14052 0.094098 0.705479
13 0.786026 0.256509 0.0433366 0.137053 0.605679
4 0.210911 0.0850657 0.0629037 0.101334 0.58958
