0 0.139077 0.229232 0.0545663 0.0370129 0.940883
0 0.533023 0.393236 0.0564766 0.0378792 0.937403
5 0.0702515 0.622134 0.0353981 0.0368265 0.915249
12 0.335131 0.378972 0.0373864 0.0660024 0.910275
14 0.0637176 0.220222 0.0172163 0.0621305 0.85187
5 0.538552 0.0757453 0.0362763 0.037661 0.817374
5 0.458043 0.312089 0.036139 0.0387528 0.808299
12 0.318333 0.140956 0.0380329 0.0693085 0.807492
6 0.583124 0.392501 0.0372034 0.0362004 0.794599
8 0.496994 0.0747952 0.0326228 0.0363718 0.782461
5 0.0734226 0.386574 0.035934 0.0382617 0.624377
2 0.478236 0.776668 0.0295615 0.037308 0.612689
9 0.475901 0.391609 0.0346633 0.0382605 0.609303
19 0.373257 0.776061 0.0280153 0.0337949 0.603816
1 0.612802 0.317404 0.035446 0.0525016 0.60352
6 0.496714 0.312766 0.0360255 0.0381701 0.592035
4 0.539652 0.620481 0.0253313 0.0390835 0.578352
7 0.585319 0.629181 0.0623705 0.0555532 0.542014
5 0.506884 0.622484 0.0349422 0.0354253 0.529401
6 0.374779 0.617099 0.0363226 0.0367759 0.528972
6 0.14652 0.620122 0.0376529 0.0369015 0.526926
