8 0.42695 0.542708 0.088819 0.0871856 0.974078
4 0.0303774 0.549822 0.0605649 0.10687 0.947375
6 0.229272 0.547595 0.0911255 0.0858963 0.909276
5 0.331222 0.54331 0.0911958 0.0912469 0.906969
4 0.435554 0.337075 0.0633669 0.104149 0.90003
7 0.68262 0.563409 0.0975926 0.132529 0.883868
0 0.325692 0.154704 0.137985 0.0865321 0.874059
2 0.162234 0.351404 0.0675982 0.0864415 0.873258
23 0.381822 0.746217 0.0692313 0.0834678 0.871998
2 0.453701 0.742647 0.0668194 0.0888999 0.851164
22 0.447521 0.145477 0.0827217 0.0846739 0.799175
1 0.133111 0.57213 0.0811096 0.128382 0.750083
2 0.346768 0.344123 0.0636999 0.0888001 0.732218
0 0.558172 0.747812 0.12573 0.0825019 0.635854
13 0.559216 0.314153 0.0456786 0.136698 0.622237
14 0.156369 0.13507 0.0361952 0.128725 0.61829
11 0.631273 0.313089 0.0842605 0.131575 0.596952
1 0.100101 0.0223196 0.0884085 0.0443815 0.589448
