23 0.636054 0.520045 0.0330117 0.0381961 0.929413
7 0.688518 0.449268 0.0364087 0.0603189 0.927827
0 0.587151 0.352343 0.059723 0.0410389 0.914149
0 0.5927 0.686733 0.0556756 0.0413687 0.907051
5 0.607199 0.105335 0.0374377 0.040217 0.895862
0 0.595474 0.603904 0.0620737 0.0432868 0.882971
6 0.361342 0.0249761 0.0409158 0.0406978 0.87689
5 0.709375 0.268192 0.036077 0.0426717 0.827191
5 0.522067 0.353256 0.0377519 0.0409819 0.795445
9 0.636565 0.438175 0.0353929 0.0410833 0.75682
0 0.642726 0.268426 0.0643291 0.040998 0.733644
5 0.460937 0.438463 0.0346459 0.0371005 0.718308
7 0.360636 0.863283 0.0399343 0.0652175 0.680859
5 0.82017 0.434683 0.0370027 0.0414673 0.667631
7 0.681602 0.531008 0.0381665 0.0537019 0.594915
1 0.717752 0.0315667 0.0389475 0.0605126 0.587973
12 0.78394 0.186148 0.0335882 0.0746883 0.583953
8 0.462024 0.773756 0.0374228 0.0395374 0.519701
0 0.825689 0.518948 0.0604081 0.0406668 0.504216
