6 0.0246915 0.516482 0.0412219 0.0439379 0.905699
0 0.278361 0.794105 0.059347 0.0404506 0.896383
14 0.186556 0.599252 0.0210198 0.0627042 0.883963
2 0.216657 0.613245 0.032502 0.0415723 0.852441
0 0.356181 0.703908 0.0596161 0.0407548 0.85232
0 0.341944 0.615188 0.0597416 0.041491 0.792894
5 0.77573 0.615786 0.03898 0.042385 0.716098
5 0.171074 0.517533 0.0392672 0.0388476 0.597673
8 0.531599 0.882831 0.041399 0.043479 0.594485
5 0.236493 0.704343 0.0347725 0.0375605 0.569899
6 0.381319 0.794961 0.0404459 0.0396103 0.549905
7 0.226243 0.528975 0.0432131 0.0614536 0.542488
13 0.473588 0.695694 0.0221737 0.0664234 0.52869
