23 0.455608 0.751533 0.0687066 0.0827169 0.96374
4 0.0773506 0.35503 0.0608463 0.10148 0.963194
4 0.399651 0.346873 0.0653501 0.109556 0.957979
5 0.150086 0.359846 0.0772182 0.0848312 0.928673
13 0.0233121 0.341957 0.0458642 0.137452 0.887082
6 0.272144 0.557954 0.0856379 0.0825925 0.885416
5 0.18317 0.555216 0.0823597 0.0887525 0.854385
2 0.205528 0.160486 0.0647524 0.0866648 0.836818
11 0.139976 0.736448 0.0891992 0.132071 0.811116
2 0.364692 0.553308 0.0661899 0.0867709 0.76919
2 0.468096 0.353517 0.0681652 0.0881374 0.761134
4 0.420418 0.14742 0.0662339 0.104712 0.759875
8 0.762972 0.346112 0.0952498 0.0883067 0.757073
27 0.315976 0.373959 0.0460589 0.127429 0.740285
1 0.244213 0.381349 0.0817143 0.127462 0.736961
23 0.582271 0.15608 0.0647187 0.0818091 0.667879
2 0.655209 0.152732 0.0666293 0.0872858 0.630335
7 0.469838 0.0223369 0.105773 0.0446737 0.579782
5 0.050782 0.760862 0.0822589 0.0878874 0.565748
8 0.564641 0.55246 0.0892632 0.0861551 0.517769
