8 0.423459 0.659428 0.0913162 0.0840306 0.984421
2 0.513189 0.656134 0.0688626 0.087682 0.969758
4 0.579283 0.448412 0.0619471 0.105441 0.961071
6 0.535015 0.269118 0.0886741 0.0844418 0.950457
4 0.619958 0.257491 0.0698893 0.109571 0.941292
0 0.33958 0.460453 0.132382 0.0825683 0.929129
5 0.438682 0.263394 0.0867629 0.0898708 0.922323
8 0.320357 0.264608 0.0939051 0.0929455 0.920147
23 0.590421 0.657066 0.0703281 0.0764556 0.916272
13 0.375187 0.835702 0.0460765 0.131548 0.891657
2 0.666911 0.647622 0.0698328 0.0884175 0.883589
5 0.652182 0.455619 0.0808671 0.0871965 0.833784
18 0.300882 0.840291 0.0872357 0.120622 0.792695
1 0.186901 0.489236 0.084882 0.129433 0.78522
6 0.841166 0.465155 0.0876523 0.0850103 0.719744
7 0.738656 0.280248 0.0949426 0.120497 0.706046
13 0.770747 0.43697 0.0400894 0.135967 0.648963
8 0.0140671 0.675416 0.0281341 0.0869758 0.514289
