6 0.0912223 0.464871 0.0871124 0.0855473 0.956818
6 0.385571 0.664168 0.086941 0.0843091 0.916354
14 0.31205 0.635892 0.046101 0.130925 0.892291
5 0.486314 0.660993 0.0882483 0.0884087 0.891429
4 0.276206 0.253228 0.0709155 0.110196 0.890828
13 0.212614 0.241731 0.0463566 0.136961 0.837374
13 0.0206659 0.437376 0.0400373 0.137169 0.822297
2 0.0866291 0.257551 0.0718083 0.0888556 0.817338
6 0.483945 0.855588 0.0921842 0.0827092 0.792984
1 0.380124 0.87542 0.087234 0.129126 0.737597
5 0.432712 0.462659 0.0822642 0.0894042 0.701822
19 0.216349 0.46042 0.060979 0.0839438 0.683298
4 0.623699 0.242395 0.0789378 0.136188 0.666766
22 0.241919 0.658665 0.0879192 0.0854781 0.647903
5 0.583443 0.853116 0.0859742 0.0859807 0.551644
7 0.0175814 0.281106 0.0351006 0.126345 0.534539
23 0.913772 0.461759 0.0672412 0.0820073 0.524192
