2 0.6154440839779005 0.2544596169074371 0.01345598232044199 0.012887661851257356 0.991634
2 0.48013598105761646 0.4149747672552167 0.012721199684293607 0.011970664098448368 0.991582
12 0.23504032833464875 0.14265897913322634 0.014204302446724545 0.022525150989834136 0.989879
12 0.3359977572217837 0.7151108657035848 0.013678199210734017 0.022856375815944355 0.988724
1 0.519823861089187 0.599316682718031 0.0167976410418311 0.017618388443017656 0.988085
2 0.6463377275453829 0.3679208988764045 0.012244154696132596 0.011993812306046013 0.987869
21 0.385064410418311 0.3517141401819155 0.015155684925019732 0.015211166613162118 0.987609
11 0.6159157543804262 0.27487277474585337 0.015401784372533544 0.017435257356875334 0.986637
2 0.32120099763220206 0.4167019796682718 0.01256234632991318 0.011110728731942214 0.985389
2 0.4381766314127861 0.4601551375066881 0.012337341120757695 0.01228230197966827 0.984202
2 0.14547225256511445 0.3255122867843767 0.013814503551696921 0.011713458747993578 0.983727
24 0.6089284293606946 0.598280355270198 0.015170071033938436 0.01697130700909577 0.983288
5 0.2353159273875296 0.16544256821829856 0.015226120284135754 0.011244906153023008 0.982882
7 0.402933089187056 0.6926184783306581 0.025425831097079715 0.01762068956661316 0.982316
15 0.4702200726124704 0.5722973825575174 0.03072792044198895 0.01799555355805243 0.980375
2 0.36789442778216264 0.3935082974852863 0.013426927229676403 0.01218349063670412 0.980037
2 0.26388609313338596 0.46208369823434997 0.010448234885556433 0.01054311824505083 0.978898
2 0.22051076243093923 0.6218704333868379 0.013461558958168902 0.012294382878544676 0.978892
11 0.3181690039463299 0.3921914521134297 0.014796719179163377 0.01767720406634564 0.978728
2 0.20983392580899762 0.41742327233814874 0.013505727545382793 0.012644701551631889 0.978542
12 0.6206645038674033 0.14142048154093098 0.013730247829518549 0.0224448582129481 0.976995
2 0.24796923756906078 0.11856320171214554 0.013065334806629835 0.012391632744783306 0.976603
5 0.18313435832675612 0.44035232530765117 0.013596812628255722 0.00991551417870519 0.976184
2 0.2913922525651144 0.2795796682718031 0.012830550276243092 0.012651467950775817 0.976069
4 0.6220363567482241 0.502811394328518 0.013288804419889503 0.014341067950775816 0.975641
2 0.14428378216258878 0.3481556169074371 0.013244757063930546 0.012037451471375067 0.975082
12 0.31655945698500393 0.46168456286784376 0.013720347277032358 0.02064085949705725 0.974987
18 0.6738376637726914 0.39002099946495455 0.016087266298342544 0.014553373996789727 0.974523
0 0.2561745730071034 0.21133513622257893 0.025449956116811365 0.011676859925093633 0.973639
2 0.6728257868981847 0.6633761284109149 0.01431935090765588 0.013244199036918139 0.969968
2 0.26158027466456196 0.59924627929374 0.01216111128650355 0.011627495345104334 0.969579
5 0.368485228097869 0.16479441840556447 0.0165250727703236 0.012150069555912253 0.969462
21 0.498761951065509 0.35062877688603533 0.01643192675611681 0.015263133654360621 0.968838
0 0.613401862667719 0.6187885714285715 0.02416207608524073 0.012347199143927233 0.968667
5 0.1862188855564325 0.5307768945960407 0.01473731586424625 0.010989837560192617 0.968336
5 0.2926251744277822 0.6688582814339218 0.015679929281767955 0.012422615730337079 0.967684
0 0.6656541499605367 0.6867645842696629 0.02666146045777427 0.012979816372391652 0.967614
22 0.5994441041831097 0.2782099518459069 0.013648093449092343 0.011320158373461744 0.9676
9 0.4078413385951065 0.3250761690743713 0.014678316653512232 0.011527423863028357 0.967133
18 0.6762594601420678 0.20826839593365434 0.017990960694554064 0.013858544248261101 0.966478
5 0.5412842178374112 0.6429750788657036 0.015606261089187055 0.011521643659711076 0.966407
11 0.4648050765588004 0.6410955265917603 0.01545997537490134 0.01789531771000535 0.965999
6 0.23314710023677981 0.18919262921348315 0.01565600631412786 0.011709157838416267 0.965552
5 0.4455980047355959 0.23297205350454786 0.014122471349644831 0.011288819261637238 0.965537
7 0.278093183898974 0.533818760834671 0.01650147308602999 0.016945939860888177 0.964901
7 0.17006967008681925 0.5340554478330658 0.015392126282557221 0.01694454275013376 0.964616
12 0.2944040410418311 0.21135272338148742 0.013623119810576165 0.021561582878544677 0.964416
0 0.34934281294396213 0.5760753344034243 0.0270976909234412 0.012041533226324237 0.964116
0 0.3325429897395422 0.4840964109149278 0.025056035359116022 0.01166025896201177 0.963323
7 0.4293877695343331 0.3280035270197967 0.01610003599052881 0.016316856500802567 0.963297
11 0.28200450828729284 0.3229350283574104 0.014433671981057616 0.017739690529695026 0.963083
5 0.18467924861878454 0.4845525264847512 0.012688790528808207 0.011408313322632424 0.96306
12 0.4897439621152328 0.5064447041198502 0.013095723441199685 0.02177912124130551 0.962989
10 0.5671464814522493 0.5023985617977528 0.012929717442778215 0.017402411556982345 0.962907
8 0.5403976132596686 0.6201202097378278 0.016018568587213892 0.011780876190476191 0.96234
1 0.3637717569060774 0.6692648132691278 0.01667786456195738 0.018339297592295342 0.962255
11 0.3925031602209945 0.5041312530765115 0.014019303551696923 0.01834507779561263 0.961849
12 0.6123164388318864 0.3690342043873729 0.014368570797158644 0.02150320556447298 0.961449
2 0.19107177269139702 0.4174049181380417 0.013411167166535122 0.012593939860888175 0.961171
0 0.1537236558800316 0.21163491235955056 0.033367165272296766 0.012144234563937935 0.960851
5 0.33639786077348066 0.32544243124665595 0.015757961799526442 0.011720910005350456 0.960679
5 0.4039696164167324 0.18737035848047084 0.01416700363062352 0.011182173140716963 0.960641
7 0.45372534806629833 0.6243504967362226 0.022915899605367007 0.0159562101658641 0.960589
13 0.4187452817679558 0.5499427886570359 0.009517461720599842 0.01772670561797753 0.960274
7 0.3652140047355959 0.4413382471910112 0.016242038200473558 0.015531214553237025 0.960059
1 0.28966996053670085 0.41919979454253614 0.016704858721389108 0.017595240235420008 0.959892
5 0.5924231981057616 0.5044172498662387 0.015169464877663774 0.011419654574638845 0.959681
11 0.6616086629834255 0.5241395227394329 0.015394833780584056 0.01730995569823435 0.959205
0 0.6756355232833465 0.255070784376672 0.02636343362273086 0.01285330936329588 0.958922
0 0.1513927829518548 0.7149969052969503 0.026193426992896608 0.013886897378277153 0.958367
1 0.4121438358326756 0.39587653718566085 0.016409943488555644 0.0174465164258962 0.958355
5 0.14508390844514601 0.5997489652220439 0.015598663930544593 0.011867277902621723 0.958047
6 0.4804944214680347 0.6431684280363831 0.01470652312549329 0.010581963402889244 0.957895
5 0.49979645777426995 0.21086532348849651 0.016217347434885558 0.01075002760834671 0.957815
13 0.2788654269928966 0.5048341915462815 0.00947410134175217 0.016946843873729266 0.957749
23 0.3432218468823994 0.6674945917602996 0.013244191318074193 0.01144650101658641 0.957583
5 0.31364990686661404 0.5530224590690208 0.015342098184688239 0.011277560192616373 0.957548
10 0.5970473622730861 0.5248975238095238 0.014731820047355959 0.017262618298555375 0.957439
0 0.6339461152328335 0.595170277153558 0.02546797916337806 0.012689409095773142 0.957389
2 0.23894922809786898 0.41757010593900484 0.011196757063930545 0.012232170358480472 0.957034
9 0.49640561957379636 0.6429117431781701 0.014723616732438832 0.012184750775815944 0.956967
6 0.3553037537490134 0.5533805029427502 0.01586739321231255 0.010939267629748528 0.956926
0 0.2368729408050513 0.507573898341359 0.02542635643251776 0.011923600642054576 0.956256
6 0.14592121231254931 0.41748134831460676 0.0169085272296764 0.012008742215088283 0.955733
8 0.413696 0.34783236383092564 0.016921458563535913 0.011995894275013377 0.95533
6 0.3269025035516969 0.23426095666131622 0.023934646250986583 0.010895875013376138 0.954584
2 0.3607179415943173 0.1874859625468165 0.012955216416732439 0.01222636276083467 0.954417
4 0.1884402462509866 0.6899042482611022 0.022497086029992105 0.01533981037988229 0.954123
0 0.5715609155485398 0.5967479165329053 0.025842058405682718 0.012519153344034242 0.95408
0 0.6081913433307025 0.43640472038523276 0.024401063299131807 0.012096184911717496 0.954045
2 0.15176051775848462 0.6227946906367041 0.011263757537490133 0.012406316104868913 0.953793
2 0.6266180899763221 0.3682016907437132 0.011667255564325177 0.012122593044408774 0.953638
18 0.6720785982636148 0.5722951910112359 0.01605594822415154 0.015412460139111824 0.953332
5 0.6379398768745067 0.25480259390048154 0.016361168113654304 0.012296108721241305 0.9533
8 0.31766387371744276 0.2566188378812199 0.015533279873717444 0.010740028678437668 0.952904
0 0.5666263993685872 0.2552430947030498 0.025529928334648778 0.012241539218833601 0.952895
5 0.45548037253354384 0.18715202568218298 0.01570595359116022 0.01198885393258427 0.95257
13 0.3557805966850829 0.639841112894596 0.009582522494080505 0.020924171642589622 0.952514
24 0.46828764640883974 0.44020028678437667 0.02248722588792423 0.016376576136971643 0.952088
13 0.5902002209944751 0.34303917817014445 0.009603616732438832 0.01799136222578919 0.95191
5 0.44489324704025257 0.39308642482611017 0.01392846093133386 0.0114157645799893 0.95175
5 0.6190070705603788 0.710785849117175 0.015456904183109708 0.01299874585339754 0.951711
0 0.48753795737963695 0.3242409159978598 0.023893508445146015 0.01152027394328518 0.95158
5 0.40903385003946335 0.5066838566078117 0.015306334964483031 0.012083912252541466 0.951528
0 0.45627767008681924 0.27803901123595504 0.025295184214680348 0.011556324879614768 0.95141
5 0.1445254364640884 0.2808595313001605 0.015775984846093133 0.011849307223113965 0.950984
14 0.46914717600631417 0.41249695024077043 0.00849758358326756 0.017299326698769397 0.950801
7 0.1498410228887135 0.305991088282504 0.027073363851617994 0.017261906046013912 0.950659
8 0.4685927450670876 0.34763019368646336 0.017697863930544594 0.011788738362760835 0.95028
10 0.17044265824782953 0.43713236853932586 0.01847899731649566 0.0169664582129481 0.95018
8 0.20748608050513023 0.3948911631888711 0.015490566061562747 0.011121850829320492 0.950146
22 0.3122706992896606 0.6910087875869448 0.014128007576953434 0.01211273108614232 0.950138
21 0.5173810513022888 0.6924321968967363 0.016707647040252564 0.015684924130551097 0.949944
0 0.39371789739542223 0.37137368004280363 0.02077216732438832 0.011329992937399678 0.949794
21 0.37605814048934494 0.6247142934189406 0.015197024782951854 0.01593443167469235 0.949768
0 0.2597666550907656 0.4842607768860353 0.026309970639305444 0.011669956554307116 0.94914
5 0.21113635359116023 0.5077525093632959 0.016301401104972378 0.011749646655965756 0.949066
13 0.25534696764009474 0.6188345939004816 0.008955554853985793 0.017639509470304977 0.948219
5 0.4371736448303078 0.48280586409844833 0.015211936227308603 0.010892998608881755 0.948201
0 0.35737640410418314 0.6909833108614232 0.026511214522494077 0.012460830818619581 0.948129
7 0.4421926187845304 0.6012504483681114 0.01579461404893449 0.01694180331728197 0.947693
4 0.6764679779005525 0.32132944676297487 0.01331490955011839 0.014861971107544142 0.947555
0 0.1689438358326756 0.18814753558052433 0.03280186393054459 0.012241648796147673 0.947093
0 0.6535762841357537 0.43578651257356876 0.025941225572217837 0.011733538790797218 0.946977
5 0.36240265193370164 0.5064326506153023 0.015574579321231255 0.012013070518994114 0.946781
0 0.38304833464877663 0.21052212734082396 0.02355620268350434 0.012555724772605671 0.946417
0 0.24062828097868982 0.5762186067415731 0.02583640094711918 0.012233293525949707 0.946368
0 0.5106026077348067 0.7127209844836812 0.026407157695343332 0.013497322632423757 0.945637
5 0.245023318074191 0.43948666452648477 0.015892973007103395 0.011406066987693956 0.945623
13 0.28408039147592734 0.3912389513108614 0.008867419731649565 0.017848911717495988 0.945342
5 0.5673453007103394 0.36847015516318893 0.01620417363851618 0.011739647726056714 0.945129
0 0.5520515737963694 0.30160717388978064 0.02604992959747435 0.012840735366506153 0.944591
0 0.5364919463299133 0.2544111289459604 0.025278858405682714 0.014023841626538256 0.94444
5 0.3803169944751381 0.4607463071161048 0.017505510339384373 0.011465594863563402 0.944126
5 0.37435605367008684 0.5753559593365435 0.014157305130228885 0.011450391011235956 0.944072
6 0.214435864246251 0.34922098234349913 0.016158065351223362 0.010721866238630284 0.944048
7 0.39217664404104186 0.14524801712145533 0.016541681452249407 0.01624015238095238 0.943902
5 0.5121276969218627 0.41584434542536114 0.01651553591160221 0.00980201947565543 0.942969
0 0.4295651712707183 0.2561164258962012 0.02322972691397001 0.011336211449973247 0.942966
4 0.34258942383583263 0.27757632102728735 0.013279712075769534 0.014135473515248796 0.94296
4 0.26879191791633783 0.41678676511503476 0.013344772849250197 0.011696611235955055 0.942607
8 0.49494599526440414 0.415380203317282 0.016234804735595895 0.011994278009630818 0.942355
12 0.478885682715075 0.5513889352594971 0.013285652407261246 0.020769010165864098 0.942256
5 0.3625465130228887 0.21099311803103266 0.016127878768745066 0.01107133568753344 0.942156
5 0.21564494396211525 0.7153448132691279 0.014313653038674034 0.011905575173889781 0.941043
13 0.6348335280189423 0.6152382664526485 0.01109577142857143 0.01837526634563938 0.941024
5 0.40583981057616414 0.41661856393793467 0.01753133259668508 0.011375029213483146 0.940896
0 0.15922917127071823 0.5078604430176565 0.022522100078926598 0.011479292027822365 0.940753
5 0.6321442146803472 0.27784588121990367 0.016105370165745855 0.012180860781166399 0.940501
2 0.4745488366219416 0.3698806891385768 0.013490371586424625 0.012595117817014447 0.940288
2 0.6661204861878453 0.1404978405564473 0.013226531965272298 0.01294066987693954 0.940224
10 0.4661317505919495 0.6639223713215623 0.015423525177584845 0.01783951546281434 0.939708
9 0.5951896953433308 0.45904868057784914 0.014821773638516179 0.011885029427501338 0.939411
9 0.5016642273086029 0.30088862065275546 0.014603921073401735 0.012213213483146067 0.939286
13 0.5238050955011838 0.6631197174959872 0.010874524388318863 0.01905152273943285 0.938847
0 0.408818866614049 0.7146881712145532 0.025780917442778217 0.014363969609416799 0.938452
2 0.160285499605367 0.4170389299090423 0.011006141120757696 0.011961514392723381 0.937959
11 0.34539026992896604 0.504183850187266 0.014963088871349645 0.017804121990369178 0.937684
5 0.21969487608524071 0.5767399208132691 0.016231854775059194 0.011460472124130552 0.937571
7 0.2917308918705604 0.1897947565543071 0.027306936069455404 0.01861411749598716 0.937449
6 0.45360209629044984 0.4829981722846442 0.01644982857142857 0.01032379925093633 0.937025
6 0.22026506708760854 0.6000744098448368 0.015941707971586425 0.011574377742108078 0.936862
0 0.4956810607734807 0.2332755826645265 0.031489737647987376 0.012064681433921884 0.936795
12 0.4836840157853196 0.21052349705724985 0.014361660615627467 0.02202969716425896 0.936532
6 0.24927853512233625 0.4618396147672552 0.017265512865035516 0.01052331214553237 0.936514
0 0.2161432044198895 0.30284512359550564 0.024576 0.011976252541466025 0.936276
9 0.2389007355958958 0.27991826217228466 0.014152253827940015 0.011789614981273407 0.936195
2 0.567888820836622 0.5507681797752809 0.011547559905288081 0.011112344997324773 0.93611
0 0.412189499605367 0.6441105189941145 0.025639319337016575 0.012258496308186196 0.935954
0 0.15401420678768746 0.6659394157303371 0.03383168303078137 0.01848572027822365 0.935654
5 0.2614372217837411 0.7146150283574103 0.016209224940805053 0.013023893846976994 0.935403
5 0.6287644085240726 0.43621800064205457 0.015556030939226518 0.0116427265917603 0.934999
0 0.4562542320441989 0.5063526591760299 0.026032310655090766 0.012329091492776886 0.934619
8 0.6565015943172849 0.66379635741038 0.016513919494869772 0.01300058127340824 0.933621
8 0.32811683662194163 0.6450991803103264 0.016348034727703235 0.011348127982878544 0.933511
5 0.5521663393843725 0.5968780395933654 0.013851357853196527 0.011428365971107544 0.933477
6 0.50372354222573 0.27848197752808984 0.016598175217048147 0.010805391546281433 0.933304
4 0.2755974364640884 0.21128930551096844 0.013631403946329914 0.011628563723916534 0.933035
5 0.22449320915548543 0.28034013483146064 0.014109863299131808 0.010830484751203852 0.931814
8 0.34301332912391475 0.6005080620652756 0.015926836937647987 0.01169378962011771 0.930246
0 0.4819831412786109 0.27890439807383627 0.025616649092344117 0.011877961690743713 0.929945
22 0.2185569187056038 0.4399488068485821 0.01438348224151539 0.010942445371856608 0.929671
0 0.324077411207577 0.16536887747458534 0.024678480820836624 0.011985867950775816 0.929416
0 0.1856810228887135 0.277459621187801 0.03310348729281768 0.018851818084537186 0.929135
2 0.4735866645619574 0.5291378919208133 0.01362384719810576 0.012313394542536115 0.928841
5 0.659592587213891 0.21060718673087214 0.01612379731649566 0.010299445692883895 0.92872
5 0.6573021247040253 0.3912219668271803 0.017170063456985005 0.012496607811663991 0.928508
0 0.30708523441199687 0.48482619582664527 0.025665868981846883 0.011431187586944891 0.928365
18 0.3848461941594317 0.16376932263242375 0.0160484318863457 0.014175825361155699 0.928127
2 0.6113975867403315 0.3449058277153558 0.01037569818468824 0.011839910968432317 0.927885
0 0.524862636148382 0.2784784162653825 0.02572224151539069 0.01205588785446763 0.927788
22 0.4160208113654301 0.2786668892455859 0.014379926124704024 0.01126821872659176 0.927547
13 0.22044853038674034 0.5516182257891921 0.00945708855564325 0.016707499625468164 0.927224
6 0.42924673717442785 0.39349377849117173 0.016020871981057616 0.01163149491706795 0.927178
13 0.18131144435674823 0.2538298212948101 0.008309109392265195 0.018168028250401286 0.926636
5 0.6163410336227308 0.5277136607811664 0.01437677411207577 0.01178602632423756 0.925909
9 0.5110253007103394 0.5510618469769931 0.01433979857932123 0.011534847726056714 0.925674
6 0.29905245146014203 0.32602127340823966 0.016421945382794 0.011131411449973249 0.925619
22 0.23672948382004735 0.30302455644729803 0.013976791791633782 0.011374152594970571 0.925329
8 0.32740278453038674 0.2796719871589085 0.016965667561168112 0.011950118352059924 0.925276
5 0.4681167103393844 0.3242896779026217 0.015138833780584058 0.011106482611021937 0.925
0 0.2053738279400158 0.46242338790797216 0.023559799210734016 0.011413189513108615 0.924531
5 0.5852543898973954 0.7114137271268058 0.01593900047355959 0.013391799678972712 0.922779
6 0.6228895014996054 0.3231793857677902 0.016565604419889503 0.011672668592830391 0.922576
6 0.30711150118389896 0.5078231867308721 0.01531918547750592 0.011592512787586945 0.922516
7 0.5463189518547751 0.4618070155163189 0.01579130039463299 0.015532392509363295 0.921692
4 0.3968630402525651 0.5970467886570358 0.013414036306235203 0.01365574403424291 0.92108
2 0.5477026045777427 0.688192102728732 0.013003223993685873 0.012243484216158373 0.920853
2 0.4843289660615628 0.34719325414660246 0.012986655722178376 0.01141299775280899 0.920833
13 0.3013263456985004 0.5505397110754414 0.008613116969218626 0.01755949063670412 0.920232
6 0.27169823520126285 0.37143175601926165 0.025587270718232046 0.011076074906367042 0.920207
0 0.1831630497237569 0.669233035848047 0.02557583456985004 0.01285832252541466 0.919384
8 0.461455456985004 0.3935088453718566 0.017611668508287295 0.012325804173354734 0.919371
5 0.5664566756116811 0.6877137977528089 0.015456742541436466 0.01214995997859818 0.919036
0 0.5936258121546961 0.14107229962546816 0.026298574901341753 0.012303779133226323 0.918876
18 0.28109446566692975 0.11671134510433386 0.01580584814522494 0.017135536008560725 0.918794
4 0.3464183109707971 0.4372671760299625 0.013127445619573797 0.013526168860353129 0.918428
18 0.2432913275453828 0.620299368646335 0.015701468034727703 0.013969956982343499 0.918311
0 0.454700047355959 0.3707195034777956 0.02550046913970008 0.012351773996789727 0.917596
18 0.16041481294396212 0.27930654681647943 0.016226116495659037 0.014312605243445692 0.917156
0 0.6068622446724546 0.6841418512573568 0.03407058942383583 0.018682301979668272 0.916926
7 0.6142182339384372 0.4839325928303906 0.016123918547750592 0.016291955056179773 0.916594
5 0.6458663804262036 0.6868023884430177 0.01361261310181531 0.01078473622257892 0.916591
2 0.4685321294396212 0.4825719165329053 0.01262979131807419 0.011280984483681113 0.916305
14 0.636402624151539 0.3654688325307651 0.007498435990528809 0.017815983734617444 0.916257
2 0.6286426519337016 0.4814829919743178 0.012690043251775848 0.012758086677367577 0.916168
21 0.17847746172059983 0.5114181444622793 0.015806292659826363 0.015882711182450507 0.915961
13 0.6129249389108129 0.18462243338683787 0.01031407229676401 0.01686868785446763 0.91549
0 0.5206886440410419 0.6439842311396469 0.02423089502762431 0.012521016158373461 0.915418
0 0.23972834096290452 0.5990898576779026 0.023293737016574584 0.012488197752808988 0.915129
0 0.4713741941594317 0.6887556040663456 0.02410517821625888 0.01396702578919208 0.914602
9 0.1928199273875296 0.25681744676297485 0.014726081767955802 0.012211460246120921 0.914589
9 0.5422476022099448 0.39221501123595504 0.015180254459352801 0.012178422685928305 0.914259
0 0.2823342573007104 0.6899858833600856 0.03272621562746646 0.01508685115034778 0.913647
8 0.5531871065509076 0.5510330829320492 0.017135431728492502 0.011990990690208668 0.913318
5 0.28652683820047353 0.4844487019796683 0.015137783109707972 0.012178970572498662 0.912969
0 0.594737502762431 0.3916778084537186 0.02467294459352802 0.012560710540395934 0.912446
0 0.3607369344909234 0.41663763039058316 0.02416102541436464 0.011344429748528624 0.912118
0 0.5747319210734018 0.23270961583734617 0.023402804735595896 0.012315394328517925 0.912002
46 0.43676469139700075 0.16520971642589619 0.02637729439621152 0.012557916318887107 0.910913
5 0.635782768745067 0.3909515848047084 0.017279171586424624 0.011912999036918137 0.910808
13 0.3887942920284136 0.2991753793472445 0.009664838516179951 0.017218458640984483 0.910774
6 0.60353363851618 0.21072155805243445 0.02545472454617206 0.010528215730337078 0.910526
0 0.4595012091554854 0.21042816479400747 0.02299377048145225 0.011576240556447298 0.910453
11 0.633763864246251 0.45533483146067416 0.014626470086819257 0.018182629427501335 0.910284
5 0.2175745414364641 0.18869733975387906 0.015771014364640883 0.011832651471375067 0.91008
0 0.4807534522494081 0.7135962332798288 0.024633786898184688 0.013290468057784912 0.909959
6 0.35303672928176794 0.7141898683788123 0.016180210260457774 0.011880920278223649 0.909352
13 0.3983893417521705 0.526965795612627 0.009017706077348066 0.017672820973782772 0.908916
2 0.6201574743488555 0.39072886891385766 0.012992232359905287 0.012400042803638309 0.90883
9 0.5234207924230466 0.32416777314071693 0.014826016732438833 0.011729128303905831 0.908747
0 0.664472953433307 0.6826126998394864 0.024733156116811365 0.004491163188871054 0.908329
18 0.343456227308603 0.6433004686998395 0.01509232138910813 0.013863886142322096 0.908202
22 0.572647955801105 0.32403271910112363 0.013329740173638516 0.010975839058319958 0.907945
0 0.4978902983425414 0.43769206206527556 0.03764040536700868 0.011877057677902623 0.907473
22 0.1577594443567482 0.3485363980738363 0.012727867403314917 0.010498821615837347 0.907243
5 0.3512764514601421 0.5306530722311397 0.014192421783741119 0.010729947565543073 0.907217
8 0.4743443599052881 0.4600992530765115 0.017217626519337018 0.012101061102193687 0.907205
0 0.6697671223362273 0.7095424205457465 0.02435612691397001 0.016682707758159443 0.906197
14 0.2801743204419889 0.27626194114499736 0.008411388161010261 0.017386550240770467 0.905943
7 0.5948995485398579 0.23538686356340288 0.016076557537490134 0.016233358587479936 0.905923
12 0.4458061183898974 0.4161310818619583 0.013947130544593529 0.021457073515248795 0.905295
5 0.4951217805840568 0.2553860930979133 0.015142874822415152 0.011627467950775815 0.905237
6 0.5305063551696922 0.45984421187800967 0.01533122778216259 0.0119633772070626 0.905227
0 0.3111129408050513 0.7135915762439807 0.024360127545382797 0.015346850722311397 0.90451
6 0.30662293922651934 0.41799745746388445 0.015769923283346487 0.011706938897806314 0.903674
5 0.331212274664562 0.52950744141252 0.015519661562746645 0.011652643338683787 0.903289
0 0.41652109234411994 0.667250508293205 0.024996955327545384 0.012524193900481541 0.903145
2 0.674469682715075 0.41411540716960943 0.013228188792423047 0.011043913964686998 0.902338
8 0.6598528303078137 0.36849426217228465 0.014571835201262824 0.010815116532905296 0.901303
9 0.3782229265982636 0.689940682718031 0.014806175217048145 0.01198332027822365 0.901184
9 0.5886238105761642 0.3233106046013911 0.01577836906077348 0.011729511824505084 0.900432
0 0.5872058089976322 0.3687640963081862 0.02427219447513812 0.012813368432316747 0.900405
6 0.6544196495659037 0.2550664012841092 0.016184291712707185 0.012376072766185126 0.899737
8 0.4712024498816101 0.18746048582129482 0.015885618310970795 0.011282847298020333 0.899105
13 0.4561831097079716 0.3216085949705725 0.008102773796369377 0.016660107437132157 0.898248
7 0.531813632202052 0.5082872466559658 0.022247996211523284 0.01773977271268058 0.897357
5 0.23988917442778218 0.48534093525949706 0.013956061247040252 0.011514356768325306 0.897105
9 0.3293249868981847 0.3023785981808454 0.014872003788476716 0.011674230069555912 0.896761
13 0.2274637790055249 0.482427822364901 0.01000359905288082 0.01854826153023007 0.896673
0 0.3569925051302289 0.29977531514178707 0.023335359747434888 0.016618769395398608 0.895964
18 0.2996371902131018 0.16317541359015517 0.023778177111286502 0.016397916318887106 0.895864
13 0.42280733701657464 0.5265425532370251 0.009680598579321232 0.017763797538790795 0.895827
7 0.4500613354380426 0.6700419903691813 0.015362060931333861 0.016579622899946495 0.895315
18 0.5817613133385952 0.6863750369181381 0.015413139700078928 0.014220368539325843 0.894487
9 0.6204255974743489 0.30037168967362227 0.014979576322020521 0.012599911824505082 0.893092
0 0.22538264246250986 0.2333476297485286 0.024479257458563535 0.01380235848047084 0.893028
5 0.3695391318074191 0.3484123017656501 0.01586585761641673 0.01259440556447298 0.892168
8 0.6483487924230467 0.27772562011770996 0.01638860678768745 0.011301639807383627 0.891564
2 0.22121956116811367 0.5283711246655965 0.013140255722178373 0.01656674756554307 0.891511
11 0.41023969692186263 0.526352710540396 0.013697959905288081 0.017386988550026752 0.891445
10 0.4092819700078926 0.20750245050829322 0.018919592107340174 0.01779480791867309 0.891326
7 0.4293332154696133 0.2366207041198502 0.0163103318074191 0.01772588378812199 0.891153
6 0.6241712391475926 0.20974056714820757 0.015321892975532754 0.012266468057784911 0.891141
4 0.19255604735595896 0.6440494296415196 0.012925635990528808 0.013844271803103263 0.89101
2 0.32973042462509866 0.46086492455858746 0.011882158168902921 0.011685845264847512 0.8904
13 0.6783967671665352 0.4745881134296415 0.00826195043409629 0.009530048582129481 0.889831
14 0.4550738437253355 0.16117343606206527 0.007765993370165746 0.01761833365436062 0.889202
5 0.5515464435674823 0.27822118352059927 0.016596154696132598 0.012240689994649546 0.889199
1 0.2313819731649566 0.46406129481005887 0.016577444672454617 0.01798777356875334 0.888034
5 0.45564363062352015 0.46013650936329586 0.020581955485398578 0.011828432744783306 0.887919
23 0.3563984719810576 0.25652350561797754 0.013294865982636149 0.011627029641519529 0.887854
8 0.5514041988950277 0.5048840492241841 0.0172481363851618 0.01165078052434457 0.887356
23 0.6701134396211523 0.34561808025682184 0.015711247355958958 0.011150916211878008 0.886911
4 0.5313982131018152 0.41387241947565545 0.012574105761641674 0.013381691171749598 0.886842
6 0.14582584372533544 0.2342954735152488 0.017111387529597476 0.013150291278758695 0.8863
23 0.25721271665351225 0.5532983199571964 0.013879604735595895 0.010861111610486892 0.886217
11 0.4684888902920284 0.2990603231674693 0.013381303867403313 0.016951172177635098 0.885704
6 0.6411444230465667 0.5505013590155163 0.01685389234411997 0.011752605243445692 0.885418
8 0.2862075958958169 0.3020920535045479 0.016558532596685084 0.01291149491706795 0.88527
0 0.33200674348855563 0.691644609951846 0.023555030781373325 0.012428697271268059 0.885257
6 0.3837268255722178 0.2791712188336008 0.016753108760852408 0.01105076254681648 0.884922
8 0.5265517916337806 0.5288428550026752 0.015374386108918706 0.01138264483681113 0.883883
9 0.665555952644041 0.6408128445157839 0.015973874664561957 0.012087610486891385 0.883697
10 0.23968752644041041 0.2542108764044944 0.010848500078926598 0.018103624184055644 0.883531
13 0.42109393528018946 0.573248787586945 0.007372638358326756 0.016536367255216695 0.882749
2 0.3099717505919495 0.21071388764044943 0.012413231886345698 0.011815995719636168 0.881034
0 0.3335386620363062 0.5530038309256287 0.025124813891081295 0.011597854681647939 0.879987
6 0.5371267940015785 0.5968969416800428 0.015587631886345698 0.012079940074906367 0.879309
8 0.5064544782951854 0.4828135345104334 0.016840556906077348 0.011563885714285713 0.878387
9 0.371933044988161 0.5527287918673087 0.014953511602209944 0.011759234670947031 0.877952
0 0.41782958168902923 0.4837674050294275 0.02305006219415943 0.012041423649010166 0.877625
5 0.6591678737174428 0.11548490101658641 0.018554605209155486 0.017881209630818618 0.877461
9 0.49771532123125495 0.5970826752273943 0.014528919337016576 0.012038875976457999 0.877131
8 0.1454738689818469 0.14306770251471373 0.01733380647198106 0.012854733868378813 0.876437
22 0.5139469739542226 0.3467297421080792 0.013455901499605365 0.010532708400214016 0.875745
6 0.4849262320441989 0.3015299218833601 0.01757335943172849 0.011983073729266987 0.875416
46 0.3417016069455407 0.37103946923488496 0.025938194790844516 0.010956964365971107 0.874201
0 0.28479040252565113 0.6447770230069556 0.024069051302288872 0.013373719422150883 0.87416
9 0.5436769187056038 0.14122242054574638 0.01568174775059195 0.012714803638309255 0.872489
8 0.6512252059984215 0.14095642161583732 0.01748506266771902 0.012876923274478331 0.872274
4 0.45898920915548547 0.1153016329588015 0.012977240094711918 0.017589624398073836 0.870562
7 0.27493793843725334 0.5558421573033707 0.015455489818468823 0.014277513108614233 0.869958
9 0.5108454743488555 0.2547031524879615 0.014421023520126282 0.012331063884430178 0.869166
14 0.3895269329123915 0.5265551546281434 0.007516054932912391 0.017414410272873194 0.868658
22 0.5050736543014996 0.39218871268057787 0.014536233622730859 0.011680530765115035 0.867795
13 0.6469610986582478 0.4549058362760835 0.010484119337016574 0.020597494275013378 0.867177
9 0.4582517190213102 0.552273772070626 0.014457473717442777 0.01134434756554307 0.86696
0 0.2699003756906077 0.4398038908507223 0.03325619826361484 0.011315008239700374 0.865993
18 0.5717754948697712 0.41300511503477794 0.021984883977900552 0.01400293975387908 0.865866
13 0.5497974806629834 0.4348866088817549 0.009306398105761641 0.01834474906367041 0.865587
23 0.27496703393843724 0.16528806420545744 0.014871195580110496 0.011359277474585339 0.865582
13 0.43785738910812944 0.6639470262172285 0.009021827940015785 0.016121617121455323 0.862795
2 0.4597586235201263 0.4158411402889246 0.012638843251775847 0.009852397645799893 0.862501
6 0.6698410734017364 0.4820881326912787 0.025491255564325174 0.012163383199571963 0.861621
5 0.31018152107340174 0.14274554521134297 0.014206807892659826 0.013450231781701445 0.860403
18 0.4294863709550118 0.34619418298555377 0.015616969850039462 0.01407854810058855 0.860306
6 0.667743772691397 0.6205421371856608 0.0265024454617206 0.008330204387372928 0.860242
5 0.5804285777426993 0.4590242996254682 0.015721915706393055 0.012165793900481541 0.860014
9 0.38745307024467246 0.6437208346709471 0.015134711917916337 0.012144892027822365 0.859686
14 0.5531749834254144 0.6395853046548957 0.007734271191791635 0.017664794435527018 0.857765
13 0.14966523756906078 0.4593856308186196 0.008721618942383583 0.018465695024077047 0.857517
11 0.5684586077348066 0.13829615837346176 0.02287395359116022 0.018128443445692883 0.857038
6 0.16134344435674822 0.48469881219903693 0.016056756432517756 0.011074075120385232 0.856656
13 0.34809615153906864 0.18569766078116642 0.011185522967640095 0.019219176029962547 0.856292
14 0.6264494977111287 0.25198536115569825 0.008250029360694553 0.017742457356875335 0.853646
13 0.20664311917916336 0.4372069906902087 0.008960767797947909 0.016360386088817548 0.853282
5 0.3345142099447514 0.3912912744783307 0.015999535280189423 0.017372579133226325 0.853098
22 0.6183101120757696 0.5731104462279293 0.013139083820047354 0.0104709341894061 0.852852
23 0.1956518895027624 0.4400759165329053 0.01165484956590371 0.010841826003210273 0.851279
18 0.3765515516969219 0.30086341787051896 0.014911686819258089 0.014447905831995721 0.851133
2 0.5565278358326756 0.2321998073836276 0.01264474317284925 0.012319311717495986 0.848289
9 0.6387775848460931 0.20935184162653825 0.014316320126282558 0.012214446227929375 0.847672
23 0.6352287419100238 0.41364449866238634 0.014632491239147592 0.01141918887105404 0.846896
18 0.49086211838989735 0.6876650358480471 0.015497597474348857 0.015761326912787588 0.846652
8 0.2227527324388319 0.6922845414660246 0.015844480505130227 0.010727673836276083 0.845446
8 0.4728390718232044 0.6211168154093099 0.016824716022099447 0.01188196126270733 0.845027
0 0.23497971270718232 0.71519524023542 0.025509399842146802 0.013709820438737292 0.844811
6 0.17660565114443566 0.37179199143927233 0.015555020678768745 0.010559061744248262 0.843121
23 0.30329918232044195 0.3482125971107544 0.01437887545382794 0.01108612862493312 0.842646
13 0.28893529913180743 0.13878432530765114 0.009882973954222572 0.02144132177635099 0.842588
5 0.43421964325177587 0.29907182878544675 0.01577121641673244 0.017696626645264845 0.839936
13 0.5045753938437253 0.6863262750133761 0.012002742857142857 0.018556890743713216 0.83981
0 0.42923905919494876 0.3705732177635099 0.025880246250986585 0.01214878202247191 0.838438
12 0.32573237947908446 0.1398436639914393 0.014912858721389107 0.018592640342429106 0.838394
19 0.38556752012628254 0.7134066645264848 0.013306665824782953 0.012606869983948636 0.837792
5 0.35129140331491715 0.2334520021401819 0.02314931018153118 0.012461406099518459 0.837428
2 0.398663728492502 0.3481117859818085 0.012744314443567483 0.012019426003210274 0.837057
18 0.434919955801105 0.5280651300160514 0.015267743014996055 0.013921770358480471 0.836679
14 0.34067392959747433 0.45846545532370253 0.008163025730071034 0.017417451043338684 0.835255
1 0.19670660142067875 0.3505822065275548 0.01686601546961326 0.01712022257891921 0.833957
14 0.6083756148382005 0.22957625254146602 0.008734833149171272 0.01825711460674157 0.832051
8 0.6800673338595107 0.45969463884430173 0.017322895659037097 0.012834325093632958 0.830867
7 0.14523423520126283 0.6470107565543072 0.01646445714285714 0.01855700032102729 0.830751
13 0.20750709392265196 0.11669682611021936 0.010779357853196527 0.019843492776886035 0.827694
18 0.5813471065509076 0.6821059047619047 0.014878146172059984 0.00550439721776351 0.826075
22 0.5501401610102604 0.3467365906902087 0.013867441199684293 0.011175927233814874 0.825858
23 0.6032475327545382 0.6643768432316747 0.0138748363062352 0.011069801605136438 0.824346
2 0.24793812154696135 0.25717138148742646 0.011135171586424625 0.011913409951845907 0.823544
22 0.3010980268350434 0.5764457057249865 0.013053130860299921 0.011302845157838417 0.822914
14 0.320050028097869 0.20783940074906368 0.00733198547750592 0.01769396939539861 0.822439
11 0.3754204640883978 0.18497609416800428 0.015406350749802683 0.017666794221508828 0.820893
6 0.572961136543015 0.3014644494382022 0.016159641357537488 0.012000167790262172 0.820401
6 0.453926591949487 0.25583837346174426 0.023859886977111288 0.011031066024612091 0.819762
0 0.43718940489344904 0.11524246120920278 0.032193404262036304 0.01801160663456394 0.819751
6 0.3920339952644041 0.6211020224719102 0.015271945698500395 0.011293503691813804 0.819134
18 0.3771645777426993 0.4821708635634029 0.02150650544593528 0.015270831460674157 0.818844
8 0.6603454333070244 0.4138735152487962 0.014608083346487766 0.011289476725521668 0.818092
14 0.4156995485398579 0.18403318138041733 0.008015850986582479 0.017260043231674693 0.817478
24 0.4345239337016575 0.18954081112894597 0.026260871981057615 0.017308585981808455 0.81743
18 0.6247551696921863 0.5489278287854468 0.014641017837411207 0.013867830925628679 0.815839
4 0.5266350370955012 0.48125698876404494 0.022438086819258088 0.01361774810058855 0.814156
14 0.5852172123125493 0.297863191011236 0.008046603314917128 0.017941723702514716 0.813875
14 0.6850184183109708 0.5007266859283039 0.008570079873717443 0.01794306602461209 0.812529
8 0.16468942699289663 0.5764577592295346 0.017896925651144435 0.011915135794542536 0.812518
13 0.538660773480663 0.344219873729267 0.007918098184688239 0.017061406955591225 0.811835
14 0.39431233464877663 0.25285102193686465 0.00881803820047356 0.017409342322097378 0.811579
14 0.3438417426992897 0.34504773033707864 0.007112839779005524 0.017265412520064204 0.811564
18 0.20402331176006316 0.5988876875334403 0.015602543330702446 0.014021704868913857 0.810568
5 0.3282454225730071 0.3482846441947565 0.02548866929755328 0.012609664205457463 0.809765
10 0.2713333291239148 0.6655671268057786 0.01509692817679558 0.017663561690743713 0.808823
8 0.25425669455406474 0.41773995077581594 0.01742917505919495 0.011991374210807919 0.808031
2 0.49278040094711917 0.5745765906902086 0.012201198421468034 0.01218770936329588 0.80666
13 0.3527271854775059 0.34436314606741575 0.009894208050513022 0.018239691813804176 0.80649
5 0.27725183898973954 0.2574297100053504 0.021145155485398578 0.011574843445692883 0.805491
5 0.3965409692186267 0.6668168560727662 0.014027385635359116 0.011673627394328518 0.804552
12 0.2807222857142857 0.7157650422685928 0.022422003472770322 0.020399460674157304 0.802093
10 0.5651683914759273 0.4340927212413055 0.014125259668508286 0.01780110861423221 0.801645
18 0.2639042778216259 0.27822803210272873 0.022999791633780586 0.016141368432316745 0.801361
9 0.25714159431728495 0.5306371835205993 0.015161867719021312 0.01184251342964152 0.799728
2 0.16036955327545382 0.46222943606206524 0.01163908950276243 0.011039941787051899 0.799366
2 0.29529145382794003 0.5984400642054575 0.020496891554853985 0.0132251873729267 0.799159
6 0.1619875864246251 0.645249849117175 0.016026893133385952 0.011977211342964153 0.796409
2 0.4127839368587214 0.16464402354200106 0.011777414364640883 0.013040741359015517 0.79635
21 0.20796211523283348 0.5576449780631354 0.01493043725335438 0.015280282504012841 0.796086
5 0.4874781499605367 0.48306364472980207 0.020803727861089187 0.011596320599250937 0.794394
16 0.5771985730071034 0.346445115034778 0.015499941278610893 0.01219825617977528 0.794393
21 0.5809733101815312 0.12146617870518994 0.01614759905288082 0.016286969288389512 0.79284
5 0.445208044198895 0.4375183820224719 0.01404920726124704 0.011339005671482076 0.792365
13 0.6086738437253354 0.7065786281433922 0.0050351381215469615 0.017687668699839485 0.789181
2 0.5851359873717443 0.2554932049224184 0.01057843725335438 0.011330075120385233 0.788818
23 0.5056701120757695 0.18708984055644728 0.01471149360694554 0.011160750775815945 0.788046
10 0.5556509297553276 0.18401044408774747 0.014140130702446727 0.01819142300695559 0.785931
13 0.44713158011049725 0.5484352787586946 0.007239041515390687 0.017936820117710008 0.783241
6 0.19447432991318075 0.5074366527554842 0.015084845461720599 0.011121960406634563 0.782835
8 0.5140205209155485 0.46017869662921346 0.017088191949486978 0.012563915676832531 0.782695
6 0.22667375532754538 0.326154683788122 0.02302282557221784 0.01142762632423756 0.78196
14 0.5968327829518548 0.7072363659711075 0.008091822573007104 0.01889970337078652 0.781819
6 0.44054670244672456 0.2102443488496522 0.015025644198895028 0.011381658640984484 0.781798
10 0.6176076173638516 0.45581450615302305 0.015472543014996055 0.01737394884965222 0.781784
23 0.17037194001578532 0.554554075976458 0.018338490292028414 0.011846184269662921 0.781143
5 0.28005632202052094 0.23343008667736756 0.02459345730071034 0.012709516532905297 0.778302
22 0.3530128871349645 0.4837356276083467 0.014198766219415942 0.011087881861958266 0.777883
8 0.1866468318863457 0.6227695152487962 0.015078905130228887 0.011451678544676299 0.775902
0 0.473342181531176 0.1643889823434992 0.028505104972375694 0.012968146388443017 0.775777
18 0.44421516022099444 0.7123210272873194 0.015232505130228887 0.01494659218833601 0.773788
0 0.5110463141278611 0.5742993600856072 0.02338045777426993 0.01268349192081327 0.773458
22 0.5196298910812944 0.6203256672017121 0.021769658089976322 0.012822874264312467 0.772916
6 0.578416138910813 0.1642769395398609 0.01594477916337806 0.011865771214553237 0.772028
2 0.42688878926598267 0.18691588657035849 0.013572647198105761 0.011773918031032638 0.771109
13 0.5788416606156275 0.47450428678437667 0.013963213891081294 0.009792760192616372 0.770158
18 0.5617456290449881 0.16229441198501873 0.01636108729281768 0.014801073515248796 0.769784
9 0.26533521073401733 0.1880768582129481 0.014680417995264405 0.012012851364365971 0.769736
11 0.19869923914759274 0.2083771514178705 0.014604567640094712 0.017570503156768325 0.76692
2 0.30642320669297557 0.2561884729802033 0.006606537647987372 0.013025181380417335 0.766891
22 0.4329859131807419 0.6441905104333868 0.013998815469613261 0.011668888175494918 0.764376
23 0.458446093133386 0.597895191011236 0.013921671981057617 0.011293996789727126 0.763861
5 0.5964593906866614 0.1172123873729267 0.015218563535911602 0.01301164858212948 0.763663
0 0.6060548445146015 0.6829091064740503 0.032940067561168115 0.003898075976457999 0.762117
13 0.5623715864246251 0.32128342429106477 0.009012493133385951 0.01729045093632959 0.761819
0 0.4549206882399368 0.5281752552166934 0.022093183898973953 0.014455466666666666 0.76148
21 0.3103062680347277 0.43856813269127876 0.014445067719021308 0.013009402247191012 0.761442
6 0.5077116464088397 0.3234555205992509 0.01455284230465667 0.012890182129481006 0.759799
5 0.40048825887924233 0.41658095152487956 0.007231525177584846 0.011050433814874265 0.757954
2 0.5956378468823994 0.5980488731942215 0.013965355643251775 0.015316908721241307 0.756192
2 0.2938940615627466 0.6196495751738897 0.021779033307024468 0.017785630818619582 0.754018
13 0.6056717537490134 0.7075294852862494 0.011405719337016574 0.019224874050294275 0.751541
23 0.14480911760063142 0.18893375280898878 0.014831795422257299 0.011620071482075976 0.751363
8 0.3667104025256511 0.2796706174424826 0.015321892975532754 0.01092329673622258 0.749474
0 0.6093765808997633 0.4773119315141787 0.02651291176006314 0.004177498127340824 0.748998
10 0.6634590560378848 0.4560364002140182 0.01463447134964483 0.017619703370786517 0.748052
2 0.3676996495659037 0.3706260888175495 0.021625473717442778 0.011035202568218298 0.747188
6 0.46093295027624315 0.713925239165329 0.016338699921073403 0.01376028079186731 0.744434
9 0.6371365177584847 0.11679024077046549 0.01559688587213891 0.013807042910647405 0.744054
13 0.412959318074191 0.6196145104333869 0.00896998137332281 0.017661671482075977 0.741899
1 0.6544645051302289 0.5755882632423757 0.015052234254143647 0.017506400428036382 0.74136
22 0.4358720252565115 0.2791986131621188 0.014194967640094711 0.011281751524879615 0.740852
22 0.634890910812944 0.14052468699839488 0.012884619415943172 0.01123468806848582 0.740821
8 0.3521905351223362 0.3250660331728197 0.01684892186266772 0.012228006420545747 0.740711
21 0.617557508445146 0.644938101658641 0.016108643409629045 0.015429581594435526 0.740073
1 0.6473053954222573 0.4844692477260567 0.0170149682715075 0.018900388228999462 0.739801
18 0.5143478453038675 0.3686386302835741 0.01544995359116022 0.014330877260567148 0.739218
0 0.33918185572217835 0.21095413590155163 0.029966386108918705 0.012045505403959336 0.738499
18 0.3348063772691397 0.18736433172819691 0.015377295659037095 0.014668621936864634 0.738461
2 0.6345645966850828 0.5724231225254146 0.014938074822415156 0.012014193686463349 0.736939
2 0.1510488902920284 0.5763594135901552 0.01134849818468824 0.011486962439807383 0.736582
13 0.4829218752959748 0.2526241968967362 0.0073092748224151535 0.01736983970037453 0.736459
6 0.38089445935280186 0.6664574424826111 0.016213589265982636 0.012235074157303372 0.736341
24 0.2210373101815312 0.26000696843231674 0.02604075643251776 0.01634877089352595 0.735814
0 0.3582727071823204 0.46073124023542006 0.02640966314127861 0.010837086784376672 0.735364
8 0.3698066487766377 0.7147070733012306 0.017304266456195736 0.01418439978598181 0.732472
2 0.25970199842146807 0.2570437239165329 0.01220637095501184 0.011646315248796148 0.73138
13 0.317646093133386 0.30054728731942215 0.008641080978689819 0.0170340126270733 0.730555
13 0.41745780584056824 0.11527478651685394 0.009793020363062352 0.018309602140181916 0.729476
21 0.1666299352801894 0.6030713493846976 0.0253252091554854 0.01658877260567148 0.727962
2 0.5683499037095501 0.5279648667736758 0.012876052407261248 0.012218527982878544 0.727891
6 0.38195846566692976 0.4165610906367041 0.01756911633780584 0.011292353130016052 0.727786
22 0.19163711444356749 0.39455256928838955 0.013167047829518549 0.011756632209737827 0.727707
22 0.5242770891870561 0.4368020203317282 0.013691009313338593 0.01173153900481541 0.727679
14 0.544410771902131 0.7087238780096308 0.009340181215469614 0.019423756875334406 0.727123
9 0.34082789329123914 0.14190810058855002 0.014164821468034727 0.011522575066880685 0.726091
14 0.6140350939226519 0.2700267180310326 0.01128226550907656 0.00783307950775816 0.723598
12 0.6168824524072613 0.11368646334938469 0.021333952959747434 0.021918777528089888 0.723473
2 0.6670580078926599 0.4153648350989834 0.027372441357537487 0.00889981466024612 0.72008
2 0.1688149265982636 0.23425931300160513 0.02726397979479085 0.011885358159443552 0.71973
5 0.5493137679558011 0.4159362807918673 0.021019277032359906 0.010042706046013912 0.7186
9 0.3155366692975533 0.3262565906902087 0.014156698973954223 0.012741595291599786 0.715615
18 0.5400613985793212 0.664504226859283 0.02185985414364641 0.014971411449973247 0.713224
18 0.48867874348855567 0.18563848903156768 0.01985856858721389 0.014419223970037455 0.713209
10 0.27729629044988163 0.5964405521669341 0.0180293910023678 0.01702272616372392 0.7127
13 0.3128312726124704 0.664910758694489 0.009542920284135755 0.018318697057249866 0.711494
13 0.2900744688239937 0.5737051771000534 0.010834235201262825 0.017666301123595508 0.710296
14 0.3785187308602999 0.595199041198502 0.0075335122336227306 0.017125126163723917 0.70775
13 0.25916575217048143 0.26994206955591227 0.013753281767955802 0.008002705189941145 0.70694
4 0.23446811681136542 0.6429750240770465 0.012097586108918706 0.015110602033172821 0.70653
13 0.4372633559589582 0.36762860139111825 0.008628796211523284 0.0174359696094168 0.706456
10 0.5410554948697711 0.5256286784376671 0.011685319021310182 0.017388659604066346 0.705371
10 0.5866206661404894 0.6395471717495987 0.015479170323599054 0.017763222257891922 0.704476
13 0.20448156590370956 0.7118342300695558 0.008456971112865036 0.018084119422150883 0.703092
35 0.14815025098658247 0.120232886035313 0.022388058721389107 0.02458772477260567 0.702355
9 0.4818813070244672 0.666637697164259 0.015000306866614048 0.01235437645799893 0.695415
6 0.6721274948697712 0.5050774531835206 0.014475294711917915 0.011133794756554306 0.694219
5 0.6765997158642463 0.36843152915997857 0.01677032359905288 0.01422157388978063 0.693325
0 0.18320507655880033 0.599345446762975 0.026954314759273873 0.012819477367576245 0.689295
4 0.218329408050513 0.16395642589620116 0.018843135595895816 0.016226263456393792 0.688876
14 0.17362376637726915 0.4816931064740503 0.00831068539857932 0.017888003424291064 0.687512
13 0.45229158642462514 0.639323086142322 0.008634170797158641 0.021805200642054576 0.682621
13 0.6124892741910023 0.20571907972177636 0.010755232833464877 0.02065105018726592 0.682405
8 0.53357027308603 0.6887525906902088 0.014528636464088397 0.011519287747458534 0.680403
2 0.26163806156274666 0.5078325008025683 0.02248395264404104 0.011532710968432317 0.680403
6 0.3879282967640095 0.32564843659711074 0.02311193054459353 0.011388945532370253 0.676803
4 0.6164846118389897 0.1624122075976458 0.020656674348855566 0.014518911931514177 0.675965
22 0.5272282620363062 0.14110024184055645 0.014100609313338595 0.01180131235955056 0.675125
4 0.47283179794790847 0.23145605136436598 0.013137346172059984 0.014538444087747458 0.673822
14 0.4024582667719021 0.6180678266452648 0.0032917558958168902 0.017442215516318887 0.671194
22 0.6386612028413575 0.3230229641519529 0.013701354380426203 0.012041067522739434 0.670563
13 0.20378650670876083 0.13982941894060996 0.009939831412786109 0.018718544676297487 0.669646
10 0.5422888208366219 0.32113248154093094 0.014271666614048936 0.017373346174424827 0.669233
10 0.42088865035516976 0.5971182878544676 0.016465346172059983 0.02023846420545746 0.668635
18 0.23834266771902132 0.3471403830925629 0.015190276243093923 0.014825536650615303 0.667699
19 0.42577022888713495 0.21084373675762438 0.012400623835832675 0.010655078865703584 0.667187
4 0.6631818405682716 0.29916031246655966 0.012848532912391476 0.015663337399678973 0.665681
4 0.34906034411996845 0.39224541894061 0.013129344909234411 0.013844764901016587 0.663769
23 0.3349567040252565 0.622058632423756 0.014036073875295976 0.011442227501337615 0.663385
7 0.2729048902920284 0.14295675548421616 0.022031638831886344 0.021477180952380954 0.663044
13 0.28087463299131804 0.36759381059390045 0.010107090134175217 0.018305136864633493 0.658924
11 0.290790137332281 0.5052377100053504 0.013584568271507499 0.017055215837346174 0.658603
6 0.607722178374112 0.5040416736222579 0.015004226677190213 0.01134777185660781 0.658567
23 0.4496123756906077 0.14162950026752275 0.015354382951854774 0.011549503691813805 0.657708
21 0.6353257269139699 0.5309155098983414 0.0201374408839779 0.016132163937934724 0.657563
23 0.147868590370955 0.3943112252541466 0.022610841357537492 0.011746112787586943 0.657127
14 0.5727029139700079 0.6164956661316211 0.007752334648776638 0.017465829427501335 0.656754
4 0.25915282083662194 0.6912131492776885 0.01320378089976322 0.012663055751738898 0.654858
23 0.37713669455406473 0.5064622364901016 0.013973276085240727 0.011074677795612628 0.653809
2 0.14843999368587216 0.4395077581594436 0.0246500318863457 0.01170592530765115 0.652514
18 0.4041421689029203 0.11710774103798822 0.016061726913970006 0.018439725200642056 0.651931
0 0.5720911002367798 0.2727932712680578 0.022729445935280188 0.0023002634135901555 0.650235
8 0.4256498058405683 0.4167053491706795 0.016049927071823202 0.01158084280363831 0.645777
4 0.2460396400947119 0.39277878651685394 0.017122702446724546 0.014238366613162117 0.64353
35 0.3784265951065509 0.2563114735152488 0.0218848681925809 0.023421438630283575 0.642261
5 0.2086288871349645 0.6665330508293205 0.024087680505130226 0.018605351310861423 0.640278
13 0.3057359709550118 0.6647159850187266 0.00531566724546172 0.01935768175494917 0.634605
0 0.43094033780584057 0.4781564986623863 0.02415694396211523 0.002488399443552702 0.634605
12 0.2688606156274665 0.39250073408239694 0.01934818500394633 0.017268179347244516 0.63415
11 0.5182143141278611 0.2073123338683788 0.02149361452249408 0.018400934831460672 0.631426
4 0.39623506235201267 0.2320107317281969 0.014836846724546174 0.015274283146067415 0.631294
7 0.39312103551696925 0.5781359357945425 0.021626686029992105 0.017822421401819156 0.630662
4 0.4907768524072612 0.5273956126270734 0.013467378058405683 0.015000969930444088 0.626547
5 0.6779413417521705 0.5251643445692884 0.015938071033938437 0.016126657677902622 0.624532
7 0.5714938342541436 0.28042724879614767 0.02446915485398579 0.01684058127340824 0.622178
14 0.22502662667719023 0.4171603963616908 0.013919772691396999 0.01249093718566078 0.62136
21 0.14541769850039463 0.4886381166399144 0.01620667908445146 0.016161229320492243 0.62046
2 0.6082479502446725 0.6645472359550563 0.004149624625098659 0.011830131193151417 0.620413
10 0.1674781499605367 0.39148851364365966 0.014519342067876875 0.018912277367576245 0.618142
6 0.19631704498816102 0.23379388336008564 0.023861988318863457 0.012901304226859282 0.615326
22 0.42925118232044196 0.7130091728196898 0.013996229202841357 0.013049206206527556 0.614961
6 0.6112782547750591 0.2107301872659176 0.010186092501973165 0.010545446762974853 0.614773
0 0.1803646282557222 0.4622631310861423 0.026248708445146013 0.011531313857677902 0.609949
8 0.5833579289660615 0.5737862643124666 0.016759493606945543 0.01357975216693419 0.608162
7 0.19941248303078138 0.1917055109684323 0.015119194317284925 0.017464295345104335 0.607767
6 0.6761224688239936 0.4359809849117175 0.01768109360694554 0.01553948764044944 0.607607
10 0.6787968303078137 0.1378904483681113 0.01172686093133386 0.017302312680577848 0.607605
18 0.5542866740331491 0.4751162760834671 0.031247962115232834 0.008522786516853932 0.607225
14 0.1404961136543015 0.6225047764579988 0.008283933701657458 0.0122647696094168 0.604383
4 0.2667087608524073 0.3233182750133762 0.012627083820047355 0.01773473215623328 0.603398
18 0.558883359116022 0.6210466859283038 0.019308825256511446 0.009348588550026751 0.599585
18 0.5431148097868982 0.16224674585339754 0.022524807576953434 0.014748312038523274 0.597982
2 0.6112934895027624 0.5957113151417871 0.010066720126282559 0.011245399250936329 0.59593
6 0.26429383425414366 0.3027193836276083 0.026889860142067876 0.011411545853397539 0.594317
13 0.3862940994475138 0.5957756918138042 0.008734833149171272 0.016077567041198504 0.592832
13 0.27129170639305444 0.6804622450508293 0.007282401894238359 0.008786456928838952 0.590029
21 0.40143022573007103 0.30558784376672016 0.016291904656669298 0.01587652006420546 0.590004
18 0.6009396937647987 0.18586367041198504 0.014696622573007105 0.014059509042268593 0.583403
14 0.14038660142067877 0.46005405243445696 0.01029621089187056 0.017782973568753344 0.576772
6 0.61679755011839 0.41522717859818087 0.02285904214680347 0.008624501658640983 0.575622
6 0.6325301745856353 0.6410187950775816 0.015047061720599842 0.011588184483681114 0.573436
14 0.4107763472770323 0.5495359828785447 0.00852708318863457 0.01836102129481006 0.571327
8 0.1782261089187056 0.6453701102193686 0.016651355327545383 0.012112128410914929 0.570788
12 0.28034040726124704 0.2706891128945961 0.010553099921073401 0.006508481540930979 0.568802
13 0.19730265509076558 0.3685723360085607 0.009917282399368588 0.017421751952916 0.566597
6 0.31636391097079714 0.6227011663991439 0.023519348382004736 0.012657576886035313 0.564972
18 0.6058895659037096 0.34354515141787056 0.02157346550907656 0.014152814125200643 0.563599
14 0.5581474853985793 0.11471375066880685 0.009916029676400947 0.01948199721776351 0.550082
18 0.2996497174427782 0.3932258619582664 0.021042149329123915 0.014382214232209737 0.549361
6 0.6015135217048145 0.3004607212413055 0.024365340489344908 0.014384077046548956 0.545945
8 0.14627965272296764 0.2579775965757089 0.018957092975532754 0.012225513536650615 0.542228
24 0.20433528018942385 0.4759742664526485 0.023182204262036307 0.00633943113964687 0.541946
2 0.5817293891081294 0.5503964387372926 0.014703371112865035 0.011451322418405565 0.541107
2 0.3580003409629045 0.6218322456928839 0.022346314759273875 0.01091970807918673 0.538441
6 0.531997499605367 0.7123004815409311 0.015836075138121547 0.013146620438737293 0.538275
9 0.44739263141278607 0.6895957881219904 0.01508027908445146 0.012168615516318888 0.537961
2 0.41323410891870566 0.2109994735152488 0.011338557221783742 0.011041448475120385 0.535751
8 0.31496971112865035 0.36873971535580524 0.01830244419889503 0.016834444943820224 0.534387
8 0.424425774269929 0.46035045906902083 0.014586625414364642 0.012436422471910112 0.533663
14 0.3961598989739542 0.27055077153558055 0.007190387371744278 0.006784999892990904 0.531226
16 0.3397557644830308 0.41681457035848046 0.01608973133385951 0.01166751845906902 0.529694
13 0.4116342604577743 0.4749790304975923 0.009628752012628255 0.008823329695024076 0.527654
10 0.6326461120757696 0.6838681819154628 0.01752417995264404 0.017753332905296952 0.527336
0 0.38663880031570635 0.39151837346174423 0.024221843093922654 0.01695363766720171 0.526421
10 0.6637277853196527 0.5014723595505618 0.013217762904498817 0.018505581166399145 0.52537
2 0.30506835043409625 0.118784 0.01462570228887135 0.01261221187800963 0.523195
4 0.29238958168902923 0.43880892883895134 0.01057128460931334 0.012320023970037454 0.521964
8 0.27356762115232836 0.5735528646334939 0.023254579321231254 0.01731310604601391 0.517336
2 0.5383528460931334 0.5514037281968968 0.011076455248618784 0.011337855109684322 0.512492
5 0.4689831097079716 0.4781507458533975 0.013538136700868193 0.0024997954842161585 0.511491
16 0.2970367797947908 0.37055513750668806 0.015314457458563536 0.012658042589620118 0.509838
13 0.20384510181531176 0.5285513793472445 0.019533992107340175 0.017771495345104332 0.509034
13 0.5952139415943173 0.47489356019261636 0.01038353780584057 0.008773526805778491 0.507391
8 0.4018529187056038 0.6440143649010166 0.004502650039463299 0.01242839593365436 0.501055
13 0.494882955011839 0.5499373097913323 0.015866585003946332 0.021828074906367043 0.500183
