21 0.6135765973164956 0.6027239892990904 0.014796032202052091 0.015325647512038522 0.999485
24 0.5708149392265194 0.6240411599785982 0.01609045872138911 0.016630685928303905 0.991936
2 0.5818178879242305 0.4844969159978598 0.010783035201262826 0.010560349277688603 0.989145
46 0.4651089629044988 0.2772259475655431 0.025520755169692187 0.01164878073836276 0.988999
2 0.22721040568271508 0.594124635634029 0.010241576006314127 0.010840620652755484 0.988922
11 0.2168798863456985 0.6827367961476725 0.015447326913970008 0.01750127768860353 0.988283
11 0.4763887229676401 0.4793388378812199 0.01460533543804262 0.016962540823970036 0.988049
15 0.6457542415153906 0.4362547912252542 0.030851818784530388 0.017323159764579987 0.987742
7 0.32557987056037885 0.5294904569288389 0.015053567797947908 0.01670108935259497 0.987128
21 0.28302204262036307 0.1877193622257892 0.016874865351223362 0.01587227394328518 0.985072
2 0.3298253891081295 0.3215976372391653 0.013307110339384372 0.012674944890315676 0.98478
4 0.272667681136543 0.7087373012306046 0.013113180741910023 0.015965989941145 0.984396
21 0.5466014206787687 0.2594245650080257 0.015848521546961328 0.016281819154628143 0.984307
12 0.22651857932123123 0.6174207726056715 0.013355562430939225 0.021710744997324772 0.983118
7 0.531157771112865 0.2124969844836811 0.02337007229676401 0.01688359036918138 0.982906
1 0.4639204925019732 0.39384250829320494 0.01679974238358327 0.0176716430176565 0.981421
12 0.4403486913970008 0.5281790904226858 0.013315192423046565 0.02185697592295345 0.981142
9 0.2545512865035517 0.13767156768325306 0.015354180899763219 0.012533562760834671 0.981039
4 0.32152468508287296 0.47553869662921344 0.024156135753749013 0.007685780203317282 0.981033
5 0.387031589581689 0.2081692284644195 0.015890103867403315 0.011969951845906901 0.980371
5 0.18942868508287294 0.32027284751203855 0.015411442462509865 0.01134845671482076 0.980099
2 0.18253547592738753 0.6850113472445157 0.011569502762430938 0.011408943392188335 0.978808
2 0.2674927229676401 0.20723672552166936 0.013186283188634568 0.012392153237025146 0.977923
7 0.5015975501183899 0.6689259454253612 0.023715056037884766 0.017034341359015517 0.977689
2 0.4484348161010261 0.6427066418405565 0.011388181215469613 0.011487428143392188 0.977387
2 0.31529663141278613 0.45698862707330123 0.012084573954222574 0.011311967469234884 0.97731
6 0.6488983741120757 0.39431506046013914 0.016064272770323598 0.011195623756019261 0.976603
1 0.4344435169692186 0.3028097849117175 0.01592453354380426 0.015739521027287318 0.975978
11 0.5639694143646409 0.526186153023007 0.015298980268350432 0.017399562546816478 0.975961
2 0.6984698342541437 0.3251531471375067 0.012995909707971588 0.012330598180845373 0.97595
27 0.4079080157853196 0.576615824505083 0.008609318389897395 0.015277022578919209 0.975131
2 0.508357000789266 0.2106928761904762 0.013907851617995265 0.010470824612092028 0.975129
24 0.2758386866614049 0.6894385446762974 0.015643681136543016 0.017252126270733015 0.975113
5 0.6333772173638516 0.11813009737827716 0.015913946014206787 0.012341638095238095 0.975012
0 0.16444898500394634 0.36506805350454785 0.023702165114443566 0.01098411214553237 0.974859
11 0.40047856037884766 0.7079839571963616 0.015261883504340963 0.018001470733012306 0.974093
14 0.3187472770323599 0.3182686784376672 0.0075416751381215475 0.017813216907437132 0.974079
2 0.4276428476716653 0.4817421423220974 0.011383372375690608 0.011596950668806848 0.973272
0 0.37232138910812945 0.16219798394863563 0.025290334964483033 0.011763672552166935 0.973151
5 0.5960633685872139 0.16504288496522204 0.015371759431728492 0.011610593044408776 0.97199
2 0.239586500394633 0.5253484344569288 0.012950528808208366 0.011687762867843766 0.971855
2 0.2883242936069455 0.3894155848047084 0.01275381089187056 0.011932038095238096 0.970887
2 0.5955675327545383 0.43822071781701444 0.013459174743488556 0.01187141444622793 0.970711
11 0.22215587056037886 0.1801420909577314 0.0147776454617206 0.01730217570893526 0.970522
2 0.629672794317285 0.141660455858748 0.012114477663772692 0.011949433493846978 0.970154
2 0.41610567324388315 0.5506355912252542 0.019812541120757695 0.01161686634563938 0.969739
1 0.20463068034727702 0.6649573290529696 0.017074735280189424 0.017944846655965758 0.969564
6 0.16782123441199684 0.6847905489566614 0.01664254585635359 0.010829745104333868 0.969435
2 0.26059304814522494 0.6177201926163725 0.012339886977111286 0.012229293953986088 0.969232
2 0.5540227940015785 0.48318609737827717 0.012759104656669297 0.011817968111289458 0.968787
21 0.5785943488555644 0.19068616800428037 0.016717668823993687 0.015756615088282504 0.968675
2 0.43328333385951073 0.16267930230069555 0.013186768113654301 0.012389715141787052 0.968109
5 0.4744849881610102 0.41547986388443015 0.01703258721389108 0.00912984483681113 0.967693
5 0.25800799368587213 0.41447758758694486 0.014862992265193371 0.007111951203852327 0.967578
0 0.5149148034727703 0.3703507758159444 0.024968263930544594 0.011817502407704655 0.967469
2 0.43974011049723755 0.20875848047084003 0.010705043093922652 0.010626725735687534 0.967308
9 0.3968755674822415 0.4586366698769395 0.01384275043409629 0.01106763745318352 0.967086
11 0.29132597947908445 0.1351241690743713 0.014557489502762432 0.017159177314071697 0.967055
4 0.5941616543014996 0.39202434670947034 0.013371282083662193 0.013957300802568217 0.967023
0 0.3591237505919495 0.11533614981273409 0.023494859668508287 0.013567808239700373 0.966759
2 0.5490272580899763 0.11862730444087746 0.01162530955011839 0.011873195077581594 0.966717
0 0.28331178531965273 0.4350671375066881 0.025019019415943176 0.012169437346174426 0.966247
2 0.2800918831886346 0.29858503156768323 0.010836134490923442 0.011178474906367043 0.965922
8 0.5391372123125493 0.30178962011771 0.017728697079715864 0.012434477474585339 0.965422
9 0.46234731491712705 0.642711216693419 0.01394761546961326 0.011953378277153558 0.96539
0 0.6100255722178374 0.14137473301230605 0.024574181531176006 0.01113732862493312 0.965163
11 0.20954418310970796 0.22579756104868912 0.014715494238358327 0.01648404408774746 0.965026
5 0.6920292217837412 0.30248844943820224 0.015684859352801894 0.011371385767790261 0.964893
2 0.38046812943962116 0.48068965222043875 0.012566589423835832 0.012939902835741037 0.964499
4 0.20413848145224942 0.477297138576779 0.014153951065509077 0.01395847875869449 0.964458
7 0.33734980899763223 0.39327215837346174 0.026417179479084455 0.016923421722846443 0.964269
5 0.5603466203630624 0.30213341894060997 0.01623755264404104 0.01165804002140182 0.964133
13 0.5823549423835832 0.5268753943285179 0.01033080220994475 0.017342801498127343 0.963907
6 0.5793831602209945 0.2338242910647405 0.01568122241515391 0.010473673622257892 0.963369
2 0.2305798263614838 0.38856855216693414 0.012918968271507498 0.01207566655965757 0.963227
11 0.6123936227308603 0.1617602225789192 0.01462655090765588 0.017415506046013912 0.96244
23 0.34689313338595107 0.13890047726056715 0.014159729755327546 0.01169063927233815 0.962194
7 0.5168460173638517 0.41829359015516315 0.02580019321231255 0.016735770572498664 0.962159
0 0.6413587599052881 0.5536355441412519 0.024631604735595895 0.01199214125200642 0.961994
2 0.42786429676400944 0.2544974210807919 0.011997529913180741 0.011470881968967362 0.961635
0 0.6233646471981057 0.39384469983948633 0.02443355327545383 0.012302573782771536 0.961224
0 0.6710154001578532 0.6905159636169074 0.02462623014996054 0.012058298555377208 0.961057
0 0.4346714317284925 0.277155544141252 0.025686882399368585 0.011666504868913859 0.960953
2 0.559354140489345 0.370324203317282 0.011867044672454618 0.011755974745853397 0.960783
2 0.2559676716653512 0.5949108528624932 0.01241585856353591 0.011594101658640985 0.959273
0 0.45541854459352804 0.4590563509898341 0.02461216732438832 0.011721677046548957 0.958601
5 0.46114187213891084 0.4823174232209738 0.014801851302288872 0.010558842589620117 0.95823
2 0.21519719652722968 0.7092638202247191 0.011451787213891082 0.01215089138576779 0.958198
11 0.16254363378058403 0.33956557731407166 0.016183887608524072 0.01833505147137507 0.95819
5 0.2594890355169692 0.6635446035313002 0.01610880505130229 0.01220789898341359 0.958075
5 0.543331409629045 0.64416475976458 0.014818217521704815 0.011383904975922954 0.957991
11 0.6679696669297552 0.573316177635099 0.014005079084451462 0.017886168004280365 0.957937
5 0.6747622541436464 0.666700430176565 0.01544191191791634 0.01392692049224184 0.957744
0 0.5804778784530387 0.41609683895131083 0.023070509865824783 0.010691239379347245 0.957363
8 0.2520498816101026 0.20717700588550025 0.015608928176795581 0.011443515034777956 0.957314
0 0.2908131712707182 0.48009711289459606 0.024981963062352015 0.011953816586409843 0.957292
24 0.32534128745067087 0.7131951803103264 0.015835064877663774 0.01811874585339754 0.957068
5 0.4807150623520126 0.6214228648475121 0.02285641546961326 0.010052129695024078 0.956936
11 0.3466066235201263 0.22717541359015517 0.014523827624309394 0.017195858319957194 0.956777
21 0.3940096606156275 0.43962993686463353 0.016873733859510655 0.01577170936329588 0.95619
5 0.5940965935280189 0.5071281926163724 0.014924941436464088 0.011355743606206527 0.95514
23 0.6109020741910024 0.3026752787586945 0.014242045777426991 0.011116508935259497 0.954835
5 0.31919866140489345 0.4150204883895131 0.02049074917127072 0.00821112124130551 0.954306
13 0.5086596748224151 0.4570420460139112 0.010470662667719021 0.018374937613697163 0.954272
5 0.5625853575374902 0.25588193044408775 0.014317855722178374 0.011088046227929376 0.953929
2 0.24365906235201262 0.7092169759229535 0.012800808208366219 0.012321338897806315 0.953419
9 0.31060053670086823 0.5022435098983413 0.01428108224151539 0.01208741872659176 0.953332
22 0.3808144467245462 0.5505750497592296 0.014187208839779007 0.011470635420010701 0.952981
11 0.4906422857142857 0.34310930765115033 0.013822504814522494 0.0170219317281969 0.952646
13 0.19610691081294396 0.22368044515783844 0.01051559905288082 0.021855688389513107 0.952079
12 0.2946331681136543 0.3216242097378277 0.01384222509865825 0.022311228678437666 0.951993
8 0.6638154759273875 0.6225387180310327 0.017010846408839778 0.011536053076511503 0.951928
2 0.6227548539857932 0.18813575601926164 0.012005167482241516 0.011242824184055644 0.951428
0 0.6758024183109708 0.2114318655965757 0.03178715832675612 0.011415189299090423 0.951246
6 0.37810048303078136 0.5728521177100054 0.0171420590370955 0.010688335580524344 0.950809
9 0.6716381247040253 0.6443039229534511 0.015132570165745856 0.011907876297485286 0.950678
0 0.2974562399368587 0.2529899111824505 0.023364940173638514 0.011343060032102729 0.95054
0 0.6872422036306235 0.416718334082397 0.02424128050513023 0.010750904226859283 0.950411
12 0.43367046566692974 0.3464347051899412 0.013467054775059195 0.022361278116639915 0.950055
0 0.4989203599052881 0.5057302600321028 0.023438527545382795 0.01155498255751739 0.949995
0 0.6104555390686661 0.6446345724986624 0.025250288239936858 0.012178093953986089 0.949879
12 0.21038714443567483 0.2976684173354735 0.013608289187056038 0.02114066902086677 0.94983
21 0.6485892344119969 0.6482930850722312 0.01924481515390687 0.015703305724986624 0.949533
22 0.5404485303867403 0.18713641091492778 0.013452587845303867 0.011295256928838952 0.949516
6 0.451300318863457 0.3002344440877474 0.01607591097079716 0.011030764686998394 0.949452
0 0.18091138121546962 0.5937085157838417 0.02419715232833465 0.01192392937399679 0.948698
2 0.538837771112865 0.6206160470840021 0.012919695659037094 0.012282219796682717 0.948598
2 0.40553834885556433 0.6190074521134296 0.013220389581689031 0.012205734831460674 0.948456
0 0.25193875295974744 0.43538135045478865 0.024888776637726914 0.011133027715355804 0.948241
10 0.40001626519337014 0.3200997153558053 0.013618715074980269 0.017870690208667737 0.948173
5 0.2525396558800316 0.5017972562867844 0.015627395737963696 0.012008440877474585 0.948023
0 0.2106748666140489 0.4121512338148743 0.02332525714285714 0.012311394756554307 0.947991
5 0.2899366692975533 0.6200819124665597 0.015801322178374114 0.007419041626538256 0.947654
2 0.3601699763220205 0.321931848047084 0.014356164798737175 0.012232279935794543 0.947566
0 0.29977539384372537 0.11501810165864099 0.025700298658247828 0.013285454895666132 0.947012
8 0.6527822194159432 0.46209465596575705 0.01679776227308603 0.011564515783841628 0.946224
0 0.4444131712707183 0.13994639272338147 0.025233113812154696 0.011812105724986624 0.945547
7 0.15777358800315705 0.43587362653825573 0.017121005209155483 0.017771002247191012 0.945414
14 0.4578944909234412 0.7092901187800963 0.007597199052880821 0.018339133226324238 0.945102
11 0.6799529723756906 0.1393470048154093 0.014213111917916337 0.017852363402889246 0.944855
8 0.5236697205998422 0.6214050037453184 0.014921385319652723 0.011319939218833602 0.944295
5 0.6306870149960536 0.30191481219903693 0.015460056195737966 0.011520054788657036 0.944108
0 0.44433517916337806 0.3690380395933654 0.02265577774269929 0.01120685543071161 0.943836
0 0.15662148697711128 0.7068848967362226 0.034905145382794 0.01537555997859818 0.943649
0 0.5453204104183109 0.6898313793472445 0.023241284293606945 0.011719951203852327 0.943396
8 0.21485451617995263 0.38877346174424826 0.015648045461720602 0.010964881326912788 0.943306
6 0.6622932154696133 0.5535396639914393 0.015577448460931335 0.010681514392723381 0.943181
14 0.25037082872928174 0.6151695066880685 0.007440406629834254 0.01740893140716961 0.942892
5 0.36254570481452253 0.23118734039593364 0.015080198263614838 0.011750687640449438 0.942535
14 0.3171571270718232 0.15810143606206528 0.00782943772691397 0.01786721112894596 0.942487
0 0.5733567545382794 0.43894233921883363 0.021570273086029993 0.010309499411449973 0.941315
22 0.1987772312549329 0.3884773290529695 0.014046499763220206 0.011294243338683788 0.941203
22 0.28966147434885553 0.5270044216158374 0.014410880505130228 0.01176372734082397 0.940713
1 0.34771791002367797 0.4828146302835741 0.016346782004735595 0.018092502086677367 0.940326
7 0.5934181026045777 0.35070055002675227 0.01629990591949487 0.01585260481540931 0.940124
13 0.4490417805840568 0.2290894553237025 0.010247677979479085 0.018456326163723915 0.94005
5 0.48808834727703243 0.14033922739432853 0.0167523409629045 0.012279315997859818 0.940019
8 0.16504220994475138 0.2733658127340824 0.018193134017363853 0.013016141252006421 0.939858
5 0.44976795580110496 0.4367839948635634 0.015835064877663774 0.011849937292669878 0.939804
8 0.5023002872928176 0.71323134082397 0.01498288997632202 0.012059777849117175 0.939166
5 0.6279769711128651 0.16486756126270732 0.015272228571428572 0.011950912787586945 0.938752
2 0.3277539914759274 0.16110960727661852 0.012747021941594317 0.012478664526484752 0.938569
12 0.6664045714285715 0.5994174938469771 0.01354714822415154 0.021898067415730336 0.937982
0 0.29535166535122337 0.34424617228464416 0.026237029834254143 0.012711543713215624 0.937884
8 0.5957493796369376 0.4617741423220974 0.017059864246250986 0.012164835098983414 0.937451
5 0.2642445335438042 0.22963761583734618 0.015999494869771112 0.01156604986623863 0.937312
2 0.19986912075769533 0.45592956233279835 0.013347520757695344 0.011749509684323168 0.937161
7 0.3519755516969219 0.2787531813804173 0.025725635990528812 0.016778505724986625 0.937128
0 0.5156009723756906 0.6893418426966291 0.02505045872138911 0.01161911268057785 0.936964
5 0.37305039305445936 0.4357755822364901 0.016146507971586423 0.010661927447833066 0.936883
0 0.29531287134964485 0.45726804922418407 0.026091754380426203 0.011738661530230069 0.936778
5 0.46070826835043416 0.2320321266987694 0.015310416416732439 0.011284299197431782 0.936597
14 0.25250126598263617 0.6794779668271803 0.008530477663772691 0.010638587479935796 0.936568
8 0.3441589644830308 0.3221173076511503 0.014963775848460932 0.011898123916532905 0.93646
5 0.49489588634569853 0.6892665082932049 0.015217836148382007 0.012154671803103263 0.936325
0 0.2854996053670087 0.20724330016051365 0.0232005910023678 0.012069228892455857 0.936298
8 0.2403773322809787 0.2520146730872124 0.015185507813733228 0.010457510968432317 0.936056
0 0.3305939952644041 0.11502248475120386 0.02492478232044199 0.01362117239165329 0.935876
9 0.6993091586424626 0.2119353459604066 0.01472317221783741 0.011896014553237026 0.935798
13 0.43240723599052877 0.4101985660781166 0.010421119494869771 0.019228462707330123 0.935242
0 0.6896437947908445 0.3481717795612627 0.026027784688239936 0.0119026987693954 0.935074
23 0.3232364704025257 0.687148378812199 0.014260796211523282 0.011457924451578384 0.934939
13 0.5431600694554065 0.5031825874799358 0.009020251933701658 0.017258153023006956 0.934885
0 0.5592979700078927 0.23353336329588015 0.023318427782162587 0.011443953344034242 0.934616
2 0.181947908445146 0.2737263220973783 0.01272924135753749 0.012006441091492777 0.934394
18 0.5275717505919495 0.391326887105404 0.01489584593528019 0.013322245478865704 0.934374
6 0.226267226519337 0.22918697913322633 0.016802934806629834 0.010972277795612627 0.934314
8 0.24103844672454616 0.5948388057784912 0.015616040410418312 0.011197787907972177 0.934287
5 0.6982843504340963 0.36860904440877473 0.016543701973164956 0.01701963060460139 0.934107
2 0.5057727545382794 0.5286762974852862 0.012757286187845305 0.012217733547351525 0.934062
0 0.6827853385951066 0.5535366506153022 0.024708990686661405 0.01239212584269663 0.933093
8 0.4530327134964483 0.2090568047084002 0.015276754538279399 0.010748383948635634 0.932875
4 0.3009856858721389 0.4114011771000535 0.013273165588003157 0.014662540395933656 0.932647
13 0.514552726124704 0.5481175045478867 0.009653200315706392 0.01754642354200107 0.932555
5 0.6262705603788477 0.5076623820224718 0.01317011902131018 0.011204444729802034 0.932459
14 0.4832152549329124 0.2743804986623863 0.006812226677190213 0.016923120385232745 0.932245
2 0.3910172691397001 0.52755093846977 0.01065877316495659 0.010714990262172285 0.932219
8 0.6994550402525651 0.18910277581594434 0.017382218153117603 0.012325256286784375 0.931512
8 0.3384081578531965 0.4137381872659176 0.017630216890292028 0.011812023542001069 0.930848
8 0.28012097868981845 0.1610200278223649 0.01772158484609313 0.012530795933654361 0.9308
10 0.22883894554064718 0.3636293033707866 0.014162477663772691 0.016825651364365972 0.930614
14 0.7049419668508288 0.2995090422685929 0.008833879084451459 0.01735838887105404 0.930316
8 0.49143958326756115 0.2100046484751204 0.017436004419889503 0.01182415922953451 0.930214
13 0.2916613859510655 0.5923598929909043 0.010240323283346488 0.018218652969502407 0.929824
2 0.6198647008681927 0.6898300096308186 0.013296078295185476 0.011939790690208668 0.929769
5 0.3935522146803473 0.16239851043338682 0.015258973954222575 0.011708637346174423 0.92964
8 0.4595294964483031 0.5970733611556982 0.016320070718232042 0.012022220224719101 0.929612
2 0.3338831204419889 0.5492762846441948 0.01308885367008682 0.011904643766720171 0.929585
6 0.22112621310181532 0.13739269341894061 0.016383030149960537 0.011580733226324236 0.928952
4 0.6097536101026045 0.48353510112359555 0.014253886029992108 0.014678648261102194 0.928949
5 0.3642005114443567 0.4585646227929374 0.014941146014206787 0.011699624612092029 0.928827
5 0.18188405998421467 0.6625282739432852 0.015717915074980267 0.011422037881219904 0.928739
5 0.39551494869771114 0.5734084965222044 0.01549206124704025 0.011481182236490101 0.928395
11 0.5577571207576953 0.1844005393258427 0.015352322020520915 0.017461994221508827 0.928304
22 0.5372330734017364 0.3243044708400214 0.013729277979479084 0.011015944355270197 0.927799
13 0.589334225730071 0.6408453889780631 0.011080092186266773 0.020262434242910646 0.927245
22 0.4135565840568271 0.5966744997324772 0.013976508918705605 0.011168804708400214 0.927102
8 0.5910096416732439 0.5759821936864633 0.017722352644041043 0.01245625596575709 0.926918
5 0.54024445777427 0.2330273900481541 0.014735133701657459 0.011849307223113965 0.926195
0 0.48305522967640097 0.300667822364901 0.02258764577742699 0.011676996896736222 0.925993
8 0.6656634443567482 0.3710901487426431 0.015127680505130229 0.010539365222043875 0.925491
13 0.6432502099447513 0.25378160727661847 0.01095635548539858 0.018320176350989835 0.925101
11 0.6319672170481452 0.4135456051364366 0.021980802525651145 0.016686871696094167 0.924731
0 0.2693811018153118 0.3203427030497592 0.023481524230465668 0.010880150668806848 0.924611
6 0.6024328587213891 0.41691540888175493 0.01800203314917127 0.01151734275013376 0.924153
2 0.6082200347277033 0.37006313536650615 0.012421879715864247 0.012184065917602996 0.92387
22 0.6281368751381216 0.2793081904761905 0.01370786045777427 0.011412477260567148 0.92364
6 0.22218092501973166 0.6637360898876405 0.016366300236779794 0.011115139218833602 0.923604
8 0.3848166945540647 0.6872026195826645 0.016675237884767168 0.01239050957731407 0.923481
0 0.480027681136543 0.23218200107009093 0.02257790686661405 0.011254302407704654 0.923314
10 0.3743253417521705 0.6162313108614232 0.014675285872138913 0.017261412948100588 0.922786
2 0.5716049629044988 0.576213949705725 0.01195336132596685 0.01112305617977528 0.922596
7 0.5046505572217838 0.23511839914392724 0.015642549644830306 0.016727826217228466 0.922376
8 0.6507204798737174 0.41736410058855 0.013978327387529597 0.011141629534510434 0.922315
14 0.46493277348066303 0.6167523509898342 0.0071446831886345695 0.01731746174424826 0.922223
4 0.25388532280978693 0.11357140716960942 0.012903006156274663 0.01442599036918138 0.921794
0 0.410001275453828 0.5275591567683253 0.02552758453038674 0.011402176993044407 0.921732
0 0.2899677853196527 0.4767599357945425 0.023863079400157854 0.005280256821829856 0.921117
6 0.34521044356748226 0.7102272787586945 0.0232838364640884 0.01200375644729802 0.921031
5 0.4699242683504341 0.2101053774210808 0.01638852596685083 0.009263446976993044 0.920876
5 0.41565024782951854 0.6651920984483681 0.015610059668508286 0.01232796832530765 0.920686
8 0.1936564230465667 0.20603027929373996 0.016613086661404892 0.011678558373461743 0.920438
0 0.6486361104972376 0.27962130765115034 0.02486077221783741 0.012271700374531836 0.919937
21 0.1468142825572218 0.6636823970037453 0.017432811996842938 0.018246184269662923 0.919476
5 0.5119995958958169 0.3925738769395398 0.015764508287292818 0.011198856286784376 0.919343
0 0.2092132217837411 0.5939038373461745 0.024489683346487767 0.011646452220438737 0.918557
5 0.4775586045777427 0.32365029427501335 0.015349048776637727 0.011940968646334938 0.918488
5 0.2783146329913181 0.2523683338683788 0.01564137774269929 0.011573035420010702 0.918218
7 0.31753221657458564 0.2559884943820225 0.015691486661404894 0.016119781701444624 0.918175
6 0.6687560536700868 0.3483933996789727 0.016026893133385952 0.011356264098448369 0.917883
2 0.4737450734017364 0.551161014446228 0.011121472454617205 0.010875164901016587 0.917878
13 0.6128082336227308 0.5275183392188336 0.011265939700078926 0.015902517281968967 0.91787
7 0.18560707182320443 0.5495228336008561 0.025305125177584847 0.017314667522739434 0.916962
2 0.2624361673243883 0.6864679036918138 0.012957843093922651 0.011996990048154093 0.916818
9 0.6076268097868982 0.6672606441947565 0.014507946329913183 0.011821638951310862 0.91674
5 0.44611162115232833 0.11579034777956126 0.015600199526440409 0.013239240663456393 0.916335
9 0.6585370670876085 0.507642658105939 0.014565329123914759 0.011582596040663456 0.916301
6 0.2943506992896606 0.5035055666131621 0.01689648492501973 0.011521397110754414 0.915971
8 0.27404365588003154 0.6180990561797752 0.014183006156274665 0.010679761155698235 0.915862
2 0.4475639715864246 0.3457690230069556 0.01184591002367798 0.011094785232744785 0.915694
2 0.6576706677190213 0.3251293140716961 0.012404301183898974 0.011643986730872124 0.915456
22 0.5471425161799526 0.5287015002675227 0.013702364640883978 0.011765234028892456 0.914957
18 0.24611237884767168 0.455537823434992 0.015433385319652722 0.013949575601926164 0.914873
5 0.33746336227308604 0.6415181936864633 0.014793284293606945 0.011356099732477259 0.914813
46 0.3612655027624309 0.18530318245050828 0.02572280726124704 0.011610072552166933 0.91451
8 0.6419736448303077 0.5079683766720171 0.017195441199684292 0.011987867736757625 0.914055
2 0.5944481641673244 0.18700080898876403 0.012812769692186267 0.012180778598180845 0.913995
5 0.6824309392265193 0.5990490401284109 0.01598147182320442 0.01225052455858748 0.913993
6 0.4138927987371745 0.276513695024077 0.015420898500394633 0.011782492455858747 0.91315
6 0.47652126913970005 0.5973873001605136 0.01648256101026046 0.011170393579454254 0.912277
5 0.27872479873717443 0.595364228999465 0.015728179321231255 0.011958281861958266 0.911859
0 0.3905311318074191 0.1396269748528625 0.025102790213101814 0.012064955377207063 0.911275
22 0.21058596369376478 0.5715412990904227 0.013789125808997632 0.01171912937399679 0.910886
8 0.35544963535911606 0.4353683107544141 0.01742925588003157 0.0114782784376672 0.91088
0 0.48476822730860303 0.5283968753344034 0.028339583898973952 0.01217042354200107 0.91082
7 0.16130020520915547 0.4584783306581059 0.028105607576953434 0.016970320813269126 0.910553
8 0.3283657647987372 0.45789811878009634 0.014098467561168114 0.010436061209202784 0.9102
7 0.5292956590370955 0.44088213162118783 0.015709630939226518 0.015742315248796147 0.910116
0 0.2700397916337806 0.5492776543606207 0.02519880536700868 0.01225104505082932 0.90997
18 0.49125046250986587 0.41319495773140713 0.015399480978689819 0.013205436062065276 0.909964
5 0.5072602620363063 0.3467746688068486 0.015823103393843727 0.011568049652220438 0.909886
0 0.3545743456985004 0.5960825082932049 0.020792817048145226 0.010458195826645266 0.909532
18 0.24808400315706391 0.388693470304976 0.014876691397000789 0.014134185981808453 0.908857
7 0.5361795737963694 0.3732660802568218 0.01516061499605367 0.016328526484751204 0.908851
0 0.3004611586424625 0.22972472980203318 0.02496151539068666 0.011765343606206529 0.90869
5 0.2392535185477506 0.686245187800963 0.0154977591160221 0.011808106153023008 0.908417
13 0.6847561546961326 0.32230221936864634 0.010942211838989739 0.018471502621722844 0.90812
13 0.49570530702446725 0.38761221615837343 0.009002188476716654 0.020908063777421083 0.907548
13 0.23121871507498026 0.4733874200107009 0.007091745540647198 0.012026767683253076 0.907343
5 0.23871161483820047 0.18381567041198502 0.01609256006314128 0.012296684002140183 0.906932
0 0.5466575911602211 0.4597138148742644 0.02429922904498816 0.014211766720171215 0.906555
13 0.1816771586424625 0.2943148036383093 0.009062197947908445 0.017792342429106475 0.906435
9 0.6035102004735596 0.25732040663456396 0.01517726408839779 0.011691981594435526 0.906117
8 0.33598474506708764 0.6184305275548422 0.01764739131807419 0.011650177849117175 0.905906
1 0.14931811207576953 0.6860972584269662 0.017424891554853987 0.017648220866773676 0.905616
18 0.3050740078926598 0.570956430176565 0.014824359905288083 0.013830519850187266 0.904944
5 0.629258910812944 0.34833943285179236 0.014580887134964485 0.010496109577314072 0.904789
9 0.6454622762430939 0.3700861466024612 0.014185996527229676 0.011705486998394863 0.90466
2 0.1838322462509866 0.18262237346174423 0.01232214680347277 0.012104841519529161 0.904103
22 0.6477442525651145 0.6224144847512039 0.013677916337805842 0.011018409844836811 0.903722
24 0.5616437947908445 0.1187286634563938 0.01466348602999211 0.020237806741573033 0.903386
2 0.420981998421468 0.2084897421080792 0.010273783109707972 0.010593578598180846 0.903284
9 0.5950240126282558 0.23370622150882825 0.01467225509076559 0.011639165329052969 0.903212
2 0.6684186266771902 0.4617385296950241 0.012193399210734018 0.01203504077046549 0.902396
24 0.37171846566692973 0.20952743927233816 0.014284921231254934 0.016451746174424825 0.902121
13 0.4010540047355959 0.2503652605671482 0.0075926730860299925 0.018167288603531298 0.902111
0 0.3096646314127861 0.6175528132691279 0.02384457142857143 0.011490414125200642 0.901929
5 0.30449735122336224 0.4350097737827715 0.015756749486977112 0.011151738041733547 0.901909
14 0.5391129660615627 0.11487647298020331 0.007909733228097869 0.018238404280363833 0.901613
14 0.6781834001578532 0.3906959957196362 0.007894579321231256 0.01807699689673622 0.901284
5 0.6405826374112076 0.7142564365971107 0.015033605051302289 0.013582518994114499 0.900649
5 0.6960831949486977 0.1422888817549492 0.01486129502762431 0.011288408346709472 0.900492
8 0.5333314475138121 0.1409079336543606 0.015919239779005525 0.012503401605136437 0.900273
0 0.2771568745067088 0.4126755612627073 0.022435015627466456 0.011584212306046015 0.900042
4 0.6971880157853196 0.25542362332798285 0.01314215501183899 0.013313588871054039 0.899781
5 0.2384089408050513 0.1376036297485286 0.016307988003157064 0.011937681326912789 0.899663
9 0.36739333859510653 0.2533679529159979 0.014694642462509866 0.01195230989834136 0.899382
8 0.377178317284925 0.5272356297485286 0.01622247955801105 0.012140234991974317 0.899356
18 0.3102631097079716 0.27466731728196897 0.014760794317284926 0.01407405543071161 0.899331
22 0.3194346582478295 0.34438506153023013 0.013765606945540645 0.012357882932049225 0.899072
18 0.2215295090765588 0.3191039315141787 0.014975737332280978 0.01383720406634564 0.89849
18 0.575347775848461 0.6433981568753344 0.014288598579321231 0.014011678544676298 0.89834
18 0.279076773480663 0.22838542108079188 0.014822420205209156 0.014080410914927769 0.897939
13 0.5468879305445935 0.5714448710540395 0.008537791949486976 0.018422685928303907 0.897007
11 0.2409107498026835 0.2950133590155163 0.022423215785319653 0.017309462600321027 0.895766
2 0.2593435580110497 0.34384183199571966 0.012823357221783741 0.01229262964151953 0.895501
8 0.31887174112075767 0.5503731535580524 0.015006328018942385 0.010974496736222578 0.89547
12 0.408008637726914 0.20853740823970038 0.01361924041041831 0.021944309042268594 0.894881
9 0.5734468697711129 0.5065003146067416 0.015944011365430152 0.012449544355270197 0.89464
11 0.3209779321231255 0.2960217442482611 0.020692033464877663 0.018151016372391655 0.894161
7 0.6533722115232833 0.48746646120920284 0.02141663267561168 0.016523820652755483 0.893456
18 0.16645374585635359 0.5688188507223114 0.015028513338595105 0.013853366720171215 0.89321
0 0.6480691523283346 0.34812301765650083 0.022631935595895818 0.011446227073301231 0.892609
14 0.548896732438832 0.36739164044943823 0.007538401894238359 0.01734784205457464 0.892208
6 0.24921913180741911 0.5487114135901552 0.01599804009471192 0.011366810914927769 0.892205
8 0.6150211081294396 0.6224887233814875 0.014974767482241514 0.011258438951310863 0.891634
6 0.3804903551696922 0.4585764023542001 0.01637648366219416 0.011284655323702514 0.890837
7 0.3203050986582478 0.3709463285179241 0.014611720284135753 0.01679568196896736 0.890345
2 0.27089366377269136 0.4568993215623328 0.013807189265982636 0.011078759550561798 0.890286
24 0.3672409913180742 0.6661221359015516 0.011645555169692186 0.013741981380417337 0.890073
0 0.33552042936069454 0.5008579047619047 0.023590996053670085 0.016932352273943286 0.889455
5 0.3932939921073402 0.3454087875869449 0.014879196842936069 0.0114727721776351 0.889098
6 0.5788218595106551 0.713799773140717 0.023317053827940016 0.011673846548956661 0.888612
10 0.5273834380426203 0.6635892562867843 0.016371674822415153 0.018238678223649014 0.888052
0 0.3124606282557222 0.5952031503477796 0.02339035832675612 0.011603826645264848 0.887182
18 0.6297426235201263 0.25545046976993047 0.015179203788476717 0.014475354949170679 0.886619
13 0.32008065919494866 0.5675203595505619 0.013245969376479873 0.02142526869983949 0.886122
18 0.3020104940805051 0.36588084323167475 0.02205475359116022 0.014171168325307652 0.885911
2 0.4920057332280979 0.5969432380952382 0.012041092344119968 0.01184130807918673 0.885504
6 0.6294891289660616 0.5992884665596576 0.01615887355958958 0.010874644408774746 0.884493
2 0.6806148950276243 0.6219139903691814 0.014557651144435675 0.012133824719101124 0.88367
23 0.3765491270718232 0.5040252370251471 0.014214283820047356 0.011195623756019261 0.883245
0 0.6745254490923441 0.27877372712680576 0.026143600947119178 0.012881251578384162 0.88285
2 0.5176849376479873 0.5055908228999465 0.012576813259668508 0.012208666024612092 0.88236
13 0.36936738752959747 0.6384078416265383 0.008008173007103395 0.01734307544141252 0.882144
0 0.3738529439621152 0.34281591439272335 0.023271713338595106 0.016632137827715356 0.882098
1 0.20384873875295972 0.1390051235955056 0.01593657584846093 0.01834699539860888 0.881642
5 0.343020118074191 0.29975422150882824 0.015314699921073401 0.011533532798287853 0.881549
0 0.2729323693764799 0.5026894895666132 0.02452152675611681 0.012331118673087213 0.881135
8 0.5598774554064719 0.6442269448903156 0.016508787371744278 0.0119332708400214 0.880344
14 0.40777749013417525 0.1594667693953986 0.007657289344909233 0.0175249189941145 0.880326
0 0.6864457142857143 0.4619322075976458 0.02270568460931334 0.011966883681112895 0.880174
14 0.43080738752959746 0.2054875976457999 0.007219806156274664 0.017487087426431246 0.879762
6 0.4015567103393844 0.1856516383092563 0.00508088271507498 0.01045589470304976 0.879724
2 0.6067810197316496 0.5754901915462814 0.012269128334648776 0.011544572712680577 0.879441
2 0.6175592865035516 0.2335180224719101 0.015467572533543805 0.011752961369716427 0.878707
9 0.4422063583267561 0.3913011364365971 0.014339758168902919 0.011921135152487963 0.878032
2 0.46558863456985006 0.2999810465489567 0.011540528492501973 0.011343498341359014 0.87799
24 0.5719569376479874 0.37289954414125204 0.015816071981057618 0.016344826110219368 0.877606
8 0.5622713685872139 0.16479688389513109 0.016420450197316496 0.01229577998929909 0.876688
5 0.5000134617205999 0.1633885414660246 0.01630794759273875 0.011507371214553237 0.876405
14 0.36926999842146807 0.273803848047084 0.007736817048145225 0.01715147950775816 0.876133
6 0.5442693354380426 0.34810959443552697 0.014862022415153909 0.010767861316211878 0.874202
13 0.5775319589581689 0.6868599165329052 0.009649320915548541 0.017890277153558055 0.873809
24 0.4367743898973954 0.6223218919208132 0.014616529123914758 0.016031763723916535 0.87348
4 0.3613212691397001 0.5479265660781166 0.013854146172059984 0.014557455751738897 0.872964
13 0.1610710781373323 0.6348463323702515 0.007858452407261247 0.019706219796682717 0.87217
5 0.15126993528018942 0.5697393001605137 0.015509478137332281 0.012170094810058856 0.871472
6 0.4953472707182321 0.27762179561262706 0.016184736227308604 0.010585469876939538 0.871408
1 0.6200340205209156 0.5780452605671482 0.013790014838200474 0.01747407512038523 0.871399
2 0.37507333859510655 0.29945288389513103 0.014412698973954221 0.012165492562867843 0.870759
2 0.3422378531965272 0.45780114285714285 0.011936510181531176 0.01159322504012841 0.870676
0 0.393098001578532 0.5960082696629214 0.02501804956590371 0.011667354093097913 0.869097
0 0.4912116685082873 0.1868772605671482 0.023087563062352014 0.011822597752808988 0.868984
6 0.36585935911602213 0.4809800321027287 0.016044107971586424 0.011526903370786518 0.868911
6 0.2365767324388319 0.6406124002140182 0.015541483188634572 0.011478360620652755 0.868883
8 0.650199589581689 0.11873085500267523 0.01742081010260458 0.0133690075976458 0.868849
6 0.41923020678768746 0.16322855858747995 0.014404778531965274 0.011603059604066346 0.868765
0 0.4657009755327545 0.11717896629213483 0.023214128492501974 0.012876758908507223 0.868625
6 0.3909267498026835 0.18581025147137506 0.015854825572217835 0.01141206634563938 0.868516
22 0.26022288871349647 0.36615944355270197 0.013657428255722179 0.011497673622257893 0.867806
0 0.6891317947908445 0.4363598758694489 0.02537883378058406 0.018316204173354736 0.867263
7 0.193027636937648 0.30029525949705727 0.015075672296764011 0.016744098448368112 0.866811
6 0.5557293259668509 0.5068928753344034 0.01666832770323599 0.012904947672552167 0.866551
0 0.4332332249408051 0.2725500096308186 0.026321123914759274 0.0027863045478865706 0.866428
2 0.53381718074191 0.25557840128410914 0.01205491270718232 0.011269533654360621 0.866087
8 0.25490245303867404 0.5256736051364366 0.016565159905288084 0.012089308935259498 0.865335
10 0.23407371112865036 0.40895705510968433 0.013199295343330702 0.018017879935794543 0.865259
5 0.4505074664561957 0.41545578426966295 0.02374112075769534 0.009076562867843767 0.865251
6 0.2737522967640095 0.3439966099518459 0.015727815627466456 0.011219539004815409 0.865149
2 0.30830825572217835 0.3214943606206528 0.010360948382004735 0.011434337934724452 0.865032
4 0.49342615943172846 0.5734093183520599 0.014954036937647987 0.01523332862493312 0.864481
9 0.4732100394632991 0.5055149406099518 0.015000549329123916 0.012222390583199573 0.864392
14 0.5230809408050513 0.2530386730872124 0.007539937490134175 0.017706159871589085 0.864093
13 0.23774823046566693 0.15750040449438202 0.010871049092344121 0.02056166249331193 0.863854
13 0.3081131138121547 0.22547178769395398 0.010069952959747434 0.02143869192081327 0.863683
4 0.4166120157853197 0.41178113643659714 0.012752841041831097 0.014974370037453182 0.863408
11 0.5372621689029203 0.7112770294275014 0.014062663930544594 0.01921016329588015 0.862697
18 0.595186866614049 0.5288398416265383 0.014542376006314129 0.012892921562332798 0.862524
22 0.38329079715864245 0.7110233579454254 0.013835516969218626 0.011279943499197432 0.861652
5 0.29166219415943173 0.6853285735687534 0.016381494554064718 0.01430961926163724 0.860963
21 0.19016698342541435 0.2546012455858748 0.01905880599842147 0.01652546431246656 0.860159
0 0.18445577900552484 0.4752195527019797 0.025539869297553273 0.017638961583734618 0.857204
9 0.20589148539857932 0.6174210465489567 0.01534961452249408 0.01251589341894061 0.856963
14 0.22909918863456982 0.5223997089352594 0.007620960378847672 0.01738646805778491 0.856692
9 0.2425013038674033 0.22905630818619582 0.014789485714285714 0.012081556340288924 0.856444
5 0.6311262762430939 0.6447255216693418 0.013887121073401737 0.010854208239700375 0.855871
27 0.20971390686661404 0.2777595890850722 0.009264088397790056 0.016346195826645264 0.855811
0 0.3051099731649566 0.18367952059925094 0.025183772691397002 0.012282219796682717 0.85555
7 0.1820966187845304 0.23152316746923488 0.015538371586424625 0.016503603638309258 0.854792
22 0.6305855848460931 0.4614147287319422 0.013599358484609313 0.011136588978063135 0.853312
18 0.30934130765588 0.6861052027822364 0.012487182951854775 0.014493216051364366 0.853252
2 0.3585531554853986 0.20826428678437667 0.01273336322020521 0.012972502086677367 0.853152
5 0.5771593749013417 0.11832925414660246 0.016098944909234414 0.012196913857677903 0.852239
2 0.30803055532754536 0.3675061487426431 0.009757459194948699 0.010723701658640984 0.851788
18 0.6174901846882399 0.551177998929909 0.021988197632202052 0.015792748207597646 0.851161
18 0.2032979447513812 0.6386176821829855 0.014696178058405682 0.013886650829320493 0.850223
21 0.2586577932123125 0.4828286013911182 0.01652390086819258 0.016241028999464956 0.850136
5 0.17865041831097078 0.34334544676297485 0.014829855722178374 0.01134185468164794 0.849059
2 0.35361136543015 0.663961545211343 0.013772638358326756 0.012392536757624398 0.847406
14 0.5339998358326756 0.41611823392188335 0.007349846882399368 0.01036957517388978 0.84687
4 0.3995697300710339 0.6873634242910648 0.01142176227308603 0.01351310176565008 0.846865
12 0.2659870307813733 0.29801933868378816 0.013834991633780585 0.02113888838951311 0.846775
9 0.38161942225730067 0.6414001241305511 0.01412695690607735 0.011391000107009096 0.846703
9 0.22599768902920284 0.5715254103798824 0.01505364861878453 0.012205323916532906 0.845709
0 0.5108466866614049 0.5973700417335474 0.02448766282557222 0.012342816051364367 0.845571
13 0.3614178500394633 0.474481823434992 0.008356510812943961 0.00983793344034243 0.843639
22 0.6648871602209945 0.3940663199571964 0.013458770639305445 0.011483675120385234 0.842776
18 0.1492421404893449 0.6371616462279294 0.015574498500394633 0.014205438630283574 0.841929
6 0.48653173796369376 0.3922111760299625 0.025504591002367797 0.011705486998394863 0.839851
2 0.42351451933701656 0.6191362054574638 0.01267468729281768 0.011606867415730337 0.839498
18 0.5109905477505919 0.5734969802033172 0.014914919652722968 0.013686179133226326 0.838652
9 0.3170916621941594 0.6406015794542536 0.014856203314917127 0.01171885543071161 0.838269
6 0.5875391949486977 0.3708088089887641 0.014861173796369375 0.011204800856072766 0.838167
19 0.5742639684293607 0.34770607597645803 0.01290369313338595 0.011736771321562332 0.837866
14 0.4453927198105762 0.5014808517924023 0.007283371744277822 0.01724374360620653 0.837735
4 0.4641496195737964 0.16183363937934722 0.01396798232044199 0.014517213483146068 0.836642
8 0.4652463583267561 0.2550806463349385 0.016879957063930542 0.011782656821829857 0.836584
11 0.18996978058405684 0.43121122140181917 0.015758931649565905 0.017240237132156236 0.835913
6 0.5105444167324389 0.18719530872124132 0.014808559431728494 0.011375933226324237 0.835572
5 0.20078077979479086 0.6858071524879615 0.015618343804262035 0.011800380952380953 0.835533
6 0.6666235958958169 0.4173461299090423 0.016112886503551697 0.011719978598180846 0.835513
1 0.6631446629834254 0.3045263135366506 0.02141279368587214 0.017863321134296416 0.83495
21 0.6863774206787688 0.1651927319422151 0.021986500394632992 0.023648784162653824 0.834397
4 0.6450716691397002 0.30037388121990366 0.013174442936069456 0.014963220545746388 0.831833
8 0.20572620678768744 0.3204418705189941 0.016787174743488557 0.01214930251471375 0.830898
22 0.44893307655880027 0.665514255751739 0.013757928966061563 0.011557694596040663 0.829218
8 0.578872776637727 0.3940350904226859 0.016903799210734018 0.011881522953451044 0.82793
13 0.6594584246250986 0.6421679871589085 0.007674544593528019 0.015829045692883896 0.827824
2 0.22399373638516182 0.297756353130016 0.011586838831886347 0.011997017442482612 0.827226
7 0.3347894048934491 0.2104835013376137 0.015267500552486187 0.016140327447833065 0.82667
5 0.4169813670086819 0.6884570058855003 0.02142540173638516 0.011293284537185661 0.824936
10 0.5698640820836622 0.48166434242910644 0.01801456037884767 0.01768816179775281 0.824601
18 0.31056057079715865 0.27074198394863563 0.014964866929755329 0.006402575066880685 0.824464
23 0.401106134175217 0.23120374959871587 0.01498240505130229 0.010923954200107009 0.823937
6 0.5532077158642462 0.14181167255216695 0.02292761862667719 0.011458801070090958 0.823922
6 0.4736561704814523 0.3465675676832531 0.013139972849250196 0.009837358159443553 0.822902
13 0.3156845714285714 0.38779027929374 0.010041665666929754 0.017878442803638307 0.822311
14 0.3480323030781373 0.20467891706795077 0.007966954380426203 0.017752730230069555 0.820642
4 0.3637293259668508 0.7096278908507223 0.012702449250197315 0.014621065382557518 0.820119
5 0.19989013417521703 0.6823708079186731 0.01375736322020521 0.004953305510968432 0.819955
18 0.4846805367008682 0.253025797752809 0.02208138405682715 0.015346165864098447 0.818073
2 0.507112359905288 0.11770438951310862 0.0129628135753749 0.012505045264847513 0.817737
10 0.24955453827940016 0.27247851043338683 0.014342748539857933 0.018184766185125736 0.817142
5 0.44141027308603004 0.48187199143927234 0.014934437884767168 0.011598676511503477 0.815665
0 0.5072933985793212 0.43774739860888173 0.02422519715864246 0.011619414018191545 0.81483
18 0.4201386329913181 0.13759979454253612 0.022621469297553275 0.015982536115569823 0.813762
6 0.17402382951854775 0.43407738041733546 0.015062013575374903 0.011940694703049759 0.81071
12 0.27605245777426995 0.661047062600321 0.013701839305445935 0.018359213269127875 0.809983
22 0.2212878547750592 0.4789577827715356 0.01334154001578532 0.012250551952915996 0.808246
13 0.16773798895027625 0.15665967255216692 0.012198450513022888 0.02057357902621723 0.803847
22 0.18470672770323598 0.36561511824505083 0.013822141120757697 0.011981895773140717 0.802995
13 0.2592130323599053 0.4538130765115035 0.010380183741120758 0.016937529802033172 0.802034
18 0.20394329913180742 0.36307237667201714 0.022376541752170482 0.016101537078651685 0.801965
19 0.21699990528808208 0.5020191503477796 0.012450126598263615 0.011993017870518994 0.800699
11 0.33558266140489346 0.3423452798287855 0.014244995737963694 0.01755524451578384 0.800503
13 0.30631728290449883 0.6402377827715356 0.00647827498026835 0.02353567298020332 0.800111
14 0.30684963359116024 0.3861951075441412 0.0074289300710339385 0.018662550668806847 0.799757
18 0.5934577048145225 0.11690063991439271 0.015222362115232833 0.01415560834670947 0.798612
7 0.3947269455406472 0.4174811839486356 0.015632527861089186 0.01313251235955056 0.797025
21 0.41687872454617203 0.5082080770465489 0.016375877505919494 0.01611734360620653 0.796982
18 0.5035469486977111 0.6216247884430176 0.020860504498816098 0.010504820973782771 0.795273
10 0.6470475769534333 0.2083933140716961 0.018209783109707972 0.017860526912787587 0.794982
13 0.40531932438831886 0.11354894382022471 0.009838239621152328 0.019147402889245584 0.793569
10 0.43157882241515394 0.5708731514178705 0.020854887450670875 0.017111922097378277 0.791764
22 0.36394309707971584 0.41511992980203316 0.014624126282557222 0.00841000406634564 0.790664
2 0.6697570197316496 0.43900890743713217 0.014322947434885557 0.012093911182450508 0.788075
8 0.6088645808997633 0.18755198287854466 0.01579461404893449 0.012075502193686465 0.784654
18 0.16631432991318074 0.22818555205992508 0.014676336543014997 0.012705407383627609 0.782594
8 0.512751229676401 0.2790901316211878 0.016513959905288082 0.011682968860353131 0.781954
6 0.5407532249408051 0.6671195634028892 0.016338740331491713 0.011047694382022471 0.77937
23 0.3402872423046567 0.43580651043338686 0.011373552644041041 0.011068733226324238 0.776411
14 0.3791147845303868 0.18244211878009634 0.007921492659826362 0.017942627715355805 0.775165
8 0.47119558011049717 0.6660681690743713 0.028365284925019735 0.012545917602996254 0.774764
7 0.6384397537490134 0.3261853654360621 0.024720143962115235 0.019677620117710008 0.774564
8 0.4005739289660616 0.5273131556982343 0.0070602254143646405 0.01155021594435527 0.773616
22 0.4866036685082873 0.7123873215623328 0.013574506077348066 0.0123729772070626 0.772534
12 0.41992324546172066 0.6404665254146602 0.014735093291239147 0.016829678330658106 0.772026
13 0.4852596179952644 0.5454794307116105 0.01030991002367798 0.024226667522739432 0.771926
2 0.6651603346487767 0.1419412477260567 0.01254274727703236 0.011733566185125735 0.770177
22 0.23632740015785317 0.2091163599785982 0.013550300236779793 0.007317792188336008 0.767434
7 0.482989360694554 0.16650053718566077 0.015739009313338596 0.016183884430176564 0.767119
14 0.5233832107340174 0.18400934831460675 0.008243361641673243 0.017485909470304976 0.765489
22 0.27535133701657455 0.13773868378812198 0.014340606787687452 0.011421407811663993 0.764644
5 0.3626871412786109 0.367417391118245 0.021338115232833466 0.011353908186195827 0.764454
18 0.5654989486977111 0.688802174424826 0.015418110181531176 0.013871008667736759 0.763751
2 0.5184931460142068 0.7100209994649546 0.013654882399368587 0.01811789662921348 0.763486
12 0.24483460142067878 0.36368765329052966 0.013910841988950276 0.017039628464419476 0.761893
13 0.5239631002367797 0.5719815259497057 0.009534797790055248 0.017514810486891387 0.761122
4 0.6424545692186266 0.16409312359550562 0.014073049408050512 0.01445606934189406 0.760166
2 0.4542737174427782 0.5276673643659711 0.012058913338595106 0.012161602568218298 0.759185
21 0.6911393843725335 0.4855313258426966 0.01505486093133386 0.01261075997859818 0.75869
12 0.6599461783741121 0.23138920920278225 0.01498074822415154 0.016544229427501337 0.75439
24 0.43426126598263615 0.6454503756019261 0.015006206787687451 0.01671771771000535 0.750324
18 0.38165417521704814 0.32074567362225787 0.020859696290449883 0.01509753493846977 0.747226
6 0.18698264246250987 0.5009581680042804 0.015352039147592738 0.012575339111824504 0.74608
10 0.4571327545382794 0.5479035548421616 0.015554939857932125 0.017472595826645263 0.745858
8 0.17039093291239146 0.6160940652755484 0.014920900394632992 0.012693162118780096 0.744875
5 0.7039385761641673 0.11943488924558587 0.006487731018153117 0.012105142857142856 0.743689
10 0.41472767797947907 0.2508805478865703 0.01729464877663773 0.017348307758159442 0.742706
14 0.4647703235990529 0.5254369181380417 0.00732119589581689 0.017605951417870518 0.741111
23 0.16921256511444357 0.25070001926163726 0.02323013101815312 0.011845307651150348 0.741043
21 0.16536993843725334 0.6613163488496523 0.01666966124704025 0.013192341573033707 0.741031
22 0.5223458752959748 0.3010609309791333 0.01351352675611681 0.011893823006955592 0.740819
22 0.4566902604577743 0.5052483937934724 0.013438444198895026 0.011189213483146066 0.739347
18 0.16693422573007102 0.2957582108079187 0.02317157632202052 0.014842822471910112 0.735368
13 0.6824163914759274 0.5733323402889247 0.013304200789265983 0.0183612404494382 0.73427
21 0.4404921483820048 0.6919380032102729 0.016294733385951065 0.01646358052434457 0.734113
5 0.19638493449092345 0.7086049866238631 0.014384250039463298 0.011308296629213484 0.729509
21 0.26854945540647196 0.5752033729266988 0.015976905445935278 0.015455907544141253 0.729254
14 0.3526928366219416 0.45537099197431785 0.007774641199684294 0.017383098555377206 0.726247
12 0.6460316590370955 0.5962611193151418 0.014820157221783741 0.016969471589085072 0.725666
9 0.5222157537490134 0.4599896757624398 0.014364004419889503 0.011670422257891921 0.722916
8 0.38946308445146016 0.6193975473515249 0.015497274191002369 0.011812735794542537 0.722756
1 0.2913995264404104 0.6665182578919208 0.016434876716653512 0.018009908186195828 0.721106
16 0.40357925177584847 0.6422354593900481 0.01522975722178374 0.011068623649010165 0.718188
22 0.3524600726124704 0.6200241104333868 0.013823878768745067 0.0073034375601926165 0.715565
18 0.5304126029992108 0.504481900481541 0.01332860868192581 0.013776224291064742 0.715003
22 0.338411471507498 0.6870722225789192 0.013620089029202842 0.011739921669341893 0.71324
4 0.25074866614048935 0.6388379325842697 0.012809860142067878 0.014227628036383094 0.712466
2 0.5417056985003946 0.39271934082397003 0.01274964861878453 0.011960747351524881 0.711948
9 0.5043119179163378 0.25496202889245584 0.014340889660615629 0.012010988550026754 0.70956
6 0.21979630623520127 0.6394712894596041 0.016885412470402525 0.01291059090422686 0.708478
12 0.20728281610102603 0.4318625489566613 0.014526898816101025 0.017014562653825574 0.707901
5 0.7078563662194159 0.11959350240770465 0.014719696921862667 0.012950887961476726 0.707897
13 0.5786266771902131 0.6813585874799358 0.007119547908445147 0.006783219261637239 0.707041
4 0.1777011775848461 0.5227383028357411 0.01935566093133386 0.015876711824505084 0.706348
4 0.37943928018942386 0.3896292605671482 0.02405987813733228 0.014399664419475655 0.705474
13 0.6821440252565114 0.27039873301230605 0.007002519337016575 0.006968404922418406 0.704151
18 0.41815124861878455 0.3212069941144997 0.019879824467245462 0.01449305168539326 0.704151
2 0.4218847671665351 0.5507621530230069 0.009322077348066298 0.011562570786516855 0.699675
8 0.5948207482241515 0.4844108978063135 0.013891727861089187 0.011406231353665062 0.697884
5 0.34721601262825574 0.546981187800963 0.01408125272296764 0.01692150411985019 0.697232
8 0.4778342036306235 0.5744234563937934 0.016346297079715865 0.01172438908507223 0.695693
18 0.3573420552486188 0.6397224954521135 0.020492405998421465 0.014728478544676297 0.69326
5 0.5264337932123125 0.11682640128410915 0.01620583046566693 0.01404712680577849 0.692518
2 0.3469412217837411 0.47659255644729803 0.016392082083662194 0.005616138683788122 0.691071
12 0.16926105761641672 0.1824938940609952 0.014966442936069456 0.021742029320492243 0.690703
6 0.3074718004735596 0.16153312359550562 0.00870569723756906 0.011706144462279293 0.687902
6 0.6959656006314128 0.23419466238630285 0.019439108445146014 0.011232496522204387 0.68779
13 0.40625038042620365 0.4107785040128411 0.008400679400157852 0.017541739111824505 0.685548
8 0.5074004861878454 0.300311696094168 0.015056800631412785 0.014491654574638845 0.685487
11 0.22547477821625886 0.15721194221508827 0.013474651933701657 0.016857127447833065 0.682168
5 0.5331306077348067 0.2783770572498663 0.023193640410418312 0.012093445478865704 0.681631
5 0.38069442778216256 0.27393260139111825 0.01442263993685872 0.016775081433921885 0.681543
2 0.6817880094711918 0.5299136993044409 0.024067232833464878 0.012411630604601391 0.678349
23 0.6182285638516181 0.2110760406634564 0.014261685240726124 0.011566296415195292 0.677145
7 0.5121547719021311 0.4855233814874264 0.015489717442778215 0.01645853996789727 0.676084
14 0.20400472296764008 0.544813748528625 0.00763251775848461 0.017916904440877474 0.675632
8 0.40653891081294397 0.18576148956661315 0.015408815785319652 0.011279450401284108 0.67549
6 0.2016447545382794 0.18361733547351525 0.023051314917127072 0.01146271845906902 0.675211
1 0.52555890765588 0.5313935409309791 0.016042936069455407 0.01686246934189406 0.673266
2 0.1895107182320442 0.6398378255751739 0.012374801578531965 0.012249373996789726 0.672801
22 0.22586393054459353 0.45657990369181384 0.012530543330702446 0.010861851257356874 0.672442
1 0.42308778531965274 0.7132168218298556 0.017801678295185478 0.01967520941680043 0.672423
5 0.5599396874506709 0.39303766292134834 0.02054364640883978 0.010923241947565544 0.668135
18 0.5545606566692975 0.20882669234884965 0.021542955643251777 0.014708398501872659 0.66594
2 0.5571622794001578 0.621578738576779 0.01251110591949487 0.010412666452648474 0.663958
6 0.22735992423046567 0.4348892387372926 0.023860129439621153 0.011560434028892456 0.657152
8 0.6096618784530387 0.6901217592295344 0.006998720757695344 0.011016793579454252 0.654759
6 0.3800434159431728 0.41384886035313 0.015974642462509864 0.011098319101123594 0.653602
5 0.21498221310181534 0.547609339753879 0.015390186582478295 0.014065672766185125 0.653599
10 0.39857280505130227 0.5473721048689139 0.01795333859510655 0.017888414339218835 0.653088
5 0.4607179668508287 0.4780789727126806 0.01300310276243094 0.002643289716425896 0.652821
22 0.36116609313338593 0.5269184034242911 0.013505202209944752 0.012118127768860353 0.64972
0 0.41568459668508284 0.6835808154093098 0.022342233307024468 0.002554855345104334 0.646546
7 0.5560695816890292 0.7132072338148743 0.021182939226519336 0.012433628250401283 0.645741
18 0.6718143141278612 0.32445815302300696 0.0146332590370955 0.014388186195826646 0.638015
0 0.423460773480663 0.38826173568753347 0.024243907182320442 0.016780916425896204 0.62578
5 0.23839479715864245 0.6608994071696094 0.01609874285714286 0.017197091064740502 0.622478
0 0.464468861878453 0.27263383627608345 0.024670722020520914 0.002618960813269128 0.621392
8 0.3078158143646409 0.11508439593365437 0.009459109076558801 0.013028742643124666 0.620898
38 0.35123846566692973 0.5701518587479936 0.03285904467245462 0.017419450829320494 0.617916
5 0.18637365745856355 0.1601447790262172 0.02376071981057616 0.013063341680042804 0.616409
14 0.4858229392265193 0.2698859111824505 0.012005652407261248 0.008104639486356341 0.61604
4 0.1876631539068666 0.4105489395398609 0.021662812943962117 0.013377143713215623 0.616038
9 0.6559116022099447 0.18832915997859817 0.015159362273086029 0.012130920920278223 0.614566
22 0.37246242146803477 0.5960589491706796 0.013608491239147594 0.010736905724986623 0.613971
24 0.40486268666140485 0.4749677988228999 0.025331796053670086 0.00875941872659176 0.611537
11 0.15249922020520915 0.6128552338148743 0.021778548382004735 0.018171370358480474 0.611367
6 0.4302561894238358 0.4592724922418405 0.024669913812154696 0.011821803317281969 0.605178
11 0.5993798516179952 0.2707885543071161 0.012992353591160221 0.0063095987158908505 0.605175
13 0.5375458500394633 0.681951674692349 0.008942340647198106 0.005367672124130551 0.604341
7 0.6610675674822415 0.53362617870519 0.015386064719810575 0.016249986944890316 0.604202
18 0.5312697079715863 0.5502959015516319 0.021664914285714286 0.013746747993579455 0.6001
14 0.36886468192580896 0.26959005243445694 0.00674631728492502 0.008706575066880686 0.598338
18 0.3125867491712707 0.1352605928303906 0.016467851617995265 0.017122934617442482 0.598311
10 0.6514543330702447 0.5735482075976458 0.014672861247040252 0.016753439914392723 0.593418
5 0.2382889218626677 0.6827176201177101 0.013929107498026836 0.004281350026752274 0.592911
18 0.38781070244672455 0.25303812520064206 0.015377780584056826 0.014430291278758695 0.592216
22 0.6128514727703236 0.32501781915462813 0.013848852407261247 0.011476278651685393 0.592075
5 0.3300885417521705 0.18430219368646336 0.022889834885556435 0.012570846441947565 0.59143
6 0.24237158642462509 0.41239011235955053 0.01505773007103394 0.011919875013376137 0.590931
24 0.5705187308603 0.4760797346174425 0.019338365272296765 0.006564831674692349 0.589005
18 0.3938819636937648 0.6654934360620653 0.020444479242304657 0.012493923167469235 0.584905
4 0.43246219415943166 0.4353000440877475 0.01670413133385951 0.012668644194756554 0.583445
18 0.33317945382794 0.663553643659711 0.015308113022888713 0.012597775066880685 0.580894
6 0.27363995580110495 0.1147038887105404 0.025660858089976323 0.0120174810058855 0.576715
14 0.40241381531176007 0.2070211321562333 0.003380537584846093 0.018483884858212948 0.573643
0 0.15560758958168905 0.5934822386302836 0.025179004262036307 0.011753509256286786 0.570711
8 0.528141133385951 0.3477751096843232 0.016672570797158642 0.011176255965757088 0.569413
5 0.43546266771902126 0.4776053247726057 0.025491700078926597 0.0035907116104868914 0.568283
8 0.3128700666140489 0.6199063148207598 0.017104841041831097 0.007067818940609952 0.567585
5 0.236415090765588 0.34284276083467097 0.023092937647987373 0.012161684751203853 0.564443
2 0.24002616574585636 0.6173509170679509 0.010959830781373324 0.01110127768860353 0.559029
18 0.5952365714285713 0.6222751571963617 0.021976236148382004 0.011805503691813804 0.55747
6 0.6547025224940806 0.1427159593365436 0.006633168113654301 0.01229816329588015 0.553867
12 0.5764554254143647 0.29945891064740504 0.013971255564325177 0.016713553772070625 0.552857
8 0.5593476748224152 0.34786742857142855 0.013724590370955012 0.010652969502407704 0.551638
22 0.19557834254143647 0.5242978619582664 0.014974525019731651 0.012096979347244517 0.548951
6 0.20426819889502765 0.25144815837346174 0.014736103551696923 0.010541748528624934 0.547676
4 0.35841616416732436 0.5027278416265383 0.021674289502762432 0.013497021294810058 0.545237
16 0.44426769376479874 0.7123152744783307 0.016263576953433306 0.013281345746388442 0.543035
6 0.29785711128650355 0.2989447191011236 0.023899812470402525 0.01115171064740503 0.542583
27 0.6737528018942384 0.3055977057249866 0.009321107498026835 0.015738096522204387 0.539843
12 0.36042819889502764 0.4554633108614232 0.022964836621941594 0.017744539325842697 0.538644
4 0.4369934143646409 0.5494828378812199 0.01983363535911602 0.014281841412520065 0.538124
18 0.3942868760852407 0.11507343820224719 0.018638133543804263 0.01831812177635099 0.533228
4 0.6577405777426992 0.6659150347779561 0.018797148539857932 0.015099671696094169 0.531049
6 0.6521724262036306 0.21146632766185125 0.014394554696132595 0.011456856072766185 0.526719
24 0.36631559273875297 0.13884842803638311 0.022867043409629046 0.013426563081861957 0.525238
13 0.7072316211523283 0.23105362867843765 0.008056018942383582 0.01690153365436062 0.524237
6 0.34810059668508286 0.25368326163723914 0.021391335753749015 0.011410614446227929 0.523515
4 0.6746842620363063 0.476355595505618 0.01860338058405683 0.006090224933119315 0.519858
6 0.611405588003157 0.3479824847512038 0.017737991475927386 0.011653985660781166 0.519088
2 0.6799493354380426 0.7116621936864633 0.013562746645619574 0.017037162974852863 0.517144
8 0.37211933701657457 0.6206948605671482 0.016666347592738752 0.008644965222043874 0.511617
22 0.6464701524861879 0.690541440342429 0.021137477505919496 0.01255046506153023 0.510123
5 0.3984701625887924 0.47508312894596044 0.01126783898973954 0.008174522418405565 0.508215
24 0.31059932438831883 0.7105329994649544 0.0149599772691397 0.01186941466024612 0.508204
24 0.5164706045777426 0.16621563616907437 0.016331870560378846 0.016238618298555378 0.505524
13 0.30144919337016574 0.6401682011771002 0.015537563378058407 0.02226148057784912 0.504259
8 0.6382591191791633 0.18810753986088818 0.017792303078137332 0.011832322739432851 0.501323
2 0.16795741752170482 0.3208067629748529 0.0260066500394633 0.015101424933119315 0.500005
