24 0.43732680031570637 0.6883363111566019 0.014882268034727704 0.013616527328556807 0.997368
24 0.5614708382004736 0.15403286796315252 0.016880482399368586 0.012928759877175025 0.996145
12 0.43161842462509864 0.23355191811668374 0.015676575217048145 0.018321136540429887 0.987315
12 0.8242048303078137 0.5213056131013306 0.015782208050513023 0.018295326919140226 0.986868
24 0.8222841231254931 0.3422235250767656 0.016212821468034728 0.012910155987717503 0.986347
14 0.439244274664562 0.47885520573183216 0.006331908445146014 0.015503774002047083 0.986338
12 0.7999371617995265 0.6443483316274309 0.015811707655880032 0.019345084135107472 0.986321
21 0.427085183898974 0.2591236192425793 0.019820906077348068 0.015035506243602866 0.98528
18 0.5613492028413576 0.661925338792221 0.017262482083662194 0.016322345138178096 0.984876
11 0.3491165146014207 0.43765021084953937 0.01487503456985004 0.01699119426816786 0.984812
2 0.6151629486977112 0.40054540839303987 0.01165699131807419 0.009868184237461617 0.984133
7 0.5280558674033149 0.6261146857727738 0.016947442462509864 0.014896684544524053 0.984052
11 0.735640953433307 0.6635611709314228 0.015314255406471982 0.01674499406345957 0.983368
2 0.6714958800315707 0.6664421535312179 0.012160060615627466 0.009736411054247697 0.98305
29 0.7133546077348066 0.2767263050153531 0.02389488239936859 0.019850900307062436 0.982915
2 0.36788796211523284 0.6446766509723643 0.013202164483030783 0.010226296008188331 0.981541
9 0.39411674822415155 0.3783179529170931 0.015071227150749803 0.010311454657113613 0.981333
2 0.4145648239936859 0.13158242784032753 0.013525569060773481 0.010952633776867964 0.981024
7 0.677096359905288 0.25965055475946774 0.01783303677979479 0.014347529170931423 0.980995
18 0.3978914853985793 0.1288492282497441 0.017704976164167326 0.016218582599795292 0.980932
2 0.82258518074191 0.6054654165813715 0.012776561957379636 0.009764002456499488 0.980053
2 0.4989118737174428 0.6038586693961105 0.012844976795580111 0.010104899078812691 0.979249
10 0.6954418816101026 0.12904941658137156 0.014873579794790844 0.017373988945752303 0.978966
2 0.761439368587214 0.6044767901740021 0.01280125272296764 0.01087868986693961 0.978673
2 0.4898813575374901 0.2154718198567042 0.0128541499605367 0.01006174329580348 0.978417
5 0.454707725335438 0.664582812691914 0.014613700394632992 0.01047723889457523 0.977621
18 0.5780843693764799 0.12918619447287616 0.017759974743488557 0.01655282374616172 0.977399
5 0.33107924356748225 0.35912031115660187 0.014333454143646408 0.010087605322415559 0.977205
2 0.8413101562746647 0.38167896827021497 0.012387207576953434 0.00983865383828045 0.977175
18 0.801357588003157 0.33749604094165814 0.017458836306235202 0.016291321187308087 0.977095
1 0.7703219826361484 0.4027742067553736 0.013987217679558012 0.01419914350051177 0.976616
12 0.6486627813733228 0.12958971545547593 0.016891271981057616 0.01884972282497441 0.976277
11 0.5269676148382004 0.336390812691914 0.013798864719810575 0.015362803684749233 0.97619
5 0.5225459068666141 0.6446436356192425 0.013146438516179953 0.01080168024564995 0.976189
12 0.43855164009471187 0.2959962661207779 0.014988022099447513 0.01776262681678608 0.976116
2 0.8174821531176006 0.5428248106448311 0.013333134648776637 0.010673916069600818 0.975771
12 0.5844255722178374 0.31765145547594675 0.01626697142857143 0.018594587512794268 0.975283
2 0.5956515864246251 0.39975880450358237 0.01273336322020521 0.01016023909928352 0.974965
2 0.37577324704025256 0.48168614124872056 0.01240664498816101 0.009959133674513818 0.974645
5 0.7246747782162589 0.39931904524053224 0.01482011681136543 0.010573481269191401 0.974149
5 0.7307036085240726 0.15236454452405324 0.015450842620363062 0.01041660593654043 0.973699
5 0.7912549834254144 0.15403889457523032 0.01540380489344909 0.010584198157625384 0.972917
18 0.8095443346487767 0.4390659406345957 0.016944371270718232 0.016796980143295802 0.972856
24 0.5432416985003946 0.3809217113613102 0.017374540173638514 0.013384712384851586 0.972186
7 0.33751945193370164 0.2178583582395087 0.026227008050513024 0.014701920163766632 0.971969
2 0.6778395074980269 0.29764677175025583 0.011582999842146804 0.009998149437052201 0.97109
24 0.6461767324388319 0.1958850685772774 0.016689785635359118 0.012816140839303991 0.971084
2 0.8075832170481453 0.502514374616172 0.01354763314917127 0.01022912589559877 0.970933
9 0.8549741310181532 0.3819315619242579 0.014356447671665351 0.010161575435005118 0.970707
0 0.3592866045777427 0.2564163602865916 0.023127731018153116 0.010383747799385876 0.970293
2 0.6213083226519337 0.6868194390992836 0.012067035832675613 0.010565672876151485 0.970247
2 0.4759559273875296 0.25680022927328555 0.012312731176006314 0.010206460593654043 0.969514
2 0.5815996716653512 0.5624859774820881 0.012865545698500395 0.010176013101330603 0.969459
7 0.5772090797158643 0.25934057727737975 0.01622870276243094 0.014477835005117706 0.969119
18 0.332397027308603 0.5413273285568065 0.018276662352012626 0.013982290276356193 0.968418
2 0.8167907308602999 0.19575379324462638 0.011781132123125494 0.00988456090071648 0.968309
0 0.6998918768745067 0.3993427848515865 0.03218867624309392 0.01153286550665302 0.968207
5 0.49300831570639303 0.6442723439099284 0.015156048618784529 0.01023612200614125 0.967202
18 0.7800410923441199 0.5006070829068577 0.01755000220994475 0.01348022108495394 0.966625
12 0.453716861878453 0.6840259733879221 0.016861691554853987 0.019067807574206754 0.966452
7 0.6857369155485399 0.361317142272262 0.014800800631412786 0.013613304401228248 0.966396
12 0.6962678705603789 0.2125392442169908 0.016331021941594318 0.017587042784032756 0.966275
22 0.8558841736385162 0.6470141903787103 0.014246369692186267 0.010201534493346981 0.966216
29 0.6158907807419101 0.23388521596724668 0.019469052565114445 0.018559868986693963 0.966209
2 0.5506917632202053 0.44091899283520986 0.012304972375690608 0.010196293961105425 0.966185
5 0.7970704467245462 0.17455033776867965 0.015919967166535123 0.010415636438075743 0.965419
5 0.6145373146014207 0.2158672180143296 0.016664327071823207 0.010998042988741045 0.965158
5 0.590052318863457 0.6450901289662232 0.014733719337016574 0.011149992221084953 0.965036
12 0.782265685872139 0.23503001023541453 0.02691180299921073 0.01813224155578301 0.964804
1 0.7875477316495659 0.3006435701125896 0.014827269455406472 0.014293577891504605 0.964625
13 0.6454861183898974 0.6626917666325486 0.008730872928176795 0.0173760065506653 0.964538
13 0.4522713812154696 0.4992432343909928 0.007900277190213103 0.016722800409416583 0.964529
1 0.7313073401736384 0.6068209588536336 0.014424135122336227 0.013714630092118731 0.964494
2 0.6275002494080505 0.4618486305015353 0.012927696921862667 0.00953711361310133 0.963941
0 0.6373017963693764 0.15322923234390992 0.02213306898184688 0.010111659365404299 0.963935
18 0.5758811933701657 0.6007358362333675 0.017856838516179953 0.016035950051177073 0.963754
2 0.6990226487766378 0.19467267144319345 0.012297860142067876 0.010643573387922212 0.963749
2 0.8255286756116812 0.4012065015353122 0.014488226045777427 0.010021233981576253 0.96315
2 0.5905222920284136 0.6245375475946776 0.01340066045777427 0.011297329785056294 0.963038
2 0.4527482241515391 0.3180101699078813 0.012726089344909236 0.01023952835209826 0.962679
13 0.6282631981057616 0.2746725404298874 0.008344023993685872 0.017111962333674513 0.962588
2 0.753428407261247 0.15267216376663256 0.016349651144435675 0.011143965609007165 0.962494
2 0.6163582888713497 0.5837114431934493 0.013377626519337016 0.010851963152507678 0.962027
5 0.584346771902131 0.3795025752302968 0.014250127861089189 0.00994684462640737 0.961904
5 0.8572399431728492 0.19687841146366428 0.014582746014206789 0.010034309109518936 0.961783
14 0.7285933764798737 0.2547462026612078 0.007020542383583267 0.01524274309109519 0.961347
1 0.7586575153906866 0.3409864974411464 0.015190882399368588 0.015014098669396111 0.961314
0 0.5535851491712707 0.2573481269191402 0.022862881136543015 0.009311770726714432 0.960617
21 0.7359545382794002 0.5444713858751279 0.018331054775059193 0.015292528147389968 0.960605
13 0.7971338910812944 0.43887780552712385 0.007306163220205209 0.01674606837256909 0.960381
0 0.5683895059194949 0.4411993613101331 0.021832092186266774 0.010363493142272261 0.960345
5 0.49112519021310186 0.31893800614124873 0.014901139700078926 0.00966453715455476 0.960216
2 0.8549999936858721 0.5847786775844421 0.013505687134964483 0.010227475127942682 0.9601
2 0.6504044704025256 0.3188460348004094 0.012346514285714287 0.010004202251791198 0.959937
9 0.47171929913180743 0.1937023868986694 0.015615717127071823 0.010274954350051178 0.959904
2 0.5013571081294397 0.23576499488229274 0.013349379636937648 0.010258682497441147 0.959025
2 0.6102159052880821 0.4204762006141249 0.012633832359905289 0.01034297645854657 0.958916
2 0.46952097237569057 0.3580876642784033 0.012254136069455406 0.010693017809621291 0.958848
13 0.7346165493291239 0.6837584442169908 0.009044417363851618 0.017386015967246673 0.958654
2 0.4491153275453828 0.48248112998976456 0.011890523125493291 0.00978260634595701 0.958418
6 0.6256541802683504 0.6245351893551689 0.015034292028413576 0.011160813920163767 0.958233
8 0.5587306077348065 0.6861103950870011 0.015574700552486187 0.011394672671443194 0.958072
7 0.539272587213891 0.36105170931422725 0.02507955422257301 0.0151269011258956 0.95806
2 0.7599138752959748 0.38012881883316274 0.01397509455406472 0.009318583418628453 0.957353
2 0.49634702446724543 0.39977216786079833 0.01263557000789266 0.009984471647901741 0.957296
21 0.40064303078137337 0.3603581248720573 0.018908115548539856 0.01577007164790174 0.957104
8 0.4164257237569061 0.6656998321392016 0.014320846093133385 0.01030322702149437 0.957021
5 0.4880895595895817 0.27810770931422724 0.015048880189423835 0.010536614124872057 0.956912
2 0.6952721578531966 0.2566595209825998 0.013762454932912392 0.010455123848515865 0.956132
0 0.6209692388318864 0.194021011258956 0.02295505730071034 0.010613466530194474 0.956089
5 0.7600953180741911 0.21635445649948826 0.01483587687450671 0.009954941248720574 0.955442
5 0.7317122525651144 0.5844018833162743 0.0149025136543015 0.010121642579324462 0.955397
1 0.6956900015785319 0.6681751975435005 0.01644029171270718 0.014081703172978506 0.954771
5 0.6528973891081294 0.4818299938587513 0.014612690134175215 0.01034782395087001 0.954657
0 0.8342856132596685 0.15430301740020472 0.02211969313338595 0.010500140020470828 0.954239
2 0.6410676432517759 0.6236917256908905 0.013182646250986583 0.011316274309109519 0.954017
6 0.4551102131018153 0.19391096008188333 0.014630996053670088 0.009578697236438075 0.953195
9 0.500054276243094 0.5422706243602866 0.014484508287292818 0.00983666243602866 0.953132
21 0.3344499573796369 0.46316819651995905 0.02098112959747435 0.014115530808597747 0.953086
14 0.8138233938437253 0.39950154677584443 0.006498439779005525 0.012923231115660183 0.953031
5 0.8543788855564325 0.15464443807574207 0.01575295090765588 0.01070727205731832 0.952782
0 0.3347514999210734 0.4810614698055271 0.022510583109707973 0.010773748208802456 0.952772
9 0.4952373543804262 0.29891052610030705 0.014446441673243882 0.010424361924257932 0.952716
1 0.4781215217048146 0.5847427799385875 0.015468582794001578 0.014690312384851587 0.952595
22 0.5388713117600632 0.502356372569089 0.014742932912391477 0.00986213142272262 0.952141
2 0.7599284230465667 0.29782888024564996 0.012188671191791635 0.010135923029682702 0.951826
2 0.5779332344119968 0.6656961637666327 0.012806586898184688 0.010964058137154556 0.951518
18 0.5304384656669298 0.5803915660184237 0.019013869613259668 0.0163371758444217 0.951498
7 0.6075993307024468 0.1754978259979529 0.016916770955011838 0.014554923234390994 0.951409
10 0.39153775532754537 0.6006770636642784 0.012769894238358325 0.01628964421699079 0.950691
2 0.3791802494080505 0.46089747389969293 0.01285455406471981 0.009665506653019447 0.950193
5 0.7308106961325966 0.359538505629478 0.014493479400157853 0.0100769670419652 0.949854
21 0.41707390686661405 0.3805255271238485 0.019673933385951067 0.014771881269191402 0.949686
13 0.7941572596685083 0.49958989559877176 0.008927025098658248 0.016321113613101332 0.949532
7 0.3817321673243883 0.2792763480040941 0.016703969692186266 0.014498587512794267 0.94948
18 0.39111627466456195 0.4171576335721596 0.017651472770323598 0.016599123848515866 0.949476
8 0.4726552044198895 0.5634473531218014 0.01512477095501184 0.010709315864892528 0.94943
0 0.6190831229676401 0.29871453019447286 0.025574339384372532 0.010718486796315251 0.948546
4 0.4594110939226519 0.276948241555783 0.011250502920284136 0.011715262231320368 0.948019
22 0.6145006219415944 0.5217827635619243 0.015263701973164956 0.01032717625383828 0.948005
18 0.6607285240726124 0.6229701044012282 0.017523573796369377 0.014403340839303991 0.947302
9 0.8171895816890292 0.319976417604913 0.014921304498816103 0.010393521392016375 0.946646
11 0.765778639305446 0.4178509559877175 0.014788717916337806 0.01580099078812692 0.94626
2 0.558566137332281 0.46057884953940637 0.013456063141278611 0.010299375230296826 0.946173
14 0.8308955832675612 0.3782878198567042 0.006134059037095501 0.014963763357215967 0.946141
7 0.42886162588792426 0.605806837256909 0.02361843472770324 0.014556416786079836 0.946054
0 0.7989980236779796 0.5231542108495394 0.02452277947908445 0.011131073899692938 0.945989
18 0.5491197979479084 0.5185462108495393 0.017960652880820837 0.015097370726714432 0.945374
8 0.3458331681136543 0.3592348167860798 0.014017889187056038 0.010696371750255887 0.944487
2 0.4726867245461721 0.6238712139201638 0.01369448460931334 0.010306816786079837 0.944465
2 0.6678637916337806 0.3389704646878199 0.012368174269928965 0.010279094370522006 0.944455
9 0.38253875927387526 0.439969670419652 0.015254569218626678 0.01067577645854657 0.944307
22 0.7031824972375691 0.5216276438075742 0.014616771586424626 0.010330320573183213 0.944138
2 0.8471753243883189 0.6264275455475947 0.013041128966061563 0.010935733060388945 0.943935
5 0.610053859510655 0.6038466161719549 0.0150785818468824 0.010603247492323439 0.943571
6 0.751770771902131 0.6661397748208803 0.014945954853985794 0.010348059774820879 0.943519
12 0.676849048145225 0.2346128638689867 0.016408569534333072 0.01922913735926305 0.943268
13 0.5706217774269929 0.2957229723643807 0.009208362430939226 0.01691203602865916 0.943207
23 0.7347511160220994 0.6248999303991812 0.014237115706393055 0.01042260634595701 0.943171
13 0.5618939352801895 0.6005867430910952 0.009063329439621152 0.01833929498464688 0.943097
5 0.7123528334648777 0.6041296573183214 0.015589894869771113 0.010692441351074718 0.943065
1 0.609652179952644 0.6264477215967247 0.0159939182320442 0.014511846059365403 0.943006
18 0.576957322809787 0.21193482743091097 0.017724656037884767 0.016092574002047083 0.942656
5 0.3326962260457774 0.29755873080859774 0.015718319179163377 0.009957980757420676 0.942306
18 0.38309844356748224 0.2547532773797339 0.017775896448303078 0.014335004298874104 0.942134
5 0.5334336858721389 0.461881383828045 0.013623281452249409 0.009912204708290686 0.942099
0 0.8362285461720601 0.6473149969293756 0.022131048460931335 0.011228888433981577 0.941551
18 0.5943265288082084 0.27497177482088025 0.018664521546961327 0.016204275946775842 0.941551
0 0.3374855880031571 0.5635015926305016 0.02253583962115233 0.010610427021494371 0.94139
9 0.4612146108918706 0.15137460798362332 0.015148572691397001 0.010387783009211872 0.940988
0 0.46468869455406475 0.542527934493347 0.02291169692186267 0.011368679631525077 0.94018
0 0.755454585635359 0.3192985547594678 0.0315119229676401 0.011249798157625383 0.939299
5 0.41851332596685087 0.29836734493346984 0.01556556779794791 0.009735179529170933 0.938816
0 0.6092840410418311 0.152626571136131 0.03256307876874506 0.012878843807574206 0.938696
13 0.6737713906866615 0.4375191975435005 0.008262273717442778 0.01795139078812692 0.938573
7 0.5886925082872928 0.44322849539406345 0.016859590213101815 0.014034879017400205 0.938219
18 0.5213412722967641 0.27564387308085975 0.01782042872928177 0.017304709109518934 0.938068
0 0.5185929597474349 0.2997419365404299 0.02348415090765588 0.010690476151484135 0.937741
21 0.7154959558011049 0.2590947963152508 0.018311092028413575 0.0152761252814739 0.937342
0 0.8153622225730072 0.6675382108495395 0.022900382004735594 0.010927819856704196 0.937237
18 0.3340885265982636 0.6228587430910952 0.01577582320441989 0.013976604298874104 0.937023
22 0.6846369439621152 0.5427640204708291 0.0156800909234412 0.010717936540429887 0.936877
9 0.3932236779794791 0.21499440736949846 0.014399080662983425 0.009982768474923236 0.936848
2 0.7915402809786898 0.5839289252814739 0.02200981720599842 0.011317138996929377 0.936634
5 0.5077322557221783 0.3594502026612078 0.014435611681136542 0.009934870010235413 0.93638
0 0.3392957322809787 0.3763855066530195 0.03227341689029203 0.01660672262026612 0.935796
13 0.5391679242304657 0.33574832343909927 0.008500614364640884 0.017039302354145344 0.935353
5 0.7046182794001579 0.4410120122824975 0.01460371902131018 0.010985491914022517 0.93484
5 0.45031632517758485 0.3792919058341863 0.014861860773480663 0.009973466530194474 0.934625
2 0.4987158831886346 0.502699627430911 0.014843312391475927 0.009882228863868987 0.93435
13 0.564463229676401 0.12932140020470828 0.008440281610102605 0.01714919631525077 0.93411
13 0.5351753749013417 0.2751858505629478 0.009697207261247039 0.01764618219037871 0.934004
5 0.8534999589581689 0.27923756806550665 0.016029156116811365 0.010765258546571135 0.933945
6 0.3505591665351223 0.6247683930399182 0.014190482083662194 0.010074661207778914 0.933768
2 0.39933373322809784 0.3381644708290686 0.012311963378058406 0.010611789559877174 0.933755
13 0.572651592738753 0.3763598280450358 0.009390653827940016 0.017527955783009214 0.933721
5 0.6482760536700868 0.5631570276356193 0.014561934648776639 0.010687646264073696 0.933556
2 0.7899691239147593 0.6867665097236437 0.012971623046566693 0.010691550460593655 0.933548
46 0.3414744599842147 0.31794178096212894 0.03293582446724546 0.012233288843398157 0.933193
2 0.3645811775848461 0.6241369089048107 0.013198850828729281 0.010587447287615149 0.933142
5 0.7023819668508288 0.37696956397134085 0.009600747592738754 0.01593336663254862 0.932518
2 0.6882362999210734 0.5016038321392017 0.012680385161799526 0.009914065097236437 0.932322
0 0.8201072138910813 0.17510321392016376 0.022051278295185477 0.010333176663254862 0.932298
2 0.8179913243883188 0.13279272876151485 0.012936668034727703 0.009931385056294779 0.930962
18 0.4656124767166535 0.49971697850562946 0.016901495816890294 0.015568284953940635 0.930132
0 0.6384009597474349 0.5836891709314227 0.023043152012628253 0.010323560286591607 0.92994
5 0.6565407924230465 0.15336103172978507 0.01520559179163378 0.01047629559877175 0.929735
22 0.8428348413575375 0.5038614534288639 0.01527550181531176 0.00997160614124872 0.929692
2 0.7519190781373323 0.39919125486182194 0.012575762588792424 0.011531581576253837 0.929512
2 0.823347725335438 0.6251952343909928 0.012451783425414364 0.011279590583418628 0.928745
5 0.5710242651933701 0.5420334902763563 0.014972746961325967 0.010541330603889457 0.928099
24 0.6706953496448302 0.36168581371545544 0.014861820363062354 0.013009097236438075 0.927572
13 0.6108355990528809 0.37666535107471855 0.009358648776637727 0.01755287451381781 0.927395
1 0.33632330355169693 0.647376835209826 0.01623779510655091 0.014832409416581371 0.927361
6 0.7870025951065509 0.40037823541453427 0.01498951728492502 0.010314992016376662 0.927297
21 0.8049694711917916 0.6896346530194473 0.019196161010260455 0.015485720368474924 0.927034
2 0.6769096637726914 0.13106780757420675 0.01264555138121547 0.011903947594677585 0.926835
2 0.5190544467245461 0.6651443357215967 0.013210084925019731 0.010907827226202661 0.926433
5 0.8020619415943173 0.4009705203684749 0.014142272454617208 0.009810119140225178 0.926043
22 0.6616159368587213 0.6453838607983623 0.014769240094711918 0.010848714022517912 0.925372
6 0.5934067876874507 0.6040487959058342 0.01488885493291239 0.010774612896622312 0.925353
16 0.8408308887134965 0.6054928769703173 0.01954057900552486 0.011966912589559876 0.92531
0 0.36184175532754537 0.2768680614124872 0.02255337774269929 0.01024602661207779 0.92519
22 0.5677562746645619 0.4821771791197544 0.015168575848460932 0.01035311688843398 0.925007
3 0.33920763756906075 0.17135885363357214 0.02506678453038674 0.018219077175025588 0.924969
18 0.6443368460931334 0.6422125527123848 0.017798485872138912 0.01645794390992835 0.924442
2 0.7125552896606157 0.5619577318321392 0.01194915864246251 0.010365170112589561 0.924215
2 0.8235376543014996 0.564591099283521 0.013180140805051302 0.00991734042988741 0.923417
0 0.6794648145224941 0.6870856581371546 0.022460878295185477 0.011659896008188331 0.923153
1 0.7376542004735597 0.4642312384851587 0.014201675769534332 0.013642494165813717 0.922607
5 0.5836739384372533 0.23598771750255887 0.01425437095501184 0.010527233572159672 0.92226
6 0.6706880757695344 0.37977036642784034 0.01375994948697711 0.01082927164790174 0.921479
0 0.33619156558800317 0.1938865916069601 0.023528157853196525 0.012163982804503582 0.921327
5 0.8402938342541436 0.42179655271238486 0.013890919652722968 0.009577858751279427 0.92076
6 0.6515016132596685 0.42043034595701123 0.01491508129439621 0.010447289252814738 0.919643
13 0.6752378847671665 0.6215596151484135 0.007720774112075769 0.017455610235414535 0.919447
18 0.5567092786108919 0.29539517707267143 0.01754074822415154 0.016206843807574207 0.918933
8 0.6718846282557221 0.6043932036847492 0.015531299763220206 0.010904971136131014 0.918759
5 0.3832459415943173 0.3583939733879222 0.014444582794001577 0.010363100102354146 0.918456
11 0.4561095627466456 0.5601374329580349 0.01456654143646409 0.01675159713408393 0.918411
2 0.8435751602209944 0.25783366223132037 0.013863925493291239 0.009702478607983624 0.918349
9 0.3482258689818469 0.5837436724667349 0.014457837411207576 0.01094807451381781 0.917955
0 0.6519032928176796 0.23591697031729786 0.023148906077348066 0.010840512589559877 0.917594
7 0.6870692470402526 0.38133676151484136 0.017488901657458564 0.01355550133060389 0.917569
35 0.496153862667719 0.5195285486182191 0.02418426140489345 0.01670726223132037 0.917355
13 0.5641140836621942 0.4167433694984647 0.007862008524072614 0.018301274923234388 0.91705
13 0.47553121389108133 0.31575045240532246 0.009581552644041041 0.0159464417604913 0.917037
21 0.37665217363851616 0.5038947308085978 0.018992492501973164 0.014783882088024565 0.916872
0 0.8005364483030781 0.5646759959058342 0.022843282083662195 0.009766177277379733 0.916765
14 0.6596596685082873 0.6632721555783009 0.0075359772691397 0.016221595905834184 0.916389
18 0.5203722304656669 0.23517124257932445 0.01620502225730071 0.013491776458546571 0.916079
2 0.41593312075769534 0.5218440777891504 0.011863892659826361 0.009818189559877176 0.91602
9 0.7583071570639306 0.5632442824974412 0.013944786740331493 0.00973850726714432 0.915945
5 0.7031428950276243 0.15308983418628455 0.00807877000789266 0.01095148085977482 0.91581
24 0.5361298689818469 0.42236750870010237 0.014246329281767955 0.013089408393039919 0.915124
9 0.3993701026045777 0.17400951484135108 0.015413503393843725 0.010422527737973388 0.914794
10 0.8557867845303868 0.1312347185261003 0.027657658089976323 0.016235273694984648 0.914472
22 0.420082866614049 0.5030905711361311 0.015276269613259667 0.009937437871033777 0.914248
8 0.743762639305446 0.2160548814738997 0.01535123093922652 0.010062738996929376 0.914201
21 0.6966529818468824 0.5648421207778915 0.019960281610102604 0.015971465301944727 0.91411
8 0.8391332470402526 0.6679716028659161 0.014547912233622732 0.0104330088024565 0.914072
2 0.651419176006314 0.5024218792221085 0.012817012786108918 0.00965803889457523 0.912909
13 0.784881048145225 0.663070133060389 0.008997460457774269 0.017719654452405323 0.912796
5 0.6606064846093133 0.29825205322415554 0.014612851775848461 0.010156596929375641 0.912535
2 0.791651409629045 0.381197363357216 0.014638229518547752 0.010222182190378709 0.912464
7 0.7746273086029992 0.464535451381781 0.01808115674822415 0.01392155250767656 0.912125
9 0.6247159715864247 0.6036199631525077 0.014397302604577743 0.010031767451381781 0.911843
22 0.4350411870560379 0.4406166141248721 0.014520513970007894 0.010237196315250769 0.9114
22 0.4401817963693765 0.5622449129989764 0.01469355138121547 0.010238008597748208 0.911226
9 0.8242444325177586 0.48325175025588535 0.0144288227308603 0.01029520900716479 0.910798
5 0.5205472075769535 0.21608496212896622 0.015384125019731649 0.010412780348004094 0.910204
8 0.8262055501183898 0.5032260388945752 0.01540618910812944 0.00984289866939611 0.910013
2 0.378990320441989 0.37902280450358244 0.012290141752170481 0.009854270624360286 0.909783
2 0.8523175501183899 0.5235260266120778 0.013514981531176008 0.009891059160696008 0.90975
22 0.33206525777426993 0.3992014738996929 0.014767300394632992 0.01035880286591607 0.909166
8 0.8024252312549329 0.13356832753326509 0.014746125335438042 0.010771232753326511 0.909127
23 0.7691900868192582 0.5840363561924258 0.012762701183898974 0.010479308904810646 0.909042
4 0.34964265824782953 0.23526714431934492 0.010595288397790056 0.011514418833162744 0.90839
2 0.3297489730071034 0.5014898505629478 0.01376786992896606 0.012260670624360287 0.908303
8 0.8381605682715074 0.5854581125895598 0.014889865193370166 0.01042876397134084 0.90824
9 0.50364555011839 0.42056214534288644 0.014498126598263614 0.010130996929375639 0.908092
22 0.49459240410418315 0.19485189764585467 0.014902796527229676 0.010997885772773797 0.908081
2 0.6576011617995264 0.39936497850562946 0.0121572318863457 0.010447603684749233 0.907589
22 0.511160271507498 0.5835919590583419 0.01537911412786109 0.010388202251791198 0.905957
2 0.7525304877663773 0.6457580348004095 0.012563881925808998 0.010466102763561925 0.904136
1 0.5025124419889503 0.2597983377686796 0.015495698184688239 0.013986220675537358 0.904045
9 0.7917601136543015 0.27789703991811665 0.01523294964483031 0.010309934902763562 0.904019
8 0.5362389771112865 0.6449431320368474 0.014382512391475928 0.010615405527123848 0.903938
0 0.6343481988950276 0.4822345629477994 0.020516490607734805 0.010336111361310133 0.903338
0 0.5649501752170482 0.23641848925281472 0.021370645619573796 0.010334303377686796 0.903149
18 0.7062452028413575 0.5405420348004094 0.017206271191791633 0.014273847287615148 0.901549
4 0.5212899510655091 0.3585653387922211 0.011783193054459353 0.011404420061412486 0.899399
7 0.8382817995264403 0.5665714964176048 0.016097773007103394 0.01344427103377687 0.899361
5 0.821336498816101 0.6882506284544524 0.014594788318863457 0.011788472466734902 0.899219
6 0.4544244483030781 0.35799674104401225 0.015607917916337805 0.010167602047082908 0.898976
2 0.8721885651144434 0.5039416335721597 0.010262953117600632 0.009793244626407368 0.898885
8 0.6052535059194949 0.6865042210849539 0.015487696921862667 0.01054814329580348 0.897005
5 0.4887341057616417 0.4202487615148413 0.014769563378058407 0.010361606550665302 0.896975
6 0.3659704877663773 0.4402497768679631 0.014767462036306234 0.010576599385875128 0.894993
5 0.40386212470402527 0.2774521187308086 0.014624287924230464 0.009981851381780961 0.894733
22 0.36921180741910026 0.6659453510747185 0.014537647987371744 0.010270683316274308 0.89453
2 0.669393730071034 0.1730937318321392 0.013862915232833464 0.010345544319344932 0.894094
13 0.6103404501973165 0.49754897031729783 0.008368351065509075 0.021159015762538383 0.893152
5 0.4490967387529598 0.23600684544524053 0.015162029360694555 0.010700747594677583 0.892402
5 0.7078939479084452 0.1531267799385875 0.018627869297553275 0.010861815353121801 0.89239
0 0.7126130765588004 0.13216962947799385 0.03150210323599053 0.010995946775844423 0.892166
6 0.8018332186266772 0.3194521023541453 0.013871078137332281 0.010079587308085978 0.891857
2 0.5464579636937648 0.1527434350051177 0.012784724861878451 0.01061150133060389 0.891193
9 0.7606303520126283 0.5017015680655066 0.01475558137332281 0.010264211258955989 0.890203
6 0.3443893038674033 0.5020283152507676 0.013656539226519337 0.010968774616171954 0.890087
0 0.48055463299131806 0.1317409539406346 0.024200425572217837 0.010857125076765608 0.889797
13 0.34515669771112867 0.5394920941658137 0.008130010418310971 0.017535030501535313 0.889744
0 0.8297374206787687 0.21770192835209826 0.0231236091554854 0.011052046673490275 0.88853
6 0.37828677505919495 0.21533129498464687 0.014919809313338596 0.010224409416581372 0.887801
14 0.60237709234412 0.4378936335721597 0.006100558800315707 0.016211953326509723 0.887631
13 0.5261141468034728 0.316281318321392 0.008880027782162589 0.016085813715455477 0.886185
18 0.4467197979479084 0.41878977113613103 0.02055358737174428 0.013442410644831116 0.885726
23 0.7424363693764798 0.3797585752302968 0.013682846408839778 0.00950561801432958 0.88543
13 0.41080867561168116 0.580062460593654 0.008749502131018154 0.017188788536335722 0.8818
13 0.37657983898973957 0.41613441965199593 0.007134055248618785 0.01732965404298874 0.881207
9 0.42150046408839775 0.5624416949846469 0.013948181215469613 0.00976080573183214 0.881146
7 0.5222214112075769 0.15517084953940635 0.017169134017363853 0.014454488433981576 0.881054
19 0.8582910181531176 0.504202088024565 0.012902278768745067 0.010298379529170931 0.880636
0 0.47618990370955006 0.6037320843398158 0.02220831318074191 0.01026077871033777 0.880214
6 0.7554489281767957 0.5227776786079836 0.013509970639305447 0.010071726509723645 0.880211
2 0.4057973796369376 0.5416349477993858 0.016860115548539858 0.010468329989764585 0.880113
13 0.7763217174427782 0.3165598526100307 0.00859699321231255 0.018163972978505628 0.87898
5 0.49277312707182325 0.1732284135107472 0.014782454301499603 0.010849604912998976 0.878875
23 0.8100147119179163 0.6052560573183214 0.011874561010260458 0.010061690890481065 0.87871
2 0.5933764798737174 0.21391988863868985 0.01309051049723757 0.013200455271238485 0.877634
10 0.4337092596685083 0.12932664073694983 0.0190600183109708 0.01793902313203685 0.876296
13 0.7611754885556433 0.2540670296827022 0.011134282557221785 0.016524053224155576 0.876123
5 0.6857251965272297 0.44135055066530193 0.015309284925019732 0.010458320573183215 0.872475
9 0.5648337932123125 0.3185829600818833 0.014172297395422258 0.010390088843398157 0.870672
2 0.6021770607734805 0.4618297645854657 0.011362924704025256 0.009492438075742068 0.870088
5 0.7505778563535912 0.6868692241555783 0.023278663930544594 0.011155914022517912 0.86822
13 0.6783369597474349 0.21174422927328557 0.007930787056037884 0.017755237666325484 0.868152
8 0.42714782004735596 0.4613924421699079 0.015387115390686662 0.010294658751279427 0.867032
0 0.5687523914759274 0.6247888311156602 0.026240141436464085 0.010864383213920163 0.86686
13 0.6370408258879242 0.2951389150460594 0.00942702320441989 0.016710851995905832 0.866511
13 0.5239865382794001 0.12936201432958036 0.007786764325177585 0.01783093715455476 0.8655
0 0.6587164893449092 0.539385449334698 0.03171623804262036 0.01485861207778915 0.865191
8 0.5249159779005524 0.5423311525076765 0.01495375406471981 0.0096741011258956 0.864347
13 0.6767112486187845 0.4992864687819857 0.008450424625098658 0.015824966223132036 0.864319
0 0.6569497458563536 0.25719746161719553 0.02151810323599053 0.009438775025588536 0.863566
2 0.550996861878453 0.5832138546571136 0.012739828887134964 0.009962120777891504 0.863409
8 0.4941507182320442 0.462053011258956 0.01462311602209945 0.009838601432958035 0.861467
3 0.399967772691397 0.15032466734902764 0.024358915232833466 0.018184856499488228 0.861234
2 0.42332378216258876 0.6869022395087001 0.013167734806629836 0.011148000818833163 0.860273
13 0.5317150307813734 0.1913276397134084 0.009351819415943173 0.017937844012282496 0.858324
4 0.3743253417521705 0.6034663893551689 0.01058175090765588 0.011782445854657115 0.858206
24 0.411261272296764 0.6039692970317297 0.011331242936069455 0.010206067553735926 0.857791
9 0.7452937900552487 0.4202859692937564 0.015090987845303867 0.010214557215967247 0.857268
8 0.4363601831097079 0.6453600163766633 0.014888733701657459 0.010485073490276355 0.856904
0 0.33683805146014206 0.1303417318321392 0.024370028097868982 0.01719481514841351 0.856693
6 0.8079622667719021 0.299264 0.022472354853985795 0.010522045445240533 0.855999
9 0.5657604041041832 0.17338091299897646 0.013668137016574586 0.009931018219037871 0.855322
5 0.6327439861089187 0.23634643193449334 0.014376167955801105 0.010384822108495393 0.854879
0 0.49790605840568275 0.1525466530194473 0.03138111444356748 0.010753048106448311 0.852972
2 0.7527567861089187 0.6248302313203684 0.013136416732438833 0.010859561924257933 0.852856
9 0.7106184183109707 0.2357372200614125 0.015594663299131806 0.010943305629477993 0.851198
4 0.5750022667719021 0.35851162333674513 0.010316416101026045 0.010872637052200615 0.849742
19 0.5372201420678768 0.3195162988741044 0.011589990844514602 0.009095808393039919 0.849459
4 0.8473846503551696 0.2175791164790174 0.010056253827940016 0.011561740839303992 0.849125
0 0.4875375532754539 0.3562584564994883 0.022821137174427783 0.017143667553735926 0.848818
0 0.35518333070244673 0.2976698300921187 0.030508693922651934 0.010450171545547594 0.848806
14 0.39403390686661405 0.27404839303991807 0.006170024309392265 0.01590975803480041 0.848644
13 0.7975905288082084 0.35764667349027635 0.010613917600631411 0.01765102968270215 0.848449
16 0.7181476874506708 0.6861848106448311 0.020402816101026046 0.012087706857727738 0.848062
8 0.7738029360694554 0.6890298955987717 0.015529804577742699 0.012466833162743092 0.84469
8 0.5038896290449881 0.21572834390992834 0.013766617205998422 0.010060616581371546 0.844237
13 0.3966771523283346 0.25113599999999997 0.008363703867403316 0.021355745342886385 0.84409
18 0.363928953433307 0.19408520777891505 0.02215582004735596 0.01260735803480041 0.843771
18 0.6364854250986582 0.33623621699078815 0.017869446566692974 0.015510167451381781 0.843484
5 0.7966142131018153 0.6669190419651996 0.0138781499605367 0.009907357215967246 0.841201
19 0.7337153970007894 0.6458214452405323 0.013033814680347278 0.009904186693961106 0.839657
24 0.5034992644041042 0.5642638280450358 0.01521476495659037 0.012960438894575231 0.839469
6 0.35272193212312547 0.6456707799385875 0.01555764735595896 0.0103518329580348 0.839395
2 0.8296481136543016 0.5440788700102355 0.011438532596685083 0.009867948413510748 0.837926
14 0.513020363062352 0.5190039713408393 0.008135263772691397 0.015447490685772773 0.83781
0 0.6025686377269139 0.5020306734902764 0.023119083188634572 0.01087871606960082 0.837687
1 0.6344479722178374 0.4219084380757421 0.014440178058405684 0.013634476151484136 0.837632
2 0.7668422415153907 0.4411726345957011 0.012840208366219415 0.00978569825997953 0.837158
0 0.6034265509076558 0.3780095475946776 0.023727057932123128 0.013966699692937564 0.836583
0 0.8105889439621152 0.15293497645854656 0.023443942541436464 0.01339894042988741 0.836003
10 0.4806471728492502 0.1491465957011259 0.014187572533543804 0.017436482292732855 0.835402
12 0.5358813449092343 0.6839895516888433 0.026788672454617208 0.01880819160696008 0.834437
7 0.6640486440410419 0.1971425342886387 0.015622101973164958 0.014416861412487207 0.834373
0 0.5143474411996843 0.19495120573183214 0.022849101183898973 0.010905547594677583 0.833967
4 0.40540984372533545 0.6238300757420676 0.010411420994475139 0.011869700716479019 0.833489
4 0.4108256479873718 0.33769020266120775 0.00912402588792423 0.011061191402251792 0.833103
0 0.7281803820047357 0.3171984114636643 0.02283390686661405 0.012423755987717503 0.832602
6 0.4451947087608524 0.15285479631525076 0.015078379794790845 0.010368786079836234 0.832017
12 0.649311772691397 0.601446766837257 0.02702442683504341 0.018491480040941657 0.831433
9 0.7674354664561958 0.6662883439099283 0.014398232044198897 0.010408168679631525 0.831329
4 0.511605998421468 0.6233689089048107 0.010583246093133387 0.012183975435005117 0.829197
6 0.6244257843725335 0.17305652405322416 0.015496223520126284 0.009647584032753327 0.828773
2 0.6569141846882399 0.3588483275332651 0.013341742067876874 0.009705203684749234 0.827488
8 0.8011781657458564 0.5428981780962129 0.015416978689818468 0.01136959672466735 0.825436
2 0.4631215785319653 0.17267422722620265 0.0132258045777427 0.010797356806550666 0.823987
22 0.5633196148382005 0.3398086878198567 0.014530333701657459 0.009527235209825997 0.823788
23 0.8270133543804262 0.2576898096212897 0.013540763378058405 0.008673735926305015 0.822503
2 0.700032909234412 0.6856371750255885 0.013871845935280189 0.012662907676560902 0.82054
18 0.6424925146014207 0.2744817850562948 0.01886944277821626 0.016739963152507677 0.818545
2 0.7329067845303867 0.2774623377686796 0.011822269928966062 0.009764159672466735 0.817216
13 0.3636456764009471 0.33484878607983626 0.007477139700078926 0.01708072876151484 0.815858
22 0.48880441988950274 0.562536548618219 0.01384856953433307 0.010071857523029684 0.814749
14 0.535990453038674 0.14951552917093142 0.006474435990528808 0.01623603357215967 0.812329
5 0.7715500552486189 0.2574256867963153 0.01504152549329124 0.009681909518935517 0.811449
18 0.6143700962904498 0.27654943705220064 0.016510403788476718 0.013802933060388945 0.810228
0 0.5141158895027624 0.3194253756397134 0.031206703078137332 0.01036860266120778 0.809907
2 0.7524686598263615 0.44109481269191403 0.014100488082083662 0.009989816990788127 0.809724
8 0.5859664214680348 0.5425093306038894 0.014376410418310972 0.010507005117707267 0.808631
1 0.8123823583267561 0.280822042988741 0.014897462352012628 0.01672777891504606 0.808575
2 0.7173079589581689 0.35945282292732855 0.011794467561168113 0.009244246468781985 0.80849
7 0.5984750623520126 0.36093694165813717 0.02623662573007103 0.014393855475946776 0.808151
6 0.5036645430149961 0.27824815557830096 0.01506653954222573 0.010338941248720574 0.807947
7 0.5138447355958957 0.40121203029682706 0.01623823962115233 0.0155530088024565 0.805812
0 0.3975100110497237 0.45714996929375645 0.02318470970797159 0.0027932822927328555 0.805563
13 0.8552473054459353 0.6027082677584442 0.00841635864246251 0.01734359385875128 0.80242
9 0.596818639305446 0.1941790133060389 0.01456076274664562 0.010772569089048107 0.80156
12 0.5512603378058406 0.41819263868986695 0.015226807261247042 0.01787904524053224 0.80085
1 0.6963988003157063 0.4844099078812692 0.01593859636937648 0.014886491709314227 0.800565
0 0.5902668981846882 0.29934444216990785 0.02130113970007893 0.010149207778915046 0.800456
8 0.3640077537490134 0.37911346571136134 0.015277401104972376 0.01023868986693961 0.799811
7 0.6343014036306236 0.25634666120777894 0.0235744681925809 0.011269266734902764 0.799679
13 0.8506671886345698 0.3371260593654043 0.00681376227308603 0.01913357625383828 0.797158
4 0.6631054648776638 0.5016323930399181 0.009772451460142068 0.010937645854657113 0.794886
13 0.7437214206787687 0.5001204994882292 0.016298976479873717 0.02235042456499488 0.793927
13 0.4797023772691397 0.33547319549641763 0.007680444514601421 0.01662265383828045 0.79141
13 0.46700542383583266 0.6826443070624361 0.008643909707971588 0.017729847287615147 0.789464
8 0.4454977868981847 0.2773313244626407 0.01425651270718232 0.010516909723643808 0.788914
13 0.7213102067876874 0.5394166305015353 0.009174336858721389 0.016555260593654045 0.788026
13 0.477754999210734 0.16972642784032754 0.016108118074191 0.01826587512794268 0.787554
13 0.41167184214680347 0.25324374206755373 0.009337837411207577 0.017518706243602866 0.786306
13 0.8573741057616417 0.3182108822927328 0.00817656322020521 0.015629389559877176 0.785574
2 0.7779829897395422 0.5636823909928351 0.013550340647198105 0.010533207778915046 0.783693
19 0.6632291207576954 0.31872262026612075 0.011774141120757696 0.009612577277379734 0.783257
9 0.545287273875296 0.19472088433981574 0.015546170797158641 0.011244688638689868 0.777979
6 0.4946158421468035 0.582908593654043 0.015319832044198897 0.011678578505629478 0.775302
6 0.5610756243093923 0.3593933428863869 0.015668250670876085 0.010968407778915047 0.774421
9 0.45215823204419886 0.5829125240532241 0.015130590055248617 0.010542404912998977 0.774401
6 0.6762222825572218 0.3190475332650972 0.013834183425414365 0.009515365404298873 0.771363
6 0.746569951065509 0.6037106243602867 0.01489495690607735 0.012601724462640736 0.770301
8 0.7532142320441988 0.5431022968270215 0.013809775532754536 0.01025910174002047 0.769009
6 0.7794907024467246 0.3405855967246673 0.02291727355958958 0.010416841760491301 0.767569
2 0.7879667876874507 0.3193645854657114 0.011996842936069455 0.010119415353121802 0.766428
8 0.593153818468824 0.25716759058341865 0.014650514285714287 0.009718121596724666 0.765902
6 0.6705005714285714 0.21553910829068576 0.02360404861878453 0.010411470214943706 0.765699
13 0.7713718453038674 0.19124641146366428 0.008763686187845303 0.01683914022517912 0.764426
4 0.7713399210734018 0.29703074718526096 0.009431710812943963 0.010749694165813714 0.764118
9 0.8534490418310969 0.1760727123848516 0.015138833780584058 0.01079609907881269 0.762204
13 0.43596981846882393 0.5821387594677584 0.016588153433307024 0.0215797780962129 0.758841
13 0.4600027024467245 0.4582470747185261 0.010054152486187845 0.01720508659160696 0.758252
13 0.4433192612470403 0.2543112384851587 0.013140013259668508 0.015976522415557828 0.75792
7 0.37163885714285716 0.23755751893551688 0.026650670876085237 0.01427866857727738 0.757462
14 0.7886048681925809 0.4795705383828045 0.0073333998421468045 0.0160538988741044 0.755945
2 0.3906305414364641 0.3180416131013306 0.012737687134964483 0.01040717297850563 0.755916
1 0.5504416227308603 0.2794956642784033 0.014959734806629833 0.01485143254861822 0.747443
6 0.7504570292028414 0.35984717297850566 0.022353709865824783 0.009800240736949847 0.747264
1 0.649676678768745 0.21525211054247698 0.015094503551696921 0.018333006345957012 0.746718
18 0.43932752012628257 0.5415615803480041 0.02560872865035517 0.012817581985670418 0.744976
6 0.34075802367797947 0.25734314841351075 0.014571390686661405 0.009666161719549642 0.740921
22 0.4440131081294396 0.46141209416581375 0.014505562115232833 0.010025452610030707 0.739729
13 0.7062484356748224 0.35673403480040944 0.009610365272296764 0.01670372487205732 0.738176
7 0.6177968997632202 0.34188105629477994 0.01650648397790055 0.014420136745138179 0.737497
8 0.7869585477505919 0.25734419651995905 0.01574139352801894 0.009361870214943706 0.73653
24 0.8493469802683505 0.45530687410440124 0.021931501815311758 0.006479525076765609 0.736522
14 0.8073322683504341 0.1932283807574207 0.005966274980268351 0.015922073285568068 0.73482
2 0.4165821120757695 0.43941443602865915 0.013182848303078138 0.010363912384851588 0.73308
18 0.3598248713496448 0.5397449498464688 0.018801876558800317 0.016705401842374616 0.731082
11 0.5802204640883978 0.4175894010235415 0.023054345698500393 0.016465333060388946 0.730203
46 0.5208017932123126 0.5019164298874104 0.02141788539857932 0.01140452487205732 0.729469
13 0.5446920284135754 0.6620235987717502 0.013444707813733227 0.01635627758444217 0.72909
0 0.5442774175217049 0.47751677379733876 0.03285855974743489 0.018461792425793246 0.728888
2 0.657764823993686 0.37970119140225184 0.01025709360694554 0.009423839508700103 0.72417
5 0.774486276243094 0.523307758444217 0.022751227150749804 0.010199045240532242 0.721842
13 0.6990420457774269 0.4176059611054248 0.013546259194948698 0.015719736335721598 0.721499
22 0.7378307940015785 0.2977251177072671 0.014869538752959746 0.010838730808597747 0.72077
8 0.7324594411996843 0.48162928147389966 0.018624959747434885 0.01040481473899693 0.716172
13 0.40775405209155485 0.49940359467758444 0.007785632833464878 0.0173248065506653 0.715525
13 0.6907271981057616 0.5190055435005118 0.008060140805051302 0.01667972323439099 0.715523
13 0.45430281294396213 0.5182328270214943 0.007891225256511444 0.013846010235414534 0.715495
10 0.6418334206787687 0.31507232753326514 0.014976060615627467 0.017209095598771748 0.71543
7 0.3746324609313339 0.5647525076765609 0.016552268981846883 0.015093178300921188 0.714785
22 0.3373125101815312 0.27755273694984645 0.025791020047355957 0.010491781371545546 0.712995
5 0.7279496385161799 0.21464098587512795 0.013470408839779006 0.011891999181166837 0.712408
13 0.7036989423835832 0.3325290644831116 0.006966715706393054 0.02335605649948823 0.710785
23 0.4754386740331492 0.6454210685772773 0.01315136858721389 0.00989409866939611 0.710632
18 0.7120622825572218 0.4787692610030706 0.015935727229676403 0.015148413510747185 0.708776
2 0.3920841041831097 0.5021737400204708 0.012885952959747433 0.009908798362333675 0.704374
6 0.7264758705603789 0.37935715046059365 0.01683514191002368 0.009750612896622312 0.702941
6 0.6279633528018943 0.5620358157625384 0.01542817237569061 0.010849238075742068 0.700029
2 0.5239368334648777 0.4411883561924258 0.013834910812943963 0.010762690685772774 0.699608
4 0.7344379352801894 0.44039231934493345 0.010269701657458562 0.011794734902763561 0.699463
24 0.8181941846882399 0.5862363316274308 0.024349297553275456 0.01533982395087001 0.698378
5 0.3595023962115233 0.4990831361310133 0.014035669771112865 0.015680746775844422 0.695924
0 0.7228833843725335 0.173847582395087 0.022840291712707184 0.0102234923234391 0.690921
22 0.5421546582478295 0.5413912630501535 0.015289928334648775 0.010303541453428865 0.689551
6 0.7157331649565905 0.6662144524053224 0.02316159494869771 0.010415348208802456 0.688269
23 0.6822208050513022 0.27745552507676563 0.012905026677190214 0.010025583623336746 0.685199
4 0.42048454617206 0.31795252405322416 0.01008926913970008 0.010746864278403274 0.684404
13 0.3659426045777427 0.2947330358239509 0.009722908287292817 0.016177339611054248 0.681713
6 0.854358680347277 0.5648840450358239 0.015461591791633781 0.010216915455475947 0.678906
6 0.750967816890292 0.5835497727737974 0.022127330702446723 0.011078720982599797 0.678773
8 0.701782680347277 0.4614081637666325 0.014618872928176796 0.010755406345957012 0.678165
16 0.5501082367797948 0.13136153940634596 0.019772130702446725 0.01183993449334698 0.673471
23 0.5024364704025256 0.37949052200614125 0.012629670086819257 0.010576180143295805 0.672632
19 0.8042853228097869 0.23737121801432956 0.012929838674033148 0.009336112998976458 0.672609
5 0.6682844640883978 0.4202283234390993 0.015862988476716654 0.011291250767656089 0.67149
12 0.8424735722178374 0.35983800204708294 0.027065847513812157 0.018308847492323442 0.671072
23 0.46441632833464874 0.21494957461617195 0.012462168902920283 0.010190424564994882 0.670747
7 0.6323006029992108 0.5427590419651995 0.017793636621941597 0.022635928761514844 0.670704
7 0.4569694964483031 0.44348606755373593 0.026331590213101812 0.015450320573183214 0.670215
23 0.43524849250197317 0.33789170112589556 0.012345908129439621 0.00986873449334698 0.669854
5 0.8197511981057617 0.45553902968270216 0.014783504972375692 0.0060149518935516885 0.667773
21 0.8153161546961326 0.36000805731832136 0.020350767482241516 0.021004000818833163 0.667122
14 0.687744909234412 0.3159930890481064 0.006240419258089977 0.015463159877175026 0.666494
5 0.4381240978689818 0.35779314636642784 0.015289645461720599 0.011262087205731831 0.665506
13 0.6948175406471981 0.23512643602865915 0.017663636306235204 0.02136714350051177 0.664914
13 0.3625238831886346 0.3555682784032754 0.015853572849250198 0.01736188331627431 0.663265
14 0.6980079431728493 0.35667141044012285 0.006804669928966061 0.015515879631525077 0.660325
16 0.546134680347277 0.6028607410440123 0.0200891908445146 0.011967305629477993 0.657556
14 0.36300153433307025 0.31525102968270213 0.0068386550907655885 0.015696127737973388 0.656237
22 0.45494735911602213 0.1307051627430911 0.015091189897395422 0.012535326919140225 0.655749
14 0.7025209786898186 0.6427701453428865 0.008901122020520916 0.01645679099283521 0.654361
2 0.743663229676401 0.2568463459570112 0.022096133859510654 0.010114541658137155 0.65308
2 0.7583354443567483 0.43961934083930404 0.025379197474348855 0.012950508085977482 0.65122
12 0.39585682083662194 0.6633473572159673 0.02609328997632202 0.01826574411463664 0.650874
13 0.6499252028413576 0.3366363316274309 0.006921658089976321 0.016750365609007164 0.647988
13 0.6966372217837411 0.31530081473899696 0.009836501973164956 0.0173568 0.647385
13 0.46688015153906864 0.3763048024564995 0.01132053417521705 0.01692739078812692 0.644687
4 0.6325790307813733 0.6654841842374616 0.010270671507498028 0.011666708700102354 0.644635
0 0.8614191886345699 0.4229607369498465 0.025728707182320443 0.010326835619242579 0.641458
5 0.7384700868192581 0.33743446468781985 0.015621617048145225 0.013560244012282499 0.641386
18 0.6505394411996843 0.5187953981576254 0.015661138437253353 0.016476180962128967 0.639422
2 0.42531237884767165 0.2772833735926305 0.025710562904498815 0.010209945547594678 0.637862
10 0.8233170134175217 0.23531221289662232 0.01517524356748224 0.01757446550665302 0.637836
4 0.4034996432517759 0.39854300102354145 0.009170417048145226 0.011448126100307062 0.637596
1 0.8572969218626678 0.3024305916069601 0.024156499447513812 0.014555997543500511 0.63545
0 0.6050736795580111 0.13176139201637668 0.034807998737174425 0.011951715046059366 0.633691
13 0.33659764988161006 0.5804416131013306 0.008761221152328335 0.017568491299897643 0.632372
13 0.460092817679558 0.4536427430910952 0.012078391160220995 0.009807472671443194 0.630988
32 0.43560895343330697 0.6238329580348003 0.017993587371744276 0.02139166919140225 0.630286
2 0.5305625256511444 0.44173939815762536 0.026691889502762432 0.012264312794268168 0.627717
6 0.4084123378058406 0.41914012691914027 0.014609012786108919 0.011440317707267144 0.626802
23 0.6281621720599843 0.13193354350051176 0.013790782636148382 0.01062565076765609 0.624395
4 0.45550138595106554 0.25643129580348006 0.009948115548539858 0.011077515660184238 0.622796
13 0.669169452249408 0.5388957215967247 0.011804772217837411 0.016094381985670418 0.619736
8 0.6178057900552486 0.6654129129989765 0.015724138279400158 0.011705907881269191 0.618429
0 0.5149717821625888 0.19840073629477992 0.02283968555643252 0.0037385432958034802 0.612484
2 0.4086491428571429 0.4389579856704196 0.028094898816101027 0.012834587512794267 0.61123
6 0.7129739415943173 0.21572116438075742 0.015198317916337807 0.010450250153531218 0.609688
5 0.655345452249408 0.6864431688843399 0.02519072328334649 0.011342712794268166 0.606508
5 0.8150462131018152 0.3811677543500512 0.02375013228097869 0.01033556110542477 0.605491
4 0.7395126756116811 0.3994149207778915 0.013051958958168903 0.012341951279426817 0.60485
6 0.39032544277821624 0.644857187308086 0.023461884767166534 0.010834014329580349 0.601112
12 0.4629906487766377 0.3352680286591607 0.026212581531176008 0.016626951074718527 0.595913
0 0.6212615273875296 0.1977773749846469 0.021507394475138122 0.0025148318526100307 0.594676
2 0.8255484767166535 0.299526812691914 0.011078677821625887 0.010055349846468782 0.59422
19 0.34866472612470406 0.6042116192425793 0.010821869613259668 0.010454888024564995 0.592111
14 0.32872941815311757 0.2540486878198567 0.009024050513022889 0.01642589805527124 0.590902
14 0.783499820047356 0.47968845035823954 0.01017881862667719 0.016200633776867965 0.59002
6 0.43914446093133386 0.39987852446264077 0.01467605367008682 0.010112445445240533 0.587731
1 0.36107840252565115 0.5244035537359263 0.023448589739542225 0.013896581371545548 0.585919
2 0.8306361483820047 0.2379361473899693 0.012132945224940805 0.009622324667349027 0.581302
16 0.7828128429360695 0.4409030092118731 0.018271530228887136 0.011601490276356194 0.5811
8 0.7256240189423836 0.5622077052200614 0.013845013417521704 0.010375729785056294 0.578744
10 0.5645808239936859 0.19214778300921187 0.013877786266771903 0.01974218546571136 0.578215
22 0.3657979352801894 0.1330259324462641 0.02548426456195738 0.01074432262026612 0.578026
13 0.5603959210734017 0.21243702763561922 0.013531873086029992 0.017255028863868985 0.577143
2 0.3566223456985004 0.5594291750255885 0.013445516022099448 0.01697552507676561 0.571674
22 0.6805134648776637 0.1940136745138178 0.015227453827940015 0.011492094165813716 0.570904
2 0.3894517695343331 0.5625182067553736 0.010758788950276243 0.009772911361310133 0.567458
6 0.8134055501183899 0.257539406345957 0.013720670560378847 0.008882204298874104 0.566735
6 0.6843637695343331 0.15282571136131012 0.01306266771902131 0.01034179733879222 0.565725
1 0.7426299352801894 0.19561282292732857 0.014997154853985794 0.01654090153531218 0.565693
2 0.5236272896606157 0.42010490890481067 0.013201032991318074 0.01024222722620266 0.558178
13 0.35570745382794 0.4785638321392017 0.01563640726124704 0.017139422722620264 0.556989
13 0.611254453038674 0.3151818546571136 0.009202381689029203 0.020117669600818833 0.556949
12 0.5099249250197316 0.12950350870010235 0.019250593843725336 0.0191026571136131 0.556889
5 0.8521098405682715 0.5435459078812692 0.02591229171270718 0.011877535312180144 0.555229
8 0.3642611270718232 0.4612522579324463 0.014262453038674032 0.010508105629477994 0.554834
13 0.5817823267561169 0.2961453592630502 0.008357803946329914 0.015870637461617196 0.553541
14 0.6827647292817679 0.5185807983623336 0.0066122759273875295 0.01582601432958035 0.551363
24 0.35216224782951855 0.6672733019447288 0.01973034632991318 0.013550915864892528 0.549278
19 0.742267857932123 0.5221226120777891 0.011191342067876874 0.009784545342886388 0.548924
19 0.531680681925809 0.6655365895598772 0.011412306235201262 0.010026972364380759 0.546727
21 0.5620834601420679 0.39913214165813715 0.021967062983425416 0.012184473285568065 0.546644
22 0.3817378247829519 0.19433727737973389 0.013729277979479084 0.011450065097236437 0.546209
22 0.6124869303867403 0.5424315087001024 0.012661311444356749 0.010215736335721596 0.543883
13 0.4346722399368587 0.3764541576253838 0.014455291554853988 0.01689217441146366 0.541179
2 0.5789952202052092 0.6863375721596724 0.022498257932123126 0.011129003889457522 0.540877
7 0.35376411681136544 0.40154635005117706 0.025880003788476717 0.014309692528147391 0.539165
10 0.6697982383583267 0.5193202374616173 0.015387277032359906 0.01569738546571136 0.539038
5 0.8420209755327546 0.44259596315250765 0.014132210260457774 0.010027391606960081 0.537784
6 0.8271067024467245 0.442256900716479 0.015358423993685873 0.0102443758444217 0.531848
13 0.7731850607734806 0.47950660388945754 0.008397810260457774 0.01686783213920164 0.531219
6 0.7363295469613259 0.13199407164790175 0.015580277190213102 0.01047888966223132 0.528899
6 0.55033372691397 0.3187978219037871 0.013750210576164167 0.010750506448311156 0.5276
16 0.4382913970007893 0.5010643193449335 0.019027568745067086 0.012052280859774821 0.527388
5 0.42452720441988956 0.4171626120777891 0.015373618310970796 0.016197201228249743 0.526669
6 0.7069822888713497 0.5018289129989765 0.022579482872928176 0.009796179324462641 0.524975
7 0.5763624814522494 0.19967303009211873 0.021907134333070243 0.006306142067553736 0.523499
2 0.421015134964483 0.48213577891504605 0.0253985136543015 0.010244402047082907 0.522827
10 0.7184160126282557 0.3358271934493347 0.021799683030781374 0.016739884544524054 0.519661
24 0.47106020520915554 0.6650895721596725 0.018047131176006315 0.010426562947799386 0.518081
24 0.7969011270718231 0.45479251586489255 0.019711757537490136 0.007508320163766633 0.518068
18 0.5019054775059195 0.6623414370522006 0.018890739068666142 0.017191356397134084 0.516276
13 0.6640179321231254 0.5595874390992835 0.015486727071823204 0.017504216171954964 0.515022
10 0.7797517537490134 0.2133942108495394 0.015593248934490924 0.017795327737973387 0.513861
10 0.3343901095501184 0.6012237559877175 0.014476022099447514 0.017576718935516888 0.511138
4 0.4716077663772691 0.3994913015353122 0.011754905761641675 0.0116133076765609 0.510939
19 0.421162228887135 0.5828048311156602 0.012134238358326756 0.009919777277379733 0.507886
6 0.817152 0.4215740921187308 0.014370429676400948 0.010156492118730808 0.507687
