1 0.5354868545395379 0.6068200191474812 0.012007108102831109 0.015570542056074766 0.99757
1 0.4393749742922226 0.23433295828584458 0.015577329254799871 0.01565060405744244 0.997171
1 0.6110607536609177 0.13929982949623887 0.015167629287341361 0.015631463870526555 0.997152
1 0.29385601041327697 0.7031801230909506 0.014310175073218353 0.014987700022794622 0.997024
1 0.21949288382687926 0.21587084750398905 0.014851015684998373 0.015780617278322317 0.996913
1 0.2719926273999349 0.329372155915204 0.014114355483241133 0.015513238203783909 0.996829
11 0.661103630328669 0.6938947982676089 0.016101758542141232 0.015863596991110097 0.996716
27 0.7070615034168566 0.5335229067700022 0.009797660657338106 0.015966183724640984 0.996523
21 0.5473130048812236 0.5130010084340096 0.01608693003579564 0.015721095965352174 0.996501
1 0.6527065304262936 0.25525049829040347 0.015391539733159779 0.015943425575564166 0.996104
11 0.6370764016921575 0.4591851050832004 0.015463632931988287 0.015799990882151813 0.996099
1 0.6565037943377806 0.20932000182356963 0.014672840351448096 0.016133076817870982 0.995822
1 0.5416920013016596 0.4658922233872806 0.01535365206638464 0.015732650102575792 0.995727
1 0.4938494083957045 0.37436816776840665 0.015038021477383664 0.0158497086847504 0.99565
1 0.22510205792385293 0.5153573521768863 0.01522504393101204 0.01611638750854798 0.99555
1 0.22636564659941424 0.5852927941645771 0.01439506410673609 0.015822865739685433 0.995395
1 0.5849190966482265 0.187091592432186 0.014538717344614384 0.014970777296558012 0.99524
1 0.6340114160754963 0.5347761221791657 0.01501419589977221 0.01609899794848416 0.995086
1 0.26841629157175395 0.6563097734214725 0.014513042369020502 0.01534972965580123 0.994493
1 0.6164213420110641 0.5816390025074082 0.014543165896518061 0.01569997173467062 0.994256
1 0.2671946892287667 0.26025612400273535 0.014071769345916042 0.01503473353088671 0.994151
27 0.3214838503091441 0.5147270098016867 0.008125421672632607 0.015979838614087073 0.994126
27 0.5006455294500488 0.23360236334625029 0.00867269352424341 0.015374938682470937 0.993947
11 0.3648537325089489 0.5549753216320948 0.01577463169541165 0.015553619329838158 0.993482
1 0.28041205336804426 0.632602551173923 0.014688068727627726 0.015426640528835195 0.993453
16 0.5809625512528473 0.46233681695919765 0.017319862024080705 0.008994067198541145 0.993086
21 0.47645856947608195 0.5604125352176886 0.01659636420436056 0.014937165260998404 0.992888
1 0.21938158672307193 0.16923659904262595 0.014263640221282134 0.015635198541144292 0.992782
1 0.4024364985356329 0.2347429550945977 0.014878556719817767 0.01545990243902439 0.992357
1 0.30872317084282463 0.515325957602006 0.014409076212170519 0.015263248689309323 0.992245
16 0.31433984249918645 0.16331271119215865 0.01700063260657338 0.010703811078185549 0.992241
27 0.2811308193947283 0.6560127503989058 0.008050329450048813 0.015003338956006383 0.991993
27 0.2388465837943378 0.5853609519033508 0.008543052391799545 0.015336074766355139 0.991939
19 0.24571401496908557 0.23550237702302257 0.01023385200130166 0.010295226441759746 0.991606
2 0.2795888213472177 0.21125234374287669 0.012190864952814838 0.011126015591520402 0.991379
18 0.5855227334851936 0.5998601103259631 0.018123100553205335 0.0166845242762708 0.990807
1 0.46253910055320535 0.3040974223843173 0.015094553075170844 0.01588262046956918 0.990687
5 0.5064640187438985 0.4173872550718031 0.013213232150992517 0.010667222976977433 0.990583
11 0.24146306540839574 0.48755798130841116 0.014656545655711032 0.01580384226122635 0.99021
18 0.6598353765050439 0.27396659001595625 0.013228827074520014 0.01591179758377023 0.990009
1 0.6668402629352425 0.5582215673581035 0.015057648421737716 0.016200067472076588 0.989868
16 0.41998212040351446 0.6291525324823342 0.01719790172469899 0.010809782356963756 0.989765
13 0.24261135828180933 0.5569541135172099 0.006887308037748129 0.016255387280601778 0.989685
5 0.2390908376179629 0.7030118761796217 0.0131544179629027 0.005522282379758377 0.989514
4 0.27509778327367396 0.4422489573740597 0.011445807484542792 0.012327680875313426 0.989448
16 0.5760426527822974 0.13755468794164577 0.01700046599414253 0.011284353954866651 0.989438
4 0.4602276863000326 0.37090729519033505 0.011701307647250242 0.011771448370184635 0.989326
1 0.4864169944679467 0.7019753416913609 0.014847100292873413 0.015314016868019148 0.989322
27 0.6235420240807029 0.13901074264873492 0.008692103872437356 0.015834653293822658 0.989297
11 0.35490013927757896 0.2989434602233873 0.014822241718190693 0.015760076589924777 0.989015
7 0.28953858249267816 0.14352864372008206 0.014656695606898796 0.015590499202188284 0.988653
18 0.558595332248617 0.4597844030088899 0.015870850374227138 0.014042361522680647 0.988625
23 0.38722078490074846 0.6288479234100752 0.01202433582818093 0.010380551994529292 0.988498
38 0.4362768161405792 0.6499400592660133 0.023060993166287017 0.016918641440620014 0.988488
1 0.4361711838594207 0.49039049555504904 0.014546114936544093 0.01524177433325735 0.988407
4 0.3005341698665799 0.44120359972646456 0.01003506671005532 0.0134010485525416 0.988369
11 0.6293018324764074 0.1079985046728972 0.009010416921575008 0.02065307864144062 0.988005
2 0.3059355782622844 0.46543425940278094 0.011737612495932314 0.011120822065192614 0.987796
16 0.2253832997071266 0.5362577943925233 0.015835145330296126 0.010416229769774334 0.987738
18 0.42097663000325414 0.2988423906997949 0.018354025382362513 0.016360541600182358 0.987597
18 0.37347825837943377 0.25280592295418286 0.018539298405466968 0.01605056393891042 0.987289
4 0.5313536999674585 0.3223258828356508 0.01066422857142857 0.013100290859357192 0.98728
7 0.29925258704848684 0.6799403182129018 0.013687461112918973 0.014706432641896514 0.987243
16 0.22323283306215425 0.44416526355140185 0.015349986592905955 0.011269753726920448 0.987217
18 0.21863866189391476 0.18915418098928652 0.014543165896518061 0.01490308639161158 0.987103
9 0.36097966026684025 0.2086150827444723 0.014817859811259356 0.011677031228630043 0.987057
7 0.4087589404490725 0.46673252427627077 0.015544206703547024 0.014763152951903351 0.987051
4 0.6637607653758543 0.46094798632322775 0.005377832736739343 0.013552769546387053 0.986984
0 0.700895843800846 0.5112268064736722 0.023710115196876016 0.015476708456804196 0.986938
4 0.5375396863000326 0.7204187791201276 0.007901544549300359 0.013550902211078186 0.986789
0 0.6021754793361536 0.6510711976293594 0.02297218874064432 0.01059145584682015 0.986658
9 0.39783466319557437 0.5808763127421929 0.015021826749105108 0.011458109505356737 0.986563
2 0.31119986462739996 0.6296242680647368 0.012052443345265213 0.010020891543195805 0.986534
23 0.5082555522290921 0.20794540961932984 0.012135432997071267 0.010418598951447458 0.986532
0 0.31122718906605923 0.6061170841121496 0.023680958021477384 0.011320918714383406 0.986383
0 0.5967985629677839 0.43927335855938 0.023508847380410022 0.010610771096421244 0.986328
19 0.6865913335502766 0.18309199361750625 0.010833740058574683 0.010745511009801686 0.986252
4 0.3381027738366417 0.41859425393207206 0.011538927172144484 0.011523816366537497 0.986166
21 0.5338783781321185 0.5827035003419193 0.015223944288968434 0.01573206656029177 0.986072
9 0.27043580084607877 0.5592991365397766 0.014096877839245037 0.010974901481650331 0.985845
13 0.2819615489749431 0.34709690266697063 0.006824211910185486 0.015509970366993392 0.98583
18 0.6984356446469248 0.10968249099612493 0.01819790953465669 0.016652312742192844 0.985771
23 0.5390218704848682 0.6519252701162526 0.011759172144484218 0.010338490266697059 0.985667
16 0.6223762369020501 0.602808749487121 0.01700046599414253 0.010970326510143607 0.985546
8 0.2547069209241783 0.18876810941417824 0.016314639245037423 0.011598719854114429 0.985221
0 0.30415082590302633 0.2806107791201276 0.023428540188740642 0.010673175108274447 0.985215
27 0.6220013589326391 0.7228606701618419 0.009714654344288969 0.015785985867335307 0.985063
0 0.22078762902700944 0.14371129245498063 0.022541995444191346 0.011675980852518805 0.985029
9 0.43021828831760495 0.394684659220424 0.014770908428246014 0.011649709778892181 0.984962
2 0.4692504158802473 0.4867488415773877 0.012644467295802148 0.011123448005470708 0.984586
9 0.4806060527172144 0.6517734324139502 0.015597989196225188 0.011614405470708914 0.984453
2 0.2355081705174097 0.3533339426487349 0.011671117474780345 0.006417132801458856 0.9844
2 0.520011891962252 0.5799552496010941 0.011840395704523268 0.010659741964896285 0.984324
4 0.6371036428246013 0.3691924978345111 0.011987514480963227 0.013077299293366765 0.984316
4 0.2544073517735112 0.32680340278094366 0.01191693745525545 0.01298533302940506 0.984312
2 0.514687125284738 0.7219781208114885 0.012469724178327367 0.01104828775928881 0.984274
0 0.628846630654084 0.6506675030772738 0.024053170191994794 0.010982639252336448 0.984262
4 0.3388893511226814 0.11460910508320037 0.012327737064757566 0.014076440392067471 0.984256
8 0.5060444386592906 0.4403282863004331 0.016487083110966482 0.010972438933211762 0.984206
7 0.592222552554507 0.23287445270116253 0.016124717735112266 0.015272235240483246 0.984189
23 0.5271107478034494 0.651904145885571 0.011910139668076797 0.010204007111921586 0.984086
2 0.34030722290920923 0.13956872578071575 0.011291957565896517 0.010774909870070662 0.984039
9 0.7007197344614383 0.39207015637109643 0.014922392450374227 0.011644247823113745 0.984033
8 0.254554637162382 0.582695914292227 0.014821608590953465 0.010815582767266924 0.984002
4 0.3363623403839896 0.46476365260998403 0.012844668792710706 0.013604704809664919 0.983993
23 0.6708003071916694 0.18336671365397766 0.01206567237227465 0.010444123090950535 0.98397
2 0.388844589651806 0.18575197775245045 0.01196547165636186 0.010287231912468659 0.983967
16 0.5226327054995118 0.1375474520173239 0.017068943703221606 0.009868750398905857 0.983924
16 0.334897817116824 0.5120057187143834 0.016463507452001303 0.010648292865283793 0.983762
2 0.503072739342662 0.3242946377934807 0.012053526326065734 0.010725122042397993 0.983743
9 0.48597947022453625 0.44013058217460677 0.01527476108037748 0.011780551629815363 0.983693
22 0.24060517800195247 0.5362035833143378 0.013195904458184185 0.010262361340323684 0.983682
0 0.3499252587048487 0.4426751883291543 0.02275759192971038 0.010036950626852063 0.983668
4 0.48938819394728283 0.2077251807613403 0.011940213211845102 0.012901653065876454 0.983664
16 0.3622587438984705 0.6999651552313654 0.01690099837292548 0.010513868064736722 0.983638
5 0.6196199674585096 0.16019974652382038 0.01410594155548324 0.011335857396854342 0.983633
2 0.22987150536934592 0.30487481741509004 0.01141618379433778 0.010198370093457943 0.983375
9 0.6589405011389522 0.22927924868930932 0.014762794402863653 0.012118772737633919 0.983343
2 0.28021545069964204 0.18798896375655344 0.012101427399934916 0.011601147390015956 0.983333
4 0.40747052652131466 0.6532091798495555 0.011072029157175398 0.013139038067016185 0.983291
4 0.43948460527172145 0.6751745283793025 0.01274886664497234 0.013708341919307044 0.983273
9 0.5627238216726326 0.6745810658764532 0.015548705239179955 0.011667111009801686 0.983181
5 0.44009140774487476 0.3482877957602006 0.015096169215750082 0.010296300159562344 0.983119
9 0.3416927718841523 0.6995119762935947 0.014516091376505044 0.011320626943241395 0.983115
18 0.39084777090790757 0.6747516936403009 0.015310266189391474 0.014488654661499886 0.983089
1 0.6224568773185812 0.37220591018919535 0.016387948714611127 0.014193148848871667 0.983079
9 0.29098577806703546 0.37309686254843855 0.014132282980800522 0.011560369455208571 0.983033
2 0.6227929345916042 0.46215428493275584 0.01185485766352099 0.009673252062913152 0.982949
9 0.520414260982753 0.41686031638933213 0.014341181646599414 0.011309411260542513 0.982871
6 0.6438407497559389 0.2766422247549578 0.015286523917995443 0.010745989514474585 0.982795
22 0.5386136700292873 0.25361144472304537 0.005753410478359909 0.010423570731707316 0.982791
23 0.4531544887731858 0.6046253166172784 0.011961256361861374 0.010484084066560293 0.982722
23 0.5268698262284413 0.7218744837018464 0.012041013732508949 0.010826810120811488 0.982602
23 0.3133748232997071 0.3495868775928881 0.011857956654734787 0.010203458582174607 0.982581
4 0.667360426944354 0.46076498746295874 0.012681905109013993 0.012137679507636197 0.982494
0 0.5868956199153922 0.48625283063596986 0.02432141620566222 0.01072165580123091 0.982334
6 0.3161854083957045 0.11642555550490084 0.016322986527822974 0.010737037975837704 0.982322
27 0.5614327419459811 0.30246957282881237 0.009011966417181907 0.015237222703441989 0.982313
0 0.6950769046534332 0.253140759516754 0.023481189716889034 0.011491137998632323 0.982255
27 0.4221275886755614 0.3506379539548667 0.009120681028311097 0.015268383861408706 0.98208
0 0.5336832749755939 0.39382953635741963 0.02279541295151318 0.011006109322999771 0.982001
14 0.25034817312072893 0.4410325051287896 0.007438628571428571 0.016130859357191704 0.981995
23 0.32831912528473806 0.13987100068383862 0.012556129384965833 0.010206843127421929 0.981893
16 0.2988253927757891 0.11693545475267837 0.017006963878945656 0.010674283838614088 0.98179
1 0.7046456231695413 0.6284205370412583 0.015185856687276277 0.015693669478003193 0.98174
7 0.5741624315001627 0.39676078595851383 0.017042785551578263 0.01589172372919991 0.981731
4 0.5996587985681744 0.6966157392295419 0.012206010022779044 0.012506011397310234 0.981729
13 0.3696443397331598 0.5789529573740598 0.007745711942726977 0.016160153179849555 0.981634
4 0.5860862167263261 0.27602658764531574 0.014089563553530752 0.012209338500113973 0.981622
4 0.433834277904328 0.37164349213585596 0.011754190432801823 0.012479285160702073 0.981523
5 0.5739373381060853 0.29939103715523135 0.014458243540514155 0.011320907043537724 0.981513
5 0.5466207302310445 0.6747462083428312 0.01531879674585096 0.010811171187599725 0.981488
9 0.36890774617637484 0.395296795076362 0.01485874650178978 0.011095986505584682 0.981447
2 0.27693135307517086 0.30361751720993846 0.011663203384315 0.010628977615682699 0.981341
11 0.498194827204686 0.29770821791657165 0.015629012430849333 0.015960114884887168 0.981322
8 0.36622045427920596 0.4185738299521313 0.015198086039700617 0.010206808114884886 0.981306
22 0.32439823494956066 0.27941953590152724 0.014348612561015293 0.010100241622976977 0.981272
2 0.2660739207289294 0.11798127923410076 0.011458253433127237 0.01129101800775017 0.981218
9 0.3796372534982102 0.34869674219284247 0.01600550654083957 0.012010000455892409 0.981137
14 0.2870092391799544 0.48624431091862325 0.008187284868206964 0.01598835833143378 0.981102
9 0.35363771688903356 0.13904237064052882 0.014812211649853564 0.011452157374059722 0.981064
9 0.5746857611454604 0.37045621700478687 0.014968177546371622 0.010815162616822431 0.981062
2 0.6318323587373902 0.555458027809437 0.012585019980475105 0.010681613129701392 0.981056
0 0.5022818301334201 0.6759704800547071 0.022692279856817446 0.010783254524732163 0.981008
2 0.5702668662544745 0.6028658199224983 0.011981349821021803 0.01055024609072259 0.980967
2 0.311808 0.4422599279689993 0.011958840481614058 0.011090524549806247 0.980955
23 0.21639622518711357 0.30572807294278553 0.011533279010738692 0.010610479325279235 0.980915
19 0.41210268532378785 0.6765945201732391 0.008856916889033518 0.010644254752678368 0.980834
8 0.5266608942401562 0.25344070025074084 0.015559751643345264 0.01088640145885571 0.980823
2 0.62086572860397 0.20675626715295192 0.01257652274650179 0.0106690903122863 0.980779
9 0.5570596654734787 0.32290895828584454 0.014984255645948583 0.01101606455436517 0.980772
4 0.4842820227790433 0.6275845543651698 0.01243693485193622 0.013598986095281514 0.980726
4 0.44164740123657664 0.1377617287440164 0.012429437292547998 0.013060259858673354 0.980695
5 0.37876931936218683 0.2788938810120812 0.007772003384315001 0.010769774697971277 0.980685
7 0.3444192177025707 0.37522912605425124 0.01645529345916043 0.015625278322315934 0.980606
9 0.6994731402538236 0.32198929564622747 0.015643574357305564 0.011770047868702985 0.980544
5 0.6143710094370322 0.5324005565534533 0.013966853498210217 0.01100489555504901 0.980389
9 0.32934195899772206 0.558055607932528 0.014574122486169867 0.011383742876681103 0.980225
4 0.2705207731858119 0.7222153891041715 0.014292947347868533 0.01466803555960793 0.980211
2 0.5749716680767979 0.2535446874857534 0.013223428831760494 0.010680877866423525 0.980205
6 0.6211368070289619 0.34614981354000457 0.015006764985356328 0.010688335536813311 0.980169
0 0.3430125089489099 0.3525313969455209 0.02125074910510901 0.004803521677684067 0.98016
4 0.3194553439635535 0.5817084440392067 0.011554088903351772 0.013198442671529519 0.980063
2 0.6906974969085583 0.6499176512423068 0.012941820501138953 0.011019285707772967 0.980027
9 0.4588786254474455 0.5801370813767951 0.01438904939798243 0.012379382721677684 0.980009
2 0.387407057598438 0.30133715067244127 0.011945594793361535 0.010695361385912925 0.97988
7 0.4097051324438659 0.725989157054935 0.013652005987634235 0.015129500797811717 0.979857
38 0.4579609241783274 0.18251119398222018 0.021622794663195576 0.014897017551857763 0.979764
13 0.35794881353726 0.3699094378846592 0.007418401822323463 0.016834377934807385 0.979711
18 0.5367494435405141 0.206486203783907 0.009480463911487146 0.013685467061773421 0.979642
13 0.28148587048486823 0.23189573558240256 0.007799944288968435 0.0167205871894233 0.979596
9 0.5063121848356654 0.3472723154775473 0.015159098730881875 0.011855361750626852 0.979582
9 0.27916295997396684 0.11712965762480054 0.014252227269768955 0.012205020287212218 0.979468
8 0.6025831799544419 0.11285532710280374 0.01642085466970387 0.011690102575792113 0.97941
2 0.4611913726000651 0.2779560118532026 0.012495915652456882 0.01070217715979029 0.979278
2 0.24105686430198503 0.18960525917483473 0.0114227983078425 0.010154686118076135 0.97926
4 0.3224198789456557 0.30192512787782083 0.011320748193947282 0.01259377615682699 0.97924
9 0.6414130067035471 0.3923667125598359 0.01579779082329971 0.01157174852974698 0.979194
16 0.64715033908233 0.6743669058582175 0.01715008395704523 0.010856430727148394 0.97911
13 0.6874333927757892 0.343278435377251 0.00766243904978848 0.01573790198313198 0.979071
2 0.4573861112918972 0.11469161796216093 0.012389716889033517 0.011255853749715066 0.978951
8 0.446847708428246 0.5338354520173239 0.016440548259030262 0.010850151812172327 0.978924
13 0.42478005857468276 0.1824465141554593 0.00692564555808656 0.014767704581718716 0.978893
19 0.37486280767979174 0.46319170640528834 0.010706114936544093 0.00728431164805106 0.978837
2 0.6071850152945004 0.3471007540460451 0.013182408851285389 0.010329176931844085 0.97882
9 0.6564386488773186 0.11229092500569866 0.015366881093394078 0.012005215409163437 0.97867
14 0.22427399414253174 0.7212558121723274 0.008031552229092092 0.016302070663323457 0.978622
13 0.39801460462089167 0.6502480528835195 0.0065316571428571425 0.0159415582402553 0.97862
2 0.5260284334526522 0.11376658673353089 0.012707346827204686 0.011616436197857306 0.978608
23 0.2669702622844126 0.2119930923182129 0.011951476212170516 0.00947309705949396 0.978575
14 0.5003617884803124 0.5778555477547298 0.00790739264562317 0.016347586961477093 0.978485
8 0.3558693237878295 0.2326735974470025 0.015776980930686628 0.010684577524504217 0.978381
2 0.6317650139928409 0.552306782767267 0.012001626553856167 0.004116809117848188 0.97837
2 0.30773132704197853 0.3026287631638933 0.011331694630654084 0.010790782220196034 0.978286
14 0.32802122225837943 0.2303444467745612 0.007052337650504393 0.015749339411898794 0.978157
9 0.6670716876016922 0.5786455472988374 0.015189038984705501 0.011282416594483702 0.978107
8 0.5538732027334852 0.6276587809436973 0.01540093667425968 0.01056866268520629 0.978084
2 0.4693767081028311 0.25467687622521085 0.01390907230719167 0.011213208479598816 0.978062
16 0.5222656583143508 0.6984095482106223 0.017361348519362187 0.010231328561659448 0.978012
22 0.2538618626749105 0.5596024618190107 0.013884213732508949 0.010454603510371552 0.977956
0 0.5070167888057273 0.4625724513334853 0.022989683045883502 0.00844355340779576 0.977916
14 0.47875315587373896 0.1356184946432642 0.00767753413602343 0.01612852518805562 0.977905
2 0.6195163345265213 0.48524446956918166 0.01116416583143508 0.010346239708228858 0.97787
6 0.6621809463065408 0.3207345630271256 0.008537387569150668 0.013022679735582403 0.977864
8 0.463051433778067 0.3249981563710964 0.015632361340709403 0.010631580214269432 0.977844
5 0.6459154077448748 0.5553464545247322 0.014183599609502115 0.0109189514474584 0.977805
0 0.49118994077448747 0.4872103068155915 0.023647968760169218 0.010426885251880557 0.97779
8 0.5174753843150016 0.3234856147709141 0.015925832476407418 0.01068183487576932 0.977754
8 0.2511549105109014 0.11831144745839982 0.015629328994467947 0.011321630635969911 0.977739
13 0.2533386996420436 0.4867166300433098 0.0076960780995769616 0.016950036015500342 0.977739
9 0.2745596251220306 0.6998302402552997 0.013221529450048812 0.010964362708000913 0.977737
19 0.6865071942726976 0.27691112103943466 0.011029126456231695 0.010468305083200366 0.977641
7 0.45659320273348525 0.3544704145885571 0.015733828311096647 0.00869008835194894 0.977639
5 0.30497255841197524 0.3259415108274447 0.01567288148389196 0.011081946478231137 0.977623
5 0.4167804959323137 0.4869310234784591 0.014950233387569149 0.010687681969455208 0.977614
5 0.3067011623820371 0.4889088816959198 0.01479325115522291 0.010992722863004331 0.977551
22 0.6786495854214122 0.48508271164805106 0.014672823690205011 0.010272865101436062 0.977481
14 0.27602214904002603 0.2784063897880101 0.006818380475105759 0.015528993845452475 0.977454
4 0.25723063273673935 0.6052677966719854 0.011501655971363487 0.013258897652154092 0.977438
2 0.6920323957045234 0.13536103578755415 0.012874725675235925 0.010897547116480511 0.977382
4 0.37437796550602015 0.4869240209710508 0.010808798177676538 0.012559463870526555 0.97735
0 0.3201972691181256 0.37377202097105083 0.031025567198177676 0.010655622156371097 0.977307
4 0.4526748115847706 0.5101817989514474 0.012343348649528149 0.013345845452473215 0.977258
2 0.25527773511226814 0.5130410394346935 0.011696509209241783 0.009793531798495556 0.977236
2 0.5429177689554182 0.32275093503533164 0.01191956993166287 0.011063903350809208 0.977082
14 0.5631306892287667 0.2505282407111921 0.007994414318255776 0.016350621381354 0.976827
8 0.37352524308493334 0.13929376065648508 0.016669740318906605 0.010444496558012308 0.976819
8 0.4665283019850309 0.5338160784134944 0.01662017312072893 0.010956998404376566 0.976795
8 0.32026024861698665 0.5351770157282881 0.016013120728929384 0.010766635240483246 0.976736
14 0.4498057455255451 0.2520043692728516 0.00771357240481614 0.015916115796671983 0.976672
22 0.33211322356003903 0.2098893056758605 0.014215839114871462 0.010516529017551858 0.97662
6 0.6262178197201431 0.22969834875769318 0.01573519453302961 0.010168982904034648 0.976491
19 0.5912298756915066 0.6265696576248005 0.010378354962577286 0.010507857579211306 0.976399
6 0.47800073413602345 0.1849932910873034 0.01624984367068012 0.01008552468657397 0.976355
13 0.4300076902050114 0.41496672167768406 0.006398483826879271 0.016432900843400957 0.97631
22 0.3162242290920924 0.23337093047640756 0.014038946697038725 0.010354420971050833 0.976232
22 0.38134319817767653 0.5821978025985868 0.014358059485844451 0.01013565096877137 0.976232
8 0.24129978522616335 0.4205096731251425 0.015019144288968434 0.011184078048780488 0.976189
4 0.7055355001627075 0.46061478367905173 0.011870136023429874 0.012438087075450193 0.976187
8 0.3053890894890986 0.5819196863460223 0.015775531402538238 0.010326095828584455 0.976182
6 0.2413107816465994 0.5132508812400274 0.015093536739342661 0.010197016275359015 0.976086
8 0.5692810205011389 0.11344342101664007 0.01642796902050114 0.011568095555049009 0.976076
14 0.5088933446143833 0.3918298536585366 0.007201439114871462 0.015494914976065649 0.976051
8 0.6829096986657989 0.22979439981764302 0.017126758216726327 0.010984996763163894 0.975981
4 0.7102522980800521 0.718019486665147 0.013235258314350799 0.01313471985411443 0.975968
14 0.4474235209892613 0.5549708867107362 0.006972363683696713 0.01590654570321404 0.975841
8 0.7055081757240482 0.6729816931844085 0.01709860071591279 0.010899846273079553 0.97581
8 0.40197481548974945 0.30157231821290176 0.01654894630654084 0.010900838294962387 0.975784
8 0.497778962577286 0.6041115659904263 0.016332866644972337 0.010511067061773422 0.975784
2 0.5781572977546372 0.3226209218144518 0.0124592942401562 0.011089590882151812 0.975745
5 0.28612902570777743 0.4428606497378619 0.01088540657338106 0.010252697880100296 0.97573
22 0.4744477240481614 0.2781055153863688 0.013664068727627725 0.009983078003191247 0.975701
22 0.5430367302310446 0.25371029678595847 0.014531519687601692 0.01042506459995441 0.975613
2 0.5586244894240157 0.18447685616594484 0.012330519492352749 0.010879784089354912 0.9756
2 0.6292936184835666 0.4409485800775017 0.00896716433452652 0.006583745794392523 0.975537
22 0.7049410270094371 0.5781197757009345 0.0146315871135698 0.010563084020971052 0.975492
5 0.6532248616986659 0.46232864736722135 0.014582719687601692 0.010705620059266013 0.975476
18 0.324884410022779 0.6273624581718715 0.014945751513179303 0.014032674720765899 0.975373
5 0.3261931506671006 0.7026231203100068 0.014415440807028961 0.004744758969683155 0.975327
5 0.7034080260331924 0.4851177241850923 0.014787053172795314 0.01110626852062913 0.975272
8 0.33810260722421087 0.2555688789605653 0.015660468857793687 0.011257487668110326 0.975259
5 0.5020194155548324 0.16186085798951447 0.014301477904328019 0.010496711921586506 0.975247
6 0.2614618220631305 0.44320043473900156 0.015095269508623495 0.010568966127193984 0.975234
4 0.2855382180279857 0.5350074383405516 0.012144546697038724 0.012477301116936403 0.975229
5 0.5799642095671982 0.41633816275359015 0.014712544093719492 0.011620159197629359 0.975218
18 0.26940263716238205 0.34796684750398904 0.014532419394728279 0.013987041714155459 0.975131
2 0.3857422661893915 0.487619486665147 0.012092730231044582 0.010736349395942557 0.97511
4 0.39833916563618615 0.5101857670389788 0.012319889619264564 0.013132852518805561 0.975096
2 0.41319399674585094 0.32461897059493955 0.012162274259681093 0.010637975837702303 0.975057
13 0.40304696648226485 0.6741203008889902 0.007534314090465343 0.016590340551629817 0.975052
23 0.251779040676863 0.3974792432186004 0.010063590758216726 0.00973885388648279 0.97505
2 0.25018589261308166 0.7239319370868476 0.011188274650178978 0.010832190380670162 0.974976
2 0.4554274155548324 0.7228432806017779 0.013285558607224211 0.011740520629131525 0.974951
13 0.5354875209892613 0.1340833116024618 0.007479631890660592 0.0164396699338956 0.974943
13 0.5338383911487147 0.507686455436517 0.007775568890335177 0.01656933302940506 0.974852
13 0.5846603475431175 0.531807059038067 0.008140916628701594 0.013238006838386142 0.974829
2 0.4208963228115848 0.7001473371324367 0.013029541945981125 0.010776158650558467 0.97473
18 0.6415948141880898 0.4373134734442672 0.015762752229092094 0.01469021016640073 0.974619
4 0.3735094149040026 0.6763285416001824 0.012532170517409699 0.01329391018919535 0.974592
8 0.37511056036446466 0.723482842945065 0.01628659837292548 0.01131574852974698 0.974575
2 0.2623871208590954 0.396917408707545 0.010857115782622844 0.01094376366537497 0.974534
8 0.7056814526521314 0.649505086847504 0.01690632997071266 0.010628767540460451 0.974518
6 0.666299938821998 0.3220922325051288 0.0164403983078425 0.010282178436289036 0.974488
23 0.6315649124633909 0.4856035814907682 0.01211335684998373 0.010144462457260086 0.974465
8 0.32095952098926134 0.32580239434693414 0.015253434689228768 0.010629771233188968 0.974452
4 0.6329538436706801 0.15967315796671985 0.011967137780670356 0.013082901299293367 0.974433
4 0.26848177025707776 0.18801113836334624 0.011399189326391149 0.013518340551629815 0.974387
4 0.24504140058574686 0.2574980697515386 0.010816395704523267 0.01223618144517894 0.97433
22 0.5915197813211845 0.3229631110098017 0.014094795183859421 0.01034018253932072 0.974265
5 0.6998163618613732 0.2063077565534534 0.015002533029612757 0.011059235012537041 0.974256
6 0.5077192268141881 0.2541190098016868 0.015344555027660267 0.009505623706405288 0.974152
5 0.3259059108363163 0.6996723337132437 0.01494296908558412 0.010661947754729884 0.974094
7 0.6615091649853563 0.653087919762936 0.009880983534005858 0.016065502621381355 0.974085
7 0.5303072072892938 0.30241845452473215 0.017809036121054344 0.016172874401641214 0.974072
4 0.5931387543117475 0.41543717346706177 0.011243056817442238 0.013201477091406427 0.97407
16 0.6867884360559714 0.5785714374287668 0.01709760104132769 0.01071832961021199 0.97407
7 0.5634225942076146 0.42024988010029635 0.015897808265538563 0.014694294962388875 0.973938
8 0.2997011077123332 0.23379376521540918 0.015658302896192647 0.01103722379758377 0.973896
14 0.4011932365766352 0.20627834602233872 0.007613538301334202 0.01639625438796444 0.973837
5 0.5542702401561992 0.3943518067016184 0.014749432085909535 0.010671751265101436 0.973704
2 0.6168268766677514 0.18373412354684296 0.011926267751383014 0.010493047276042854 0.973573
5 0.502443060982753 0.3943870526555733 0.005197574747803449 0.009939697469797129 0.973374
18 0.6711311994793362 0.25028023524048326 0.01561958216726326 0.016044028265329382 0.973369
4 0.3975834116498536 0.3242270635969911 0.01114917071265864 0.012597510827444723 0.973357
8 0.29330252391799544 0.5120561367677229 0.015548471981776767 0.01123672523364486 0.973144
9 0.4204084816140579 0.1136164996580807 0.015150701464367066 0.013164130385229086 0.973027
13 0.6823862024080702 0.41277692090266693 0.008564895281483893 0.01605488215181217 0.972857
22 0.40065657793686954 0.6291315249601094 0.013982231825577611 0.01043284905402325 0.972786
22 0.3544404555808656 0.3960607686346022 0.013565334201106411 0.01023696558012309 0.972687
7 0.5103282108688578 0.5361517647595168 0.02724046599414253 0.01509903989058582 0.972633
5 0.5828536023429873 0.6510777333029405 0.013908405857468272 0.010583998176430362 0.972427
6 0.3142048864301985 0.14024201686801915 0.014742217767653757 0.010601831228630043 0.972394
5 0.5227613302961276 0.6757360127649875 0.015159748519362188 0.010715750353316619 0.972358
6 0.4423121848356655 0.5813031155687257 0.0159877789781972 0.010953683884203327 0.972256
2 0.5800488486820696 0.6977205014816503 0.010979076082004555 0.010718901481650332 0.972197
14 0.5413331181256101 0.2748258910417142 0.00849785043931012 0.016564431274219284 0.972187
22 0.37930786072242106 0.7003327868702985 0.014450612691181256 0.01011836644631867 0.972179
14 0.4491597891311422 0.6262461417825393 0.00778723176049463 0.01603585867335309 0.972151
14 0.36345618743898467 0.5082082589468886 0.0077362650178978195 0.01608931114656941 0.972138
13 0.33696597722095667 0.4861153480738546 0.008093048877318581 0.016846632322771827 0.972105
18 0.6794418275301009 0.5290739803966263 0.018219569150667102 0.016410609528151356 0.972085
19 0.3895931793036121 0.6529326975153863 0.009972303807354376 0.010193701755185776 0.97202
6 0.2263091649853563 0.48949534169136083 0.015126842564269443 0.010334883975381811 0.97198
9 0.6295835574357306 0.5084189177114201 0.015298953205336805 0.011583571096421245 0.971966
6 0.5536641041327692 0.2770865338500114 0.016182715522290923 0.010604457168908137 0.971941
4 0.370213654409372 0.23151363209482562 0.012387850829808004 0.013123515842261227 0.971939
8 0.48428235600390496 0.16174998495555049 0.01677154051415555 0.01083387098244814 0.971918
22 0.7036409502115196 0.554700473216321 0.014861012430849333 0.010555836425803511 0.971856
4 0.35413272242108684 0.16175990517437885 0.011534095411649854 0.012530286756325507 0.97177
8 0.4984042590302636 0.7227390599498519 0.016538832931988285 0.01132185238203784 0.971763
14 0.28093571623820374 0.5802652272623661 0.007598126651480638 0.015888455892409392 0.971672
6 0.45296355092743246 0.4874173476179621 0.015702838398958672 0.010276529746979714 0.971651
9 0.6089127862024081 0.3216811853202644 0.015309016596160104 0.012398289491679962 0.971647
13 0.23969280833062154 0.11619844084795988 0.007799711031565246 0.016284564394802824 0.971552
12 0.6636619642043605 0.4130775618873946 0.028165998047510576 0.01672210439936175 0.971496
13 0.6444402212821347 0.5055299165716891 0.007912007809957697 0.0169766455436517 0.971466
0 0.6011538119101855 0.3705829623888762 0.02420662024080703 0.010694742831091864 0.971393
19 0.26613406781646604 0.5126449309323 0.009829100423039375 0.010315452017323912 0.971288
4 0.2515296218678816 0.7000200082060634 0.010893637227465018 0.012470882151812173 0.971174
5 0.34891708688577944 0.5583876434921359 0.014243979954441915 0.011283326920446776 0.971141
4 0.3787804990562968 0.1844731214953271 0.007796645362837618 0.013228670161841805 0.970972
0 0.6233339251545721 0.6744323793024847 0.023729942076147086 0.010811976475951675 0.970954
13 0.6791565870484869 0.6476047230453613 0.008567311161731208 0.016851417369500795 0.970928
8 0.5027505109013992 0.5570590344198768 0.015371163032866906 0.010950275997264646 0.970916
9 0.561258132118451 0.34601559881467975 0.015192371233322486 0.011902862092546158 0.970705
8 0.5103510534331273 0.18521281969455208 0.015856338431500163 0.010517556051971733 0.970638
5 0.4582604933289945 0.20892249281969455 0.015194887081028311 0.010656637519945293 0.970615
4 0.3514955808656036 0.18494940870754503 0.010842670484868207 0.012904103943469341 0.970576
13 0.5752324165310772 0.5773406300433098 0.007508472502440612 0.016469780715751083 0.970546
6 0.4099143976570127 0.3721979740141326 0.013233492222583795 0.010500131479370869 0.970527
2 0.6851886234949561 0.2994456567130157 0.011284310055320533 0.010044314930476406 0.970508
22 0.544125542466645 0.486255164805106 0.014071169541164986 0.010663721723273307 0.970505
2 0.33071184640416534 0.5817128789605653 0.010781840286365115 0.010270169136083883 0.970466
19 0.24336028115847705 0.6299491844084796 0.009428747412951513 0.009855305584682015 0.97037
13 0.6910270562967784 0.48212345201732393 0.007728400911161732 0.0160083154775473 0.970335
0 0.40828109599739665 0.6052973239115569 0.02398219329645298 0.010542333257351265 0.970309
4 0.6078956173120729 0.48480657943925237 0.011946127953140255 0.013286907681787098 0.970203
2 0.37969783377806704 0.6534388620925462 0.009613603904978847 0.010131951310690676 0.970112
22 0.5521625929059552 0.6514542347845909 0.014289581776765377 0.010433350900387509 0.969984
2 0.6828410543442889 0.11256297241850924 0.012538101919947935 0.01097242726236608 0.969981
8 0.6399068636511552 0.13610003373603832 0.016818025382362514 0.010941266104399362 0.969928
5 0.46801348519362185 0.16175255254160018 0.014229501334201106 0.01077647376339184 0.969903
22 0.2995601535958347 0.256938802826533 0.014362558021477383 0.01073331497606565 0.96982
6 0.5542439153921249 0.6036769436972874 0.015983580344939796 0.010289157602005926 0.969744
8 0.5703964907256752 0.2768783259630727 0.01631497246989912 0.010632000364713927 0.969725
14 0.46593216270745197 0.41563931251424663 0.007610072762772535 0.016153150672441306 0.969708
2 0.29119404360559714 0.5819572664691133 0.011282044126260984 0.010382290950535673 0.96968
5 0.38921680182232343 0.20934054251196718 0.015491890400260331 0.010977445726008662 0.969655
4 0.43466117539863325 0.4622190581262822 0.011193539602993817 0.009229468155915204 0.96958
21 0.23770512203058902 0.4000213868247094 0.016242379433778067 0.015469005698655117 0.96953
16 0.6891671617312073 0.6966730430818326 0.016939152619589976 0.009713096330066104 0.969522
6 0.633106260722421 0.5784463259630728 0.01606726976895542 0.0103390621381354 0.969496
6 0.33982304718516104 0.23297610576703898 0.015543073739017248 0.010002860086619558 0.969459
4 0.5697140462089164 0.6497410713471621 0.012499964334526522 0.013143823113745156 0.96939
8 0.2234745876993166 0.46803942557556416 0.015013562772534982 0.011130753954866651 0.969339
8 0.5212336609176701 0.6277265885571005 0.01602928213472177 0.011032263688169591 0.969328
2 0.3255175372600065 0.3491971880556189 0.011690811064106736 0.010983421198997036 0.969185
6 0.2880528994467947 0.32646389788010033 0.015809703612105434 0.010370596763163892 0.969153
13 0.5517862154246664 0.11093909095053568 0.008268758346892287 0.016943967175746526 0.969148
14 0.5084215648551904 0.5776647294278551 0.007563854474454929 0.015979488488716664 0.968997
23 0.673676870810283 0.29933466697059496 0.011797526326065734 0.010364259493959426 0.968989
13 0.6072846495281483 0.6717875322543879 0.008156444907256753 0.016457409619329837 0.968978
14 0.25591036251220306 0.37158595486665147 0.007698893849658313 0.016076356507864147 0.968941
6 0.2784743507972665 0.16416153179849555 0.015312898665798894 0.010790490449054025 0.968905
16 0.6434901972014319 0.6981325990426259 0.016300093979824275 0.01199389468885343 0.968745
22 0.5378125974617638 0.6280897852746752 0.014338949040026035 0.01059478203783907 0.96863
0 0.46202843345265215 0.4414665438796444 0.03144426423690205 0.010415786277638476 0.968626
4 0.22515087536609177 0.6765708283565078 0.011303170582492679 0.012701848187827674 0.968622
2 0.6448342596810933 0.15979395121951218 0.01214919518385942 0.012174559379986323 0.968575
18 0.5266129098600716 0.34605504627307954 0.015452403254149039 0.01469686254843857 0.968551
5 0.3510780501138952 0.4185080063824937 0.013698490855841199 0.01096212190563027 0.968524
22 0.2389175606898796 0.4443799370868475 0.013368248356654736 0.010621379895144745 0.968509
8 0.3383703534005858 0.7235678067016185 0.016629236836967133 0.011251909003875085 0.968497
6 0.6015153608851285 0.1839328780487805 0.015802839179954443 0.010688522270344199 0.968467
4 0.6883552593556785 0.6009163218600411 0.011416600325414904 0.012604046501025758 0.96844
0 0.5852454904002603 0.3469689901983132 0.02367262739993492 0.010767533895600638 0.968412
4 0.6061751773511227 0.15928977068611808 0.01150372196550602 0.014065353088671073 0.968384
6 0.3592192333224861 0.6769221208114885 0.016004406898795964 0.010118985001139731 0.968279
14 0.3615068219980475 0.57875793754274 0.008629390953465668 0.015739069067700024 0.96822
14 0.22457589586723076 0.6037703104627308 0.008166125089489098 0.01619633280145886 0.968201
7 0.3635899772209567 0.3283434875769319 0.017025124633908234 0.015892774105311147 0.968173
18 0.4188669834038399 0.2292402680647367 0.01534747074520013 0.01578178436289036 0.968163
13 0.23016607614708753 0.18769124048324595 0.007559022713960299 0.016982947800319125 0.968143
14 0.5559740188740645 0.2510555295190335 0.00681483163032867 0.015889973102347844 0.968126
4 0.6392621401887406 0.4152903542284021 0.011953808786202407 0.012199885115112833 0.967882
23 0.24702625447445492 0.35110747207658993 0.010772659941425318 0.00966153453385001 0.967876
13 0.3823392072892939 0.5315672231593344 0.006916431890660593 0.016489037611123775 0.967865
14 0.604165498210218 0.39064339548666516 0.008721294370322161 0.015854727148392977 0.967809
10 0.4411750549951187 0.205696437656713 0.01547476264236902 0.01667950581262822 0.967608
2 0.3874758685323788 0.16221670207431046 0.011519383534005858 0.010174281467973558 0.967593
22 0.3248880754962577 0.48856972692044676 0.01420600898145135 0.01072505201732391 0.967553
12 0.43183476212170513 0.15938745566446322 0.019257897819720142 0.01584550718030545 0.967516
4 0.5491915600390498 0.2990339092774105 0.015598572339733158 0.011853727832231594 0.967469
18 0.5181778223234624 0.2291987198541144 0.015216313439635535 0.014599994529291086 0.967438
8 0.5892000364464692 0.29919496694780034 0.01604635990888383 0.010953578846592205 0.967391
21 0.4824214617637488 0.3971376375655345 0.017374677513830133 0.015224501481650332 0.967359
6 0.37151439765701266 0.30212516617278323 0.015829730426293525 0.010187901344882608 0.967343
5 0.2553367325740319 0.21245304034647822 0.010836189261308167 0.010887416822429908 0.967214
6 0.6861124894240156 0.5552216931844085 0.016002957370647573 0.010356381673125142 0.967169
22 0.36348767718841524 0.6050475678139959 0.014200977286039702 0.0104949262821974 0.967077
6 0.6817885636186136 0.44082224317301116 0.015719732899446795 0.006331048643720082 0.967074
14 0.6016246586397657 0.5304380688397539 0.008019089619264562 0.01533584134944153 0.967012
13 0.5687197032216075 0.18237242762708003 0.00811830732183534 0.014619484841577386 0.966889
6 0.5647115079726651 0.6975867535901527 0.016103957826228442 0.01019995732847048 0.966755
8 0.5404384093719492 0.11372130385229086 0.015277326911812562 0.011328131297013905 0.966695
13 0.3430443319232021 0.29906215272395714 0.007998096452977546 0.01650234237519945 0.966634
4 0.556087315327042 0.5792404103031684 0.010718594207614708 0.01209543104627308 0.966431
22 0.611836667751383 0.5091613002051516 0.014717392515457207 0.010476708092090267 0.966279
6 0.2362644243410348 0.21284004558924094 0.016026966221932965 0.010518979895144746 0.966252
13 0.4633674975593882 0.5554476407567813 0.007876419394728279 0.01849467244130385 0.966163
13 0.31198410933940773 0.6745804823341691 0.0075584895541815815 0.01654762525643948 0.966161
5 0.46701547673283433 0.13843700387508548 0.015333941815815164 0.010770685023934351 0.966121
13 0.2580751578262284 0.23306328698427173 0.00728529515131793 0.015463870526555734 0.966097
14 0.35170451285388876 0.6026765188055618 0.0076116222583794335 0.01587118304080237 0.96608
8 0.2426123579563944 0.281777630271256 0.014804747412951513 0.010494120993845451 0.965822
14 0.3438205792385291 0.16066156188739458 0.007905776505043932 0.015824616366537494 0.965725
14 0.23537538041002276 0.5568253840893549 0.0075258501789781974 0.016326346022338727 0.965673
14 0.26354054539537913 0.371189262821974 0.007781600260331923 0.015942375199452928 0.965553
14 0.3345052782297429 0.39376207886938686 0.008399049267816466 0.015851342603145656 0.96553
22 0.43712054149040025 0.6284204203328014 0.014549680442564269 0.010747611762024163 0.965363
4 0.6096480468597462 0.625768337360383 0.011972985876993168 0.012553628447686347 0.965352
8 0.2527690517409697 0.6540116671985411 0.01537276251220306 0.010702048780487805 0.965249
14 0.5325806339082331 0.5541982767266925 0.007658340383989586 0.015583379986323228 0.965238
0 0.6699132626098274 0.16017372053795303 0.02388472502440612 0.01162438404376567 0.965205
22 0.2891593726000651 0.7008947380898108 0.004824862739993492 0.009180088807841349 0.965178
23 0.46928707061503416 0.11474530385229086 0.011114232085909536 0.010746654752678369 0.965104
13 0.63176484738041 0.273990993754274 0.00815947725349821 0.01723293731479371 0.965008
14 0.5180353686950863 0.3917488579895145 0.008543169020501139 0.016506777296558015 0.965008
6 0.23988674520013017 0.14251001230909505 0.014741251415554832 0.010100171597902895 0.964969
6 0.3795964334526521 0.5114239270572145 0.023862398958672305 0.010751568178709824 0.964907
6 0.4048557110315652 0.6995745320264418 0.016376918971688904 0.011278798632322772 0.964896
6 0.48999699576960626 0.3478846847503989 0.015135006573381063 0.010154686118076135 0.964741
22 0.35467954441913446 0.25535051743788467 0.01449311552229092 0.010532378025985866 0.96474
12 0.2221481861373251 0.11811035878732618 0.026536861698665797 0.016668185092318214 0.964653
2 0.4465696322811584 0.4627513653977661 0.012329903026358608 0.008164876954638705 0.964578
6 0.3097896570126912 0.6999691233188967 0.015540491246339083 0.010032387326191019 0.964511
29 0.6127263781321184 0.2517421253704126 0.021139951838594205 0.01994967677228174 0.964382
14 0.32872765896518064 0.1138084850695236 0.007562188350146437 0.016144864372008207 0.964137
14 0.5929869703872437 0.5299221007522225 0.008161076732834364 0.01568643355368133 0.96413
18 0.548390654083957 0.13496014223843172 0.015796324633908232 0.01624605060405744 0.963849
6 0.29605046273999347 0.629792795076362 0.01539633817116824 0.010264543788465922 0.963844
6 0.4800682277904328 0.6761142648734899 0.015433209502115196 0.010349740961932984 0.963645
0 0.2903651467621217 0.724068135855938 0.022881718190693137 0.010719356644631868 0.963639
6 0.3318651376505044 0.16306984089354912 0.015695057598438006 0.01065603063596991 0.963615
14 0.5521695906280508 0.6951363428310918 0.007772386592905955 0.016167038978801004 0.963488
8 0.29703947412951515 0.21066156553453386 0.016075667035470226 0.010768549259174835 0.963469
0 0.4321171701919948 0.4426785261910189 0.026238792059876344 0.010043626350581264 0.963387
6 0.3623835366091767 0.3485101253704126 0.015700039310120404 0.010420186186459995 0.963385
22 0.3122338613732509 0.5590197364941875 0.01432482030589001 0.01011927677228174 0.963074
14 0.609498928734136 0.2047415290631411 0.0077765185811910185 0.016002246637793482 0.962892
6 0.38803012144484217 0.11536257488032825 0.015194420566221934 0.010454988648279005 0.962822
23 0.6295003511877644 0.1834850677000228 0.009407487666775138 0.010585118577615684 0.962681
4 0.3541050647575659 0.6522812309095054 0.010086949821021804 0.012517215409163437 0.962555
22 0.33674288317604945 0.5357925478003192 0.013714002473153271 0.01028287868702986 0.962463
22 0.5195905291246339 0.5568966929564623 0.014147194793361535 0.01034101116936403 0.962423
5 0.6409632197852262 0.3230142293138819 0.016141129059550927 0.010377214132664691 0.962299
14 0.5359062180279857 0.4372896649190791 0.00859440234298731 0.016278962388876224 0.962212
5 0.6995686091767003 0.2767443446546615 0.014539200520663846 0.011094539320720308 0.962179
2 0.5475794181581516 0.4413521929336676 0.012761512528473804 0.007390959835878733 0.961993
13 0.27898118581191017 0.48670402552997494 0.007344875756589652 0.01665978208342831 0.961988
5 0.2913176700292873 0.3963628101208115 0.013618750146436705 0.010404010394346934 0.961833
6 0.5107119192971038 0.370981288351949 0.01576055294500488 0.009872228310918624 0.961644
13 0.6469915574357306 0.22737690084340095 0.00816937403189066 0.016506077045817188 0.961643
22 0.4044901633582818 0.11479128698427171 0.014682737129840546 0.010725215409163437 0.961597
22 0.6830909729905629 0.3231831064508776 0.013821850699642044 0.010048749851834968 0.961462
13 0.28454254214123004 0.2777327485753362 0.007117049918646275 0.015464454068839756 0.961297
6 0.591929481288643 0.3939177679507636 0.015775864627399935 0.009977055846820149 0.961259
22 0.6264144223885454 0.112561922042398 0.014963978913114222 0.01075310873033964 0.961106
6 0.6885720221282134 0.6736857953043083 0.01593329671330947 0.010438836197857305 0.961098
4 0.42435019850309147 0.2772436234328699 0.012021786657988935 0.013140438568497835 0.960994
14 0.4579650894890986 0.25216962844768637 0.007183411649853563 0.01577711602461819 0.96095
5 0.49807153400585746 0.39418876498746297 0.013840661243084935 0.010219762753590152 0.960812
9 0.2947853745525545 0.16364416320948258 0.013971835209892612 0.011261210667882379 0.960798
0 0.40621143638138624 0.44263898536585367 0.025505364139277578 0.009964544700250742 0.960531
13 0.6730475756589652 0.6946654242078869 0.00693679192971038 0.017134902211078187 0.960391
4 0.47372845818418485 0.3473948593571917 0.016178916758867557 0.011904262594027808 0.960326
8 0.2212809684347543 0.3534600811488489 0.014899166677513832 0.006669433143378162 0.960259
5 0.4446255984380085 0.3248557720537953 0.01434626332574032 0.010744694050604058 0.960249
14 0.252020128864302 0.5334072486893093 0.00763639752684673 0.016062118076134033 0.960176
0 0.6982070523917995 0.4184096211534078 0.0240386749105109 0.015504485069523592 0.960101
5 0.6844926833712983 0.6259907836790517 0.015280575854214122 0.010879889126966035 0.960101
22 0.5987542596810934 0.46193090494643263 0.015326794142531727 0.009805914565762481 0.960087
14 0.3753838047510576 0.11211271119215865 0.008278621802798569 0.016244416685662184 0.960056
6 0.2836235079726651 0.257230807385457 0.014824807549625773 0.010702282197401413 0.960019
7 0.6214357097299056 0.44153668566218374 0.024220782297429223 0.01539676316389332 0.959958
18 0.23558131337455254 0.16291870344198767 0.014848366547347868 0.016288532482334167 0.959911
5 0.6003843957045233 0.2764711301572829 0.013997093654409373 0.011285777798039662 0.959814
14 0.26846044386592904 0.41699499794848416 0.008233886365115522 0.015863246865739682 0.959808
22 0.7068115847705826 0.6963822056074767 0.01423369996745851 0.010480034283109185 0.959798
5 0.324101498210218 0.6769658864827901 0.014196745330296127 0.00998319471164805 0.95972
22 0.2567224315001627 0.42042237519945297 0.013159966156849983 0.009739472441303854 0.959661
14 0.5260505929059551 0.5073726263961704 0.00780347647250244 0.01655462776384773 0.959591
13 0.2510664393101204 0.6269746359699112 0.005325299837292548 0.015446831091862321 0.95954
6 0.3104994259681093 0.7025936397538181 0.014116638073543767 0.004685809528151357 0.959248
27 0.5374145603644647 0.16350411306131754 0.008433571363488448 0.015430608616366538 0.95908
13 0.38096715392124963 0.5552157410531114 0.007620352749755939 0.016666201048552542 0.959015
28 0.40782474454930034 0.34529107271483933 0.017269545069964202 0.015670444495099158 0.958924
6 0.23981626814188092 0.6065573084112149 0.022421701269118126 0.010609347253248235 0.958739
18 0.41390060006508295 0.23000739275131069 0.00526090413276928 0.014233063141098701 0.958666
9 0.2746412652131468 0.7027408207886939 0.013059465538561667 0.0049801599270572145 0.958642
22 0.5860687224210869 0.11403314884887167 0.01510606599414253 0.011077931707317072 0.958624
4 0.4425209502115197 0.6979652391155687 0.012124003384315003 0.014174125370412584 0.958589
22 0.4834676212170517 0.5339336038294963 0.01444191552229092 0.010396739457488032 0.958574
2 0.3870544557110316 0.46428841577387736 0.012826874585095996 0.011016823159334397 0.958544
5 0.6062109990237552 0.4160451078185548 0.014661344093719492 0.011166244996580806 0.958266
14 0.29476121575008135 0.48629239480282654 0.007629999609502115 0.015833953043081835 0.958234
22 0.5972094292222584 0.20710592568953728 0.014662427074520014 0.010668121632094825 0.958205
22 0.6640101841848357 0.6733992760428539 0.01452827074520013 0.010203890403464783 0.958192
21 0.6565446143833388 0.3486748010029633 0.019810218027985684 0.015716894460907228 0.95818
14 0.3019192190042304 0.13778833827216777 0.008153862414578588 0.015878769090494644 0.95783
5 0.49449886365115525 0.18503355550490083 0.015038038138626747 0.010831093321176204 0.95767
2 0.666157318581191 0.4406155058126282 0.012800733094695737 0.005917573922954183 0.957597
6 0.26787113569801496 0.5362246725324824 0.022796412626098276 0.010781959060861636 0.95751
13 0.5995923202082656 0.5062976248005471 0.007703475691506672 0.01612023888762252 0.957311
2 0.3471826514806378 0.20904491999088215 0.01208151721444842 0.011272461363118306 0.957242
21 0.27616360299381715 0.3990968224299065 0.016091745135047186 0.015667876909049465 0.957079
22 0.26894878490074847 0.5828105219968088 0.013410734526521313 0.0104681650330522 0.957059
22 0.6843500631304914 0.392752900843401 0.014029766352098927 0.009765218326874856 0.956756
4 0.6331195730556459 0.20567414634146344 0.011613003058900099 0.011889090494643265 0.956627
2 0.2665252404816141 0.48867511465694097 0.011764936934591604 0.010554062457260087 0.956331
2 0.4211055880247315 0.581104477775245 0.011710271396029938 0.010956286482790062 0.956318
10 0.22081495346566873 0.34835922133576475 0.014976574812886431 0.0166177670389788 0.95631
14 0.491252420436056 0.32148733257351264 0.008061109274324765 0.015927786642352407 0.956279
6 0.6097780045558087 0.23007274948712103 0.01626768786202408 0.010715330202872122 0.956256
13 0.5036230935242434 0.13494321951219512 0.007571601952489425 0.01740134761796216 0.955893
5 0.7002820436055971 0.18283444139503077 0.015361849397982427 0.011332344472304535 0.955754
22 0.7000896062479661 0.34617315523136544 0.014709545069964206 0.010290418053339412 0.955754
22 0.514235938821998 0.6041450613175291 0.014397696583143507 0.00996675049008434 0.955716
6 0.6624108714611129 0.6025704308183268 0.008031718841522942 0.010544760793252792 0.955606
2 0.5492993582818093 0.7203327649874629 0.011322131077123331 0.011271866149988602 0.955486
18 0.4100245284738041 0.4167641486209254 0.013013063976570127 0.014206570321404148 0.955423
13 0.6724905903026358 0.6238361121495327 0.00850051623820371 0.01734976248005471 0.954898
14 0.6125612652131468 0.39083001230909503 0.008471825577611454 0.015775482106222934 0.954745
22 0.5392914493979825 0.4869198194666059 0.004398001692157501 0.009871656439480283 0.954706
2 0.49345603644646924 0.2542602270344199 0.01295629912137976 0.011268703350809208 0.954514
5 0.5136349677839245 0.30003281695919765 0.013827665473478684 0.010851797401413267 0.954288
2 0.30605353986332573 0.3962137734214725 0.012928991343963553 0.010376408844312741 0.954268
14 0.3922858027985682 0.697204533394119 0.008418759518385941 0.015785285616594487 0.954007
14 0.6534484555808656 0.3196062256667426 0.008735289814513504 0.015669977661271938 0.953542
27 0.6146574162056622 0.5578197401413267 0.009410569996745851 0.015001354912240713 0.953339
10 0.67618722030589 0.1328492363802143 0.015328643540514155 0.016484602689765218 0.953019
22 0.6501978470549952 0.5785066642352404 0.01440601054344289 0.009974931752906313 0.952206
4 0.260260196550602 0.6292138044221564 0.010740836967133094 0.01217502621381354 0.951746
12 0.5888943026358607 0.6718988721221791 0.027433736413927757 0.016517164349213586 0.951611
6 0.25409227100553206 0.3044789423296102 0.008332787504067686 0.010548647184864372 0.951566
22 0.41410186788154896 0.3959544472304536 0.014490732964529775 0.010348842306815592 0.951427
22 0.41415518385942074 0.3020417196261682 0.004751736544093719 0.009612878778208343 0.950769
6 0.23587988285063455 0.7241189040346478 0.01518637318581191 0.010281559881467972 0.95059
8 0.4742479557435731 0.20839882197401413 0.01774289098600716 0.010681916571689081 0.94981
5 0.3640926469248292 0.185516261682243 0.014487750602017572 0.010904467927969 0.949796
13 0.5304316667751383 0.2281212673808981 0.007828818223234625 0.016129575564166856 0.949789
22 0.3513582922225838 0.5113596206975154 0.0143415315327042 0.010696470116252564 0.949748
6 0.405498501789782 0.7026867380898109 0.015079507972665149 0.004871994529291087 0.949208
2 0.2624727263260658 0.7007679927057214 0.010825026228441262 0.010783406245726008 0.949134
4 0.3380811142206313 0.6752656776840665 0.012544 0.013399297925689536 0.948598
14 0.5345288330621543 0.6727508438568498 0.0080194894890986 0.015967117392295418 0.948586
22 0.5233053198828507 0.44013139913380445 0.014557277969410998 0.00994033936630955 0.948538
13 0.6377180095021152 0.18231934862092544 0.006696936674259681 0.014513280145885571 0.948457
14 0.6793037058249268 0.36686883245953955 0.008464861178001952 0.01586861545475268 0.948263
22 0.6602903950536935 0.6262170813767951 0.01447862024080703 0.010305006610439937 0.948065
6 0.6865730061828831 0.5522676854342374 0.01702645753335503 0.004195027125598359 0.947737
13 0.5999505369345917 0.6240011379074538 0.00687319596485519 0.01614416412126738 0.947712
14 0.6533173315977872 0.5994811579667199 0.008690637683045883 0.01683262730795532 0.947173
22 0.5399217442238854 0.6980943186687942 0.01444863000325415 0.010489230909505357 0.947114
22 0.6404698470549951 0.6026355541372237 0.01418641535958347 0.01057589860952815 0.946884
6 0.6727718320859095 0.20268944426715294 0.014866960494630654 0.003100791976293595 0.946354
7 0.6947505109013993 0.16218845862776385 0.025211959648551906 0.0165927914292227 0.945626
6 0.5074245060852587 0.11393546387052655 0.015174427074520012 0.011073835240483245 0.945599
2 0.2971967562642369 0.3498532062913152 0.020033145460462087 0.010460147162069753 0.944901
10 0.6996835717539862 0.29649421654889446 0.01526783000325415 0.01673996079325279 0.944824
4 0.22659223950536933 0.6994338983359927 0.011543225772860396 0.012245868247093686 0.944565
18 0.25988140318906605 0.16327303031684523 0.021347884152294175 0.013974203783906998 0.944309
22 0.23840089554181582 0.4667531816731252 0.01266082863651155 0.010317914565762481 0.944082
6 0.2783810478359909 0.5129474392523364 0.01407253576309795 0.009794582174606792 0.943967
11 0.5032100113244387 0.2973458381581947 0.006745420891636837 0.018442153635741965 0.943559
13 0.34283989847054996 0.39359063414634143 0.007691862805076472 0.016509928424891726 0.943437
14 0.5917153843150017 0.5071652354684295 0.007151588675561342 0.0160641021198997 0.943284
19 0.3768222698340384 0.5345509915659905 0.0038751052391799543 0.01045258445406884 0.942899
14 0.3249387256752359 0.1845308338272168 0.007954627269768956 0.016114170047868703 0.942505
14 0.6117100423039376 0.4593719553225439 0.007508172600065082 0.014923743788465924 0.94119
13 0.6761510654083956 0.27433314793708685 0.007410837617962902 0.016274760884431274 0.94082
13 0.5697442030589001 0.2048330284932756 0.006212194467946632 0.016064452245270117 0.940659
14 0.25262163306215424 0.1391838212901755 0.00540599023755288 0.015933388648279007 0.94036
2 0.5622094890986007 0.5100214415317984 0.01305383403839896 0.01096821408707545 0.939252
2 0.41135342922225837 0.25437448461363116 0.015129358411975269 0.011143591885115113 0.938542
14 0.5181303377806703 0.5076481750626852 0.007995114090465343 0.015844690221107818 0.938422
14 0.4555858639765701 0.5554548766811033 0.007476816140579238 0.016452624572600865 0.938402
2 0.23636289228766677 0.6772462201960338 0.010876259550927431 0.010654956918167313 0.937753
14 0.5794387139602994 0.1587115969911101 0.007855342922225839 0.01673879370868475 0.937656
2 0.33778987569150665 0.6054600155003419 0.01989535698014969 0.010088734169136084 0.937613
7 0.6290995816465994 0.39477872623660815 0.008565478424991864 0.013710792796899931 0.937386
18 0.4079027191669378 0.1835491989970367 0.017256715912788805 0.0148341116936403 0.937368
5 0.6463401028311097 0.5521534278550262 0.014627138561666125 0.0044234022338728056 0.936673
8 0.3695110497884803 0.4422077359471165 0.01540971714936544 0.009097564258035103 0.936352
6 0.2558270562967784 0.3507806883975382 0.0060537460462089165 0.009399419010713471 0.93554
22 0.5277163839895868 0.37085512651014363 0.01417348623494956 0.009970403464782313 0.935501
14 0.5319926586397656 0.48368862913152494 0.0075718352098926136 0.015866281285616596 0.935403
5 0.632139891962252 0.25272446045133345 0.014495964594858444 0.010847560884431274 0.935087
2 0.5747399101854865 0.720434651470253 0.01223061867881549 0.010700741645771597 0.934975
6 0.41075379108363164 0.20908343378162753 0.011554638724373578 0.010776076954638704 0.934686
12 0.22497893133745522 0.2341310526555733 0.02687141945981126 0.016952370184636426 0.9345
5 0.4257694031890661 0.6765875176658309 0.013739894044907257 0.010673000045589241 0.933328
4 0.5677286924829157 0.5549520966491909 0.010201912398307842 0.013730166400729427 0.933085
13 0.47844325675235927 0.11163105539092774 0.006981843931012041 0.017042002279462048 0.932201
14 0.3924795730556459 0.7026935421928425 0.007798244842173771 0.004885591064508777 0.932063
6 0.2826253328994468 0.4195451944381126 0.01769773901724699 0.010303769500797812 0.931912
5 0.44687836511552226 0.3719038687029861 0.01367401548974943 0.010507052290859357 0.931845
14 0.6389216843475432 0.2278147909733303 0.008276355873739016 0.016214656029177113 0.931794
6 0.6550724269443541 0.531856835194894 0.023344234298730886 0.011712160474128106 0.931386
5 0.3409406833712984 0.6293613239115569 0.01440752671656362 0.010482100022794621 0.931091
14 0.32107648291571755 0.6512713526327786 0.007727584510250569 0.016155951675404605 0.930428
19 0.3802421399284087 0.20150905493503532 0.010709963683696713 0.0054614305903806695 0.930254
6 0.4388947972665148 0.3014390371552314 0.01596868519362187 0.010305205014816502 0.930214
6 0.4779612469899121 0.4179975235924322 0.01587429925154572 0.010125579028949169 0.928946
9 0.6629860175724048 0.5790192477775244 0.006927428311096648 0.010696190015956234 0.928167
14 0.6761189092092418 0.6708176849783452 0.007887015945330296 0.015739652609984046 0.927395
23 0.31764143442889686 0.4635928333713244 0.011168081223560038 0.006481999361750627 0.926794
5 0.36354049332899446 0.11585286710736266 0.015450937064757565 0.010793828310918623 0.925998
4 0.49288622193296455 0.41675119398222016 0.011580197071265865 0.012159387280601779 0.92554
22 0.5062055028961926 0.5103940916343743 0.01273640403514481 0.01032683109186232 0.925429
9 0.3419636836967133 0.702669091771142 0.013919435600390499 0.004836713562799179 0.92443
2 0.3777539498861048 0.6290821572828813 0.005751977611454605 0.010088745839981764 0.922603
9 0.2896788701594533 0.16443486300433097 0.0037858009762447124 0.011499260907225894 0.921399
18 0.394140532378783 0.369826108046501 0.01779220826553856 0.01616890631410987 0.921169
2 0.5596234975593882 0.371066485525416 0.012706247185161081 0.010615206017779804 0.915673
6 0.4607733420110641 0.23185302028721222 0.024220282460136675 0.010416113061317529 0.915466
6 0.4095700097624471 0.2784470043309779 0.016754212821347217 0.01048961604741281 0.915061
7 0.2631374932639115 0.46391261454296784 0.025664145785876995 0.005842390335080921 0.914536
19 0.31402877709079074 0.3523931557784363 0.010685788219980475 0.004535582402552998 0.913783
4 0.3919240872111943 0.5337426687941647 0.011836913504718516 0.012563315249601095 0.911108
13 0.5897748493328994 0.6952956498746297 0.0071917755938822 0.016097597447002506 0.910554
4 0.283834939147413 0.4631961413266469 0.013889378717865278 0.007270446683382722 0.909272
13 0.557795759192971 0.5499686455436518 0.010810797526846728 0.008792966856621837 0.908853
10 0.4414263065408396 0.11150360975609756 0.01616867009437032 0.01722313380442216 0.908833
13 0.6551663963553531 0.43544181992249825 0.006495235665473479 0.018027255071803052 0.905762
7 0.26242387556134067 0.46895430316845227 0.02497570322160755 0.01570172236152268 0.905717
2 0.5179745551578262 0.48651227353544557 0.02041951968760169 0.010383201276498747 0.903334
22 0.3136099134396355 0.20985254251196717 0.014366190172469899 0.010564531205835422 0.903235
27 0.5259467933615359 0.4607635869614771 0.013096253563293197 0.013903478459083657 0.902719
19 0.43755756589651806 0.5113722252108502 0.017040119752684674 0.011154364075678139 0.902448
7 0.3547018704848682 0.49035268201504445 0.026164149690855842 0.015458618645999542 0.900348
2 0.32563899772209565 0.35238141490768177 0.011607688122356005 0.004512088990198313 0.89998
11 0.31735436121054345 0.7207801085023934 0.02448336348844777 0.016336032824253475 0.897104
14 0.6794506579889359 0.34285910189195345 0.008097330816791409 0.014837846364258035 0.896315
4 0.4003866657988936 0.48695109733302944 0.015433859290595509 0.01128601121495327 0.895754
7 0.502856376439961 0.30291096421244584 0.006006944614383339 0.014258972418509232 0.895225
22 0.3906433374552554 0.1387320428538865 0.01436362434103482 0.0103964010029633 0.894037
10 0.32241754637162384 0.39342152359243215 0.015096285844451676 0.01610459995441076 0.893981
6 0.5477633582818093 0.41709991885115116 0.014235449397982427 0.010491915204011854 0.893829
22 0.7002958724373576 0.22966403647139275 0.014835587373901725 0.01063734561203556 0.893712
22 0.4792951461112919 0.3243005899247777 0.014602163358281808 0.010416451515842261 0.891667
16 0.6279047872437358 0.6020371898791885 0.006194850113895216 0.009453314976065648 0.89123
4 0.5678604829157176 0.5510080510599499 0.010344499316628702 0.006714330886710736 0.890337
1 0.6675621945981126 0.5522579986323227 0.01576933342011064 0.00421427235012537 0.888038
6 0.46022385421412304 0.6529562726236607 0.024177796290270094 0.011036325142466379 0.886897
2 0.6267893670029288 0.46229958696147705 0.003944615945330296 0.008777106177342148 0.886638
18 0.56878884738041 0.22931542831091864 0.023713114220631305 0.014365527239571461 0.88526
5 0.6027881132443866 0.6026322863004331 0.015682911552229093 0.010823133804422156 0.884528
5 0.6380018504393101 0.34619708046501024 0.015266763683696713 0.010501111830408024 0.884076
2 0.44048727888057276 0.6043307444723046 0.01120027074520013 0.010614995942557557 0.883983
23 0.5627611428571428 0.20781516298153635 0.015691025577611456 0.010716987462958743 0.881963
9 0.37989733550276605 0.352379360838842 0.013747308298080053 0.0045079808525188055 0.881212
5 0.6993828363163034 0.20251449829040347 0.013022560885128539 0.003440647002507408 0.87568
14 0.5364142193296453 0.441548251470253 0.007950511942726977 0.007783076909049465 0.874908
22 0.6251295073218354 0.39326104946432644 0.014307692547998697 0.010356451698199225 0.874441
18 0.5366461438333876 0.20184494187371782 0.009596259550927433 0.004789773421472533 0.873523
13 0.432364589651806 0.6971476963756553 0.007716304848682069 0.01545885206291315 0.873058
23 0.4026059433778067 0.16209439161157965 0.017564615684998373 0.010171690540232505 0.872786
13 0.48871391343963555 0.5541531105539093 0.007355505629677839 0.015464687485753364 0.872651
6 0.36281672892938494 0.35195884859813087 0.014613742922225838 0.003666944700250741 0.871677
12 0.6580123032866905 0.5059276589924778 0.01870940969736414 0.01598835833143378 0.871661
13 0.48963161470875366 0.5500259493959425 0.00840693003579564 0.00867840583542284 0.870913
14 0.2512833686950862 0.7032666507408252 0.008668661503416856 0.006031819831319809 0.870787
13 0.5455943976570127 0.577319622521085 0.006222924308493329 0.016165054935035332 0.87042
8 0.47610035274975593 0.5079068010029633 0.01585927081028311 0.01605033052199681 0.869073
18 0.3788525256101529 0.2527341472532482 0.007949112398307843 0.016297869158878504 0.868432
10 0.5796896322811584 0.5069717328470481 0.014852131988285062 0.01641236015500342 0.867764
19 0.37375350211519687 0.5345092566218372 0.009924169476082005 0.010204287212217916 0.865909
13 0.5028774862349495 0.5999732008206063 0.006068124698991213 0.01843900250740825 0.865325
19 0.28854357305564593 0.5516509979484842 0.010283752424341035 0.0054282737178025986 0.863876
16 0.3640271682395053 0.7026605487121039 0.011106684542792058 0.004819604103031685 0.863129
10 0.22416286365115523 0.5569067298837475 0.014968294175073218 0.01679749806245726 0.861797
13 0.6868135945330296 0.19926183359927058 0.011587794598112593 0.009955989970366992 0.860798
7 0.5917645349821022 0.5818397410531115 0.024512520663846404 0.01596805105994985 0.858439
5 0.27527672502440614 0.3731947809436973 0.01427706918320859 0.01047286838386141 0.854881
10 0.40949836641718196 0.1353297579211306 0.014065371428571428 0.01626075586961477 0.851544
23 0.5618454409371949 0.7206316553453385 0.01300591630328669 0.010593159790289491 0.850459
14 0.6100414188089814 0.20050781308411217 0.008887473608851285 0.007463855937998632 0.85037
6 0.24077045753335502 0.3275209263733759 0.014179384315001627 0.010731225894688853 0.849667
13 0.6271599463716239 0.3703063633462503 0.004719363748779694 0.020124039206747206 0.849573
13 0.7033783690205012 0.1325445105994985 0.008349032216075497 0.016423214041486212 0.848177
6 0.495073010087862 0.13797413813540005 0.024362069638789455 0.011171496877136996 0.847018
19 0.40925911096648226 0.531984105767039 0.01133387725349821 0.007447201641212674 0.845972
6 0.6778974969085584 0.20661528333713244 0.024541844451675888 0.011158483884203327 0.844769
7 0.4119435704523267 0.5089313845452473 0.009170564790107387 0.01722383405516298 0.843705
6 0.4265931350471852 0.13847890221107817 0.015495722486169868 0.010351818372464098 0.842395
28 0.6077916511552228 0.7180046646911329 0.018093443540514155 0.018566448142238432 0.841866
6 0.29677839245037424 0.5594529582858445 0.014781238398958672 0.010834757966719854 0.841438
7 0.24027028701594533 0.3771457123318897 0.022720270745200128 0.015919733758832915 0.840828
8 0.22306455450699644 0.4647232714839298 0.014388332964529774 0.004221099794848416 0.840675
0 0.48224918451025056 0.4613538983359927 0.025056510250569475 0.016924243446546614 0.839894
2 0.6208340722421087 0.20282505949395943 0.012556479271070614 0.0028293747891497607 0.838915
10 0.34859202603319234 0.5787581709596535 0.01579462518711357 0.016280362890357877 0.838337
18 0.4609491181256102 0.6752269304764075 0.022322233647901077 0.014074689765215408 0.835891
6 0.5392736218678815 0.556515406428083 0.004433623429873088 0.010582375928880783 0.834785
8 0.522737671330947 0.20762796261682243 0.01615657403189066 0.010985825393207204 0.833414
28 0.6004283813862675 0.5544665894688853 0.01770840221282135 0.019133067700022793 0.832971
13 0.4639806313049138 0.550348764987463 0.009751525675235927 0.00803280966491908 0.832739
7 0.2250982258379434 0.2618615655345339 0.026040523267165633 0.01571117574652382 0.832329
2 0.6964347959648551 0.5316963027125599 0.011444841132443866 0.01087691306131753 0.831608
7 0.2691742115196876 0.23527082744472302 0.015959488187438985 0.020785659448370186 0.828207
8 0.4497076108037748 0.3926344417597447 0.015506768890335178 0.01600411397310235 0.824812
22 0.656984471200781 0.13613808069295646 0.014757379498861049 0.010684880966491908 0.823243
14 0.6863485792385291 0.5058313745156143 0.013965453953791085 0.01590841303852291 0.82112
6 0.7006182674910512 0.369724221563711 0.01529815346566873 0.010707604103031685 0.820394
2 0.649244823950537 0.640604316389332 0.013222879010738693 0.0025844737633918397 0.819858
18 0.5296859095346567 0.18313657624800547 0.023608981451350472 0.014833761568269887 0.819529
2 0.47241438594207613 0.3721552587189423 0.011856407159127889 0.010101455390927742 0.818434
1 0.3871311474129515 0.4212063059038067 0.0224780162707452 0.015675462958741736 0.818047
6 0.29609378197201436 0.4639765707772966 0.006274324243410349 0.0057144428538864825 0.813314
6 0.45175927627725354 0.5508688178709825 0.01534003983078425 0.006992773922954183 0.813256
4 0.22643279140904654 0.7028500015500342 0.008892222063130492 0.005198521449737862 0.812565
13 0.5701745629677839 0.20059942922270346 0.0071972238203709725 0.007280682015044449 0.8091
6 0.671150193296453 0.60206671711876 0.021514329970712658 0.010882760155003418 0.805801
6 0.3410146592905955 0.6538934415317985 0.015110497884803124 0.010683480465010256 0.803923
18 0.4850710992515457 0.22958420788693867 0.022148290270094368 0.013904412126738088 0.803009
27 0.3336702167263261 0.3023888105767039 0.010545084022128214 0.01065489856393891 0.799501
5 0.3596880807028962 0.46464962844768637 0.016379768044256428 0.010998044768634602 0.795373
4 0.37740333068662546 0.15939737588329156 0.005050722551252847 0.016634573056758604 0.794944
18 0.26520067165636185 0.6756594520173239 0.020927354376830458 0.014487487576931843 0.791865
38 0.4264843371298405 0.5341216094825622 0.02248334786853238 0.0178671310690677 0.791101
7 0.4146763475431175 0.4628222074310463 0.026379579563944027 0.00802334460907226 0.789464
10 0.6484180930686625 0.6475302630499202 0.014693633582818093 0.01654739183952587 0.789083
11 0.6984759648551904 0.4356529455208571 0.015546855841197528 0.015906428994757235 0.785487
10 0.4406597227465018 0.2756235933439708 0.014632720078099577 0.016137395030772737 0.784858
8 0.6599596693784575 0.3910894552085708 0.012980241327692809 0.015705106906770003 0.783762
4 0.5333945356329319 0.5329991192158651 0.015494422909209243 0.012163822201960337 0.782112
13 0.4085435105759844 0.15907771142010485 0.006356180930686626 0.01623239571461135 0.781775
10 0.3720873778067036 0.15951420104855255 0.015503170061828832 0.016450523820378392 0.778237
6 0.2612472918971689 0.2807821071347162 0.02118210478359909 0.011349862411670845 0.776802
10 0.3788984939798243 0.206926077957602 0.012305111096648226 0.016332414862092547 0.774851
8 0.5435172404816141 0.34441529245498065 0.016068985876993166 0.016927511283337134 0.772939
2 0.3628735437683046 0.5352811196717575 0.012376804425642695 0.010964712833371323 0.7727
0 0.2885962225837943 0.5122366847503989 0.005951012821347217 0.010713357829952131 0.771598
4 0.5389398971688903 0.3698904144062002 0.005101172795314025 0.011300027900615454 0.770612
4 0.6332616934591604 0.2020899129245498 0.011978734005857467 0.004299866332345566 0.766883
13 0.3198355535307517 0.4160311028037383 0.006156262674910511 0.016226443583314338 0.76644
4 0.37722403904978846 0.48369563163893325 0.0046921559388219975 0.019127465694096193 0.766244
22 0.38091647041978527 0.7028796454980625 0.012026001952489422 0.005257365853658536 0.765766
6 0.45032474324764077 0.16161028493275587 0.014723873739017249 0.010504204604513335 0.763507
10 0.2840142141230068 0.6745969382265785 0.014055258054018875 0.01622737725096877 0.763433
4 0.3770810689228767 0.6774718176430362 0.004391287211194273 0.011633358924093914 0.762353
6 0.33707344223885455 0.18647245406883975 0.015647723006833713 0.010302380670161843 0.760807
18 0.5676588818743898 0.43789934989742424 0.02605685128538887 0.01407305584682015 0.76
6 0.4655916068987959 0.6290493622065193 0.025059176049463068 0.010851482288579895 0.759422
14 0.5529753283436382 0.701706445406884 0.006398467165636187 0.0029113974925917482 0.756512
6 0.5496249189716889 0.556873001139731 0.02406949821021803 0.011288462092546159 0.75493
4 0.4290236771884152 0.6043921331205836 0.011739028701594533 0.011585998632322772 0.754692
7 0.39925153530751706 0.5604757912012764 0.02673729645297755 0.015813178937770685 0.754305
13 0.6627337663520989 0.5291813521768862 0.008992706020175725 0.017366451789377707 0.752837
13 0.2900055971363489 0.6315908055618874 0.0031322803774812883 0.01955321814451789 0.752139
10 0.22817755678490076 0.627869322999772 0.018578452326716562 0.016229944837018465 0.747364
14 0.2519517511226814 0.4432956805105995 0.004062044386592906 0.011277923318896741 0.738269
10 0.6244960468597462 0.4134388912696603 0.015883163032866906 0.016442587645315705 0.731444
12 0.41789396680767976 0.5084303551401869 0.02102465603644647 0.01634536950079781 0.730305
13 0.4909225278229743 0.46141295281513567 0.008005377416205661 0.01616610531114657 0.729217
19 0.5914431396029938 0.7182517364941873 0.011032808590953465 0.006998691041714156 0.729167
6 0.28762820436055975 0.4655772272623661 0.021667946631955745 0.011517852564394804 0.723567
11 0.6982537038724373 0.44053888671073627 0.013818101919947933 0.005764335719170276 0.723492
11 0.269525430523918 0.3525273588329154 0.014981456557110315 0.004803976840665603 0.721554
4 0.6163183755287992 0.2762812454980625 0.01662098952164009 0.011514164577159789 0.721489
14 0.6642539381711682 0.71689896877137 0.004391553791083632 0.017892340095737407 0.718805
19 0.440817671330947 0.2008316790517438 0.013645558086560365 0.006816170686118076 0.718329
4 0.33739267165636183 0.3244380724868931 0.017023125284738042 0.012909122407111921 0.716665
6 0.23332588089814515 0.6543117246409847 0.023124139277578913 0.010291036608160473 0.71622
6 0.6679963865929059 0.39354745201732394 0.01565851949235275 0.010537874994301345 0.713848
13 0.3805734487471526 0.5506340004558924 0.006562197201431825 0.007462303715523136 0.71347
14 0.28223346046208914 0.3524494325963073 0.006270875366091767 0.004648124367449282 0.713408
22 0.5270082811584771 0.3518084697515386 0.015223661047835992 0.0033662103487576934 0.712454
4 0.5438937845753335 0.3701240647367221 0.015012196550602017 0.011022670253020287 0.704959
18 0.6649518776439961 0.2510566966036015 0.0029955415554832414 0.01452133302940506 0.703887
16 0.6563080247315327 0.37010189012992933 0.02028339733159779 0.010302672441303852 0.701465
5 0.47434242499186463 0.3517168886254844 0.015487441848356653 0.0031830364258035103 0.700014
5 0.36958652521965507 0.3698090686118076 0.015175593361535959 0.016123039890585823 0.697561
22 0.4536160052066385 0.41777356006382493 0.01424606260982753 0.0102310601322088 0.695464
13 0.5384727159127888 0.34451542831091864 0.0060352520663846405 0.01671066697059494 0.692846
5 0.3022002941750732 0.5355032158650558 0.01447703742271396 0.01093401850923182 0.692758
12 0.37415903677188417 0.6506747390015957 0.020560807028961927 0.016119655345338497 0.691579
14 0.4703783820370973 0.702497635377251 0.008985891571753985 0.004493777433325735 0.690183
16 0.4924771884152294 0.2779036097560975 0.020149107712333227 0.011116363802142695 0.688929
5 0.44043979433778063 0.3517642489172555 0.014783387699316627 0.003277757009345794 0.687016
8 0.38206896192645623 0.3223355696375655 0.017165912137975917 0.016587306131752907 0.686438
10 0.6307513606247966 0.32046216548894463 0.011821751773511227 0.016205786186459997 0.683393
13 0.5044247159127888 0.6988202452701162 0.009148172079401237 0.021316099384545248 0.683173
5 0.41490310706150346 0.4329023606108958 0.003256056752359258 0.004686638158194666 0.682207
5 0.4778977676537585 0.6046560109414179 0.016453793947282788 0.01061680492363802 0.677146
8 0.22309221217051742 0.32563398404376565 0.019825046534331273 0.01608931114656941 0.675277
12 0.3564096479010739 0.4602731780259859 0.02339505109013993 0.013117680419421017 0.66798
5 0.2510484518320859 0.3527493966719854 0.0022249757240481614 0.005219050467289719 0.666736
0 0.6622552554506996 0.16087513836334624 0.008388985876993167 0.011365069523592432 0.666603
1 0.6570484503742271 0.20270403282425348 0.01355037240481614 0.003059698928652838 0.663109
13 0.42450164920273353 0.2059547134716207 0.011245805922551252 0.016679272395714612 0.658792
7 0.41698659550927436 0.7238076425803511 0.028066530426293524 0.0112278203783907 0.65856
7 0.627320860657338 0.09303658554821062 0.005046973771558738 0.01101047421928425 0.656539
5 0.2270340956719818 0.2819318021426943 0.015483942987308819 0.010895142922270345 0.653295
6 0.6886921496908559 0.36990698700706637 0.008157261308167914 0.009634878322315934 0.652972
6 0.24738097233973316 0.30412519899703666 0.021802236251220308 0.011450091634374288 0.65262
4 0.428176952814839 0.32425705767038976 0.015690459095346568 0.011702123546842944 0.649375
13 0.6860270172469899 0.250539678139959 0.0060665918646274 0.015875617962160932 0.648305
19 0.3775428186137325 0.4648048506952359 0.005326549430523918 0.010682558468201505 0.645945
22 0.5200953647901074 0.5530792760428539 0.011867070354702245 0.0025717525416001823 0.636186
6 0.4065859811259356 0.20074613175290631 0.018371686300032542 0.006987265283793025 0.635733
13 0.3906098483566547 0.44217789359471166 0.005928436836967133 0.00904234948712104 0.634033
6 0.4174442798568175 0.20891093868247093 0.02451085453953791 0.010954325780715752 0.63017
18 0.5435713895216401 0.2064672970139047 0.023091150016270743 0.013757709596535217 0.626055
1 0.2682899993491702 0.26520094460907223 0.01243285284738041 0.005213833599270572 0.620027
22 0.5400412053368044 0.7017569101436061 0.013523514480963228 0.0030123503077273766 0.619006
2 0.5391793192320208 0.3226401787098245 0.004622145395379108 0.011403478276726692 0.61306
22 0.537741620566222 0.4622611898791885 0.007497426098275302 0.012396188739457489 0.610378
28 0.6055818704848682 0.5496314748119444 0.028318115196876017 0.009467390015956234 0.606039
2 0.6695220566221933 0.345850923182129 0.011339042238854541 0.0106991310690677 0.605462
4 0.4898583742271396 0.20265548210622295 0.010643435340058575 0.003168704627307955 0.595473
6 0.38233212626098273 0.4417555140186916 0.009131660787504067 0.010149142466377934 0.59416
4 0.5939803136999675 0.135896961021199 0.01567143195574357 0.012268976521540916 0.586367
6 0.3442800963228116 0.27849030316845225 0.02289787959648552 0.011934023250512878 0.58496
1 0.6999588154897495 0.2899157109642124 0.014181700227790433 0.003710943788465922 0.583858
10 0.28706738691832084 0.5568920246181901 0.00900883410348194 0.015753307499430134 0.578965
0 0.3783888265538562 0.13917868611807613 0.007019515001627075 0.010694532755869615 0.57751
21 0.7048220657338107 0.6023495017095964 0.01536956355353075 0.010914539867791201 0.572414
6 0.548014776439961 0.5529249874629587 0.008322041002277904 0.0028804814223843175 0.571973
5 0.6628440637813212 0.43580326601322084 0.007211352554506997 0.016101098700706633 0.56901
22 0.5081716628701595 0.35182967567813994 0.016600063000325415 0.0034085988602689764 0.563863
13 0.7657292391799544 0.3775268821518122 0.011053468532378782 0.0035512982904034648 0.563499
7 0.5063979902375528 0.6546305721449738 0.027282285714285714 0.01553284522452701 0.562136
2 0.6416073101204035 0.11227353544563483 0.012524972860397006 0.011201736038294961 0.561964
6 0.4155314025382362 0.7009289336676544 0.001999449137650504 0.010070480966491909 0.561751
0 0.5845200598763424 0.3512348826988831 0.024727284087211192 0.00221551164805106 0.555998
13 0.4267357552879922 0.1983065748803282 0.011943512137975919 0.01186644905402325 0.551283
4 0.3134284725024406 0.20167828219740142 0.012701198828506345 0.005076257670389788 0.550138
8 0.3938691207289294 0.3945272195121951 0.023670794663195573 0.013435360838842033 0.54957
13 0.38658382557761145 0.5084723701846364 0.009641728083306217 0.016337199908821518 0.546869
7 0.2235953817116824 0.2660900413038523 0.022726102180279855 0.006992038659676316 0.544598
9 0.5841340188740645 0.5523149523592432 0.011377313114220631 0.004069250421700479 0.541065
14 0.6542305343312724 0.44115482726236604 0.007765238919622519 0.006996240164121268 0.54054
13 0.3910836941099902 0.252323566902211 0.015180675040676864 0.016681839981764306 0.540151
4 0.6062451545720794 0.29771767130157284 0.01636605584119753 0.012833028493275587 0.534277
5 0.4150182362512203 0.6544029906542056 0.00302583169541165 0.010952038294962389 0.527102
19 0.2894184549300358 0.34969506633234554 0.004306698080052066 0.010112869478003191 0.526213
0 0.5032971996095021 0.7225003911556872 0.006864965310771234 0.011136227581490767 0.525885
2 0.25073823781321186 0.37424072213357645 0.001611053901724699 0.009566183724640985 0.523208
16 0.4416902206313049 0.4179564422156371 0.015957555483241133 0.009760958468201504 0.522435
22 0.5404212482915718 0.5132103834055163 0.002138170647575659 0.014609564622749033 0.516935
0 0.5013740173120729 0.4873396197857306 0.003062952945004881 0.010000724321860041 0.511487
5 0.39256521184510246 0.35169088598130843 0.009332778652782297 0.0031310428082972418 0.50365
1 0.2822396251220306 0.6088221527239571 0.01866425772860397 0.01546830544791429 0.502985
