24 0.22984637726913967 0.22322571136131014 0.015721067087608523 0.012330867553735926 0.995993
7 0.22010342541436465 0.4911618096212897 0.016778890607734808 0.013962716888433981 0.988536
38 0.5973920631412786 0.39682987103377687 0.028921332280978686 0.017464073694984646 0.988226
5 0.4971443220205209 0.320161670419652 0.01395020173638516 0.010131992630501536 0.987528
24 0.6498500394632991 0.37912971136131013 0.01647148855564325 0.01197938505629478 0.986271
2 0.4646555580110497 0.4430497932446264 0.011640625098658246 0.010142133060388945 0.986139
18 0.39466471349644827 0.25525767860798365 0.01753448460931334 0.01353778833162743 0.985752
24 0.30063249881610105 0.18052454452405323 0.015433789423835833 0.012947835414534288 0.985717
7 0.20938132912391474 0.3480669805527124 0.026485311444356747 0.015308144933469804 0.985092
13 0.1880987782162589 0.15887616786079836 0.007704811996842936 0.014201632753326511 0.984668
11 0.6285064688239936 0.47908081064483116 0.014642593843725337 0.015984252200614123 0.983896
7 0.6374181783741121 0.5854489416581371 0.017003208839779006 0.01377963889457523 0.983168
2 0.16702474506708762 0.3871807410440123 0.012981846882399369 0.010632961310133061 0.983136
2 0.3506343299131807 0.19945256090071647 0.012210654459352802 0.010183087819856705 0.981145
24 0.5894142383583267 0.15548868781985672 0.015806413891081294 0.013257708085977482 0.980746
24 0.16089488871349644 0.16416700921187308 0.01430266140489345 0.012980457727737973 0.980194
4 0.6367404552486188 0.706094902763562 0.010841751539068667 0.01207057031729785 0.979945
2 0.44623325651144435 0.44294288638689866 0.01290070276243094 0.010170536745138178 0.979939
12 0.39733826677190215 0.6872192917093142 0.013495624940805051 0.01797720040941658 0.979712
7 0.6429261183898974 0.1560161473899693 0.017715927387529595 0.014341266734902764 0.979543
5 0.6623970702446725 0.3577058915046059 0.014358912707182321 0.009810852814738997 0.979119
2 0.5358647766377269 0.400361806345957 0.011776767797947908 0.010271233572159671 0.978514
7 0.39683152012628253 0.4872434636642784 0.014545164325177586 0.014878604708290687 0.978455
2 0.44474696132596686 0.46436487205731836 0.01179887229676401 0.01044089580348004 0.978408
6 0.4727275390686661 0.257610153531218 0.015414190370955013 0.008649996315250767 0.978271
2 0.5025500236779795 0.23820315250767657 0.012965723125493291 0.010289103787103378 0.978083
9 0.4891264909234412 0.2574911934493347 0.014660091554853984 0.009070863459570113 0.97656
6 0.22151172849250195 0.5700808188331628 0.013828525966850828 0.009991834595701125 0.975476
22 0.3747221720599842 0.670739914022518 0.015585005209155485 0.010364724667349027 0.975436
2 0.4591674191002368 0.2180695516888434 0.01300609313338595 0.00988749559877175 0.973318
5 0.24988307498026835 0.4471764503582395 0.014506329913180741 0.009932249744114637 0.973114
18 0.35665022888713493 0.6674619611054248 0.01790209818468824 0.01602277011258956 0.972197
5 0.266225452249408 0.2619011013306039 0.01436925777426993 0.01019894042988741 0.972008
0 0.39285715548539857 0.4651533101330604 0.022494418942383583 0.011056736949846468 0.971994
1 0.17603101499605367 0.6976883029682702 0.015027624309392265 0.013948855680655067 0.971726
5 0.3473279494869771 0.40410852487205734 0.014672497553275453 0.010134612896622312 0.971125
2 0.3953925051302289 0.6693385957011259 0.012300729281767956 0.010062345957011259 0.970867
5 0.5876826519337017 0.35908388945752306 0.014498126598263614 0.009914955987717503 0.970302
12 0.2943810071033938 0.6900360777891504 0.027830089344909235 0.018605723643807574 0.9703
13 0.34930199842146803 0.46234124053224157 0.008850326124704025 0.01643842292732856 0.970256
18 0.5504941562746646 0.23403352302968272 0.016985387845303866 0.015606174002047083 0.969839
7 0.6637184909234412 0.21727587308085977 0.02222455816890292 0.014707684749232343 0.969498
35 0.4166932407261247 0.33912715660184234 0.022737730071033937 0.0180554153531218 0.969406
2 0.43937358800315707 0.1559346571136131 0.011685763535911603 0.009964348004094166 0.969303
2 0.5823500931333859 0.23575189355168885 0.013134921546961326 0.010406334493346981 0.969125
9 0.676245316495659 0.19455161514841351 0.014438804104183111 0.010432510951893553 0.968858
5 0.24574666456195737 0.20144150010235415 0.014745842462509866 0.009843082088024565 0.968817
2 0.23637063930544594 0.4883518362333674 0.01199033685872139 0.009859615967246674 0.968246
5 0.5827723820047356 0.7074354309109518 0.01517225319652723 0.010293165199590584 0.968195
9 0.6910242146803472 0.35806722620266124 0.014900776006314127 0.010280194882292733 0.96783
2 0.6902737932123125 0.5210855107471852 0.01271881546961326 0.010042012691914022 0.967823
35 0.2461717821625888 0.36259347389969293 0.023381225572217838 0.01749541207778915 0.967749
2 0.4146040220994475 0.5653449498464689 0.012330228887134965 0.009592977686796317 0.96727
7 0.6339477316495659 0.4628131504605937 0.0278233408050513 0.014757469805527125 0.967256
13 0.4952749360694554 0.15266954350051176 0.009129562115232834 0.01728262026612078 0.967121
2 0.5301555927387529 0.6046156642784033 0.011529051933701658 0.009996236642784033 0.967018
2 0.3546782004735596 0.3019128270214944 0.012262460615627467 0.009890639918116685 0.9668
5 0.6876907592738754 0.6640383213920164 0.014834139226519336 0.010656150665301945 0.966587
5 0.3099747409629045 0.5273220061412488 0.013711093291239146 0.00966629273285568 0.966385
0 0.2527619131807419 0.6315831811668373 0.022816368745067088 0.010439611873080859 0.966363
2 0.5265695722178374 0.25748569089048107 0.01245404640883978 0.010036012282497443 0.965828
5 0.5894635390686662 0.42023592221084954 0.013909427624309391 0.009899339201637667 0.965775
4 0.4937874285714286 0.6661017809621289 0.01156497679558011 0.01075849825997953 0.965633
2 0.1753630307813733 0.6541654206755373 0.01326750812943962 0.009411026407369499 0.964968
18 0.3975415311760063 0.6271536212896622 0.013081660615627466 0.011450798771750256 0.964841
0 0.6688999147592738 0.5613107881269193 0.02413007103393844 0.011764706653019447 0.964825
2 0.3906293291239148 0.3820473776867963 0.014639199368587215 0.00971489866939611 0.964773
7 0.23222574269928964 0.6546205609007165 0.017588998263614836 0.013612203889457523 0.96426
10 0.3908099636937648 0.645662395087001 0.013975539068666139 0.017070745547594676 0.963948
23 0.2693067466456196 0.6924218300921188 0.013184828413575374 0.009683979529170932 0.963631
1 0.1768396274664562 0.6765521883316274 0.016399194317284926 0.014375959058341862 0.963512
5 0.33930033906866613 0.3429723971340839 0.014022415153906868 0.00990649252814739 0.963175
5 0.628618001578532 0.21545636028659162 0.01437721862667719 0.010235728966223132 0.963018
5 0.3842844893449092 0.5464428741044012 0.015400693291239146 0.010562947799385875 0.962941
0 0.20189691554853986 0.5704528966223132 0.022375006156274663 0.010180022108495394 0.96294
8 0.4067353054459353 0.6492492773797339 0.015092927545382795 0.010450171545547594 0.962607
2 0.5595804388318862 0.5030043643807575 0.012492395895816891 0.009581081678607984 0.96256
2 0.18682908287292818 0.1825502722620266 0.012685396053670087 0.010420090890481064 0.961267
22 0.19789628413575375 0.4078261846468782 0.015139641988950275 0.010368655066530195 0.961058
0 0.5420362557221783 0.5042924872057318 0.02197312454617206 0.010212801637666327 0.961018
11 0.5495643125493291 0.41801346489252816 0.01507571270718232 0.01559087164790174 0.960979
5 0.25214727071823206 0.714007582395087 0.015654511128650354 0.011490836438075743 0.960583
6 0.6023488050513023 0.25605738382804505 0.01550899321231255 0.009915715864892528 0.960553
13 0.664291914759274 0.39503525076765605 0.008762191002367798 0.016925687615148413 0.960072
1 0.6059970576164168 0.38180971954964177 0.014748105445935281 0.013201241351074717 0.960016
2 0.22737164325177586 0.7140822599795291 0.02090293543804262 0.012045861207778915 0.959784
22 0.4912904688239937 0.6056603643807574 0.014359438042620364 0.010954101125895599 0.959706
7 0.6129118459352803 0.2168956724667349 0.013511142541436464 0.014979013306038895 0.958994
2 0.27556349171270716 0.4466717871033777 0.012529250197316497 0.010110558853633572 0.958964
11 0.2091962494080505 0.4452269723643808 0.014302782636148384 0.016399066530194472 0.958925
0 0.4403333354380426 0.2183926305015353 0.02263456227308603 0.009676302149437052 0.958836
18 0.6539432107340174 0.5196265465711362 0.018135145067087608 0.015747301535312182 0.958466
5 0.35791830781373324 0.44461566427840327 0.014726000947119178 0.00997752794268168 0.958149
8 0.4857607071823205 0.23850422108495392 0.016339386898184687 0.010678187103377687 0.957798
13 0.450051636937648 0.37844372569089046 0.008771485398579321 0.01614201842374616 0.957706
11 0.43666932280978693 0.33886670214943704 0.014901422573007103 0.016194187922210848 0.957612
5 0.6140110093133385 0.23585460798362332 0.014958967008681925 0.010280902354145343 0.957528
7 0.2775072328334649 0.5939993678607984 0.02315739226519337 0.00887895516888434 0.957427
18 0.21763838989739542 0.5067835742067553 0.017206796527229676 0.015977413306038895 0.957275
2 0.6094396211523284 0.7066328433981576 0.014095032675611682 0.010489344524053224 0.957144
5 0.34370353906866613 0.17910069191402253 0.014673426992896607 0.010430702968270214 0.956766
22 0.2587968050513023 0.6111411750255885 0.01524046598263615 0.01024945916069601 0.956679
2 0.4911942920284136 0.42233658955987713 0.012705843725335437 0.010984889252814739 0.956622
2 0.6368710213101816 0.6032733019447287 0.011514948697711129 0.00980705342886387 0.95589
22 0.5657503014996054 0.2573756397134084 0.01563753875295975 0.009302023336745138 0.95517
8 0.16716416101026044 0.32535503787103376 0.015708903551696924 0.010603902558853634 0.954938
0 0.31812422920284134 0.6707614002047083 0.02398948318863457 0.011235753531218015 0.954912
2 0.2599755769534333 0.6517872671443193 0.011919335753749013 0.01052078771750256 0.954819
5 0.24096692028413577 0.5929017121801433 0.015662593212312552 0.0066836962128966225 0.954791
22 0.19931913496448303 0.7154392958034801 0.014707492975532754 0.011217726100307062 0.954445
7 0.3048889281767956 0.4897552507676561 0.01696926408839779 0.013572795087001023 0.954138
5 0.49669697868981844 0.2177398436028659 0.015302495974743487 0.01027539979529171 0.954135
13 0.5623222857142858 0.4381868413510747 0.007689617679558011 0.017666515455475946 0.954028
18 0.5412696700868193 0.5610039549641761 0.017479647671665353 0.015863326919140226 0.953896
2 0.21552128808208365 0.549921277379734 0.0119679090765588 0.01005749846468782 0.953613
5 0.6545117853196527 0.5832497523029683 0.014756187529597474 0.010554746366427841 0.953462
10 0.4111194317284925 0.42014788126919134 0.01445504909234412 0.01729627185261003 0.953149
5 0.18019247987371745 0.36616646878198567 0.013977802052091554 0.01006575230296827 0.952983
7 0.22392907971586423 0.5945495451381781 0.01692420647198106 0.009979362128966223 0.952683
9 0.348329319652723 0.28139640532241555 0.014782050197316496 0.01051829846468782 0.951564
2 0.3627562430939227 0.6908313285568065 0.012850149329123914 0.010382411463664278 0.951354
7 0.6350713837411208 0.17565477993858752 0.0166366863456985 0.013888327533265098 0.951199
2 0.17647957063930544 0.263720614124872 0.013050504183109709 0.010476714841351075 0.95117
9 0.543971914759274 0.6044940839303992 0.014867518232044198 0.010292195701125896 0.951145
8 0.4904543772691397 0.625768286591607 0.014743741120757693 0.00979465957011259 0.951025
13 0.26590095659037094 0.38227612691914026 0.008419429834254144 0.017742686591606962 0.950709
0 0.4803416700868193 0.646504810644831 0.022588453985793212 0.009762220675537359 0.950554
5 0.3254040852407261 0.6499648720573183 0.014413264719810578 0.010113441146366428 0.950523
9 0.3778305414364641 0.6905124421699079 0.0153762045777427 0.010545706448311157 0.950298
9 0.5312919337016575 0.19596682088024567 0.014527707024467245 0.010272386489252815 0.950035
1 0.6682901215469613 0.6254761269191402 0.014893582951854776 0.014385627840327535 0.950029
2 0.5534174459352803 0.48261423950870014 0.011848536700868193 0.009526056090071648 0.949688
2 0.4224412186266772 0.2999788085977482 0.012579561168113654 0.011424831934493347 0.949611
2 0.6838052975532755 0.1737223336745138 0.013228107971586424 0.010571201637666325 0.949476
0 0.5026049818468824 0.46316348004094166 0.021652831570639304 0.010034780757420675 0.949242
22 0.41342888713496445 0.46476734493346983 0.014488872612470402 0.010459525895598773 0.949086
5 0.5328077284925019 0.23690978915046057 0.015027179794790846 0.01040208966223132 0.949017
2 0.40553026677190207 0.20027406673490275 0.013428705288082083 0.007508189150460594 0.948636
5 0.30224891554853983 0.4254340061412487 0.014520473559589582 0.009761224974411464 0.948222
12 0.5152578879242306 0.33864083520982596 0.016034247829518546 0.017782540839303994 0.948149
2 0.6889265098658247 0.4185104769703173 0.013387042146803474 0.01012709273285568 0.947943
7 0.5385120631412785 0.36263461207778913 0.026833123914759276 0.01430285363357216 0.947555
2 0.5842425130228887 0.5026084421699079 0.011343002367797948 0.010073796519959058 0.947158
5 0.18840508918705604 0.49012497031729785 0.0154528227308603 0.010256900716479018 0.946904
1 0.3516029676400947 0.630726616171955 0.01493585224940805 0.01471080286591607 0.946705
1 0.6684339826361484 0.7084481637666326 0.016287136227308603 0.01527080614124872 0.946557
9 0.3270995043409629 0.3837848761514841 0.015511296606156274 0.009915008393039918 0.944869
0 0.5009489629044989 0.6884521269191402 0.022212111760063144 0.010470845445240533 0.944608
22 0.3932216574585635 0.3013177645854657 0.015399844672454617 0.01042886878198567 0.944297
2 0.6607717632202053 0.48162980552712387 0.011788486819258091 0.009860873694984647 0.944085
5 0.6835301026045778 0.6440538137154556 0.014586059668508289 0.010764184237461618 0.943644
5 0.6372351191791634 0.5219769252814739 0.014557570323599054 0.010042222313203683 0.943617
13 0.6101801905603789 0.2944094329580348 0.008047815627466457 0.017355489866939612 0.943421
22 0.5265198674033149 0.44235620880245646 0.014787748066298342 0.010815646264073695 0.943354
9 0.5316503741120758 0.1753387758444217 0.015603432359905287 0.01010337932446264 0.942892
9 0.6530723662194159 0.2559318730808598 0.01560428097868982 0.010488532241555784 0.94286
8 0.6679595643251776 0.17460248106448312 0.015029159905288081 0.010199123848515864 0.942638
7 0.17056227308602998 0.4925120327533265 0.016634665824782954 0.013974324667349028 0.942374
0 0.1724094333070245 0.408235889457523 0.02260247640094712 0.01078915537359263 0.942181
7 0.4258102352012628 0.2817420184237462 0.016437584214680348 0.014799813306038894 0.94209
2 0.5544325556432518 0.21600530603889456 0.012051316179952644 0.009921559058341863 0.941962
18 0.6580577995264404 0.2942215598771751 0.01830765714285714 0.016170422108495393 0.941755
0 0.25481961168113654 0.48815348208802456 0.022276000631412784 0.010248646878198568 0.941506
22 0.4757045745856353 0.709608417604913 0.014868205209155485 0.0113983934493347 0.941346
1 0.292274816101026 0.4684438403275332 0.01482638042620363 0.013941885772773797 0.941239
8 0.5101976953433307 0.25777523029682703 0.015401137805840568 0.008502553940634596 0.941121
24 0.6497041578531965 0.6675384728761514 0.016951079400157852 0.014812495394063459 0.941063
22 0.18402904498816103 0.3046882128966223 0.01507732912391476 0.01003294657113613 0.941003
11 0.327484817679558 0.2382780921187308 0.015199813101815311 0.015537156192425792 0.940894
9 0.39168161641673244 0.5258900307062436 0.014442804735595897 0.009828172773797338 0.940253
18 0.20329511602209943 0.17914051995905833 0.01862055501183899 0.015925217604913 0.940189
9 0.39211885714285716 0.7113878403275333 0.015798776322020522 0.011340747594677583 0.940108
5 0.6509310181531176 0.27671870624360284 0.014540234254143644 0.01025805363357216 0.939488
5 0.5491492975532755 0.6456707799385875 0.01433474727703236 0.010149784237461617 0.938971
22 0.3190467990528808 0.5468165240532241 0.014411042146803471 0.009691709314227226 0.938946
9 0.41536979952644043 0.21898795496417606 0.015278007261247041 0.010934239508700103 0.938712
13 0.3250040220994475 0.5640492282497441 0.007476735595895817 0.017059897645854655 0.938639
0 0.5745116842936069 0.5435964790174002 0.02313411586424625 0.01001371381780962 0.938569
13 0.33092657300710343 0.17624329170931421 0.007717217995264404 0.016381589355168886 0.938509
5 0.38284870718232045 0.5665859078812692 0.015319468350434096 0.01032434636642784 0.938508
21 0.2474418816101026 0.5108056827021494 0.020935182951854776 0.014389007983623336 0.937296
9 0.2456925146014207 0.26214504810644834 0.015155038358326758 0.01039679672466735 0.936945
19 0.4865034506708761 0.5643091586489253 0.010979551065509076 0.009278912589559877 0.936889
21 0.5217421436464088 0.6894287001023541 0.018437859510655092 0.015430747185261003 0.936469
8 0.31787198737174427 0.42560432343909926 0.014469556432517757 0.009322173183213921 0.936407
5 0.3159328934490923 0.6298241965199591 0.013512395264404104 0.009997363357215967 0.936141
7 0.39516943962115236 0.18003612691914023 0.017531575059194948 0.014742324667349028 0.936064
5 0.16969142857142858 0.44992458546571135 0.015094422730860299 0.010081866939611054 0.935411
0 0.24203658405682715 0.40661525486182193 0.023454853354380426 0.0101726329580348 0.934894
13 0.46314986582478296 0.4190596061412487 0.008863701973164956 0.017305337973387923 0.93472
9 0.4290527671665352 0.3621144892528147 0.015349291239147593 0.01049361555783009 0.934693
4 0.39872232359905285 0.34202097850562946 0.010763355327545382 0.012281685158648926 0.934519
24 0.480477044988161 0.3823277461617196 0.014898108918705603 0.012634975639713409 0.934118
5 0.4371138374112076 0.17697670419651995 0.01397509455406472 0.010285880859774821 0.933822
7 0.4747557379636938 0.28148313613101333 0.017327785319652723 0.014353267553735926 0.933775
13 0.6659802620363062 0.43703209007164795 0.007885689029202841 0.015538125690890482 0.9336
22 0.2655445367008682 0.3240828986693961 0.015418635516969217 0.010497860388945752 0.933498
5 0.6229613916337806 0.3385349764585466 0.014019990528808209 0.009709972569089047 0.933304
14 0.4962771144435675 0.5606082947799386 0.006839422888713496 0.015462216581371546 0.933056
8 0.1974695501183899 0.6330154186284545 0.014049773007103394 0.011252785261003071 0.932837
2 0.6011954917127073 0.6251506898669397 0.012376902920284136 0.010030064278403276 0.932803
8 0.3731619258089976 0.444874022517912 0.014880166692975531 0.010494165813715456 0.932235
18 0.17167153906866614 0.4682735230296827 0.01810350370955012 0.014059876356192427 0.932231
0 0.3205212943962115 0.6911918771750256 0.022930811049723755 0.010250271443193449 0.93213
8 0.5521247166535123 0.17578081473899693 0.0144288227308603 0.009825342886386899 0.931825
8 0.56447090765588 0.5240888597748209 0.014832846093133387 0.009532606755373593 0.931569
13 0.3450168776637727 0.44173730194472877 0.007834569850039462 0.016243108290685773 0.931199
6 0.636319701973165 0.25605004708290685 0.013593539384372534 0.009250011054247697 0.930392
22 0.22808165430149963 0.24318139611054249 0.015095675453827938 0.011212144933469805 0.930178
9 0.33097223677979476 0.7122462395087 0.015382670244672454 0.011772515046059365 0.930047
0 0.2261080094711918 0.6938532814738997 0.022726738437253355 0.01050485649948823 0.929802
27 0.32884220363062355 0.6313850890481065 0.010599410260457773 0.014043394882292733 0.929649
0 0.5721133259668509 0.21569239385875127 0.022441683346487766 0.009741258546571135 0.929261
2 0.33086878610891873 0.507008131013306 0.012256883977900552 0.009767932855680657 0.929149
5 0.23872333385951067 0.46841894779938587 0.014795021941594318 0.01069325363357216 0.929137
2 0.18168726124704024 0.5306416212896622 0.010985248934490923 0.00987594022517912 0.929038
0 0.6868085998421468 0.3784515864892528 0.022035154538279398 0.010079246673490276 0.927833
2 0.6867980931333859 0.5014327287615148 0.018620231728492503 0.010862811054247697 0.927716
3 0.21480400315706394 0.30196863868986695 0.021144913022888713 0.01689041883316274 0.92698
2 0.2908911633780584 0.6094131095189356 0.012940507024467246 0.010003520982599797 0.926383
8 0.5789006598263615 0.31875406345957014 0.015556677505919495 0.009839518526100306 0.926205
0 0.4543403946329913 0.3190774042988741 0.031733372059984215 0.013941361719549641 0.926169
18 0.515248593528019 0.6652950010235414 0.02207176637726914 0.012620302149437051 0.925539
9 0.2662965745856354 0.34432733674513816 0.015382791475927388 0.010331997543500511 0.925166
5 0.5091805651144435 0.5640922006141248 0.015025038042620363 0.010199831320368476 0.924744
5 0.24076931333859508 0.6724103336745137 0.01455951002367798 0.01025367778915046 0.924697
0 0.21788166061562747 0.40715487246673493 0.02255188255722178 0.010265023541453429 0.922753
2 0.41389926440410424 0.5454228045035824 0.012710935438042621 0.01017913121801433 0.922718
18 0.6722071033938438 0.33595558648925283 0.01711025603788477 0.013405307676560901 0.922717
0 0.5365347813733228 0.3405457686796315 0.02342967766377269 0.010605972569089047 0.922513
9 0.21868259510655091 0.20150074431934492 0.015867999368587214 0.009961570522006141 0.922419
4 0.6942194664561957 0.3987406214943705 0.011125068981846883 0.011269633572159671 0.921621
21 0.2905363599052881 0.7151298423746162 0.031181648618784533 0.016283198362333676 0.921539
14 0.43574513654301494 0.4403496090071648 0.006735689344909234 0.01586104728761515 0.921522
9 0.6934193401736386 0.5818735885363358 0.015080117442778216 0.009997389559877176 0.921322
3 0.6019584404104183 0.5603339529170932 0.024388495659037095 0.017546323848515868 0.920652
0 0.3136062232044199 0.15865082497441146 0.02079673685872139 0.010869649948822927 0.920294
0 0.5287953780584057 0.421312065506653 0.022650564798737175 0.010230226407369498 0.920207
22 0.33725524861878453 0.46595432548618215 0.014896047987371746 0.010221789150460592 0.919377
0 0.6165461973164956 0.542282153531218 0.021927945698500394 0.009744979324462642 0.918395
8 0.313627681136543 0.5886042661207779 0.01431143046566693 0.01040421207778915 0.918161
22 0.687167040252565 0.44026576049129984 0.014868770955011839 0.00934790419651996 0.917709
0 0.5191898216258879 0.524220659160696 0.022387937490134176 0.009325579529170932 0.91697
6 0.6222481073401736 0.1948796724667349 0.014893259668508288 0.01040020307062436 0.916026
9 0.4528064151539069 0.1766449785056295 0.01521682588792423 0.01068971627430911 0.915674
0 0.5448362936069455 0.2579675578300921 0.02244544151539069 0.011222914227226202 0.91555
27 0.21007113496448301 0.4717288679631525 0.010486543962115232 0.014526938792221085 0.915113
2 0.6483269707971587 0.2350410153531218 0.01178977995264404 0.00956460020470829 0.915071
5 0.3859922336227309 0.34238755373592633 0.014354184688239936 0.010430257523029682 0.91501
13 0.508412363062352 0.3771259938587513 0.008406660142067876 0.016840869600818834 0.914711
18 0.6195373764798737 0.25316487205731836 0.017652887134964483 0.015707159058341864 0.914312
8 0.41977978847671665 0.1980237297850563 0.01457458310970797 0.009984655066530195 0.913585
23 0.4593864435674822 0.6468441351074719 0.01259891775848461 0.009345493551688844 0.913555
0 0.295317316495659 0.2830602743091095 0.03186470591949487 0.010649652405322417 0.913065
13 0.24925105603788475 0.1776592835209826 0.009401402999210733 0.01886554923234391 0.912526
5 0.1970997947908445 0.46910519549641766 0.014276152170481454 0.010053803889457523 0.911801
11 0.433733910023678 0.6036277191402252 0.025116085240726123 0.016924036847492323 0.911658
21 0.23230939226519337 0.32610102763561927 0.017945822257300712 0.01574834964176049 0.911574
9 0.5953610355169692 0.6867856376663255 0.014350709392265194 0.00999437625383828 0.911284
13 0.4069070497237569 0.25511906653019445 0.0075549297553275455 0.013815222108495393 0.910587
22 0.5475062099447514 0.5435909764585466 0.014661384688239937 0.00998457645854657 0.910485
0 0.20014269928966064 0.5914352016376663 0.022650120284135756 0.010347561924257932 0.910192
23 0.3322457711128651 0.19987547185261004 0.013527266298342543 0.009792144114636643 0.910176
2 0.5004636337805841 0.6457019611054248 0.012555597790055249 0.009967466120777892 0.909771
8 0.5637564514601421 0.604998485158649 0.015413260931333859 0.009819342476970316 0.909544
9 0.5584008587213891 0.27814020061412487 0.014799062983425414 0.010157487819856703 0.909467
9 0.6119692325177585 0.3174829723643807 0.0115520454617206 0.010704258751279427 0.909384
9 0.4353862920284136 0.1979304483111566 0.014639724704025256 0.010658587512794268 0.909334
5 0.2932935627466456 0.1588638526100307 0.014516715390686663 0.010460993244626406 0.909177
13 0.18582690449881611 0.46718218219037877 0.007390459352801894 0.015595640532241556 0.908958
5 0.41378086187845303 0.48493291299897645 0.014502005998421469 0.011070702968270214 0.907788
13 0.5279257458563537 0.6422882784032754 0.007326974585635359 0.0178698219037871 0.90726
13 0.4634953749013418 0.7061297523029683 0.008080709707971586 0.017075907471852607 0.907228
4 0.7006511886345699 0.6640506366427841 0.011252442620363063 0.011343787103377686 0.906629
8 0.5392382383583268 0.21679183132036847 0.015428616890292028 0.010168964585465711 0.906173
0 0.19984002525651146 0.4265164380757421 0.02228658816101026 0.013476107267144318 0.905654
6 0.25631439305445936 0.5902794022517912 0.014491862983425415 0.010349107881269191 0.905357
4 0.22881954853985795 0.6315326100307063 0.01112163409629045 0.012055163152507676 0.904713
2 0.47782127229676397 0.17556988331627432 0.012921190844514601 0.010701193039918115 0.904506
8 0.6329617578531965 0.23580246468781985 0.01550188097868982 0.010168073694984648 0.904427
4 0.5946243535911602 0.5229901821903787 0.01092596685082873 0.01135450399181167 0.904268
13 0.6116145098658249 0.335191516888434 0.01024117190213102 0.01769381862845445 0.904113
0 0.36503821941594317 0.4654588331627431 0.022518948066298342 0.010389197952917094 0.903674
7 0.22439016258879244 0.6754039877175025 0.01638569723756906 0.015482523643807573 0.903519
18 0.5152215185477506 0.6428039467758444 0.016199041515390686 0.015722015967246674 0.903182
0 0.6242988956590371 0.6246381658137155 0.034074145540647194 0.01058495803480041 0.903174
9 0.37732500710339384 0.5868796069600819 0.015525278610891872 0.010349553326509725 0.903116
5 0.44296971112865036 0.27937120163766627 0.014970120284135753 0.010244323439099283 0.902726
13 0.5558311602209945 0.5605854984646879 0.008809471191791634 0.016853708904810645 0.901716
13 0.45504353591160224 0.6225196806550666 0.008300865666929755 0.018670784851586488 0.901336
22 0.5334300489344909 0.6667961514841351 0.014182238358326757 0.010642420470829068 0.90107
21 0.19378250355169693 0.2657452937563971 0.020356829044988162 0.015247485772773798 0.900917
13 0.4749153591160221 0.3173244462640737 0.009495801736385161 0.017155222927328555 0.900404
1 0.29771486661404895 0.26317481269191406 0.015511417837411208 0.014363250767656089 0.90031
21 0.650763314917127 0.6465420184237461 0.02052319873717443 0.014861415762538384 0.899439
5 0.27796710339384373 0.38572125281473896 0.014735820678768746 0.01029025670419652 0.898769
0 0.4752378342541437 0.1555358526100307 0.03168241452249408 0.011365535312180142 0.898031
5 0.6533431160220994 0.1741342395087001 0.013806179005524862 0.0101029076765609 0.897965
5 0.5651986992896606 0.46214341044012286 0.014569733859510655 0.00988891054247697 0.89792
5 0.3477728681925809 0.5463786775844421 0.015374709392265195 0.010041541044012283 0.897728
8 0.5966230528808207 0.2362091299897646 0.014689106235201263 0.010236567451381781 0.897428
0 0.35256231097079715 0.3222874923234391 0.022844251933701657 0.010271233572159671 0.897013
0 0.2735183204419889 0.1591491995905834 0.021805987056037885 0.00985765076765609 0.896937
6 0.24973880978689822 0.3449237093142272 0.015447731018153117 0.0102258505629478 0.896019
0 0.6552941310181531 0.5413414779938588 0.024091277032359908 0.01075331013306039 0.895717
4 0.44386520599842144 0.48412613306038893 0.010658288239936859 0.011940238280450358 0.895706
6 0.3943119305445935 0.32153442784032754 0.014828764640883979 0.010244899897645855 0.895213
7 0.45391406471981055 0.3638281432958035 0.026975570639305443 0.014200689457523029 0.895199
6 0.6435767261247041 0.214575164790174 0.01563765998421468 0.009620464278403275 0.894782
24 0.6829283914759273 0.2780099733879222 0.019146011681136544 0.012681878403275334 0.894257
0 0.6222492792423047 0.15372708290685774 0.022793375217048144 0.01095808393039918 0.893651
14 0.5346282178374111 0.6841457195496419 0.006091506866614049 0.016015957420675537 0.893623
23 0.3355193382794001 0.6082738178096212 0.0151677272296764 0.01044516683725691 0.892489
2 0.4665249439621152 0.6264191606960082 0.014001603788476716 0.010039837871033776 0.89236
13 0.3935906045777427 0.5835985097236438 0.008531972849250198 0.017379596315250767 0.892172
0 0.4373950939226519 0.56390747185261 0.03159302667719021 0.01399022968270215 0.891557
22 0.420432820836622 0.6272089089048106 0.014532152170481451 0.010472601023541453 0.89147
0 0.5684776006314128 0.297145252814739 0.030605557695343334 0.011694850358239509 0.891116
9 0.4517981752170482 0.5439727492323438 0.014667769534333071 0.010296597748208802 0.890621
8 0.39983239779005525 0.5668728270214943 0.015294777584846094 0.010589753121801434 0.889891
9 0.5152336416732439 0.708678747185261 0.014809933385951067 0.011281136540429887 0.888692
6 0.20480161641673245 0.36692084339815767 0.014281890449881611 0.010476033572159671 0.888159
6 0.6454170165745856 0.4814131095189355 0.016003333859510655 0.01055272876151484 0.887972
14 0.44576409155485397 0.4003278476970317 0.00705893228097869 0.014569675332650973 0.887862
0 0.1959335501183899 0.5105371054247697 0.02250763314917127 0.010413278198567043 0.887323
4 0.3339981689029203 0.40246417686796315 0.011832453354380426 0.012697154554759468 0.887297
11 0.26652448934490924 0.3625109355168884 0.015095877505919494 0.016759615148413513 0.887194
13 0.32375089502762433 0.40114817441146366 0.0074246061562746645 0.01597088884339816 0.886916
4 0.4985158516179953 0.34040217809621287 0.01145219131807419 0.01126457645854657 0.885611
6 0.3846780868192581 0.23966473694984647 0.015288473559589582 0.010139224564994881 0.88481
7 0.5556464846093133 0.19774886386898669 0.02652826771902131 0.014579710951893551 0.884751
5 0.46583271349644834 0.5850821044012283 0.013455254932912391 0.009375181166837257 0.884749
9 0.4007250639305446 0.2384657031729785 0.014780676243093923 0.0102332659160696 0.884047
10 0.6358007513812154 0.4366786161719549 0.012162040726124704 0.016465568884339817 0.883467
8 0.6379022143646409 0.3385153244626407 0.01499990276243094 0.0101746505629478 0.883325
7 0.2812924767166535 0.5503997379733879 0.025625498973954223 0.014961929170931422 0.883097
0 0.6654941247040252 0.5015454002047083 0.021377757853196528 0.010157985670419653 0.882931
5 0.3364086503551697 0.5670261125895599 0.013873583583267561 0.010075578300921187 0.882508
24 0.2254339636937648 0.42992854861821905 0.016900768429360696 0.014233206960081884 0.881914
14 0.346263134964483 0.5846235578300921 0.014452907340173638 0.01617128679631525 0.88157
0 0.67802054617206 0.45940339815762543 0.031927301657458565 0.012508390583418627 0.881401
2 0.18336631412786109 0.6326171381780963 0.012540322651933703 0.010128298055271238 0.881122
9 0.5878649029202841 0.48202389355168884 0.01363960726124704 0.009501949641760491 0.879803
10 0.39371426045777425 0.40017044831115667 0.01405672359905288 0.01803492487205732 0.878803
5 0.1812851775848461 0.5934685019447287 0.015360161641673243 0.007817223336745139 0.87855
22 0.2587798326756117 0.42642918321392015 0.014310743488555643 0.010557969293756398 0.876833
22 0.5945374711917917 0.3181658137154555 0.014539951381215468 0.009836426612077788 0.876756
0 0.633555952644041 0.4569248884339816 0.028320429360694555 0.0032435750255885363 0.87668
7 0.6122353351223363 0.6675020511770726 0.012158120915548541 0.015188162947799386 0.876042
0 0.2822029234411997 0.42613047287615147 0.023349018468823996 0.010593997952917093 0.875565
18 0.6503644640883979 0.3970017604912999 0.017236013259668507 0.013385734288638691 0.874793
10 0.16761392896606156 0.42610243602865916 0.016976093449092344 0.0171951033776868 0.87429
11 0.2630851586424625 0.40310624687819857 0.016080436937647987 0.016108243193449334 0.873949
2 0.599614636148382 0.2971719795291709 0.0112253272296764 0.010164510133060389 0.873769
6 0.270884773480663 0.20090051995905833 0.013888090923441199 0.009557551688843398 0.873033
14 0.5782367166535122 0.4178286837256909 0.006879590844514601 0.015923121392016376 0.872249
0 0.5211291176006315 0.48266402456499485 0.03156987150749803 0.010152614124872058 0.872088
18 0.4409362588792423 0.6256427758444216 0.01789332912391476 0.014372002456499488 0.870562
9 0.6752116179952644 0.5417345179119755 0.01356553496448303 0.009826967451381782 0.870419
0 0.5157112928176796 0.2177385334698055 0.023440628887134964 0.010847954145342885 0.870306
22 0.6114290260457774 0.46121007164790173 0.014270373480662985 0.010058205936540431 0.868751
23 0.41973452880820844 0.15644691914022515 0.01438214869771113 0.010161077584442171 0.868672
16 0.16755856669297553 0.2024711074718526 0.021246868508287293 0.011523222927328556 0.868235
8 0.30119177900552485 0.3034312712384852 0.014999337016574585 0.010164981780962128 0.867624
9 0.2361075674822415 0.6109950951893552 0.014875721546961327 0.01061951934493347 0.867012
13 0.41893036148382 0.44024270214943706 0.008224287924230465 0.01671643316274309 0.866132
21 0.2805165966850829 0.22298490890481065 0.02118770765588003 0.015027959877175026 0.865952
13 0.5602455943172848 0.5404356519959058 0.009776613733228098 0.01541877256908905 0.865354
22 0.5669512991318074 0.6659917297850563 0.014689995264404105 0.010457717911975434 0.865212
5 0.5093272549329124 0.42182301740020467 0.014825329755327545 0.010533102968270215 0.865106
13 0.6716546929755327 0.293274857727738 0.008769101183898974 0.01817306530194473 0.864534
13 0.5680189423835833 0.3362663500511771 0.007485302604577743 0.016362094575230295 0.864342
5 0.41571247987371746 0.6895086182190379 0.015009884135753748 0.01091809866939611 0.863426
10 0.22812812628255724 0.46577038280450356 0.014107317442778216 0.016642882292732857 0.863308
6 0.22906160694554062 0.2629169785056295 0.015927806787687453 0.01025014042988741 0.862615
13 0.305501954222573 0.6266028413510747 0.009253298816101025 0.016388113817809618 0.86166
7 0.4898251870560379 0.40356890726714434 0.01599266550907656 0.01392414657113613 0.861425
10 0.4541052059984215 0.33796637871033774 0.014378390528808209 0.016628366018423747 0.861392
5 0.615589682715075 0.17315740429887408 0.014192623835832675 0.011985254452405322 0.859946
6 0.3986471602209945 0.21909955209826 0.01571973354380426 0.009867398157625383 0.859602
2 0.6175196842936069 0.27628190788126916 0.011922487766377268 0.010331290071647903 0.858862
9 0.23672463456985005 0.5697388741044013 0.015440659194948698 0.01058590133060389 0.855918
3 0.49618780741910024 0.29685440327533263 0.02442652186266772 0.018164366018423746 0.855147
0 0.31151789360694554 0.4050327189355169 0.016809440883977903 0.01053931299897646 0.855116
5 0.6238596748224151 0.7067877011258955 0.014612245619573796 0.010609064483111566 0.854935
6 0.48397941594317284 0.3412338505629478 0.014466727703235989 0.009927428454452405 0.854718
7 0.2991862099447514 0.6524604135107471 0.014985072138910814 0.01440383868986694 0.854559
9 0.2137294901341752 0.6526448802456499 0.014470283820047357 0.010911416990788127 0.853951
0 0.34779105288082085 0.6496669477993858 0.021498059668508287 0.010158064278403274 0.853839
0 0.46457877821625887 0.563681866939611 0.021965325335438043 0.013067031320368475 0.853378
0 0.4321958895027625 0.5455551279426818 0.022795961483820047 0.011455620061412488 0.852591
2 0.6037259921073402 0.15372184237461617 0.012180831570639306 0.010765179938587511 0.851149
2 0.6347868539857933 0.6646179242579325 0.01293359684293607 0.0094949011258956 0.850744
6 0.6262588413575374 0.37906577686796317 0.023022865982636146 0.010729596724667348 0.850096
13 0.6984459921073402 0.45534146161719546 0.008088670560378848 0.021387633981576254 0.848616
22 0.1969288587213891 0.3251522292732856 0.013688746329913182 0.010959813306038894 0.846591
13 0.2464926408839779 0.21868282497441147 0.014356326440410417 0.017086781576253835 0.844663
3 0.4744247766377269 0.19398983009211873 0.021530105130228887 0.016910830706243603 0.844429
8 0.6649392896606157 0.603472966223132 0.015992423046566694 0.010473963561924258 0.843014
0 0.37276186266771905 0.30177997952917096 0.022494984688239936 0.010891555373592631 0.842983
14 0.18316628255722178 0.19973135721596727 0.006628682557221783 0.015832748413510747 0.842249
13 0.6853263456985004 0.31367022313203685 0.00752179321231255 0.01711180511770727 0.840894
6 0.45837618310970796 0.2790876888433982 0.01468478232044199 0.009785200409416581 0.840828
6 0.3167747232833465 0.4662868372569089 0.01588315327545383 0.009503207369498464 0.840605
3 0.36683567482241514 0.6052091545547595 0.02410190497237569 0.0178913604912999 0.840306
2 0.5807862099447514 0.1542697400204708 0.02273284041041831 0.010464085158648925 0.84014
6 0.30932518389897395 0.38476433162743096 0.01576050765588003 0.009428922824974411 0.840012
5 0.5116819700078927 0.1553723480040942 0.024071031412786107 0.010705333060388946 0.837978
14 0.6235169944751381 0.6627695885363357 0.0067669670086819254 0.01613355496417605 0.837905
6 0.4115849597474348 0.36265976663254856 0.01605049281767956 0.009738585875127943 0.837659
8 0.29338973954222575 0.38581584442169914 0.014354467561168115 0.010037636847492324 0.837654
6 0.4385936669297553 0.5254398689866939 0.013631646408839779 0.00930789273285568 0.836014
7 0.3182999337016575 0.1817513531218014 0.01585147150749803 0.014031708495394063 0.834172
9 0.19590122178374111 0.22317749846468785 0.015157382162588794 0.010816720573183213 0.832404
6 0.3912928681925809 0.607390761924258 0.022797941594317285 0.011085821903787103 0.832371
6 0.20201046882399368 0.20254604708290685 0.01510686913970008 0.00990992507676561 0.83124
6 0.5158001957379637 0.19649087410440125 0.014634552170481452 0.009731327737973387 0.830938
8 0.4537992991318074 0.6062832016376664 0.014689550749802683 0.009676380757420675 0.830599
2 0.1781048776637727 0.42821568065506654 0.012299153275453828 0.010136080245649949 0.829157
3 0.5053173291239147 0.5815785465711361 0.024827231570639305 0.017881875127942683 0.82896
19 0.505443409629045 0.5043116151484135 0.010636102920284135 0.010114908495394063 0.827218
6 0.5658634506708761 0.4210584237461617 0.015320842304656669 0.009820652610030707 0.82655
9 0.403739681136543 0.44377560696008184 0.014540153433307024 0.01078160900716479 0.826351
22 0.6271349392265193 0.2977072998976458 0.024420419889502762 0.010207718321392016 0.825566
13 0.3644975280189424 0.36071028863868987 0.009661241988950277 0.015912745138178096 0.825438
1 0.5848854427782162 0.1766625342886387 0.015120689502762432 0.014327091095189355 0.824755
6 0.37258607734806626 0.6289655353121801 0.023644256985003945 0.011020760696008188 0.824442
10 0.335488909234412 0.15532675537359264 0.013980105445935281 0.017090056908904812 0.824218
2 0.6803146456195738 0.6036791811668373 0.012905067087608524 0.010253310951893552 0.822464
7 0.5609491397000789 0.7104351115660185 0.02574580078926598 0.014210777482088025 0.820752
4 0.6254425509076559 0.4183980413510747 0.010870847040252565 0.01175087164790174 0.820481
4 0.393797910023678 0.4231997052200614 0.010407945698500395 0.011240470010235414 0.818483
8 0.26660935122336227 0.7136326223132037 0.014472425572217838 0.010377170931422722 0.817036
2 0.34347679621152327 0.15827376867963153 0.012247306708760852 0.01064215844421699 0.816486
8 0.3695395359116022 0.3428636560900717 0.014694278768745067 0.010609798157625383 0.816402
22 0.4655526692975533 0.23798881473899694 0.014513563378058406 0.010810824974411463 0.813587
6 0.46379966535122336 0.688683496417605 0.013688140173638516 0.010290466325486181 0.812267
11 0.5573117979479084 0.3160703868986694 0.02548341594317285 0.01629422968270215 0.812047
0 0.5110677316495659 0.6046539201637666 0.02216543772691397 0.011196004094165815 0.811765
13 0.39417615153906865 0.19589214329580348 0.008469862036306234 0.01688030460593654 0.811702
2 0.6434498374112075 0.4397862517911975 0.012182447987371744 0.009991703582395086 0.810477
2 0.3717815059194949 0.2813392835209826 0.010665360063141277 0.009793480450358239 0.809987
8 0.426731592738753 0.5865546939611055 0.014589696606156274 0.009805324053224155 0.807859
14 0.40709859510655094 0.3191091095189355 0.007371830149960536 0.016532490481064484 0.807804
2 0.42519680505130225 0.5258247860798363 0.011205202841357537 0.009293166837256908 0.80686
1 0.357607955801105 0.16010585875127945 0.015396086503551698 0.013953755578300921 0.806249
4 0.32743753749013416 0.3642497441146367 0.010809706077348066 0.011633667144319345 0.803752
0 0.18910903867403317 0.4492752835209826 0.022983021310181533 0.011099709314227227 0.803534
6 0.2553190844514601 0.6724396806550665 0.013915772059984214 0.010070180552712384 0.803459
13 0.2855953780584057 0.25923681473899696 0.0084222181531176 0.017168979324462638 0.800846
13 0.18583700710339385 0.6479401924257933 0.0068836722967640105 0.014173464892528147 0.799423
21 0.16868844198895028 0.285578088024565 0.018936968587213894 0.017237342067553736 0.79844
8 0.4361253985793212 0.300574395087001 0.016012587845303867 0.010087867349027637 0.798259
5 0.5171268697711129 0.360933011258956 0.014795143172849249 0.00998565076765609 0.797063
8 0.21289986424625099 0.2642530522006141 0.015187407103393846 0.010419645445240532 0.796257
8 0.30252087766377267 0.5473552507676561 0.01547153275453828 0.009545472262026612 0.796254
5 0.28999849723756904 0.2009991467758444 0.02335960599842147 0.00895834923234391 0.7961
13 0.23198125966850827 0.5060755783009212 0.00934131270718232 0.01944140511770727 0.795677
13 0.685947049723757 0.3326765854657114 0.009059005524861878 0.020240953121801433 0.79325
8 0.24943936858721388 0.3245673858751279 0.014580604262036305 0.01040127737973388 0.792743
4 0.2968634191002368 0.36544406141248725 0.011191544119968429 0.011034910133060388 0.792198
2 0.2861073780584057 0.48727726509723646 0.013431978531965273 0.00967669518935517 0.789969
2 0.4247830023677979 0.4229353203684749 0.01106247324388319 0.009999957420675538 0.789279
23 0.4808362936069455 0.4630012855680655 0.012590754853985793 0.01064394022517912 0.788737
19 0.6607927766377268 0.235169670419652 0.011799559273875297 0.009636788536335723 0.783734
4 0.4335791381215469 0.4024574165813715 0.010924956590370955 0.01125551033776868 0.782862
23 0.534361913180742 0.31982994472876153 0.012959257458563538 0.009856157215967247 0.780936
4 0.6957247545382794 0.6423024278403274 0.010325952959747435 0.01160576131013306 0.779109
11 0.5744866298342541 0.43863621699078814 0.015063872454617207 0.016517476356192422 0.778557
13 0.3086933265982636 0.21769584933469804 0.010370364009471193 0.0170074923234391 0.77838
27 0.4008454869771113 0.5945875389969294 0.0065171093922651935 0.009942416376663255 0.77814
22 0.42645922651933704 0.3210245240532242 0.014362751696921864 0.01028166223132037 0.777353
6 0.43843242936069454 0.4228514718526101 0.014062300236779795 0.010042693961105425 0.77698
13 0.6110332059984215 0.3555722088024565 0.00961646724546172 0.017833190583418628 0.776919
8 0.33839643883188636 0.30202549846468785 0.016274568587213892 0.010473596724667349 0.774972
23 0.2629881736385162 0.4469138996929376 0.012130803472770324 0.00976835209825998 0.77459
2 0.21495715864246254 0.22234661207778916 0.013457598737174429 0.011395825588536334 0.772253
23 0.24767302920284137 0.6512954431934493 0.01234045272296764 0.007542016786079836 0.771901
14 0.6559819163378059 0.15037523848515866 0.008039895185477505 0.01624654083930399 0.771271
22 0.5920885998421468 0.21527058341862845 0.014918879873717442 0.011352800818833162 0.770996
10 0.6713423204419889 0.6622106857727738 0.0171166408839779 0.017750678403275336 0.770885
1 0.5903319589581688 0.4631315127942682 0.015213229360694554 0.014444007369498465 0.76876
23 0.2932689123914759 0.6710852650972364 0.014184784214680349 0.010020867144319344 0.768417
4 0.30739655627466456 0.20007094370522005 0.008616955958958169 0.012147868167860797 0.765336
2 0.6942675548539857 0.5416202743091095 0.013543672928176795 0.010152640327533265 0.764274
23 0.4781877947908445 0.6889062190378711 0.013725964325177585 0.010602697236438075 0.764041
2 0.42275318705603787 0.6478587021494371 0.01274043504340963 0.009355162333674514 0.762477
8 0.5863264782951855 0.25721947185261 0.016444615627466456 0.009537768679631525 0.761078
6 0.37767657774269925 0.15589351893551687 0.023806423993685873 0.013903446468781987 0.759518
0 0.6728330607734806 0.5825184360286592 0.0225467908445146 0.012336867963152507 0.758195
5 0.4627255564325178 0.3788847164790174 0.014741356906077347 0.014947046059365404 0.757823
14 0.32056004798737175 0.5245157011258955 0.007426586266771902 0.015079421903787103 0.75627
3 0.35571836464088397 0.2173413797338792 0.02024226550907656 0.017163267144319348 0.756127
2 0.6945241610102605 0.5619108290685774 0.023974369692186265 0.010294763561924257 0.753171
6 0.31391984846093135 0.36493075127942676 0.015439487292817682 0.010154160081883317 0.752249
0 0.6789495816890292 0.4804986366427841 0.022117955485398577 0.012339357215967248 0.75058
5 0.5404465098658248 0.7079825424769703 0.015426151854775059 0.010676876970317297 0.749909
8 0.6055654743488555 0.19502195291709315 0.015765558958168904 0.009973571340839303 0.748852
6 0.3668538595106551 0.5663414370522005 0.014857698500394633 0.010311559467758444 0.747304
6 0.5146565808997632 0.17645422313203685 0.014396171112865036 0.01032636397134084 0.747141
14 0.4795484135753749 0.4188634530194473 0.00752599589581689 0.015983544728761515 0.744847
19 0.3976599337016575 0.5059008065506653 0.011532729281767955 0.010460547799385874 0.744169
2 0.1670207040252565 0.36652858955987716 0.01178181910023678 0.0105842505629478 0.743703
5 0.6944166692975533 0.6838192343909929 0.014730890607734805 0.014009934083930399 0.742318
1 0.6312126333070245 0.3606932569089048 0.01621084135753749 0.0179968 0.739038
24 0.22692551223362276 0.385637142272262 0.03219526314127861 0.020605956192425792 0.737771
23 0.5726140110497239 0.503026374616172 0.011215062983425415 0.009822119959058342 0.737454
6 0.5129278232044199 0.278339340839304 0.014719535280189424 0.009173970931422722 0.731537
2 0.35513887924230464 0.2607599754350051 0.01085064183109708 0.010469509109518936 0.730249
22 0.6275604609313339 0.6451666407369498 0.024755179794790843 0.010179786284544525 0.7296
13 0.31813808997632204 0.7094265711361311 0.009180802525651144 0.017460326714431935 0.7275
23 0.4700495406471981 0.4849368433981576 0.013001243883188634 0.010071805117707267 0.726739
6 0.41222344435674824 0.1771024769703173 0.015744868823993688 0.010169881678607983 0.724476
23 0.21869754696132596 0.36540318526100307 0.01323372501973165 0.010433139815762538 0.719387
1 0.6170683807419101 0.5245597215967247 0.01568001010260458 0.014725240532241555 0.717981
6 0.49962471349644827 0.5245193694984647 0.015172414838200473 0.00975808065506653 0.71637
13 0.6147724628255723 0.41663829682702147 0.00947486913970008 0.016999107471852612 0.715902
14 0.5764728018942383 0.35639890276356195 0.006880156590370955 0.015504088433981576 0.715765
13 0.6614336858721389 0.4373596233367451 0.016458355169692185 0.015487371136131014 0.711757
3 0.4842283441199684 0.5417237748208803 0.024679208208366218 0.017460876970317295 0.710888
6 0.1980906582478295 0.6744696008188332 0.024675732912391477 0.010500323439099284 0.710661
13 0.36163444988161014 0.3798306325486182 0.00948529502762431 0.01787495762538383 0.710658
4 0.3074677998421468 0.32250183009211875 0.00874105635359116 0.0135794505629478 0.709967
8 0.47278007261247035 0.2177849907881269 0.015345290607734808 0.010985491914022517 0.708051
1 0.5450504688239937 0.3820523561924258 0.01449921767955801 0.012918907676560901 0.708018
10 0.27787941278610895 0.48483517707267143 0.013069537490134177 0.017320876151484133 0.706471
24 0.6882294301499605 0.23700280859774822 0.03313916969218626 0.015568520777891504 0.70364
0 0.3788747466456196 0.2189059406345957 0.02287851996842936 0.010721107062436027 0.702085
6 0.31261418784530387 0.2416485404298874 0.014678478295185479 0.009712330808597748 0.699973
6 0.6560392991318075 0.19500623132036846 0.02365185414364641 0.010620777072671443 0.698548
6 0.5433043346487767 0.2787308085977482 0.014291386898184688 0.01033377932446264 0.698269
2 0.5312810228887135 0.38007903377686797 0.01265310812943962 0.009896640327533264 0.691277
14 0.27779050986582476 0.2595913367451382 0.00663555232833465 0.015544597748208802 0.69118
6 0.19757178847671664 0.6946773551688844 0.02485660994475138 0.010570127328556805 0.6907
11 0.28023331965272297 0.30046748822927327 0.02551764356748224 0.01653183541453429 0.688673
22 0.1687688587213891 0.24426068372569087 0.025526857142857143 0.010561218423746162 0.685295
10 0.16296026519337015 0.22038403275332652 0.015809606314127863 0.017641282292732857 0.684153
8 0.35135121073401737 0.5664360286591608 0.015200904183109707 0.0102561670419652 0.680867
6 0.5671068792423046 0.23668418423746163 0.015247376164167326 0.009581605731832138 0.679321
6 0.31903366566692976 0.2002724421699079 0.013964628255722178 0.009793794882292733 0.678422
6 0.6362038453038673 0.5417460470829069 0.015152573322809787 0.009795419447287616 0.677374
14 0.5290277379636937 0.27532839303991813 0.01401174680347277 0.01580264155578301 0.676986
4 0.467356590370955 0.3405659447287615 0.01044819447513812 0.011328301330603889 0.675884
22 0.5081278737174427 0.6255059979529172 0.01439968681925809 0.01036975557830092 0.6754
6 0.2764775753749013 0.6310203480040942 0.02314199589581689 0.010427349027635618 0.664848
2 0.24961232517758486 0.6928313776867963 0.02277983772691397 0.010884690276356192 0.662418
8 0.26026047040252565 0.22190360368474923 0.01509236179952644 0.010372952302968272 0.660239
0 0.3515075990528808 0.4850901289662231 0.03541237695343331 0.011869805527123849 0.660015
10 0.2827553338595107 0.3626348741044012 0.01412408776637727 0.01761442456499488 0.658636
0 0.6777902067876874 0.4558296171954965 0.031196034727703235 0.005433855475946776 0.655098
1 0.21442616574585635 0.5305200409416582 0.01576220489344909 0.014697544319344932 0.651039
21 0.421151318074191 0.711626284544524 0.02898340268350434 0.017461715455475948 0.650497
4 0.650206459352802 0.3576883357215967 0.010129032991318074 0.011059226202661207 0.650472
23 0.6825691428571429 0.21476801637666326 0.014381906235201263 0.009947971340839305 0.649624
0 0.597850317284925 0.5835044421699079 0.021339731649565905 0.011117081678607983 0.647709
6 0.6258065679558011 0.39892896622313206 0.022862032517758486 0.011255431729785057 0.645359
14 0.41246833149171264 0.29870771750255887 0.012302830623520127 0.015713631115660185 0.642252
5 0.7029966093133385 0.5210464687819857 0.008371503078137332 0.010287688843398157 0.641773
14 0.23792684451460142 0.44471235209826 0.00675423772691397 0.014997276560900717 0.641519
0 0.5464151286503552 0.43982660388945755 0.02320192454617206 0.014601773592630502 0.639037
13 0.4002462004735596 0.35973109518935514 0.007715763220205209 0.01673705465711361 0.638143
8 0.37833728808208367 0.3224774616171955 0.015204945224940805 0.009959631525076767 0.634071
5 0.683475952644041 0.2941377113613101 0.014774614680347277 0.015172991606960081 0.633485
0 0.16964051144435674 0.2601727737973388 0.026013681452249412 0.003707545547594678 0.628209
18 0.1770731996842936 0.5703868659160696 0.026077610734017365 0.013347216376663255 0.627447
2 0.18376395264404102 0.3244520941658137 0.012757649881610102 0.01151114350051177 0.626872
0 0.5471619131807419 0.4617993694984647 0.01846121673243883 0.010356628045035824 0.626774
13 0.6631850734017364 0.6409000614124872 0.006682388003157064 0.015948380757420676 0.62356
7 0.49621690292028414 0.3833913121801433 0.015121416890292028 0.01420469846468782 0.62209
19 0.5154579194948697 0.2380186857727738 0.011420347908445145 0.010073979938587512 0.618638
6 0.6035881925808997 0.27664926919140226 0.01475392454617206 0.010385162743091095 0.618213
4 0.258655772691397 0.20045245445240534 0.009789221783741121 0.012157615557830091 0.616796
6 0.6266371232833464 0.5629455721596726 0.02286967008681926 0.010456748413510747 0.615194
7 0.4741035138121547 0.5237584442169908 0.03493205872138911 0.02086020061412487 0.61485
2 0.27878905130228887 0.6506484994882292 0.024742127229676402 0.008836166223132037 0.614579
23 0.21605915074980267 0.28394618628454454 0.012162606471981058 0.009612289048106447 0.613869
13 0.5802540047355959 0.2946649089048106 0.008150094396211524 0.016348757420675538 0.613604
14 0.26244101657458563 0.17728877789150463 0.013168138910812944 0.01626826284544524 0.613363
11 0.3762024056827151 0.42120908904810644 0.022351002367797947 0.016259039508700102 0.613299
13 0.6374097325966851 0.620823844421699 0.008753381531176005 0.017494783213920163 0.609636
7 0.3500621183898974 0.5082734575230297 0.024701838042620362 0.015627005117707267 0.609497
46 0.23878152486187848 0.5281562988741043 0.026663036464088397 0.012360895803480041 0.605969
4 0.26836073875295974 0.24153822722620266 0.010288977426992897 0.011129265916069601 0.60271
13 0.5687010702446724 0.17211060798362332 0.015567790370955013 0.016618618628454453 0.602605
12 0.3000716022099448 0.5060045690890481 0.025620649723756907 0.019107216376663252 0.602281
13 0.6085437181373323 0.5997183606960081 0.0047748950276243094 0.0181133494370522 0.599403
6 0.3884883851617995 0.2810431934493347 0.021628827782162588 0.010226741453428863 0.599271
0 0.6884900773480662 0.6239042292732856 0.0240956817679558 0.010833097236438076 0.598011
4 0.4516830055248619 0.5248579078812693 0.010386164483030782 0.009616533879222108 0.596966
13 0.5040573322809787 0.19372911361310133 0.00879217553275454 0.016795067349027634 0.593452
14 0.5553090576164167 0.6631453346980554 0.007700245619573796 0.016354600614124873 0.592325
13 0.20691144435674821 0.6705441801432959 0.010556736858721388 0.017525440327533268 0.592069
2 0.43608902920284137 0.2596371914022518 0.010806069139700078 0.010044737768679632 0.58919
13 0.6780290323599053 0.35432889252814737 0.010206701815311761 0.017347288433981575 0.588051
6 0.5170917127071822 0.4007667684749232 0.014674275611681137 0.009628953940634597 0.587823
8 0.6096570211207577 0.1950355783009212 0.006971605367008682 0.010192363561924258 0.584335
13 0.637279247355959 0.6160049129989765 0.008192686977111285 0.007890066734902765 0.58215
6 0.3057100678768745 0.46665891504605933 0.008187110339384372 0.009159323643807574 0.581136
6 0.4296888271507498 0.4643074882292733 0.015698396842936068 0.010432668167860797 0.581068
13 0.6405493392265192 0.6840671115660184 0.011846475769534332 0.015120717297850564 0.580396
14 0.39465299447513813 0.5422643357215967 0.00609991223362273 0.016312073694984646 0.580057
8 0.5977024151539069 0.5031534575230296 0.0146914500394633 0.009592453633572159 0.579765
6 0.22567561799526442 0.4477117707267144 0.0156962955011839 0.010490523643807573 0.579257
10 0.44876496921862663 0.3988836356192426 0.012442973954222572 0.017288070419651996 0.578743
18 0.6788558295185477 0.3985913973387922 0.018949132123125493 0.010757161924257932 0.574868
4 0.27054573007103394 0.46694478607983625 0.010220198895027625 0.01108183909928352 0.5746
23 0.16287580741910024 0.26394071647901746 0.013062344435674821 0.01080650153531218 0.570592
27 0.3961558579321231 0.5912604927737974 0.011819926124704025 0.003398065916069601 0.56996
23 0.2956915169692186 0.5888867308085977 0.013312686977111287 0.00960151975435005 0.565804
2 0.4583337521704814 0.4019203406345957 0.01512072991318074 0.010453394472876151 0.565792
6 0.4798684640883978 0.6667759754350051 0.015317205367008683 0.009685682702149437 0.564095
2 0.3472479368587214 0.3808632794268168 0.014599112233622731 0.015985090685772772 0.563659
1 0.5687612817679558 0.6275652650972364 0.024082265509076557 0.014122369703172977 0.560131
7 0.27466476400947115 0.6738470255885363 0.02356796211523283 0.014158634186284545 0.559999
23 0.5681531049723757 0.48247536540429886 0.0150336454617206 0.009642029068577277 0.559058
8 0.6194884798737175 0.439706857727738 0.016419965272296767 0.010634664483111567 0.547012
10 0.5426791854775059 0.5212838648925281 0.013493159905288082 0.016929093961105424 0.546622
13 0.5322048050513023 0.5797147512794268 0.019382776322020522 0.019155796110542477 0.545375
2 0.550473951065509 0.6868537645854657 0.02257281515390687 0.010435917297850563 0.544941
2 0.608206881136543 0.15463788741044013 0.004027237632202052 0.011571776458546571 0.54374
23 0.43533577900552484 0.5061282456499488 0.012866838831886345 0.010507450562947801 0.541084
1 0.4123240662983425 0.38111377686796316 0.01605885777426993 0.01875950706243603 0.540466
14 0.17358699289660615 0.6305049416581372 0.014341738279400157 0.01717568720573183 0.53951
13 0.18286886187845305 0.2816662927328557 0.008304421783741122 0.017166149437052202 0.538435
6 0.6889543930544594 0.7062539529170931 0.024906718863456984 0.01153462108495394 0.536778
18 0.3713826550907656 0.6487291545547595 0.022725324072612473 0.012573582804503582 0.527505
2 0.550241591160221 0.5238257850562947 0.013292602999210734 0.009815438280450358 0.527171
11 0.4353959905288082 0.686161228249744 0.024692099131807418 0.01672411054247697 0.526236
8 0.3136224277821626 0.5916833749027636 0.016755250513022887 0.004208278403275333 0.52429
23 0.6034936322020521 0.3591381289662231 0.017845240726124704 0.009740708290685773 0.523586
21 0.40857074664561954 0.5881506980552713 0.020357071507498027 0.015179647082906858 0.520491
23 0.16946957537490134 0.5302729498464688 0.013238655090765588 0.010346356601842374 0.519624
8 0.49651836464088395 0.27898759467758444 0.015878021152328333 0.010098505629477993 0.518187
23 0.5555571775848461 0.1544987512794268 0.013490735280189424 0.00976313776867963 0.517653
5 0.31374668981846887 0.25637312589559874 0.01658835548539858 0.01130718198567042 0.516517
19 0.40919185477505915 0.506004307062436 0.011056613733228098 0.009481511566018423 0.515935
6 0.5652201168113655 0.37961760491299895 0.023047677979479084 0.010644490481064483 0.514979
19 0.5818154632991318 0.6659026407369498 0.01182517947908445 0.010183978710337768 0.512512
18 0.35336405367008683 0.4236181617195497 0.02212215816890292 0.011849760491299897 0.509803
10 0.4868647198105762 0.21479605322415557 0.012031838358326757 0.017317312589559875 0.509102
23 0.5959336511444356 0.7073686141248721 0.01240203820047356 0.010396429887410439 0.507602
14 0.37891960220994475 0.3803227185261003 0.00788354727703236 0.015101746571136132 0.505366
8 0.212351090765588 0.24331843602865916 0.014315916022099449 0.010150963357215968 0.504814
