7 0.6663395106550908 0.6173968723618091 0.025094546487766378 0.016515241809045227 0.99438
11 0.1540954317284925 0.20066188221105527 0.017617649250197317 0.015394116180904523 0.993408
2 0.22320613733228095 0.45379511959798996 0.012052205209155486 0.01033326633165829 0.991478
1 0.12766580584056827 0.47949108743718594 0.018018722651933702 0.015679755577889448 0.990415
2 0.3044609818468824 0.27234952361809045 0.012233930860299922 0.010484988140703519 0.989046
18 0.34388659826361484 0.4281341427135678 0.016572757063930545 0.014619761206030151 0.986746
21 0.4129859889502762 0.15997735879396985 0.030610326124704025 0.01562852984924623 0.986439
6 0.35899928650355173 0.40710663718592965 0.016664246250986583 0.0109992008040201 0.985865
11 0.626782722020521 0.3377622834170855 0.016290045777426994 0.015260944723618091 0.985363
18 0.19820501973164958 0.2008251304522613 0.01677210165745856 0.01509514934673367 0.983658
21 0.45733278610891875 0.5236051618090451 0.016458840094711918 0.014890375075376884 0.98351
1 0.48958757379636936 0.25268717989949746 0.01737850039463299 0.015324906130653267 0.983153
2 0.39816102288871347 0.6819212221105527 0.011703342067876875 0.010832762211055277 0.982519
11 0.3709834001578532 0.45051034371859294 0.017332796211523283 0.015967916381909548 0.982403
2 0.5513856101026046 0.22754926633165828 0.012655371112865035 0.01169238190954774 0.98182
7 0.5544224530386741 0.13651077788944724 0.01820303456985004 0.01650366391959799 0.981649
18 0.2876575217048145 0.6799980060301508 0.01735170828729282 0.014596811256281407 0.981434
2 0.2324641641673244 0.4994076301507538 0.012870677821625888 0.010649497085427137 0.981265
21 0.12984109865824783 0.5014162653266332 0.018523367955801104 0.01511851095477387 0.980796
21 0.5717653922651934 0.29866297889447235 0.017492215311760064 0.013787259497487438 0.980748
1 0.3158328776637727 0.45521971457286436 0.01705368145224941 0.015885739095477386 0.980356
18 0.42060820205209154 0.5871374922613065 0.01628693417521705 0.014963521608040202 0.980076
5 0.347437865824783 0.3384163055276382 0.016604802525651143 0.010426764221105526 0.979732
18 0.2815616101026046 0.4047543702512563 0.017422992265193372 0.01436638552763819 0.979703
21 0.4279887608524072 0.6615047718592965 0.017317359431728494 0.015715621306532663 0.979459
6 0.3713369913180742 0.6362230351758794 0.016867914759273874 0.011011138894472363 0.979168
2 0.6404225717442777 0.5691831959798994 0.012709723125493292 0.011078882412060303 0.979047
2 0.6263883163378058 0.40876073165829147 0.011792002525651145 0.010361490653266333 0.978801
5 0.1900105951065509 0.6358615477386934 0.015619030781373323 0.010623279597989949 0.978768
12 0.4397413228097869 0.31589242211055274 0.020823084451460142 0.019309604020100506 0.978336
2 0.5751792644041043 0.7058450010050251 0.013794136700868194 0.011162063115577889 0.978287
11 0.1806701310181531 0.47386294673366836 0.016480257616416732 0.015991689648241207 0.978243
6 0.2704115674822415 0.20260997788944723 0.01688011870560379 0.011027064924623116 0.977836
18 0.6823626456195738 0.29555418693467334 0.017640279084451458 0.014600233165829146 0.977429
2 0.1601731586424625 0.49895326231155773 0.012309740805051303 0.011123161407035176 0.977398
2 0.17762722651933702 0.6827262713567839 0.01238619731649566 0.010803611658291457 0.977321
0 0.4409883883188635 0.15820182512562816 0.0247170727703236 0.011034603417085427 0.9773
1 0.6381407166535122 0.2767290532663317 0.016447525177584847 0.01559649768844221 0.977219
2 0.4545618437253354 0.6366169407035176 0.011014465666929756 0.010611341507537687 0.976952
22 0.39096231097079714 0.4290786412060301 0.015260145856353591 0.01050598271356784 0.976763
12 0.26197468034727706 0.1549540984924623 0.02071264277821626 0.01894062954773869 0.976452
5 0.2783223109707972 0.6355134391959799 0.015148855564325178 0.011195227336683418 0.976365
21 0.6737354254143647 0.5485261829145729 0.017615507498026834 0.014481109547738694 0.976149
2 0.6520152296764009 0.4323153045226131 0.013481077190213102 0.010847530452261306 0.976003
21 0.20984564483030782 0.5919466902512563 0.027133009629044986 0.014810050251256281 0.975992
2 0.6195862326756116 0.6141069507537689 0.011464516495659037 0.011527641407035176 0.975823
5 0.27776424309392267 0.6587332824120603 0.013573414996053669 0.01051148864321608 0.975599
18 0.6683951886345699 0.6820056120603015 0.01636157221783741 0.014310219899497486 0.975027
2 0.26660894711917915 0.45337805829145733 0.01384222509865825 0.010259965427135679 0.974761
2 0.3597731460142068 0.43072038592964823 0.011628299921073402 0.010556693869346734 0.974421
7 0.6038051965272296 0.2533139296482412 0.024237158642462512 0.01582092864321608 0.974384
11 0.6732593906866614 0.36120133467336685 0.015880809471191793 0.015628684221105527 0.974247
18 0.5542329281767956 0.20121347859296482 0.01862108034727703 0.01613384040201005 0.974049
21 0.16963768271507498 0.3870002170854271 0.017272099763220205 0.014280631959798996 0.973626
2 0.6003060584056827 0.4082551638190955 0.013016276558800317 0.010893661909547738 0.972694
5 0.6407176890292028 0.7279302110552764 0.015122346329913182 0.011092570050251256 0.972553
1 0.17559781531176005 0.2282339055276382 0.017187924861878454 0.016003396180904524 0.971553
4 0.6769541152328334 0.45476457487437183 0.012751952012628255 0.011949411055276382 0.971479
7 0.42024572059984217 0.18334694271356783 0.018916884609313338 0.01506237105527638 0.971426
2 0.33043679873717446 0.15689944120603017 0.014563429834254144 0.011219077788944725 0.9714
2 0.2767531744277822 0.5447113969849247 0.012115124230465667 0.0109787208040201 0.971193
6 0.332063318074191 0.6589193005025125 0.015790411365430152 0.010415289246231155 0.97109
7 0.6808856448303078 0.16134946733668343 0.0183413998421468 0.015409862110552763 0.9708
1 0.5340527734806629 0.2069339336683417 0.01750631854775059 0.01579944522613065 0.970378
5 0.29169209786898187 0.338489632160804 0.015027179794790846 0.010303138090452262 0.970153
2 0.5513383299131808 0.47661513969849245 0.012739546014206788 0.010923172663316584 0.969957
4 0.39871747434885557 0.22493549346733668 0.010696516495659036 0.014063971055276382 0.969798
11 0.6913757853196527 0.7250205587939699 0.014831876243093924 0.016060642412060303 0.969754
5 0.4117074033149171 0.22644653668341708 0.016175482241515392 0.011724002412060302 0.969425
21 0.6208745572217838 0.23074810854271358 0.024709394790844514 0.015166340502512563 0.968938
5 0.5491060584056827 0.591524920603015 0.015372284767166535 0.0111521575879397 0.968926
7 0.6604573701657459 0.2078334070351759 0.0292193591160221 0.015128004824120602 0.968197
7 0.6402140135753749 0.5023460984924623 0.01840157095501184 0.014428391557788944 0.96769
0 0.33845212438831884 0.22606215075376884 0.024595275769534332 0.010833276783919599 0.967454
13 0.44953882872928175 0.2701566713567839 0.009072704656669298 0.016908632763819095 0.967228
4 0.6633269139700079 0.5917171392964824 0.010137074664561959 0.011109113567839196 0.967038
7 0.43445644830307817 0.6854429587939699 0.01818424372533544 0.015175525628140703 0.966951
9 0.2365819857932123 0.6121453989949748 0.014783181689029203 0.011087141306532664 0.966725
1 0.512058999210734 0.6630680442211055 0.01704794317284925 0.015845705326633167 0.966213
0 0.13268073875295974 0.1796278673366834 0.025714482715074982 0.011911358391959798 0.966041
0 0.27137818468823993 0.47630793969849244 0.02602164230465667 0.011288828140703517 0.964931
18 0.27611105288082083 0.6101408804020101 0.01690965872138911 0.013850011658291457 0.96482
18 0.6410517215469613 0.38396912562814073 0.016509070244672457 0.014355167839195979 0.964782
5 0.5097584340962904 0.2956498974874372 0.015494566692975534 0.01083772783919598 0.964778
0 0.331201363851618 0.17840730050251258 0.03225652533543804 0.013581584723618092 0.964387
18 0.7044323914759274 0.22645245427135677 0.01932834348855564 0.01643532864321608 0.964218
0 0.1594122304656669 0.5664446391959799 0.026474279400157855 0.010571539296482413 0.964191
22 0.5600520284135754 0.6845244462311557 0.016186110181531176 0.011026267336683417 0.964115
13 0.6916295627466457 0.316736064321608 0.008808137647987371 0.016768746130653264 0.963966
0 0.41558235832675616 0.27260423718592963 0.024734247198105762 0.0102692791959799 0.963935
18 0.45816847355958956 0.5651126673366834 0.01537078958168903 0.014294731256281407 0.963825
2 0.6856391223362274 0.6825060341708542 0.01336033086029992 0.010816810452261306 0.96363
7 0.39393045619573797 0.13583951758793972 0.01817098910812944 0.01617027216080402 0.963602
4 0.7080863014996054 0.429969624120603 0.011505694711917916 0.012178756180904523 0.963511
5 0.5386195548539858 0.3847497326633166 0.015433142857142859 0.010885042814070352 0.963446
2 0.6441394816101026 0.6142644100502512 0.013474045777426991 0.01039228783919598 0.963324
5 0.375211138121547 0.5445192040201005 0.014411405840568273 0.011062107336683417 0.963187
1 0.6506643093922652 0.4118108623115578 0.01643984719810576 0.015674249648241205 0.963174
5 0.612307952644041 0.18136403618090452 0.017200937016574585 0.011962378291457286 0.963061
2 0.5836193843725336 0.614659344723618 0.013004597947908446 0.01134651175879397 0.962658
0 0.7045427119179164 0.18205382110552765 0.026406107024467242 0.012296233165829146 0.962116
9 0.38791253670086817 0.6358718391959798 0.01584371270718232 0.011419658291457286 0.961846
2 0.4731607387529597 0.20379478190954775 0.012036606787687452 0.0102678383919598 0.961521
10 0.21874361483820048 0.2695476743718593 0.016722194790844514 0.016467772462311556 0.961137
0 0.6188735141278611 0.7061406231155779 0.025109377111286503 0.010965959396984925 0.961135
22 0.4031185730071034 0.5898710834170855 0.016052715390686662 0.010453033165829144 0.961102
5 0.22791273875295975 0.7053746814070352 0.015425384056827151 0.011263536884422111 0.960301
18 0.6342447482241514 0.15645202010050252 0.018462307813733227 0.014741380502512563 0.960219
1 0.31255134964483033 0.636062231155779 0.0154465591160221 0.014307672763819095 0.960106
5 0.31538888839779006 0.20309470552763817 0.016849972533543804 0.01099361768844221 0.960031
8 0.3982434601420679 0.25017554974874373 0.017362538279400156 0.010723261105527638 0.959748
7 0.582696410418311 0.5709543557788945 0.019372875769534333 0.015683923618090453 0.959156
1 0.2527150370955012 0.20528421306532663 0.016270123441199682 0.015748579698492464 0.959117
5 0.6162097805840568 0.158368032160804 0.01670732375690608 0.011783564221105526 0.958995
2 0.4246355043409629 0.1339319959798995 0.012370154380426204 0.011677124824120604 0.958712
0 0.44647046566692977 0.1808968040201005 0.025012351696921863 0.010947846432160803 0.958667
0 0.3175748495659037 0.5676006271356784 0.02657239589581689 0.011714148341708544 0.958625
5 0.48938511760063136 0.659425640201005 0.01713110781373323 0.011377051658291457 0.958568
1 0.16062615943172848 0.25054424120603014 0.016949462983425416 0.013484150351758794 0.958462
7 0.1642942131018153 0.7073750834170854 0.018708164798737173 0.015599379296482412 0.958286
13 0.3410146702446724 0.6327756542713567 0.008840021468034727 0.01735852381909548 0.958109
7 0.2875358863456985 0.5927045788944724 0.029876311286503553 0.015456379497487438 0.958101
22 0.583790320441989 0.52201616080402 0.015871878768745067 0.010437441608040202 0.958098
0 0.635402910812944 0.2964799035175879 0.024548359273875296 0.010592662512562813 0.957748
13 0.628388510812944 0.382662367839196 0.008042319810576164 0.017929854070351758 0.957565
22 0.34920056827150747 0.3163437025125628 0.01508355232833465 0.009644742110552764 0.957504
18 0.5771339163378059 0.7262220864321608 0.017424164167324386 0.014881447236180905 0.956912
4 0.6783426172059984 0.5911232450251256 0.01221679684293607 0.013287686432160804 0.956854
10 0.44091969060773484 0.5648103557788945 0.017499933701657457 0.016973057286432162 0.956636
11 0.35464708445146015 0.358617664321608 0.014668779794790844 0.015116838592964824 0.956471
7 0.6136124009471192 0.6400771859296482 0.018635506866614047 0.01565366673366834 0.956468
6 0.27925619573796373 0.7054724502512563 0.016552915548539857 0.011112484020100503 0.956313
1 0.34088753906866615 0.409094432160804 0.017517188950276246 0.015366380703517589 0.956302
6 0.476970228887135 0.567729527638191 0.017048226045777427 0.01098129366834171 0.956089
13 0.4348294364640884 0.5876944659296482 0.008952806945540646 0.017249846030150753 0.955876
9 0.25755458879242304 0.5893662874371859 0.016288469771112864 0.011208348944723617 0.955871
13 0.49450754222573007 0.17839958190954774 0.008851942541436465 0.01723196462311558 0.955848
5 0.5122198326756117 0.5677354452261307 0.015231535280189423 0.011002957185929649 0.955732
22 0.7050482462509865 0.3189451256281407 0.017094738437253353 0.010880360201005024 0.955499
11 0.20140835359116022 0.33610047035175883 0.016622098184688242 0.015102147537688442 0.95528
8 0.3070472486187845 0.38435505527638186 0.017160445777426994 0.011144953567839197 0.955067
1 0.31408795580110493 0.6618423316582915 0.01685429644830308 0.015417992361809045 0.955057
18 0.600517000789266 0.3158237266331658 0.024836243093922652 0.013536919798994974 0.954894
10 0.3295332621941594 0.269401535678392 0.017286000947119178 0.01658566110552764 0.954816
22 0.16273154222573008 0.15602183718592963 0.016532993212312552 0.01103609567839196 0.954654
2 0.28711278926598266 0.20243960281407036 0.013907730386740333 0.012463109145728643 0.954567
8 0.5838982162588793 0.36192611055276386 0.016229187687450672 0.011387497487437186 0.954387
8 0.3640239179163378 0.3388251336683417 0.015678555327545383 0.010766253668341708 0.954371
5 0.2376104309392265 0.7277699216080402 0.01666958042620363 0.011000898894472363 0.954079
6 0.21853469297553277 0.17944982512562813 0.017326613417521706 0.010938789949748744 0.953921
2 0.298915864246251 0.5680817527638191 0.012972229202841358 0.010871586733668342 0.953877
5 0.2979880410418311 0.6120396542713568 0.016006728334648775 0.010691640603015076 0.95387
18 0.170459226519337 0.29323629346733665 0.01646296195737964 0.014345802613065325 0.953729
4 0.3716558295185477 0.27125605628140703 0.01260025130228887 0.012154185326633166 0.953632
5 0.1545359052880821 0.17906466733668341 0.01683182825572218 0.011127483819095478 0.953575
22 0.3792202557221784 0.3170707939698492 0.014613255880031572 0.009423578693467338 0.953232
11 0.47406916495659035 0.3587445065326633 0.019754552170481453 0.016053850050251256 0.953182
0 0.21184111128650357 0.2950738331658292 0.02536816543014996 0.010611315778894473 0.952989
9 0.29198588161010264 0.5447965587939698 0.01717992359905288 0.011890749748743719 0.952677
2 0.16574009786898186 0.4069494351758794 0.01199748950276243 0.010518975678391959 0.952671
5 0.12724917442778216 0.24879186331658293 0.016088357379636938 0.012181303316582915 0.952553
22 0.15054376006314127 0.6116923175879397 0.015487171586424627 0.010049813869346733 0.952436
0 0.6477491018153118 0.24938748140703518 0.03428856322020521 0.015758871155778894 0.952408
22 0.5304291712707182 0.31674455477386937 0.01640028539857932 0.00994020984924623 0.952346
0 0.4985752549329124 0.45331450854271355 0.02350960947119179 0.010006538291457286 0.952304
22 0.48245028571428566 0.6135651055276382 0.015027988003157066 0.010247126834170854 0.952218
5 0.1379199494869771 0.5661292060301507 0.015457187056037885 0.01027262391959799 0.951996
5 0.43713646724546174 0.2500950190954774 0.015377255248618785 0.010488487236180904 0.951963
1 0.2537103456985004 0.43263691256281406 0.017820347908445146 0.016144234773869347 0.951533
5 0.17039052880820837 0.5892502512562814 0.015989149802683504 0.010768414874371858 0.951446
22 0.3180768681925809 0.7055944040201004 0.015640771586424625 0.01078745407035176 0.951426
2 0.45225844988161007 0.22709850050251257 0.01324415090765588 0.011670178090452262 0.951406
5 0.6446836078926599 0.4548870432160804 0.015349856985003947 0.011159438793969849 0.951402
23 0.6661920126282558 0.22896948743718593 0.015134711917916337 0.010849846030150753 0.950878
2 0.35817006471981055 0.22575495075376883 0.012950205524861877 0.010831938894472362 0.95041
22 0.42545826045777424 0.4304787939698492 0.014764229202841357 0.010948566834170856 0.950149
23 0.18098250355169693 0.705035320603015 0.01376160631412786 0.011395344723618089 0.950035
0 0.25526574269928964 0.36093375678391965 0.025567307971586423 0.010526694271356784 0.949999
8 0.4441052438831886 0.6135270271356784 0.018191719652722968 0.011156377085427136 0.949951
0 0.5056309139700079 0.4074233567839196 0.02603287640094712 0.01112161768844221 0.949888
18 0.22655616101026044 0.2240164663316583 0.016223611049723755 0.014176353768844222 0.949576
5 0.3050348097868982 0.4073928940703518 0.015960862509865826 0.010866132261306534 0.94943
0 0.13591842146803473 0.4302920040201005 0.033649149171270716 0.015170457085427136 0.949361
2 0.45762778216258876 0.7287666492462312 0.014146273086029993 0.011683171055276382 0.949059
11 0.21947827624309393 0.3810450653266332 0.015732866929755326 0.016029047638190956 0.948884
0 0.39404522178374113 0.3614045909547739 0.024392132596685084 0.010542826130653266 0.948653
22 0.2886047419100237 0.24927273165829145 0.015275784688239936 0.010507500703517587 0.948357
2 0.5202392801894239 0.6844642412060301 0.012110396211523282 0.012090378291457288 0.948148
6 0.22770381689029204 0.36127363216080405 0.016614622257300708 0.010880154371859296 0.947838
23 0.7048154822415154 0.5921086263316583 0.015182840726124703 0.011035015075376884 0.947807
5 0.43537578531965276 0.38486139497487437 0.016242684767166535 0.010340727638190954 0.947736
2 0.2479542857142857 0.13297514773869346 0.013771223993685872 0.011840758994974875 0.947013
7 0.4048133859510655 0.5011484301507538 0.01776389455406472 0.01525438391959799 0.946674
22 0.20460400947119178 0.31727044824120604 0.017153535595895816 0.009556827336683418 0.946601
6 0.2713333291239148 0.4303022954773869 0.017225506550907658 0.010676460703517588 0.946582
0 0.45988187529597474 0.25012409246231154 0.028172203946329914 0.011272799195979899 0.946186
8 0.29579577584846095 0.4986658733668342 0.017649775532754538 0.01069686351758794 0.945912
0 0.5004931333859511 0.6830728361809045 0.025049569692186267 0.011440730050251256 0.945859
4 0.12629952959747434 0.6582300301507538 0.013666803472770325 0.01307110271356784 0.945764
8 0.32332214048934493 0.6820153889447237 0.01741915327545383 0.0111081616080402 0.945623
6 0.4570454680347277 0.2041382592964824 0.016325930228887134 0.010458230351758795 0.945362
14 0.5318516179952644 0.5417147819095478 0.008622370955011838 0.01617598391959799 0.945343
18 0.7027852628255723 0.274411159798995 0.016880482399368586 0.013583128442211056 0.945043
18 0.30405970639305446 0.35903832763819093 0.016236017048145226 0.013930825326633166 0.944606
13 0.5090039715864246 0.427291272361809 0.01045938816101026 0.01916251336683417 0.94458
2 0.7070562399368587 0.5246319919597989 0.013695454459352803 0.011569450452261307 0.944373
6 0.6564490607734806 0.27495480603015077 0.015628648460931333 0.010386473165829144 0.94425
5 0.686908817679558 0.27485909547738696 0.013263386266771903 0.010871715376884424 0.944047
16 0.6144144669297553 0.729281736683417 0.016470882399368586 0.012110781105527638 0.943858
5 0.6083841010260458 0.5685219698492462 0.01594477916337806 0.011554733668341708 0.943736
5 0.426658045777427 0.6135175075376884 0.01619669771112865 0.010356061909547739 0.943611
13 0.507539093922652 0.5182883376884423 0.007738999210734018 0.016638662110552763 0.943452
5 0.39776459668508285 0.18078359798994975 0.012679374901341753 0.01011449567839196 0.943348
6 0.6930144277821626 0.43227619698492464 0.016860842936069455 0.011039646231155779 0.943292
0 0.36332805051302286 0.6815152241206031 0.02335261499605367 0.010789975477386934 0.943227
5 0.4040532659826362 0.40712619095477387 0.015838944277821624 0.010595338291457286 0.943119
6 0.5198064846093133 0.5911729527638191 0.016868722967640096 0.011747775678391961 0.943065
2 0.6128148609313339 0.29632398793969844 0.013317172533543803 0.010745001809045227 0.94301
8 0.1683716243093923 0.6591019738693468 0.01713038042620363 0.011989933668341708 0.942966
0 0.598056410418311 0.43111480603015073 0.02539321988950276 0.010791210452261306 0.942752
7 0.5808258121546961 0.45664302311557786 0.01760221247040253 0.015050072763819096 0.942401
8 0.5499045682715076 0.6135797708542714 0.01740795958958169 0.011873974673366833 0.941737
9 0.25319794159431724 0.383604808040201 0.017040305603788476 0.011414564020100503 0.941415
8 0.6013256132596685 0.1342649246231156 0.017799779005524864 0.012767633366834171 0.941384
13 0.32071813354380424 0.5870671758793969 0.008463598421468035 0.016345432763819098 0.94134
8 0.14409546961325967 0.3615864924623115 0.01570348855564325 0.010988420502512563 0.941314
0 0.41557063930544597 0.203972824120603 0.025296032833464877 0.010574858291457287 0.941086
5 0.35078344435674824 0.45309298492462313 0.01570179131807419 0.010940359396984924 0.940676
5 0.4142617458563536 0.3612934432160804 0.014692743172849248 0.010972288643216081 0.940666
18 0.27990559116022096 0.5659732904522613 0.023057861404893448 0.01578122934673367 0.940569
5 0.48432330860299916 0.6369822874371859 0.015534734648776638 0.011035915577889447 0.94044
5 0.6492665130228887 0.31870867939698494 0.014504430623520127 0.010755704924623116 0.940432
5 0.5263380205209155 0.15751461306532663 0.015167242304656669 0.01168337688442211 0.940189
9 0.6183230434096291 0.4990150110552764 0.016576111128650355 0.010993463316582915 0.940042
8 0.44263268823993684 0.4308644663316583 0.017483567482241516 0.011631996783919598 0.939974
1 0.3502787182320442 0.7312494633165829 0.018354614048934494 0.015845422311557788 0.939842
5 0.26415926756116814 0.40749645185929645 0.015385983898973953 0.010756348140703517 0.939839
11 0.49548264561957384 0.42816295879396987 0.015970803472770325 0.01582875015075377 0.939836
8 0.42127012470402525 0.4074277306532663 0.017177296921862668 0.011075023115577889 0.939384
2 0.36476666140489344 0.6126589427135678 0.012780320126282559 0.011113976281407036 0.939331
6 0.6487981562746646 0.5922790271356784 0.016962475138121547 0.011019629346733667 0.939189
8 0.5043891018153117 0.7288047276381909 0.017551335753749012 0.011734525427135678 0.939145
9 0.1804850513022889 0.5439379939698492 0.016494684135753748 0.010409526030150754 0.938316
13 0.39846329281767956 0.33640767035175884 0.007567093291239147 0.01629865809045226 0.938208
5 0.3809817458563536 0.249775983919598 0.01598147182320442 0.010910745728643216 0.93816
18 0.46794779479084453 0.5880970934673367 0.017767046566692975 0.015007749145728643 0.937823
2 0.6348234254143647 0.2050436759798995 0.0140195864246251 0.01084441728643216 0.937739
2 0.4588501973164957 0.43084774271356785 0.013190607103393844 0.011538627537688443 0.937663
6 0.24137829834254143 0.5897326633165829 0.016492017048145225 0.01040252783919598 0.937638
8 0.3805622857142857 0.5212947296482412 0.016984458405682717 0.011023128442211056 0.937201
22 0.15370547119179165 0.29536662512562817 0.01507538942383583 0.010780275778894472 0.936908
2 0.6908565114443568 0.5925275658291458 0.01222972817679558 0.012251516783919598 0.936815
0 0.13171492975532753 0.29526937085427135 0.026046817995264405 0.012094211859296483 0.936706
18 0.5832431633780585 0.4974324422110553 0.016492299921073404 0.014099913969849246 0.936183
0 0.18386901973164957 0.15453369246231155 0.02557114696132597 0.014558810050251256 0.935913
2 0.6681470686661405 0.500892687437186 0.011788163535911602 0.010434585728643217 0.935623
13 0.2994371586424625 0.6324244582914573 0.00918936953433307 0.017832471155778896 0.9353
2 0.18237060142067876 0.33915909145728645 0.0135492091554854 0.01072187175879397 0.935265
9 0.7083724072612471 0.3640968361809045 0.017100638358326755 0.011654637989949748 0.935105
5 0.21712234885556433 0.6830995939698492 0.01655703741120758 0.011023334271356783 0.935024
2 0.5429943867403315 0.5215803175879398 0.012910441673243882 0.010499704924623116 0.934974
9 0.29167835832675615 0.5215669386934674 0.01726567450670876 0.011237525226130654 0.934939
22 0.3062968271507498 0.6821741346733668 0.015383640094711918 0.011111017487437185 0.934802
0 0.5187453070244673 0.2739537045226131 0.024794337490134176 0.011118838994974874 0.93473
8 0.24740995737963692 0.2489068703517588 0.017902502288871348 0.011744533869346733 0.934702
1 0.34186931018153116 0.5705599356783919 0.017108922494080504 0.016638404824120604 0.934389
2 0.5204954822415153 0.7287262552763819 0.013691332596685082 0.01118424120603015 0.93433
8 0.5263428697711129 0.7063271557788945 0.016387838989739542 0.011103684824120602 0.934075
0 0.27733670086819256 0.3171173628140703 0.024478853354380426 0.009296247638190955 0.933832
0 0.42440597316495654 0.4765065648241206 0.02497068855564325 0.011178220703517589 0.933763
5 0.5308328713496449 0.24974099296482413 0.014987900868192582 0.01109233849246231 0.933667
4 0.6139143880031571 0.27301255075376885 0.013408985003946331 0.013213587939698493 0.933486
2 0.4769120378847672 0.6830242090452262 0.013581052565114443 0.011387343115577889 0.93346
13 0.7029719589581689 0.4756850492462312 0.00842092501973165 0.01729180944723618 0.933217
22 0.5098554191002368 0.7062901065326633 0.015200176795580111 0.010778037386934674 0.933129
5 0.20310882399368588 0.6596255517587939 0.017067138121546963 0.011199343919597989 0.932691
6 0.33341920883977905 0.453039983919598 0.015977592423046565 0.010626161206030152 0.932628
23 0.5972405240726124 0.6145528281407034 0.013196991949486979 0.011172483216080402 0.932537
19 0.3128768555643252 0.15636788743718594 0.013419168429360695 0.011386777085427135 0.93238
22 0.33037295027624314 0.13220200201005025 0.01542239368587214 0.011838726432160804 0.932223
2 0.7062379289660615 0.6158024683417085 0.013927127387529598 0.0117233591959799 0.932198
18 0.3734662162588792 0.22419528040201006 0.0157946544593528 0.015410145125628142 0.932171
9 0.204483182320442 0.452739216080402 0.016266365272296763 0.010989346733668342 0.932127
5 0.6514648397790056 0.6840219658291458 0.01593322178374112 0.01052926713567839 0.932048
5 0.3485224814522494 0.6593662070351759 0.015655359747434885 0.01078987256281407 0.931473
2 0.48467326282557227 0.591073640201005 0.014548720441988948 0.011171325427135679 0.931152
6 0.18746352644041042 0.45402822110552765 0.016932854301499607 0.010493066934673367 0.931124
9 0.21083327545382796 0.49883928442211056 0.016688169218626675 0.0111382383919598 0.93105
4 0.2184162904498816 0.727409463316583 0.012721522967640096 0.014186722412060301 0.930745
5 0.48194555958958163 0.2962686713567839 0.015004671191791635 0.010580235577889448 0.930684
8 0.565771314917127 0.49901372462311555 0.01593859636937648 0.010425349145728643 0.930323
2 0.4052223393843725 0.47550983718592965 0.01209649502762431 0.010778397587939699 0.930262
21 0.5994982541436464 0.2063889752763819 0.030046156274664563 0.015596523417085428 0.930227
5 0.43020365588003157 0.33858637185929646 0.01609098405682715 0.010302803618090451 0.930113
9 0.2961594696132597 0.7047800924623117 0.015750728334648776 0.011626953969849247 0.929861
6 0.476708773480663 0.45287017487437187 0.01638824309392265 0.010936371457286431 0.929248
0 0.35617055722178376 0.4986604703517588 0.025810659510655094 0.011073427939698493 0.929022
8 0.31353352486187847 0.5223992603015076 0.016883270718232042 0.011750605829145729 0.928941
14 0.6179953149171271 0.47450770653266333 0.008829999684293608 0.015843775678391958 0.928516
18 0.3643564956590371 0.4737448522613065 0.016339023204419892 0.01486171336683417 0.928253
8 0.585230547750592 0.6612726994974873 0.0172706045777427 0.011510763417085427 0.927895
5 0.3880624593528019 0.4534482974874372 0.013725641041831096 0.010122265728643215 0.927733
5 0.17848069455406473 0.4310710673366834 0.014693753433307024 0.011554013266331658 0.92651
22 0.19604104183109708 0.705239863316583 0.015414715706393056 0.010910874371859296 0.926507
8 0.33266300868192583 0.20302369447236182 0.01643402809786898 0.011869034773869348 0.925536
22 0.5743948981846883 0.3165814351758794 0.015976178058405684 0.009877972261306532 0.925257
5 0.2299170955011839 0.2491898854271357 0.016049886661404895 0.010535261909547738 0.92515
5 0.703119861089187 0.5003516140703518 0.008125282399368588 0.011301821105527639 0.925025
11 0.6889867213891081 0.3393644060301508 0.0215264681925809 0.015495512763819096 0.924813
9 0.4042359210734018 0.38396243618090453 0.015929140331491714 0.011449143316582915 0.924609
18 0.18519690607734807 0.6574761809045226 0.016249716179952644 0.015251862512562813 0.924309
6 0.24122069771112864 0.6357892502512563 0.016560229834254144 0.01089883336683417 0.924228
8 0.2075854901341752 0.4070978894472362 0.01695596906077348 0.011284145527638192 0.924189
6 0.6458666632991318 0.5230553407035176 0.015974440410418313 0.01074366391959799 0.923919
14 0.624459769534333 0.542464 0.008627785951065508 0.01633305728643216 0.923463
2 0.5431717884767167 0.5447062512562814 0.013240918074191001 0.011845261507537688 0.922906
9 0.6624435422257301 0.5227229266331659 0.015590298973954224 0.010908250050251256 0.922859
7 0.5007372123125493 0.5927034982914573 0.017405130860299923 0.015407546532663317 0.922858
13 0.6032402588792423 0.2707386532663316 0.00838435359116022 0.017324819296482413 0.922264
9 0.23905308287292815 0.1565454150753769 0.016051058563535912 0.011407076984924623 0.92217
18 0.3054195169692186 0.4282164743718593 0.016596437569060773 0.015273423115577889 0.9221
24 0.19120270244672455 0.5681854391959799 0.028368477348066298 0.013280816884422111 0.921944
13 0.387683409629045 0.22248329648241205 0.009012937647987372 0.018527684824120604 0.921787
0 0.6953505540647198 0.5446982753768844 0.023601664404104186 0.013085253467336683 0.921759
5 0.5681353243883188 0.6606994653266332 0.017212696448303078 0.01136475336683417 0.921724
12 0.12978371586424625 0.33757189145728644 0.02202105130228887 0.01782632201005025 0.921683
5 0.5754722399368587 0.20464923015075376 0.014846100710339385 0.011273931256281407 0.921305
2 0.3903092786108919 0.15760569246231157 0.013111281452249409 0.011157174673366835 0.921141
4 0.5998441673243883 0.15719815075376883 0.0125730955011839 0.013109489849246233 0.920857
5 0.2585854585635359 0.6127587698492463 0.01648102541436464 0.01152236703517588 0.920843
13 0.23519833307024465 0.42691306130653267 0.010191871191791635 0.01888454110552764 0.9208
22 0.642404460299921 0.6381405909547738 0.015743858563535912 0.010408908542713568 0.920757
21 0.5760864782951854 0.4340085065326633 0.01587442462509866 0.015842772261306533 0.920603
9 0.6400244483030781 0.6611090653266332 0.01685942857142857 0.011217225326633166 0.920526
0 0.6712610955011838 0.6381840723618091 0.03192487703235991 0.010041915175879396 0.920204
5 0.6690530702446724 0.13422504522613066 0.014414032517758486 0.01235612944723618 0.919995
11 0.2603926124704025 0.7027596221105528 0.015985795737963694 0.01569413788944724 0.919815
11 0.43106682241515387 0.6336807879396985 0.01643515958958169 0.016229165025125628 0.91929
8 0.2636808082083662 0.17966388743718592 0.01599969692186267 0.01085347376884422 0.919239
5 0.3826098816101026 0.6593044582914572 0.014569329755327546 0.011786497286432161 0.918939
5 0.3327123093922652 0.29481860502512564 0.01775096322020521 0.010604909346733669 0.918885
22 0.15373537490134176 0.45417847638190956 0.014852323914759274 0.010269124824120604 0.918811
7 0.2745734364640884 0.22840268542713568 0.01665705319652723 0.015070707135678391 0.918681
13 0.6797691049723757 0.5204899376884422 0.008113482557221784 0.016419685628140706 0.918049
5 0.21831283977900554 0.2026804743718593 0.015574619731649567 0.01146985487437186 0.917841
2 0.6568382131018153 0.386537616080402 0.012897995264404105 0.010731751557788945 0.917813
9 0.20946457458563536 0.522131167839196 0.016936046724546173 0.011461673165829146 0.91775
18 0.6288164975532754 0.5201793929648241 0.01772485808997632 0.01503139376884422 0.917688
9 0.7065292880820836 0.2046070351758794 0.017029677663772693 0.012574900100502513 0.915911
13 0.544790225730071 0.2926486512562814 0.008534720757695343 0.016273418291457287 0.915907
0 0.6614579321231254 0.3415405346733668 0.030501702920284136 0.010981859698492464 0.915752
6 0.48409296921862666 0.40734977286432167 0.0158108590370955 0.01106465447236181 0.915529
22 0.33002085430149963 0.5212455879396986 0.013995501815311761 0.010784546733668342 0.915258
5 0.2096080315706393 0.22658186934673366 0.015577690923441198 0.011589801809045225 0.914678
13 0.6568636716653512 0.36087741105527643 0.015991614838200472 0.016739775678391963 0.91462
8 0.5175673433307024 0.22696522613065326 0.01723354822415154 0.011661430351758794 0.914137
11 0.37061566535122337 0.381820783919598 0.014704017679558012 0.015920241206030153 0.914112
0 0.4021111412786109 0.658358416080402 0.023688748855564327 0.011174850251256281 0.91408
5 0.5069555674822415 0.18143942110552766 0.014962523125493291 0.01131815879396985 0.913866
2 0.1377570955011839 0.4073317628140704 0.013212307498026833 0.012302022110552764 0.913765
0 0.43084254459352805 0.5439706693467337 0.033425517916337806 0.0136104008040201 0.913687
8 0.5008588476716653 0.6373610130653267 0.017522644356748225 0.010703681608040201 0.913114
8 0.6902669234411997 0.6161387417085427 0.01788334775059195 0.011254969246231157 0.912923
0 0.3858192770323599 0.4751612140703518 0.024342751065509077 0.012789451256281408 0.912782
2 0.7109388729281768 0.15855224924623115 0.013821817837411208 0.012056905326633166 0.912555
5 0.2571318958168903 0.3166843497487437 0.012744718547750594 0.009778711155778896 0.912434
0 0.3938480189423836 0.5444296683417085 0.020512247513812153 0.01098541025125628 0.912267
6 0.3748187529597474 0.43020735678391964 0.016213063930544593 0.011157560603015076 0.911639
6 0.5672693291239147 0.6145175798994974 0.01708879810576164 0.010840172060301509 0.910387
2 0.6373428129439621 0.5428486432160804 0.014634390528808208 0.016460053869346732 0.910096
2 0.32263087987371747 0.38399974271356785 0.012530785793212313 0.011610487638190954 0.909574
9 0.25816276558800316 0.6355934552763819 0.016076961641673243 0.011403706532663318 0.909394
9 0.4097895248618785 0.3385174190954774 0.01560306866614049 0.011330585728643218 0.909161
5 0.16135031412786108 0.47642371859296484 0.014860648460931335 0.011355413869346733 0.908985
5 0.18056708445146014 0.20269385326633166 0.0166046408839779 0.011915783718592966 0.908344
6 0.34855804262036305 0.6127129728643216 0.016639878768745064 0.010863636582914574 0.908007
18 0.20068662352012628 0.17759093065326634 0.01574163599052881 0.014350227939698493 0.907848
0 0.5603878389897395 0.567867175879397 0.025402958800315706 0.011323484623115578 0.90737
9 0.24748148382004734 0.4990188703517588 0.015278330544593528 0.011451947738693468 0.907187
4 0.588309821625888 0.4069026090452262 0.011749531176006314 0.012180325628140703 0.906855
2 0.5406534112075769 0.2733292703517588 0.01589648871349645 0.011405867738693468 0.906608
8 0.6715750844514601 0.5688505246231156 0.016035298500394632 0.011066558391959799 0.906418
5 0.5491315169692187 0.4988205025125628 0.016009193370165747 0.010830163618090452 0.906416
9 0.530358453038674 0.4762222633165829 0.016697706077348065 0.011837259899497488 0.906347
5 0.1368838263614838 0.5219243095477386 0.017254480820836623 0.010374740904522612 0.905553
0 0.35544236148382 0.5211650572864323 0.03330456953433307 0.01185161648241206 0.905518
11 0.15241920757695343 0.22352916582914573 0.01863518358326756 0.0169004767839196 0.905368
6 0.2577970513022889 0.2254428623115578 0.01489463362273086 0.011186916984924624 0.905367
5 0.12665797000789267 0.36268073165829146 0.01680770323599053 0.011243468542713568 0.90535
14 0.5964028161010261 0.6349474090452262 0.008534437884767166 0.016023721809045228 0.903668
5 0.4370790844514601 0.2734200924623116 0.016294652565114445 0.011072553165829146 0.903663
2 0.5404481262825571 0.5673675256281407 0.013605743330702448 0.011988647236180905 0.903071
14 0.17312186898184687 0.2688766713567839 0.008374453038674033 0.01598201567839196 0.902618
18 0.3653437221783741 0.656851232160804 0.01685554917127072 0.01529089286432161 0.901874
13 0.21651215153906866 0.5414237909547739 0.00771451049723757 0.017211536080402007 0.901675
0 0.7001133259668508 0.45460042613065327 0.026568880189423837 0.012854030150753768 0.901448
8 0.18723763220205208 0.5889021427135678 0.016434715074980268 0.0114505583919598 0.900755
4 0.2654164356748224 0.5434465768844221 0.010806432833464878 0.01274046391959799 0.900425
5 0.28832227308603003 0.42986079195979904 0.014747337647987373 0.011010469949748745 0.900239
6 0.38761471191791635 0.3842331015075377 0.0155585363851618 0.011062956381909548 0.900209
7 0.7002870907655879 0.6393961487437185 0.02615018784530387 0.01603164623115578 0.900144
6 0.2362643599052881 0.3845060824120603 0.01587608145224941 0.011011653467336685 0.900141
14 0.44433719968429364 0.6334631236180904 0.008552299289660616 0.01642007155778894 0.899417
5 0.4127596906077348 0.5675754130653267 0.02711231949486977 0.010865128844221106 0.899207
22 0.5745488618784531 0.25096233165829146 0.014917829202841357 0.010878713567839196 0.898987
9 0.46981596842936074 0.383987135678392 0.016153135280189423 0.011813512361809045 0.898318
23 0.41055287766377263 0.13359160603015074 0.014073938437253353 0.012043757989949748 0.897751
22 0.45904053038674036 0.4076145206030151 0.015037726913970009 0.011313476180904522 0.897446
6 0.341498544593528 0.6822042371859297 0.017335867403314918 0.01065209567839196 0.897319
2 0.3959445114443568 0.5215785165829147 0.011745773007103394 0.010241157788944723 0.897105
18 0.430006453038674 0.29316785527638195 0.024974527545382794 0.013600804020100502 0.897104
0 0.29012376953433305 0.4505576844221105 0.02591766629834254 0.016076928643216082 0.896795
21 0.16837202841357538 0.36387351155778896 0.03060563851617995 0.01515867336683417 0.896452
5 0.4608137395422257 0.5442580582914572 0.02655958579321231 0.011157483417085428 0.896137
6 0.4682908792423047 0.6359112040201005 0.015591551696921863 0.011433809045226132 0.895923
18 0.5356910118389897 0.726601583919598 0.01593823267561168 0.013703101105527637 0.895848
2 0.5617989707971587 0.40780233969849244 0.012301456669297554 0.012395442814070352 0.89582
8 0.1934030497237569 0.13268981708542713 0.01757287450670876 0.011592091658291457 0.895588
2 0.3330032644041042 0.5906393407035176 0.015014652565114443 0.011577580703517587 0.895198
0 0.1318042367797948 0.2691334432160804 0.026436212786108918 0.01838682050251256 0.894673
21 0.1943728997632202 0.6855993889447236 0.019096549329123913 0.015280035376884422 0.894502
8 0.1669079589581689 0.33995950954773874 0.01638064593528019 0.011156737286432161 0.89384
0 0.19479922967640093 0.382318375879397 0.032274103867403314 0.01425408 0.89274
14 0.23078591949486976 0.20017193165829147 0.00881383551696922 0.015813081407035176 0.892707
18 0.6246541436464088 0.5665115336683417 0.015097453512233622 0.014188600603015075 0.892609
5 0.2660197632202052 0.295201704522613 0.014834462509865825 0.010765275979899498 0.892483
5 0.18587539700078928 0.7275180381909547 0.016646869771112866 0.011854034974874372 0.892419
7 0.25995698816101026 0.7302419296482412 0.02825152959747435 0.01583116864321608 0.89193
9 0.5100320126282557 0.36140510552763816 0.01587365682715075 0.010882907336683416 0.891869
13 0.6037562999210734 0.2248068502512563 0.00846630591949487 0.01641814190954774 0.891768
22 0.671979592738753 0.3864542552763819 0.015840924388318862 0.01035166231155779 0.891093
13 0.2966650039463299 0.22394828542713568 0.008224974901341752 0.016770547135678392 0.890998
14 0.3226723409629045 0.47286518994974874 0.008964404735595895 0.017654686231155778 0.8909
2 0.6102591040252565 0.20505419899497487 0.008205658721389108 0.013553051658291458 0.890544
27 0.35598790213101816 0.5704552201005025 0.009543081925808999 0.015616514572864322 0.890368
13 0.5333144751381216 0.6349270834170854 0.010375496132596685 0.01635490090452261 0.890362
0 0.3839207955801105 0.6126679477386935 0.02485745856353591 0.011124808040201006 0.890322
22 0.3736953433307024 0.20329641809045226 0.022620943962115232 0.010795378492462312 0.889686
18 0.3686234317284925 0.7259563095477387 0.01754919400157853 0.016456889246231156 0.88952
13 0.23992918074191003 0.20079320120603017 0.010280774112075768 0.01565675417085427 0.888395
13 0.4923872075769535 0.5404051939698492 0.008963273243883189 0.018558970854271356 0.888293
14 0.18852147119179163 0.3588654311557789 0.008002798421468034 0.016520155979899497 0.888079
0 0.38170670876085244 0.5679011376884422 0.033214777584846096 0.011305809045226132 0.887308
14 0.28823862352012625 0.22310721608040202 0.0073084262036306235 0.015698871959798993 0.886233
14 0.3529502509865825 0.2473348502512563 0.00918310591949487 0.016263049648241205 0.885858
5 0.4191510023677979 0.24756023316582915 0.021167098342541435 0.01560576 0.885631
6 0.12835076243093924 0.7050381507537689 0.018374051460142066 0.011691970251256283 0.885161
9 0.4933817079715865 0.2729453989949749 0.0165184454617206 0.01139272040201005 0.884898
6 0.5461350844514602 0.4075877885427136 0.015538371586424625 0.011509528442211054 0.884407
6 0.3107931731649566 0.31691204824120606 0.015300354222573006 0.0096519975879397 0.883749
0 0.4551837600631413 0.45405034773869346 0.024972830307813734 0.01093598552763819 0.883012
6 0.6614538910812944 0.4553426974874372 0.017196168587213893 0.010646023718592966 0.882655
0 0.26321608839779004 0.6821895718592965 0.02443537174427782 0.010945582311557789 0.882631
23 0.3098699971586425 0.5902518673366834 0.013364371902131017 0.010219880201005026 0.882456
7 0.23661593054459354 0.661899191959799 0.024958646250986583 0.01563720040201005 0.882292
8 0.33718574269928964 0.3837290773869347 0.015704377584846094 0.010919930854271356 0.881534
22 0.49915393212312553 0.33798921005025123 0.01608100268350434 0.010902898492462312 0.881515
7 0.40498513022888716 0.45616215477386934 0.01754911318074191 0.01512375959798995 0.880986
14 0.22892825256511445 0.586671983919598 0.008673288082083662 0.015815782914572862 0.880839
0 0.3106413512233622 0.29574895276381913 0.024200385161799527 0.010559112361809045 0.880829
13 0.3513310055248619 0.5425398994974874 0.007994433464877665 0.016365269547738693 0.880823
9 0.5186568082083661 0.5210083698492463 0.01523294964483031 0.011135691256281407 0.880422
13 0.38110216890292026 0.2923512281407035 0.008118978374112075 0.016889156180904523 0.880312
8 0.5574334333070246 0.4308106934673367 0.017853565272296763 0.011303236180904522 0.879333
13 0.14242449881610103 0.38049730251256286 0.008789993370165746 0.01957769648241206 0.878318
1 0.3319501689029203 0.6147807839195979 0.01638476779794791 0.014425407035175879 0.878149
9 0.532307043409629 0.33939708140703523 0.015621657458563535 0.01084488040201005 0.878096
6 0.2493444041041831 0.47672551557788945 0.01737425730071034 0.010738904120603016 0.876177
2 0.6917928208366219 0.20499116381909546 0.011547640726124705 0.011224635175879396 0.875904
2 0.6100058519337017 0.3627314170854271 0.007642014206787688 0.012005885427135678 0.875236
9 0.6860731302288872 0.4784786653266332 0.016022407576953435 0.011479220100502513 0.875152
0 0.2859703867403315 0.29421861306532665 0.0245505818468824 0.011594741708542715 0.873043
5 0.6858597632202053 0.22931322211055274 0.016230400000000002 0.011627880201005025 0.872522
6 0.18919188003157064 0.2953452703517588 0.01775112486187845 0.011035992763819096 0.87226
0 0.377999456985004 0.17969656281407034 0.02508436306235201 0.010908250050251256 0.871186
5 0.21806391160220992 0.33964870753768844 0.01505073906866614 0.010034248040201005 0.870813
10 0.5313715422257301 0.5651576924623115 0.013644011996842936 0.0168726383919598 0.870128
24 0.6230676306235201 0.25353956984924625 0.012192550591949486 0.012999525628140704 0.869306
10 0.15680697079715863 0.4042849768844221 0.01411911728492502 0.016171867336683417 0.86891
22 0.30391301657458564 0.7282302070351759 0.015059629360694554 0.011091000603015076 0.867757
6 0.5841313843725335 0.1583798673366834 0.016486602052091553 0.011577323417085426 0.867233
4 0.1677242494080505 0.7273191557788944 0.012150927861089187 0.013161513165829147 0.86705
18 0.6886650544593528 0.5673459135678393 0.01632896101026046 0.014453116783919598 0.865945
0 0.41832582162588794 0.5192163698492462 0.02477906235201263 0.01650654552763819 0.864305
0 0.45701798895027623 0.49826656482412063 0.034658358958168906 0.011379933266331658 0.864139
18 0.440890999210734 0.7033197346733668 0.022258220047355958 0.016609485829145728 0.863819
46 0.3338967387529597 0.24962830150753768 0.027037600631412785 0.010558777889447236 0.861452
7 0.4199786077348066 0.31934983718592963 0.016289035516969218 0.013782679798994975 0.861419
5 0.1760568776637727 0.13244565226130653 0.014807549171270718 0.011863786130653265 0.861411
8 0.2971131554853986 0.1574039798994975 0.016604842936069456 0.011777080603015076 0.861095
27 0.7075237884767166 0.34242662914572863 0.011566754853985794 0.015982864723618092 0.861053
13 0.32753052186266773 0.40428652060301506 0.008414742225730071 0.016825735075376883 0.860047
2 0.37550168902920283 0.4043583035175879 0.014230488397790056 0.016592556381909547 0.859807
18 0.24228268350434093 0.293295983919598 0.024745683346487767 0.01385623798994975 0.858524
0 0.4925209660615627 0.15721307336683418 0.031015117284925016 0.012251259497487437 0.856249
11 0.3542559116022099 0.6334101226130653 0.01684520410418311 0.016359943718592965 0.856058
23 0.564644268350434 0.227700808040201 0.012782017363851617 0.011115700100502513 0.856048
0 0.33047276400947123 0.35829965829145727 0.03252986140489345 0.01620492864321608 0.855543
13 0.6279572912391476 0.7255562291457286 0.010029219258089977 0.01643342472361809 0.8548
9 0.5657199936858721 0.47664266934673366 0.015479614838200473 0.011042579296482414 0.854278
18 0.46593293133385955 0.15466104924623114 0.017318167640094712 0.01703683859296482 0.853987
2 0.12780683820047356 0.5884750472361809 0.014937509076558799 0.011712347336683419 0.853611
13 0.2039550181531176 0.4263377688442211 0.007143672928176796 0.018995380100502512 0.852577
18 0.5790812943962116 0.3376146010050251 0.024759907813733228 0.014800710753768844 0.852382
10 0.4615011207576953 0.3132763336683417 0.015497355011838989 0.016130598592964826 0.850745
8 0.5027835958958169 0.31791186331658294 0.018053839305445935 0.010572336884422112 0.849962
14 0.3784993338595106 0.15453703718592965 0.010424473559589581 0.017074942713567836 0.84883
0 0.5944934238358327 0.7033786532663316 0.02444826266771902 0.01607731457286432 0.84839
5 0.2782208808208366 0.4998107979899497 0.015985189581689027 0.011664903718592965 0.848044
16 0.12833783109707972 0.38440882814070354 0.017748417363851618 0.011426836582914572 0.846346
22 0.14268272138910812 0.13292703517587942 0.015522934806629834 0.01112905326633166 0.846271
10 0.2188604009471192 0.24684369045226132 0.014189714285714285 0.016753077386934673 0.845405
18 0.5190338374112077 0.6348208241206029 0.018784742541436465 0.015989657085427135 0.845333
8 0.1704285146014207 0.4537948623115578 0.016362946172059984 0.011151437185929649 0.841697
7 0.45297250197316496 0.3407625005025125 0.029083095185477505 0.014440664120603014 0.840954
7 0.2345303488555643 0.3412611216080402 0.017365771112865035 0.014846507738693466 0.840655
8 0.15431849723756905 0.5218509829145729 0.017442672138910813 0.011447239396984926 0.840206
6 0.19283932438831886 0.5216021869346734 0.015067792265193369 0.011509451256281408 0.838512
5 0.2804798232044199 0.15636582914572864 0.014730244041041831 0.010642241608040202 0.837344
9 0.24625785635359118 0.5671099819095476 0.020076744435674823 0.010622765025125627 0.836535
13 0.6678306550907656 0.24883585929648241 0.008452647198105762 0.016557694070351757 0.835931
5 0.24115765745856355 0.27217765628140705 0.025700298658247828 0.010724727638190955 0.835407
13 0.48203971586424627 0.27048574070351755 0.007946910812943962 0.016234851055276382 0.835079
9 0.5585499731649566 0.5445464763819096 0.017250035674822414 0.01164753688442211 0.833646
9 0.5453175816890292 0.6375640120603014 0.014614387371744277 0.011505900703517589 0.83223
2 0.6589302604577743 0.2971452462311558 0.02033977584846093 0.010103741105527638 0.830734
14 0.3182166882399369 0.40465984321608034 0.008956322651933702 0.016455577085427137 0.830403
13 0.3184324798737175 0.6095941467336684 0.009328098500394634 0.016742760201005027 0.829367
2 0.4671214017363851 0.1809436301507538 0.013675208839779004 0.010827822311557789 0.827381
0 0.5928062888713497 0.293310391959799 0.024382636148382007 0.016380372261306533 0.827226
2 0.552897363851618 0.33968935879396983 0.018524620678768745 0.011371622914572865 0.827038
6 0.49383996211523284 0.36215458090452257 0.01686686408839779 0.010510202211055277 0.82434
22 0.1365213449092344 0.20312043417085426 0.01496834222573007 0.011029766432160804 0.821283
6 0.5353624751381215 0.22689087035175878 0.017058975217048147 0.01184950673366834 0.821026
18 0.4811615974743489 0.17895274773869346 0.01598979636937648 0.015254872763819096 0.819707
14 0.5127766882399368 0.3368262753768845 0.007935919179163378 0.016293718190954775 0.819343
0 0.35141425098658247 0.13076917386934675 0.024462729597474347 0.01701347698492462 0.819239
13 0.166142181531176 0.42858876783919597 0.00930130639305446 0.01706390512562814 0.819191
0 0.5388296890292028 0.6846003457286431 0.023935454459352804 0.011753693266331659 0.819072
22 0.6124371043409629 0.5449318914572864 0.012524643409629044 0.010725756783919599 0.818796
8 0.6356114285714286 0.13444245226130652 0.018133326598263614 0.012345503517587939 0.816585
13 0.3668409281767956 0.3159377045226131 0.0092288909234412 0.012765292060301508 0.814652
2 0.13112817048145223 0.6358821306532664 0.02384145982636148 0.013783991959798994 0.812957
4 0.14288719810576164 0.7034005226130653 0.011390444198895028 0.01446492623115578 0.812435
13 0.2323518232044199 0.5644138773869347 0.00866035674822415 0.01584935879396985 0.811279
6 0.3127822951854775 0.13156907738693469 0.017076432517758484 0.014089673969849247 0.810096
23 0.3049410576164167 0.1797047959798995 0.013777487608524075 0.01098620783919598 0.809533
7 0.4779049218626677 0.3187843216080402 0.028673414364640885 0.01393913567839196 0.809509
2 0.5369316116811365 0.36147431557788945 0.017268260773480662 0.010973189145728642 0.808878
6 0.612943002367798 0.6841652743718594 0.013573414996053669 0.0124811191959799 0.808008
8 0.28984130071033937 0.27190853467336684 0.014993073401736386 0.01063627256281407 0.805839
14 0.16633978847671665 0.6797088160804019 0.008775768902920283 0.016514444221105526 0.805593
4 0.17628196369376478 0.6349342874371859 0.011038509865824784 0.011673805829145728 0.803087
7 0.12836288555643252 0.4566769849246231 0.017652159747434885 0.015129908743718593 0.802383
5 0.4656484419889503 0.13332094070351758 0.016104359905288083 0.011412711557788946 0.801807
13 0.6811180047355959 0.4060398247236181 0.009461897395422258 0.017205438391959798 0.801611
23 0.19388029676400947 0.4308130090452261 0.013254051460142066 0.011084002412060302 0.801048
22 0.5183969692186268 0.5442760683417085 0.01597395548539858 0.011421433567839196 0.799443
22 0.700987403314917 0.6831366432160804 0.016348358011049724 0.010537474572864322 0.79938
9 0.5918663425414364 0.5909452542713568 0.01699504593528019 0.012452586130653266 0.79816
4 0.5351507245461721 0.5899624201005025 0.012013370797158642 0.014263728241206029 0.797108
5 0.2421634727703236 0.17960548341708543 0.026291543488555644 0.010954921809045226 0.797057
13 0.41008330860299924 0.29236769447236177 0.007675150749802683 0.01644358753768844 0.789512
10 0.4935279936858722 0.7033223075376884 0.01771511917916338 0.016209636984924624 0.7892
22 0.2845402620363062 0.36092192160804015 0.022266302131018153 0.01029284663316583 0.786371
18 0.5545998547750592 0.24829298492462312 0.024331032044198897 0.014528218693467336 0.784013
10 0.5825582067876874 0.2710262994974874 0.019353680820836622 0.01655540422110553 0.783598
0 0.479335450670876 0.5201202170854272 0.025468746961325967 0.013912172060301507 0.782646
2 0.5608852912391475 0.45370635577889445 0.022141757221783742 0.0111726375879397 0.779179
5 0.146266317284925 0.658875047236181 0.025300114285714284 0.011039877788944724 0.775305
4 0.43667942541436466 0.13189943316582914 0.01007096322020521 0.013770330050251255 0.773279
5 0.7038953370165746 0.25014235979899496 0.00657400726124704 0.0166084824120603 0.769628
2 0.44749850670876085 0.5906357386934673 0.014868245619573797 0.010434379899497487 0.768142
13 0.4799581752170481 0.7034843979899498 0.00861077316495659 0.016253144120603014 0.767878
2 0.3896186645619574 0.272889567839196 0.017089283030781374 0.010787556984924623 0.766492
2 0.700279412786109 0.3861347055276382 0.030787768271507497 0.01274545527638191 0.766314
4 0.21451466456195736 0.7038361085427135 0.010766062825572218 0.012433083819095478 0.766104
6 0.334494408839779 0.49859614874371855 0.016348762115232833 0.012031253869346734 0.765386
13 0.3931909455406472 0.5645587296482413 0.010515356590370955 0.016904824924623113 0.762236
6 0.1928316464088398 0.22629216482412062 0.014592525335438042 0.011207834371859297 0.761644
6 0.6231064246250987 0.6610136120603015 0.015144895343330704 0.01076434974874372 0.758744
10 0.2235690228887135 0.656550207035176 0.016055665351223363 0.01697416361809045 0.75765
14 0.6959559021310181 0.5201914854271357 0.00828272138910813 0.016347722613065326 0.757583
6 0.3297413758484609 0.6352103557788945 0.0168355864246251 0.011319779698492464 0.756422
13 0.20570519337016577 0.2695451015075377 0.008385323441199685 0.015975789346733667 0.755785
4 0.1249615406471981 0.4069296241206031 0.012134197947908446 0.013846666934673367 0.755163
0 0.4979690986582479 0.449156759798995 0.022686691712707183 0.0021889543718592967 0.75151
2 0.6094090345067088 0.4768582753768844 0.006442269297553276 0.010661203618090451 0.750528
23 0.17326613417521705 0.17914442613065326 0.014081454775059194 0.011250209447236181 0.750273
10 0.12626922178374111 0.5199028100502513 0.013993844988161011 0.016464839396984926 0.741511
24 0.5853525872138912 0.18220613467336685 0.014498005367008683 0.01499385567839196 0.741106
6 0.6556355990528808 0.5688371457286433 0.01605934269928966 0.01124936040201005 0.7399
13 0.14961391633780585 0.24455641407035175 0.009103699447513812 0.017997083015075376 0.736325
6 0.6002765588003157 0.38560263718592963 0.016913255248618784 0.011196179296482412 0.736132
5 0.323396091554854 0.4277525869346734 0.01732386550907656 0.01521985608040201 0.733941
18 0.2110223962115233 0.12961755979899497 0.01636908855564325 0.01495971376884422 0.733229
23 0.5751331965272297 0.407684759798995 0.013447617363851617 0.011887765226130654 0.732752
38 0.4826329408050513 0.22452743718592963 0.02247510276243094 0.0165332775879397 0.727822
16 0.337864516495659 0.5450695396984925 0.01714375627466456 0.011206599396984925 0.72729
22 0.5623036969218627 0.3621684743718593 0.024929227466456195 0.011225381306532663 0.72672
18 0.12876335280189424 0.1545182552763819 0.01568296006314128 0.015124891658291456 0.726396
21 0.1585240094711918 0.27383509547738694 0.018376839779005526 0.015273114371859296 0.726152
14 0.6411662446724546 0.3380584201005025 0.009092788634569849 0.015531146934673367 0.725498
9 0.5546301625887924 0.7060868502512563 0.01510060552486188 0.010716854673366834 0.72504
2 0.362669360694554 0.15696916582914575 0.013110836937647988 0.010463762010050252 0.724812
6 0.1642182415153907 0.31682148341708544 0.01880086629834254 0.009934652462311558 0.724532
2 0.6609988697711129 0.6590523175879397 0.01496042178374112 0.015752902110552764 0.723884
14 0.24023912865035515 0.7025597105527639 0.009088788003157064 0.01614534110552764 0.721619
22 0.5000154822415154 0.22686745728643218 0.01521973543804262 0.010936603015075376 0.721152
13 0.14177146645619573 0.4505754371859297 0.009350485872138912 0.015841048442211056 0.71915
13 0.20526714443567481 0.6797906331658291 0.007275572533543805 0.015275018291457285 0.718771
23 0.1462154001578532 0.498760040201005 0.013523548539857932 0.010744435778894473 0.718211
13 0.12371649565903708 0.19907151758793967 0.009119661562746646 0.018276187336683417 0.716514
6 0.6904511949486977 0.36389718190954773 0.01618469581689029 0.010895488643216081 0.7163
22 0.6400909234411998 0.363470343718593 0.015422514917127072 0.011029997989949749 0.715599
24 0.30989557695343334 0.24994836582914573 0.013634838831886344 0.014675926834170855 0.713456
2 0.4046965998421468 0.31699798190954775 0.013021570323599053 0.009380225929648241 0.712195
6 0.5107307087608525 0.24967795778894472 0.0242588590370955 0.011526818090452261 0.705685
7 0.40028580268350433 0.4558956060301508 0.0076368416732438835 0.014739656683417085 0.703677
10 0.4404282999210734 0.5181995738693467 0.016477792580899764 0.01683895959798995 0.701669
18 0.2300003409629045 0.4055094030150754 0.027719162746645622 0.014505062914572864 0.701143
21 0.6492071097079716 0.7079748180904523 0.026689141594317286 0.01596323376884422 0.700622
6 0.14890107655880033 0.681705616080402 0.02380420142067877 0.011780502512562815 0.69817
6 0.17854737174427782 0.2483212864321608 0.015640165430149962 0.010924845025125628 0.692765
13 0.14549973164956592 0.4739769246231156 0.016254807892659824 0.015785191557788944 0.689717
13 0.28749264719810574 0.44616168844221105 0.020484647198105763 0.00817892984924623 0.688447
16 0.5308098374112076 0.2951502472361809 0.017928526598263616 0.010486171658291459 0.686269
14 0.1403207324388319 0.24561823517587938 0.009271160220994475 0.01617408 0.684659
4 0.7089648239936859 0.13272789547738695 0.01381486724546172 0.013531439597989948 0.682689
4 0.4287254427782163 0.36093838793969846 0.011694653827940014 0.011624586934673367 0.680905
5 0.3165345641673244 0.4487926994974874 0.015489879084451461 0.002917139296482412 0.680596
10 0.35562622888713497 0.1768278190954774 0.016578252880820835 0.0165251216080402 0.68046
6 0.5705736890292029 0.5905166408040201 0.024931692501973166 0.012897588743718593 0.679455
2 0.31785727797947905 0.33817625728643214 0.01520555138121547 0.009897500301507538 0.674154
4 0.2455951254932912 0.31573753567839197 0.011255392580899764 0.011639561005025126 0.671289
0 0.19547691239147594 0.38762171304522614 0.031175182951854778 0.0033841398994974873 0.66745
27 0.704858317284925 0.7273644381909548 0.011654122178374112 0.015560631959798996 0.667301
22 0.5281269897395422 0.6140325949748744 0.025270574269928965 0.010834871959798995 0.664941
4 0.3620373417521705 0.5435826814070353 0.012227384372533543 0.013092020100502512 0.664566
23 0.48129697237569063 0.5443869587939698 0.012553253985793211 0.010877452864321608 0.660892
6 0.6686505824782952 0.40881604824120604 0.017522644356748225 0.011128693065326632 0.660273
11 0.460070591949487 0.2927636582914573 0.026017035516969215 0.015731547336683416 0.658157
6 0.3932362052091555 0.2032673447236181 0.016298451144435674 0.011358244020100503 0.657063
8 0.15312760220994476 0.7277377608040201 0.017757752170481454 0.011692124623115578 0.657005
5 0.37315384372533544 0.13026386331658293 0.018091582636148382 0.016005351557788944 0.651811
19 0.2348948508287293 0.453625567839196 0.010922451144435675 0.010692412462311559 0.651641
2 0.22722980268350437 0.316568056281407 0.016525396053670087 0.009975741105527638 0.645933
46 0.5991369850039463 0.4770852020100502 0.02694942509865825 0.010297915175879397 0.64441
6 0.6009687892659826 0.4980509587939698 0.016608681925808996 0.013651489447236181 0.643218
18 0.7016380110497238 0.31525846834170856 0.011088497553275454 0.018510112160804018 0.641904
14 0.3101624877663773 0.6098794773869346 0.008283327545382793 0.016480739698492463 0.64026
14 0.41843775848460935 0.49522955577889444 0.007095826992896606 0.01596796783919598 0.639116
5 0.5810007892659825 0.6840386894472362 0.0256154771902131 0.01108670391959799 0.637923
2 0.6096547743014996 0.31723031155778897 0.006943479715864246 0.009667306130653266 0.636885
10 0.41578845146014204 0.6108360683417086 0.015123558642462509 0.016816627135678393 0.636736
2 0.5937029960536702 0.7290741065326632 0.013396296132596686 0.011244266130653267 0.636539
7 0.3405410197316496 0.7055506653266331 0.02729335816890292 0.022071805427135677 0.635611
14 0.15692860615627466 0.4283487195979899 0.008154337490134176 0.01645166633165829 0.635354
13 0.5479992170481452 0.2706974874371859 0.007426747908445146 0.015262642814070353 0.633986
13 0.48761797000789264 0.514486416080402 0.008953736385161799 0.008739454070351758 0.633331
19 0.17727767640094713 0.40657997185929645 0.010088824625098658 0.01117937849246231 0.629555
46 0.303394955011839 0.47573393366834177 0.028642257932123123 0.010993283216080403 0.62523
10 0.6803453575374901 0.6583162211055276 0.01582577048145225 0.017760868341708543 0.624598
23 0.3858309960536701 0.6815736281407035 0.013334751065509078 0.011285612060301507 0.624493
21 0.1594942636148382 0.13479339095477388 0.01743927766377269 0.017297238190954772 0.620464
5 0.43524404735595895 0.387937784281407 0.016197303867403316 0.004003068140703518 0.618081
13 0.39709337963693764 0.20095866211055277 0.00936171996842936 0.0159472048241206 0.616802
2 0.5886516937647988 0.2244757226130653 0.01481720726124704 0.016816575678391957 0.615108
13 0.5194892628255723 0.24731143718592966 0.008602569850039463 0.015623538492462312 0.614743
5 0.4574754348855565 0.3613003899497487 0.00839514317284925 0.010774872763819094 0.613697
1 0.29431554222573003 0.13525084623115577 0.017918019889502763 0.01644387055276382 0.613044
13 0.1936321767955801 0.4978137407035176 0.015427242936069455 0.015871228140703516 0.603487
10 0.4239747940015785 0.38223450050251256 0.01478302004735596 0.016419171055276384 0.603405
19 0.3544078547750592 0.29463027135678393 0.012351727229676401 0.01066279879396985 0.601599
21 0.5601773007103393 0.15708520201005027 0.018528863772691397 0.01295182472361809 0.601212
13 0.2812993464877664 0.446163232160804 0.008670782636148382 0.007998263316582915 0.600731
13 0.6593105224940805 0.6355206432160804 0.01008846093133386 0.015390668542713568 0.600263
5 0.26855551696921864 0.24623649447236182 0.02136450323599053 0.01567414673366834 0.59726
7 0.610987259352802 0.2525171135678392 0.009621841831097079 0.01544395256281407 0.596362
22 0.640734216890292 0.38846448820100504 0.016087710812943964 0.005069674773869347 0.595243
13 0.2219004767166535 0.15381560603015074 0.014759945698500393 0.01770964261306533 0.594675
2 0.6863111475927388 0.2038652783919598 0.022113348697711126 0.014253385326633165 0.594602
11 0.6293348823993686 0.31563616482412066 0.024747380584056827 0.016014588140703518 0.59312
4 0.1943846187845304 0.24644618291457288 0.014826137963693767 0.015663572261306533 0.592982
5 0.149765455406472 0.33745894271356786 0.016962879242304656 0.01560385608040201 0.592684
23 0.41743598421468037 0.7291484623115577 0.012151170323599053 0.011824292663316582 0.592313
14 0.6881890197316496 0.5208812703517587 0.007900438831886345 0.015566446633165828 0.591947
10 0.3830079242304657 0.5871426637185929 0.021348541120757698 0.01648758351758794 0.590389
5 0.5177253480662983 0.13179085829145729 0.020828337805840567 0.017207831155778893 0.588243
13 0.2326940994475138 0.473593567839196 0.015202803472770324 0.016460053869346732 0.580593
24 0.4859251775848461 0.20347963175879397 0.013169512865035517 0.010968660904522613 0.57737
7 0.40017831097079715 0.5012549467336683 0.00785150181531176 0.015485787336683416 0.575465
5 0.3498762304656669 0.44891928442211054 0.014362105130228887 0.002664020904522613 0.572103
7 0.12746173322809787 0.6820591276381909 0.018614008524072613 0.020996991356783918 0.564836
11 0.22369793212312547 0.6332073809045226 0.01595480094711918 0.01592121889447236 0.552162
4 0.15376406629834255 0.3843383316582915 0.013917024782951856 0.011482899296482411 0.550392
6 0.509226228887135 0.47593924824120604 0.02420555769534333 0.011269994773869347 0.55028
10 0.547913951065509 0.4504154050251256 0.015474199842146805 0.016461417487437183 0.544737
16 0.20291283346487765 0.5446445025125628 0.01798198958168903 0.011355388140703518 0.536067
22 0.4656710718232044 0.27399924422110555 0.022510785161799527 0.010574652462311557 0.535714
5 0.39204369376479875 0.7055853989949749 0.024120897868981847 0.011662588140703518 0.534429
6 0.6461598812943963 0.22841323417085427 0.024852286029992107 0.011971717788944724 0.534413
2 0.6843059826361484 0.2520542552763819 0.023191781531176008 0.0104192 0.533153
2 0.5417865193370166 0.7062769849246231 0.013672662983425416 0.010711400201005026 0.531681
6 0.18800664246250987 0.6125750673366834 0.009615861089187057 0.011252653668341708 0.528075
13 0.6086492499447513 0.4275318351758794 0.00498595864246251 0.017602508542713568 0.526714
2 0.5323118926598264 0.5218239678391959 0.0062714544593528015 0.006395265929648241 0.523803
2 0.6999375406471982 0.2978720804020101 0.01445007861089187 0.01115267216080402 0.522597
0 0.6666260205209156 0.4780554291457287 0.021979873086029993 0.009962310753768843 0.516517
2 0.46483457616416735 0.22947351155778895 0.010892102920284136 0.005714743316582915 0.51122
4 0.41235841515390687 0.7040630351758794 0.011152467245461721 0.014689923216080402 0.503597
8 0.19828058721389108 0.47390411256281406 0.018264741278610892 0.016451897889447235 0.501686
14 0.29071861089187057 0.6327967517587939 0.008460527229676402 0.015591377688442211 0.500412
