11 0.27765078555157824 0.41703969728744017 0.015089054864952815 0.016243716434921358 0.998975
24 0.6836193010087862 0.6770963665374972 0.014371155222909208 0.013512505128789605 0.998548
1 0.4763902583794338 0.655988825165261 0.015188372534982102 0.015355448370184635 0.997654
24 0.6626732860397007 0.6077622065192615 0.013209000195248942 0.01371627809436973 0.997414
11 0.5977724126260983 0.32477360930020516 0.01582971376505044 0.016188980168680193 0.997339
27 0.49886277643996096 0.3554688437656713 0.008498866775138302 0.010686946706177342 0.997285
21 0.5748243826879271 0.5623342566674265 0.01697614057923853 0.014745063141098701 0.997211
21 0.3590231304913765 0.18916281741509003 0.016493331077123332 0.014962490996124915 0.99714
1 0.542309633582818 0.16732304718486438 0.015295454344288969 0.01590934670617734 0.997072
11 0.6742505174096974 0.13800448233416912 0.015567199219004232 0.015460135855938 0.997033
1 0.48628587048486815 0.3531431009801687 0.013886946176374877 0.015948327330749943 0.9969
11 0.3002540943703222 0.6735092154091634 0.015991644386592906 0.01575073991338044 0.996824
24 0.6027238008460787 0.7252213321176202 0.014366640026033191 0.014883946204695693 0.996803
11 0.38076878516108037 0.2305231274219284 0.011767835990888383 0.015850992477775244 0.996789
19 0.2310447901073869 0.5362778098928653 0.009127412170517409 0.01030397957602006 0.996232
21 0.5911367393426619 0.49222970412582634 0.016203875301008787 0.015518490084340097 0.996099
1 0.6451313296452977 0.5624319416457716 0.014834854279205986 0.015231037155231367 0.996048
24 0.5467070354702245 0.6086718322315934 0.013673415684998374 0.014201668566218373 0.996021
1 0.404016650829808 0.46859729199908823 0.01517259433778067 0.014945568269888307 0.995527
11 0.5110061568499837 0.4428902003191247 0.015208432671656362 0.010466962935947116 0.995476
1 0.3813112918971689 0.7234871611579667 0.01286666163358282 0.011796540688397538 0.995436
27 0.2888666345590628 0.563189846364258 0.005410188870810283 0.015268617278322317 0.995308
21 0.30650689228766675 0.46878355869614774 0.01683302050113895 0.015928720310006837 0.995206
1 0.2689142961275627 0.19107987052655573 0.014633086625447446 0.015621543651698199 0.994994
1 0.6119889515131793 0.14393969090494643 0.015274444516758866 0.015915765671301572 0.994858
27 0.6870038659290595 0.1430031055390928 0.009703691246339081 0.0154518495555049 0.994706
1 0.4045691376505044 0.44571494178253934 0.015297053823625121 0.015807110098016868 0.994672
11 0.4814152892938497 0.7205227663551401 0.014633836381386267 0.015761360382949625 0.994371
1 0.35267219785226167 0.6331321741509004 0.01494671786527823 0.015454417141554594 0.99418
1 0.43817736413927755 0.18943183040802372 0.015313881679140905 0.015293592888078413 0.993962
1 0.5263816518060527 0.26040469386824705 0.015292705239179954 0.01585857852746752 0.99388
1 0.5535053224861698 0.21309680419421018 0.01435089515131793 0.015053757009345792 0.993853
1 0.29039413732508945 0.3071556507864144 0.01401235535307517 0.015499233188967404 0.993729
1 0.20918807159127886 0.7004092309095054 0.01374047718841523 0.01565153772509688 0.993555
1 0.5841291871135698 0.4226007385457032 0.014608078099576961 0.015671611579667198 0.993456
1 0.4792736531077123 0.3769844212445863 0.015317130621542469 0.016369061317529063 0.993226
18 0.4549135828180931 0.461986691588785 0.0160009413602343 0.009694166218372465 0.993217
11 0.2731080976244712 0.3484682270344199 0.015372212691181258 0.01600446409847276 0.992791
27 0.6306022258379433 0.16735665922042398 0.009105719232020826 0.015467955322543877 0.992758
11 0.3558659915392125 0.557865373147937 0.015306417442238854 0.015833252792341008 0.99275
4 0.22626517930361212 0.46677757374059725 0.01056354467946632 0.012422214725324824 0.992658
11 0.2981464471200781 0.7198003410075222 0.014914045167588676 0.015653755185776157 0.992568
1 0.46241014253172796 0.5402516161385913 0.014826273739017248 0.015456751310690678 0.992478
19 0.606481077774162 0.6294860852518805 0.011153485974617636 0.010836601960337361 0.992426
24 0.20747396290270095 0.4701571005242763 0.012571241132443867 0.01465403054479143 0.992186
4 0.28565051480637815 0.5350933357647595 0.011335809957696062 0.013087803054479144 0.991936
19 0.47209932183534004 0.44335943834055164 0.011274563228115849 0.010531829496238888 0.991549
2 0.6077666592905955 0.5598741591064509 0.013637194142531728 0.010841468702986096 0.991397
16 0.4476867686300033 0.2809982511967176 0.017093602342987308 0.010765654889446091 0.9913
27 0.5648899498861047 0.23707315614315025 0.009765354506996421 0.015580578983359928 0.990757
16 0.26106984965831437 0.4205947535901527 0.016097543247640744 0.010731365944837017 0.990669
5 0.37967819017246995 0.4900554255755642 0.009577315717539864 0.010700321495327103 0.990531
4 0.4130478776439961 0.6295037082288579 0.006966282329970713 0.011577315523136539 0.990479
16 0.2718420097624471 0.46683581126054247 0.016313689554181582 0.010799418645999544 0.990182
13 0.32601820761470873 0.7199955942557557 0.007304089033517734 0.01724775928880784 0.990145
4 0.28683446273999347 0.3961239079097333 0.009474682460136675 0.013290175518577616 0.990116
1 0.6492843110966483 0.21320744381126053 0.014333100943703221 0.016143930704353774 0.990089
23 0.4942117904328018 0.16491803601550034 0.01212933498210218 0.010543208570777297 0.990059
24 0.6848232424341035 0.4680468949167996 0.014121086625447445 0.016259822201960338 0.989947
5 0.6158491949235275 0.35272006783679055 0.01372916420436056 0.005189383177570093 0.989933
1 0.40411161991539213 0.46401064964668337 0.01480399765701269 0.005646390152723957 0.989865
11 0.27841736934591604 0.5572791465694097 0.0142162389847055 0.015678964212445863 0.989659
16 0.30839511096648226 0.39739486300433097 0.016308857793686952 0.010299953134260315 0.989616
4 0.38732888304588353 0.5359017752450421 0.01068422206313049 0.012886130841121494 0.989486
27 0.39320367068011713 0.7235050175518578 0.009563670159453303 0.01184579165716891 0.989476
18 0.39477749170191995 0.4174530786414406 0.0179328291571754 0.016217223615226806 0.989373
18 0.4487369267816466 0.6736164704809665 0.01786685063455906 0.016288649190790972 0.989337
11 0.3477596303286691 0.463337942101664 0.015401119947933615 0.01638003191246866 0.989294
4 0.5279634702245363 0.6989119781171643 0.012484186137325088 0.013732967403692727 0.98929
18 0.4854694695737065 0.25472717757009344 0.017995975268467294 0.01592907043537725 0.98926
18 0.6704859095346567 0.11565539639844996 0.015883379629027007 0.014395638021426942 0.989175
0 0.529854687927107 0.2110301308411215 0.02362947478034494 0.01087557091406428 0.989079
27 0.6618298939147412 0.213315632550718 0.009208202538236251 0.015523275131069067 0.989072
5 0.5834922277904327 0.3530821791657169 0.01431968864301985 0.0059136175062685205 0.989068
2 0.4537841171493654 0.607375668110326 0.011965021802798568 0.010538085069523593 0.989047
7 0.6617071005532054 0.42285154501937544 0.009485129059550929 0.015176417597447004 0.988846
0 0.41436828115847707 0.7232899238659677 0.023562329970712656 0.011827818554821063 0.988843
18 0.4686562759518386 0.6737499849555505 0.01796015359583469 0.015967584226122634 0.988836
27 0.3027417845753336 0.3060669943013449 0.008777809306866254 0.015194390699794849 0.988829
11 0.6177322486169867 0.16174356599042627 0.015284574552554506 0.015475424663779347 0.988673
19 0.636978816791409 0.41955873261910187 0.010758564529775465 0.00993502913152496 0.988655
4 0.45016812756264235 0.3034047576931844 0.011272213992840872 0.012218908593571916 0.988629
7 0.32661734591604297 0.2603540423979941 0.016099509274324766 0.015411351720993845 0.988625
13 0.5551091337455255 0.41707809436972876 0.008093665343312724 0.01626344016412127 0.988591
18 0.4219133250894891 0.4430665818098929 0.015661201952489424 0.010819725917483475 0.988116
4 0.46020702635860716 0.6294832842489173 0.01365010660592255 0.012700214269432413 0.988037
5 0.516108162707452 0.3527683734670618 0.013651772730231045 0.005286017779803966 0.987969
5 0.2852438138626749 0.6071248616366538 0.012656030198503091 0.010493397401413265 0.987918
9 0.3204915066710055 0.4428329664919079 0.014628021607549627 0.011403454935035333 0.987708
4 0.662748095021152 0.25772074948712104 0.007403206768630003 0.012155886026897652 0.987614
1 0.25618692248616987 0.5518373813540005 0.01253656908558412 0.0050556936403008896 0.987613
5 0.3823290939147413 0.18654427645315708 0.014902232346241457 0.010672626578527467 0.987438
27 0.2815605128538887 0.1898554821062229 0.007916056492027335 0.013639950763619787 0.987254
9 0.43879349690855846 0.3505329163437429 0.015311149235274976 0.011562925370412582 0.987248
5 0.6834733485193621 0.5361600510599499 0.015154083696713309 0.01078512186004103 0.987032
0 0.3366052613081679 0.23635224800547072 0.02285239440286365 0.015099973558240255 0.98702
9 0.3317690022779043 0.3736551958057898 0.014988687536609176 0.011050902028721221 0.986919
0 0.30517715847705823 0.6100838878504673 0.02263229938171168 0.015319268748575334 0.986831
11 0.2735407901073869 0.3533892507864144 0.01486759362186788 0.006527749076817871 0.986751
4 0.41319016465994146 0.3733908511511283 0.006681791604295477 0.011292453521768863 0.98665
19 0.5905334357305565 0.5129652956462275 0.010858065473478685 0.010381287257807159 0.986632
18 0.6313193257403189 0.5802163264189651 0.018612441262609827 0.01635704034647823 0.986594
23 0.6021918073543768 0.5130580788693868 0.011331677969410998 0.009780985639389105 0.986474
19 0.33524570387243735 0.28051251059949855 0.01086581295151318 0.010601702849327557 0.986315
2 0.508956823950537 0.6523782156371096 0.01208434962577286 0.010209352359243218 0.986202
13 0.6696993322486171 0.16202401641212674 0.007693162382037097 0.017220566218372462 0.986043
7 0.4097961028311096 0.5868083701846365 0.013469915261958997 0.015944592660132206 0.985966
4 0.22106537194923528 0.32782378481878277 0.011155368695086236 0.012123674492819694 0.985941
0 0.42534770712658637 0.5607361677684066 0.023894055320533684 0.01057893302940506 0.985893
0 0.5581531428571429 0.11850086528379303 0.02219327562642369 0.010694357693184407 0.985876
5 0.534866389847055 0.2809993015728288 0.013247937520338432 0.011118931388192387 0.985675
13 0.576858054018874 0.18464725051287895 0.008002095151317931 0.01679551401869159 0.985673
22 0.24060301204035145 0.6984255372692044 0.013506619980475107 0.01028201504444951 0.985627
2 0.40820045558086565 0.5136076589924778 0.013159932834363813 0.011037177114201048 0.985588
5 0.32288189521640087 0.11827293366765444 0.014897100683371299 0.010801379348073854 0.98551
8 0.5219039427269768 0.23494346022338727 0.015235207289293848 0.010415144381126056 0.985449
23 0.2559250743898471 0.5366451964440392 0.011199787569150669 0.01023749076817871 0.985432
4 0.34555651415554833 0.6987293293822658 0.010802366937845753 0.013308031912468658 0.985402
9 0.23737339668076798 0.6290928944609072 0.014165238919622519 0.010948957191702758 0.985388
9 0.397707871135698 0.5604422958741737 0.015734661373250896 0.011808561659448371 0.985381
4 0.3875688382687927 0.32554750307727376 0.012805115001627074 0.012985099612491452 0.985368
19 0.2350823091441588 0.3288931844084796 0.009310269313374553 0.010543150216548895 0.985357
4 0.410888247315327 0.20869969637565533 0.011393407875040678 0.012835245953954867 0.985248
2 0.484019108363163 0.3036807731935263 0.01289280312398308 0.011033979302484615 0.985245
0 0.5877998255776115 0.14170600775017098 0.023728109339407746 0.010947661727832231 0.985205
0 0.2592134539537911 0.6296679170275815 0.022646294825903024 0.01035270535673581 0.985177
0 0.5182849541164986 0.16497417278322318 0.023453865278229742 0.01095454752678368 0.985078
5 0.5471890452326716 0.3528936599954411 0.01475697962902701 0.0055365791657168905 0.985069
9 0.5527427373901724 0.373542455436517 0.015517731988285065 0.01117409947572373 0.985027
18 0.22972671916693785 0.3957792678367905 0.0163529267816466 0.01652229952131297 0.984897
13 0.22397409176700292 0.5110336539776612 0.007303655841197527 0.015984506952359243 0.984703
18 0.5828820930686626 0.5336495354456349 0.015820750016270743 0.01564406838386141 0.984663
23 0.5657746618939148 0.6071038541144289 0.011741211324438658 0.01034628639161158 0.984629
19 0.4525975034168565 0.41988528288124005 0.01040829521640091 0.01017460825165261 0.984624
18 0.5240212534982102 0.5350823651698199 0.01519991877643996 0.014808669250056987 0.984608
4 0.6527041978522616 0.3269776485069523 0.011813737715587374 0.013531995441075905 0.984606
5 0.38546369020501137 0.6304775235924321 0.013736111942726977 0.010436572053795305 0.984488
19 0.2213537780670355 0.5359747997264646 0.009819453563293199 0.011067813084112149 0.984471
0 0.41623317409697363 0.3039130230225667 0.022697944679466318 0.01068241841805334 0.98447
5 0.25580861230068336 0.606626983359927 0.011762204490725675 0.0106028115796672 0.984454
4 0.3523138145135047 0.41867536630955093 0.010478589000976245 0.012668819694552086 0.984277
5 0.5778152424341035 0.11808771734670616 0.01452837071265864 0.011074442124458628 0.984211
13 0.35143809957696065 0.6505201002963301 0.008159127367393427 0.016951786642352404 0.984207
4 0.36606700423039373 0.7223189095053567 0.012123037032216077 0.014113787098244814 0.984134
5 0.38956752098926134 0.35280576685662185 0.014350228701594532 0.005360804558924094 0.984117
5 0.5365343468922877 0.6304551155687258 0.01381058769931663 0.010861145748803282 0.983969
2 0.5285890999023756 0.39710717665830864 0.012292781776765377 0.010702819056302713 0.983886
5 0.46433251675886755 0.5139029313881923 0.013650023299707126 0.010714559927057214 0.98364
0 0.6031336674259681 0.46612353954866653 0.02348218939147413 0.010279085662183725 0.983625
4 0.346230294825903 0.1397562762708001 0.010852184054669705 0.012638358787326191 0.9836
7 0.6477583078424991 0.3772857624800547 0.015988761991539212 0.014329230909505357 0.983598
18 0.2274887809957696 0.34987351356279917 0.014688718516108038 0.014159536813312059 0.983372
5 0.45950475496257726 0.3527934424435833 0.01404369515131793 0.005336155732847048 0.98337
9 0.23260611519687602 0.443764533394119 0.013845459681093394 0.011697338500113973 0.983361
1 0.5515797826228441 0.2370723391839526 0.014982439570452326 0.015917983131980853 0.983316
2 0.39986283631630326 0.7000514027809437 0.0116315803449398 0.010996305812628221 0.983194
19 0.4109632229092092 0.14101217597447002 0.01103160898145135 0.01035359234100752 0.983174
2 0.5063125180605272 0.6299207075450194 0.01149760728929385 0.010794201777980397 0.98308
4 0.4323044425642694 0.6292470663323455 0.012810696518060528 0.012970627763847732 0.983065
9 0.4980765323787829 0.3031420469569182 0.014269071786527823 0.011682166400729428 0.98298
4 0.3614483410348194 0.6523733138819239 0.012198962316954115 0.011930405288351948 0.982883
0 0.28089956134070937 0.4903027307955322 0.03073432866905304 0.01099966701618418 0.982841
9 0.6826386202408071 0.39689791839525873 0.014590433843150017 0.011041798769090495 0.982839
4 0.4208919908883827 0.11686169500797813 0.012559878164659942 0.013476792341007522 0.982823
2 0.5368390810283111 0.23460558924093913 0.01226327471526196 0.010584278276726693 0.982796
5 0.4457014149040026 0.6302959252336449 0.01463951786527823 0.010840359972646455 0.98265
2 0.5212208317604946 0.46601289993161615 0.011919953140253823 0.011005747526783679 0.982637
2 0.2448869508623495 0.3981614041486209 0.011852658379433778 0.011308477592888078 0.982575
4 0.4565173940774488 0.5590281395030773 0.010495133615359583 0.013327405516298154 0.982461
7 0.2777420891636837 0.4459685142466378 0.01738034233647901 0.01646312833371324 0.982432
23 0.49346819915392126 0.6301477054935035 0.013000551383013342 0.010113172919990882 0.982406
2 0.47126526000650826 0.5835159079097334 0.01216415698014969 0.010733046546614998 0.982313
9 0.3804296622193296 0.46572427991793935 0.015204284022128214 0.011462847868702986 0.982301
0 0.38862582753010083 0.6078552231593344 0.02259331207289294 0.010123326555732847 0.98228
4 0.47327194012365764 0.3502583013448826 0.011969770257077775 0.013424273535445634 0.982239
23 0.3183840260331923 0.5139841604741281 0.011337476082004555 0.010200342466377934 0.982204
9 0.5630950341685649 0.3500412236152268 0.015387907582167262 0.011302782220196034 0.982117
9 0.41530064432150987 0.5368202708000912 0.014803681093394078 0.011728266241167084 0.982059
7 0.4116116784900748 0.26007522589468884 0.00983799752684673 0.015374355140186915 0.982026
8 0.6395254877969411 0.48970109870070666 0.016157856947608202 0.010825467973558241 0.98199
0 0.24977452652131465 0.21456558012309096 0.022074647575658964 0.015168598130841121 0.981922
18 0.5446395418158152 0.6747919580578984 0.015550787894565573 0.014126041486209256 0.981703
13 0.21155846664497233 0.626737484385685 0.007091624861698666 0.0160974807385457 0.981654
13 0.30943260657338106 0.7201634210166401 0.007293425837943378 0.017061142466377938 0.981649
4 0.3957873296452978 0.1856026259402781 0.010729590628050765 0.01268924367449282 0.981647
9 0.5159905343312723 0.5135119580578984 0.01531603097949886 0.011250473489856394 0.981581
19 0.24897478685323787 0.44347999817643036 0.01101967953140254 0.010432767358103489 0.981502
2 0.5042583534005858 0.11805492227034421 0.01245939420761471 0.011872517893777069 0.981468
4 0.611517105109014 0.4881816713015728 0.011064448291571754 0.013102625028493277 0.981441
2 0.6500825512528474 0.6060496266241168 0.01278145603644647 0.010794481878276727 0.981436
13 0.3075083996095021 0.2080916453157055 0.00790272749755939 0.016259822201960338 0.981405
7 0.2084346501789782 0.17043321085023933 0.01612894969085584 0.016431967175746524 0.981404
9 0.24499274975593885 0.42028652655573284 0.013897042889684347 0.01137557328470481 0.981369
0 0.4261417819720143 0.5159244385684979 0.022254089163683696 0.014975212217916574 0.981362
19 0.4124660670354702 0.23357341964896286 0.008130136804425642 0.010479088944609073 0.981289
19 0.45115797201431823 0.5140487002507408 0.01119905447445493 0.010543628721221792 0.981285
13 0.41021363358281804 0.11547123045361295 0.007656707582167264 0.016628270800091178 0.981251
8 0.2948495203384315 0.2581465019375427 0.0158482244061178 0.010772494005014815 0.981249
2 0.6865858353400586 0.1177570822885799 0.012256027074520014 0.011115955322543879 0.981207
4 0.2922132118451025 0.629660447686346 0.011590876928083306 0.013615441987690905 0.981176
2 0.3800445542466645 0.42035421746067925 0.010311976570126911 0.010787421016640073 0.98117
13 0.4949385538561666 0.6966997693184408 0.006135002928734136 0.01546830544791429 0.981147
18 0.2634205844451676 0.32534186277638477 0.017491639440286363 0.016475499430134488 0.981097
0 0.6108206651480638 0.7026188837930248 0.022247591278880575 0.00473628593571917 0.981073
2 0.4115553634884478 0.2806349377706861 0.011994812105434427 0.010461372600866195 0.981031
23 0.45898725675235924 0.3278577469797128 0.01128429339407745 0.010162132117620242 0.981028
0 0.38762315392124963 0.5846698044221564 0.023276423039375202 0.011345030681559152 0.980958
2 0.3893262661893914 0.11759228994757238 0.012532403774812887 0.011020382767266926 0.980858
4 0.3872437607549626 0.44141705949395943 0.01325556836967133 0.013283639844996581 0.98084
2 0.6317730113895217 0.23402799908821517 0.011877966807679791 0.010753190426259404 0.980812
5 0.35799163293198827 0.7027396887166628 0.014277019199479336 0.004977884112149532 0.980796
7 0.5205837058249267 0.6334372500569866 0.01624102987308819 0.015130201048552542 0.980742
5 0.20779752424341033 0.26022496284476865 0.013627080767979175 0.010832517164349213 0.980684
2 0.49688908558411976 0.443231059038067 0.012204143963553531 0.010933038158194667 0.980679
2 0.4338639349170192 0.1412696348301801 0.012171904458184186 0.011265773968543424 0.980551
9 0.6318096661243086 0.6061161504444951 0.0153724959323137 0.011427030043309779 0.980547
9 0.44039697494305236 0.2567502019603373 0.015024442564269444 0.010897593799863232 0.980543
9 0.24276847380410022 0.3745298089810805 0.014054241718190693 0.009545409619329839 0.980539
5 0.5359285440937195 0.7232145302028721 0.011123728994467948 0.011046467107362663 0.980508
5 0.454549867881549 0.2336086656029177 0.015321962382037096 0.010679022201960337 0.980489
4 0.35312654995118775 0.11740707362662413 0.01222407081028311 0.013076482334169137 0.980456
8 0.5363427425968109 0.4657612764987463 0.01694648356654735 0.011446216913608389 0.980442
13 0.6033590940449073 0.3477921349441532 0.007532298080052066 0.016121756097560978 0.98036
2 0.4445237982427595 0.5604498819238659 0.012724741164985356 0.010637182220196034 0.980311
7 0.6234258952164009 0.4688349104171416 0.015772882264887732 0.015124132208798725 0.980226
2 0.21448584705499513 0.4907493740597219 0.011796893198828507 0.01053241303852291 0.980178
2 0.5205925362837618 0.3280917474356052 0.01257763904978848 0.010774571415545931 0.980141
23 0.4841029144158802 0.5839408434009574 0.011456620631304915 0.010197751538636881 0.980032
5 0.4218118581191019 0.352870691771142 0.014522106085258705 0.00549063104627308 0.980014
9 0.5402979550927433 0.4894309186232049 0.014664009892613081 0.011115231730111693 0.979994
6 0.2176219928408721 0.444326601322088 0.014650131077123332 0.010575210029633008 0.979962
5 0.24664521184510252 0.32853652336448597 0.013539475951838593 0.010609347253248235 0.979951
0 0.5851601848356655 0.23481087941645767 0.023416044256426946 0.010392467927969 0.979901
2 0.3591412587048487 0.28033674766355143 0.011779248942401562 0.01055217178025986 0.979895
9 0.6810424731532704 0.37387799224982904 0.015003532704197853 0.010834804650102576 0.979794
5 0.4842996836967133 0.6071333813540005 0.014807413211845104 0.010943635286072487 0.979794
2 0.5710734370322161 0.6996579785730567 0.011487560559713636 0.010949960884431273 0.979779
23 0.2676475418158152 0.5366606603145658 0.011173096257728604 0.010104944973786186 0.979769
5 0.6564654734786853 0.3040172436744928 0.016001157956394403 0.010901853658536584 0.979754
2 0.2072458704848682 0.6514668392979257 0.011730947998698341 0.010990797173467062 0.979742
2 0.663340735437683 0.6527068666514703 0.012937355287992188 0.01107643783906998 0.979713
23 0.45274428896843477 0.7001457032140416 0.011940763032866907 0.010298260861636654 0.979702
13 0.37852076693784575 0.5343999708228858 0.007285578392450374 0.017027297013904718 0.979605
2 0.3423014070940449 0.5133954830180077 0.011632246794663195 0.011367041896512423 0.979467
4 0.46794983924503747 0.23313016093002054 0.011657538561666125 0.013085352176886255 0.979454
4 0.5801746410673609 0.6747532108502393 0.012594300292873414 0.013147907909733303 0.979431
2 0.6139351513179304 0.5129278322315933 0.011756689619264562 0.010611424663779349 0.97942
4 0.5047428623494956 0.41905910371552313 0.011484694825903025 0.011275040620013678 0.979376
4 0.2487408630003254 0.582742480966492 0.011679897949886105 0.012794864827900616 0.979313
13 0.2902138626749105 0.417426002279462 0.008203163032866905 0.016746729883747438 0.979275
8 0.282663820370973 0.6994615582402552 0.015590624926781645 0.010726300797811715 0.979263
0 0.5452896635209893 0.5366538445406884 0.022681283436381386 0.010467604832459539 0.979169
2 0.2625600312398308 0.16556168315477546 0.01236027647250244 0.011349523957146113 0.979142
2 0.3081611871135698 0.5839185520857079 0.010999102896192645 0.010545671119215864 0.979142
4 0.5562727549625772 0.442993685707773 0.011006183924503742 0.010673957054935035 0.979126
19 0.4971669951187764 0.48998458354228397 0.009787830523917997 0.010829727832231593 0.97912
0 0.4950348558411975 0.5131363902439025 0.024181961601041326 0.011058511420104855 0.979037
22 0.57622559323137 0.1644495682698883 0.014825840546697038 0.010596030818326874 0.979031
0 0.6664388935893264 0.6298335263277866 0.023541170191994795 0.010804215363574197 0.979
2 0.5591626475756589 0.25731250330522 0.012849000715912788 0.010557038522908593 0.978992
4 0.5912726950862349 0.11653922954182813 0.011364933810608527 0.014055082744472303 0.978926
5 0.3792043944028637 0.39701836152268066 0.014040196290270094 0.010580485251880557 0.978897
2 0.33378884477709075 0.6298823104627308 0.012438917539863325 0.010855847184864372 0.978888
5 0.5348417312072893 0.1180741791657169 0.015083873218353399 0.011011991429222703 0.978877
23 0.3676363267165636 0.4201458928652838 0.011784130686625446 0.01075896749487121 0.978873
4 0.619757755938822 0.23309853293822658 0.011857273543768304 0.013124099384545247 0.978819
13 0.5098247081028311 0.720400689309323 0.007768337910836316 0.01742550626852063 0.978784
6 0.24733515392124958 0.16628224116708457 0.01492165935567849 0.010502442306815593 0.978768
13 0.3762706827204686 0.44310867855026215 0.007445776244712008 0.01090394273991338 0.978733
5 0.20862592124959323 0.23684020606336906 0.013751556915066711 0.010741799680875313 0.978675
13 0.40934358346892286 0.34817727285160704 0.0077406136023429875 0.016335682698883063 0.978665
4 0.4788484581841848 0.11552993480738546 0.014058506996420436 0.016561630271255984 0.978654
8 0.4381533719492353 0.4202104326418965 0.01594430979498861 0.010528246546615 0.978654
8 0.32044818743898473 0.16439494871210394 0.015725547673283435 0.01015376412126738 0.978566
2 0.6722205115522291 0.46564480145885573 0.012806914415880248 0.01123644513334853 0.978547
4 0.65150725414904 0.6509052382037839 0.01069951708428246 0.012951837702302257 0.978533
2 0.2370741607549626 0.5830566601322088 0.010705031955743573 0.010793209756097561 0.978486
5 0.3157592137975919 0.37338910052427626 0.014761194923527496 0.011165159607932528 0.978432
18 0.5079441535958347 0.395069680419421 0.015317563813862674 0.014665117848187827 0.978426
0 0.618317891311422 0.651990626852063 0.022501175398633257 0.011505061317529063 0.978347
5 0.2586444725024406 0.35339362735354457 0.013509685649202734 0.006536513881923866 0.978327
2 0.31008072892938493 0.25729079553225437 0.012059324438659291 0.01088026259402781 0.978263
6 0.6599048538887081 0.5599321632094826 0.01308977233973316 0.0102973388648279 0.978242
18 0.54184311877644 0.30193189696831546 0.015756920794012367 0.015105225438796442 0.978229
13 0.5482353712984055 0.278060115796672 0.008243116693784575 0.01655766218372464 0.978208
8 0.3441792958021478 0.32688019694552084 0.016034880312398306 0.010427748894460907 0.978161
13 0.23953186072242108 0.34937516845224525 0.0069300108037748135 0.01629798586733531 0.97814
0 0.24604157500813534 0.6756419457488033 0.022204771884152295 0.011025144472304536 0.978103
2 0.41736030719166944 0.6538242334169136 0.01304630315652457 0.011048952997492593 0.978093
13 0.632932817181907 0.5570150353316617 0.007262852456882525 0.015919967175746525 0.97797
8 0.5138117269118125 0.18757908365625714 0.0159957430523918 0.010745405972190564 0.977864
2 0.2712988532378783 0.2348332874401641 0.011396656817442239 0.010951034602233872 0.977846
4 0.5486307425968109 0.559621368589013 0.013156683891962253 0.01161264317301117 0.977839
22 0.3796529150667101 0.25674354957829953 0.014073502115196876 0.010449129883747436 0.977825
2 0.6027602889684348 0.11806285844540687 0.01190592437357631 0.011244392979256895 0.977699
13 0.602514535632932 0.48667379803966265 0.006060393882199805 0.016348520629131526 0.977597
4 0.31634102440611783 0.30300094643264186 0.011480979368695087 0.01336043400957374 0.977477
9 0.5534601705174097 0.4658196307271484 0.014873808265538562 0.011442528926373376 0.97746
2 0.33543730816791406 0.16398285115112832 0.01214472997071266 0.010560294688853432 0.977383
4 0.6709410946957372 0.6979939493959425 0.01218016843475431 0.013112545247321632 0.977293
2 0.6332840195248942 0.11756042853886481 0.01165032424341035 0.010785040164121266 0.97726
6 0.22489145981125935 0.16700898472760428 0.014794067556134072 0.010876247823113746 0.977254
2 0.22992632085909534 0.37438170594939596 0.011012065343312723 0.009841639024390244 0.977093
6 0.6385857936869508 0.3274905821746068 0.01563632671656362 0.010666359334397081 0.977045
2 0.37488230133420114 0.20958714748119445 0.012421073348519362 0.010828700797811716 0.97704
4 0.6547315379108363 0.46571319261454297 0.012305410999023755 0.013061777068611807 0.976957
5 0.436104538887081 0.3034626450877593 0.01518255776114546 0.010656742557556416 0.976892
4 0.626675837292548 0.30264078413494416 0.010732889554181581 0.012567166628675632 0.976806
4 0.5018752958021477 0.2797637091406428 0.011665952489424015 0.013163430134488261 0.976783
23 0.5269754585095998 0.14131211670845678 0.011652856752359258 0.009836959015272395 0.976782
5 0.45571265603644645 0.1646114428994757 0.015195870094370323 0.010778831274219285 0.976777
7 0.6571490842824601 0.40018524549806245 0.016114504393101203 0.014646094369728743 0.976765
5 0.25885160507647254 0.3976609582858445 0.013807422063130492 0.010089632824253477 0.976696
14 0.2717840286365116 0.20846406200136766 0.01278852040351448 0.015961982220196035 0.976663
0 0.2957917136348845 0.37456283747435604 0.022089142857142856 0.009470832915431958 0.976606
5 0.2791248057273023 0.25843127057214493 0.014820875496257728 0.010713696284476864 0.976596
13 0.22676901529450047 0.23418987371780264 0.007215501204035145 0.015742803738317757 0.976573
13 0.42804166352098927 0.25447672122179166 0.007545810348193947 0.01653338682470937 0.976565
4 0.26266199804751056 0.30384299794848413 0.010669493524243411 0.012271777524504217 0.976548
6 0.3397309105109014 0.5604244394802826 0.01565483735763098 0.010057024481422384 0.976394
0 0.4175993960299382 0.1874644759516754 0.023263260657338105 0.010763845908365627 0.976313
23 0.3257457962902701 0.3502083501253704 0.012130967783924503 0.009980825529974927 0.976304
14 0.3673682473153271 0.39481595623432875 0.007515770126911812 0.015856827900615454 0.976289
5 0.423368684672958 0.2098813695007978 0.014238281809306867 0.010597127877820835 0.976215
18 0.5977565844451675 0.3009413922954183 0.018390846729580215 0.016636557100524276 0.976207
2 0.40560480052066383 0.676563592432186 0.0119710698340384 0.010959962799179395 0.976205
6 0.5346079739668077 0.5833923136539776 0.016020551643345267 0.0104431310690677 0.976182
18 0.36337488057273026 0.4408965397766127 0.015376561275626423 0.014836095737405974 0.976092
13 0.37821788219980473 0.13841389560063824 0.0068766115196876015 0.016142413494415316 0.976037
5 0.39249823364790104 0.30342844950991565 0.014460526130816793 0.011325598723501253 0.975965
22 0.5891705460462089 0.18751862867563254 0.013966020436055972 0.010445663642580351 0.975955
22 0.3269052521965506 0.4908360884431274 0.014395997136348844 0.0108026631410987 0.975923
23 0.3303846195899772 0.5135130084340096 0.01198616492027335 0.010351795030772737 0.975872
4 0.5492373784575334 0.582381268292683 0.012904915847705825 0.01259879462046957 0.975846
2 0.36260796355353075 0.3029470271255984 0.011975568369671332 0.010686199772053795 0.975802
23 0.3395438047510576 0.303842531114657 0.011468133550276602 0.009569790015956234 0.975734
2 0.2840910224536284 0.2813104463186688 0.011247538691832086 0.010580193480738546 0.975645
2 0.2287440390497885 0.2595042881240027 0.010721260006508299 0.010171748894460908 0.975609
4 0.4741868089814513 0.2093580487804878 0.011703973446143833 0.013112661955778435 0.975538
14 0.4344619069313374 0.6045645115112833 0.008465844191343963 0.01596081513562799 0.975527
8 0.5364910276602668 0.513344014588557 0.016634418483566546 0.011105509915659905 0.975407
2 0.648420925479987 0.583018379758377 0.013128759648551903 0.010795613950307727 0.975374
22 0.20818356524568826 0.5358988575336221 0.013009915001627074 0.010322174424435834 0.975315
23 0.3146054227139603 0.6762347080009117 0.012631921379759194 0.010636096831547755 0.975302
2 0.46159424145785877 0.3036918604969227 0.011843044842173772 0.010928778299521312 0.975291
14 0.6548546644972341 0.1388690585821746 0.007512221282134722 0.01676353590152724 0.975243
14 0.25629598698340383 0.23275155869614772 0.012681438594207615 0.015800924549806247 0.975169
7 0.5270599310120404 0.6565267344426715 0.016014920143182558 0.014696162297697744 0.975168
13 0.367830596810934 0.5583220533394119 0.007277064497233974 0.01624009847276043 0.97509
6 0.24283528538887078 0.5366419402780944 0.01401218874064432 0.010576517164349214 0.975051
2 0.3286161952489424 0.42004435650786415 0.01124772196550602 0.010086423341691362 0.975036
5 0.5381353257403189 0.6992838112605425 0.006710032411324438 0.010714968406656028 0.974959
6 0.4391143924503742 0.1649278395258719 0.015326544223885453 0.010262139594255756 0.974958
2 0.4331503338756915 0.723168080237064 0.011587128148389195 0.011269917118759973 0.974948
14 0.6855786631955743 0.6032343852290859 0.008546734526521315 0.016500008206063368 0.974932
18 0.2999253680442564 0.18550804540688395 0.01499676823950537 0.014396221563710964 0.974918
0 0.28121112658639763 0.6761644495099156 0.021761916042954767 0.010504986551173922 0.974888
18 0.3468539251545721 0.39523727376339185 0.014963279140904654 0.014192331889674038 0.97488
0 0.2111061138952164 0.6068531643492135 0.022248257728603973 0.011035834966947801 0.974878
23 0.5497808682069638 0.6309095782995213 0.011605122290920925 0.010143913927513107 0.974871
18 0.6275347243735763 0.5114792468657398 0.015271895346566873 0.014416062001367679 0.974837
18 0.2634600715912789 0.6506145174378847 0.0146504976244712 0.014601861864599955 0.974824
8 0.5223892847380409 0.4894799361750627 0.017125092092417832 0.011306423524048325 0.974811
14 0.32749672632606575 0.5581387043537726 0.008050229482590304 0.016318993389560065 0.974811
22 0.2555673075170843 0.5135619092774105 0.013783296583143508 0.01055525288351949 0.974759
2 0.2641463481939473 0.6759498226578528 0.011303220566221933 0.011072481422384317 0.974695
5 0.2483763150016271 0.6522343141098701 0.01413231630328669 0.01063818591292455 0.974674
14 0.2044119596485519 0.6271842443583314 0.00702199752684673 0.01615945292910873 0.974632
4 0.4665971129189717 0.6069552842489173 0.01170395678490075 0.012367478459083656 0.974601
23 0.5589798737390173 0.6996075605197173 0.011952209306866255 0.010544900843400958 0.974564
6 0.6050522095671982 0.23411634739001597 0.015607719362186788 0.010008765534533849 0.974498
13 0.4981305148063781 0.254736981080465 0.006620161666124309 0.015539380898108045 0.974485
8 0.27403396290270093 0.3974102685206291 0.015860453758542142 0.010712155732847048 0.974482
2 0.43375796941099903 0.676543985411443 0.011735546501789783 0.01062148493275587 0.974482
23 0.4034103481939473 0.3741600765899248 0.011706505955092743 0.009947470253020287 0.974476
6 0.22185494825903027 0.1899908639161158 0.014457043931012041 0.010450238614087075 0.974385
13 0.496598013667426 0.5574381034875769 0.006904185876993166 0.015999328926373374 0.974384
23 0.3469857155873739 0.28072865466149993 0.011326129775463715 0.009792084613631182 0.974373
5 0.5184647289293849 0.5839263715523136 0.015050534070940449 0.01038442671529519 0.974286
2 0.4732277878294826 0.6302849546387053 0.011786113374552555 0.010872081331205836 0.974279
2 0.4707737533355028 0.25722333804422154 0.01147623091441588 0.0105711602461819 0.974275
7 0.37284496452977545 0.12016349395942558 0.016186980800520664 0.01456778299521313 0.974232
2 0.550596935893264 0.32753061317529064 0.011644509469573707 0.011287901891953498 0.974195
2 0.6692784692482916 0.32733512651014357 0.012298596550602017 0.011119503259630726 0.974138
4 0.4665977793686951 0.39582793526327786 0.011814754051415556 0.013170199224982904 0.974124
22 0.3282331532704198 0.676570128105767 0.014252060657338106 0.01035828402097105 0.97409
7 0.5645007432476407 0.33086590745384087 0.016292096583143508 0.015283906086163665 0.974069
14 0.37643529580214774 0.5582478267608844 0.008206361991539212 0.016241615682698884 0.974037
5 0.6492468232997071 0.4192991730111693 0.01363057962902701 0.010687763665374972 0.974035
0 0.36681676016921577 0.35091875450193755 0.023253930361210543 0.010778014315021655 0.974031
13 0.5614623989586722 0.5570606683382722 0.007350074064432151 0.01626355687257807 0.973992
2 0.6767933563293199 0.5594856366537497 0.011942179238529124 0.01016405780715751 0.973958
22 0.5690114415880247 0.4431029248233417 0.014574405727302309 0.010570273261910188 0.973929
6 0.5790336791409046 0.6063226077045818 0.01476181138952164 0.010843697834511055 0.973827
2 0.3036781464367068 0.6304067982676088 0.011166348454279204 0.01060506405288352 0.973823
2 0.6301222154246664 0.7025512745839981 0.01361505135047185 0.0046010675176658316 0.973781
21 0.3294922434103482 0.6552968607248689 0.0167838698340384 0.01569868794164577 0.973767
0 0.3052569658314351 0.5371748310918623 0.022801077774162057 0.010683060314565762 0.973499
13 0.2536973495606899 0.3022531953498974 0.007509988675561341 0.016498024162297696 0.973496
8 0.40116041392775786 0.6306740606336905 0.016737884803123982 0.01059423350809209 0.973419
5 0.27922593947282787 0.6301879699111009 0.013821750732183535 0.010433572646455436 0.973327
13 0.2185260318906606 0.25823601732391155 0.008157444581841849 0.0160694707089127 0.973289
5 0.6437626085258705 0.536092010029633 0.01397904952814839 0.010876446227490313 0.973281
6 0.20786633517735112 0.28279042625940276 0.014429586202408069 0.010428262411670846 0.973271
0 0.2897053615359584 0.21153524504217006 0.022954527822974292 0.011063179758377022 0.973143
6 0.2951885766352099 0.3277290175518578 0.014856680507647251 0.010126536038294963 0.973065
6 0.2248932925479987 0.6985045488944609 0.014961812951513179 0.01018767959881468 0.972929
4 0.4373694604620892 0.6989918067016184 0.01101151552229092 0.012120056530658764 0.972919
22 0.5668478125610154 0.4195560483245954 0.014107624341034821 0.010529798769090494 0.972882
5 0.5611976518060526 0.2805093594711648 0.015287556915066709 0.011330127011625257 0.972757
22 0.2517925362837618 0.4901648981080465 0.01427082121705174 0.010445173467061773 0.972738
5 0.3523594663195574 0.7228272915431958 0.01485786345590628 0.011305664919079098 0.97272
5 0.2075652665148064 0.19057989149760657 0.013395872697689553 0.010858333074994302 0.972694
22 0.46115605076472505 0.11877933166172783 0.014499963293198827 0.01048542621381354 0.97268
4 0.3903173768955418 0.48919785183496695 0.011178627790432803 0.01228718304080237 0.972638
23 0.59393766091767 0.6063145548210622 0.013967186723071916 0.010925802233872805 0.972627
2 0.32795007875040677 0.30377950854798264 0.012011240091116173 0.01076978636881696 0.972485
14 0.3695163813862675 0.1384514757237292 0.007227047445493004 0.015660057442443583 0.972479
6 0.4292239453302962 0.58384981080465 0.016369638008460786 0.010388079689993161 0.972372
8 0.37678218288317605 0.30298764166856623 0.015976715912788805 0.010872244723045361 0.972278
6 0.628250491376505 0.1410199954410759 0.014823374682720469 0.009879931069067701 0.972276
8 0.3032577832736739 0.11835404604513335 0.016255825056947608 0.011413375153863689 0.972182
0 0.6429800299381712 0.2582155933439708 0.031874790758216726 0.011268983451105538 0.972078
4 0.6852892574031891 0.6264375436516982 0.013441107972665149 0.016275811260542512 0.972005
13 0.660992 0.6965907636197857 0.007900095021151968 0.016624652837930246 0.971953
4 0.40096114546046213 0.25637755185776157 0.012012456361861374 0.012606263961705038 0.971941
4 0.22117500292873415 0.4207420396626396 0.008768995509274324 0.011188279553225438 0.971915
6 0.49643190107386914 0.37418400182356965 0.016086513504718517 0.010071928151356279 0.971894
9 0.45567883371298407 0.6531243328014589 0.01574870680117149 0.012231979940733986 0.971861
4 0.5200200559713635 0.7201522170047869 0.012354395053693458 0.017002438112605427 0.971846
18 0.43693860071591284 0.23106033644859814 0.01734568695086235 0.016524166856621836 0.971827
5 0.5416048630003254 0.39740268247093685 0.013366265668727628 0.01033489564622749 0.971806
5 0.5570743273673934 0.1872723738317757 0.015185756719817766 0.010770428265329382 0.971798
13 0.4614954402863651 0.27899681787098246 0.007568119752684673 0.016476316389332116 0.971719
13 0.6921441926456232 0.23187799589696834 0.006834741815815164 0.016573301116936404 0.971705
6 0.5696787243735764 0.21053657077729654 0.0161587399934917 0.010217685343059038 0.971693
14 0.31823540774487474 0.7197447877820834 0.008149697103807354 0.01741441896512423 0.971655
2 0.5711629079075822 0.7026960630955095 0.011589577351122681 0.004890632869842718 0.971649
14 0.5015568994467947 0.720350621381354 0.008299648291571754 0.016383066332345566 0.971625
8 0.6120071122681419 0.5826604349213585 0.015885129059550928 0.010855286984271711 0.971613
23 0.4112912827855516 0.7002882042397993 0.010479738626749105 0.00974164321860041 0.971461
23 0.27372822909209243 0.16536911420104858 0.010702132899446796 0.01024641896512423 0.971455
4 0.22139626423690206 0.2812041249145202 0.012227702961275627 0.013599336220651926 0.971421
14 0.6840898145135047 0.23202341463414633 0.008191466840221283 0.015882153635741966 0.971365
6 0.5433501282134722 0.2576663633462503 0.0160719349170192 0.010124143514930477 0.97131
1 0.20899196876016923 0.3564463587873262 0.013852957240481615 0.012641976749487121 0.971282
5 0.6485512164009112 0.16473993891041713 0.014978324243410349 0.01056894278550262 0.97121
13 0.4935015216400911 0.7204452719398222 0.007712672697689555 0.01765588876225211 0.971026
6 0.45424546697038726 0.5839467955322544 0.016564424601366742 0.010218537314793708 0.971002
7 0.2080702687927107 0.4247610120811488 0.01452698782948259 0.01528845771597903 0.970928
0 0.36613748128864304 0.5376755103715523 0.032212180930686625 0.011010964394802826 0.970902
8 0.28885963683696714 0.46621352176886255 0.015428244451675887 0.010695991611579667 0.97076
7 0.21561964464692482 0.37888840300888993 0.014290131597787178 0.014432751310690677 0.970734
6 0.4552358112593557 0.18747404604513337 0.015682794923527497 0.010267473170731707 0.970706
7 0.6609948324113244 0.19091496147709142 0.010909865278229743 0.015029481650330523 0.970625
22 0.5534308467295802 0.513274923182129 0.014383201301659616 0.010648911420104854 0.970556
23 0.31986187829482593 0.5843436042853887 0.011377829612756263 0.010006478048780488 0.970528
0 0.6106565519036772 0.6998269724185092 0.02284672958021477 0.010377272486893093 0.970526
5 0.5734984809632281 0.3745350608616366 0.015330326326065733 0.010139047184864372 0.970452
14 0.5953795248942401 0.34757435696375655 0.007344842434103482 0.015579645315705493 0.970445
14 0.21943007094044908 0.2345816640072943 0.00781110732183534 0.015212597219056302 0.970375
6 0.3698551044581842 0.6309533439708228 0.01600380709404491 0.010314740095737405 0.97031
2 0.5078004670354702 0.4901021089582859 0.01118675847705825 0.010351923410075223 0.970155
14 0.5274749625772861 0.3479876216093002 0.007801777025707777 0.015879119215865056 0.970032
2 0.3530582388545395 0.209469388648279 0.012418557500813537 0.010806141053111467 0.969992
7 0.39552491506671006 0.3998972090266697 0.016578653302961276 0.016075189423296103 0.969808
6 0.5599658861047836 0.16514993571917028 0.015788977025707775 0.010228002370640529 0.969801
13 0.554922861047836 0.3019513872806018 0.0076872976244712005 0.016294484613631182 0.969761
8 0.5919513075170842 0.559632689309323 0.015631211714936546 0.010597407978117165 0.9696
2 0.47074359648551906 0.3274102867563255 0.011763753986332575 0.011333733302940506 0.969469
7 0.6234370582492678 0.4641088014588557 0.015936595639440287 0.0054501448826077045 0.969429
5 0.3354266449723397 0.21005724914520174 0.014491349430523917 0.010285586323227718 0.969299
6 0.4934338769931663 0.6531264335536814 0.01551468298080052 0.010086715112833372 0.96921
5 0.3586152632606573 0.14061174925917483 0.013910871721444841 0.010443527877820834 0.969187
6 0.5921932287666776 0.7028063759288807 0.013544524308493329 0.005111281878276727 0.969165
5 0.5425142336479011 0.6992039826760884 0.015286157370647577 0.010861916024618189 0.969102
14 0.6443147621217052 0.6269578299521312 0.007575517344614383 0.01573871894232961 0.969091
23 0.6528458184184837 0.35072501846364257 0.011759905239179955 0.009946431547754729 0.968998
0 0.5884622766026684 0.6302362872122179 0.024045506020175723 0.010883156963756553 0.968894
0 0.45790544223885454 0.4904062511967176 0.02375610022779043 0.010938453430590382 0.96875
6 0.5334111968760169 0.5599615737405973 0.01651645688252522 0.010525060405744245 0.968675
23 0.4592829938171168 0.2574860487804878 0.011315999739668075 0.009996441121495326 0.968625
22 0.5401974877969411 0.14159046637793482 0.014611843540514155 0.01086297807157511 0.968502
4 0.33582001692157504 0.7194342265785275 0.012814745200130165 0.01647281513562799 0.968501
4 0.6452336296778393 0.23148095372692043 0.014430186007159129 0.0164618445406884 0.9684
6 0.2223802772534982 0.6296214670617734 0.01407503494956069 0.009902257396854342 0.968373
5 0.5955059837292548 0.652668819694552 0.015940277774162057 0.010876562935947116 0.968316
6 0.43879432997071266 0.6530999407339868 0.01633606560364465 0.010572058901299294 0.968252
6 0.4209721314676212 0.467032815135628 0.016151758932639114 0.010288830818326874 0.968227
5 0.491693610152945 0.39747165716890814 0.014873575008135373 0.010563690904946433 0.968098
5 0.3750514129515132 0.653398947800319 0.014080749755938822 0.01046119753818099 0.968096
9 0.6466679960950211 0.11754420606336904 0.014868143442889684 0.011287353362206518 0.968044
2 0.36109745525545067 0.16307345885571006 0.012466775138301335 0.011096406656029177 0.968022
5 0.4009404855190367 0.3267288260770458 0.013961455255450698 0.010852777752450422 0.96797
6 0.2395890087862024 0.5603178846592204 0.01427578626749105 0.010003140186915888 0.967934
5 0.48688834103481937 0.2106238687029861 0.014097994142531727 0.010845588511511283 0.967916
14 0.4014714793361536 0.348109932072031 0.007736048421737715 0.016046945976749487 0.967905
14 0.2061762186788155 0.4437994408935491 0.00813050335177351 0.012285432413950307 0.967864
6 0.47345671330946953 0.28095798677912015 0.015494422909209243 0.010257961431502165 0.967567
0 0.25076353791083633 0.7227019466605882 0.029175502766026682 0.011879870526555734 0.967439
8 0.5698904887731858 0.513546153635742 0.015757937129840548 0.010663056485069523 0.96737
13 0.5036081983729255 0.5104362233872806 0.007541811649853564 0.016624069295646228 0.967358
2 0.4645474467946632 0.6995495564166857 0.011855007614708753 0.010998429906542057 0.967132
5 0.6785134630654084 0.21015831866879414 0.015238872762772535 0.011338926829268294 0.967072
4 0.2971754298730882 0.5832910107134717 0.010949035860722421 0.01279778253932072 0.967063
5 0.5168892417832737 0.5607625438796443 0.014815293979824277 0.01042032623660816 0.967004
5 0.6827214266189391 0.32750096922726235 0.01407921692157501 0.011472896466833827 0.966993
23 0.5374070628050764 0.3276070572144974 0.008166741555483241 0.01030538007750171 0.966948
8 0.3931378587699317 0.5135573576475952 0.01613111565245688 0.011123039525871894 0.966709
5 0.58127694890986 0.3273013977661272 0.014999567328343639 0.010920573695007978 0.966639
13 0.6229902037097299 0.11467866332345567 0.006800669573706476 0.016775440164121268 0.966483
13 0.32132040351448093 0.23128324960109412 0.007815439245037423 0.016159336220651927 0.966305
13 0.31244096062479665 0.18480247276042855 0.007793013211845102 0.01601029952131297 0.966114
0 0.2361634572079401 0.6068581828128562 0.021810566872762772 0.010789755185776158 0.966111
4 0.388562681418809 0.6528644230681558 0.012312458704848683 0.01345088306359699 0.965972
0 0.3063657715587374 0.14115701116936402 0.022551492352749756 0.00996536165944837 0.965961
5 0.5077446851936218 0.5368490977889219 0.014789918906605921 0.010679477364941875 0.965816
6 0.5384410595509274 0.25772891907909734 0.0060987647250244055 0.010030076498746295 0.965754
5 0.5426525219655061 0.7023921542739913 0.015380709925154572 0.004282826897652154 0.965728
23 0.42180486039700615 0.6767470581262822 0.011894877969411 0.010144800911784818 0.965724
13 0.6702914728278555 0.3943698965124231 0.007835649332899448 0.016508878048780488 0.965663
7 0.6173482069638789 0.2600364786870299 0.016473937390172468 0.015463753818098929 0.965577
14 0.32757036902050113 0.5521822548438569 0.007422100618288317 0.004365818281285617 0.965563
5 0.42191382492678164 0.39704053612947343 0.015749923071916694 0.010583998176430362 0.965471
5 0.637540633908233 0.6519948283565079 0.015441756719817769 0.011203580031912469 0.965456
4 0.5083835105759844 0.2566671055390928 0.012266140449072567 0.013256563483018007 0.96539
14 0.6758438320859096 0.23222742101664007 0.0075885797591929705 0.016199017095965353 0.965288
5 0.4654099993491702 0.7232917912012765 0.015047118516108038 0.011309679689993161 0.965147
2 0.6848753921249594 0.6526362580351037 0.01307366091767003 0.010949610759060863 0.965131
5 0.27488601887406444 0.3045057852746752 0.013234025382362513 0.0103574203783907 0.965107
22 0.4378283110966482 0.4666134816503305 0.014871542336479011 0.010532809847276043 0.964997
2 0.5616421737715588 0.6299606218372464 0.011777116303286692 0.011068513334852976 0.964977
14 0.42690103481939473 0.16160503305219967 0.008185235535307518 0.015745838158194667 0.964816
18 0.5905852521965507 0.3720876845224527 0.01520370087862024 0.01430122087987235 0.964655
13 0.6358998346892288 0.626102707089127 0.007658740253823625 0.018048962844768635 0.964629
22 0.5657298431500163 0.5366864062001367 0.0146319203384315 0.010326702712559836 0.964487
5 0.4693922030589001 0.5606611242306815 0.014627621737715589 0.010879807431046273 0.964351
2 0.232463494956069 0.4205654597674949 0.010690420045558086 0.011396895919762935 0.964305
4 0.6381752606573381 0.6746299667198541 0.011799275756589652 0.012320678367905173 0.964262
16 0.4101179980475106 0.6075150180077502 0.01282610816791409 0.010108271164805106 0.964194
14 0.6610663091441588 0.16216908502393435 0.009000803384315002 0.01683029313881924 0.964188
2 0.6376669261308168 0.30328233052199677 0.01178832931988285 0.01135723838614087 0.964158
14 0.6247376348844778 0.5569045124230682 0.008523458769931663 0.015945409619329838 0.964083
4 0.6798145395379108 0.16334410576703898 0.010137233452652132 0.012863606108958286 0.963726
2 0.3073931038073544 0.2807682188283565 0.011201770257077774 0.010567834055162982 0.963706
13 0.2289136505043931 0.5574209473444267 0.00732413250894891 0.01604227763847732 0.963674
5 0.24013483110966483 0.30572994027809436 0.01488518789456557 0.011038180806929565 0.96364
4 0.6592044152294175 0.4420035194894005 0.011324297038724373 0.012231046273079554 0.963632
2 0.6304902622844126 0.7229650075222248 0.011379712333224861 0.011136811123774789 0.963525
13 0.289286664497234 0.440414767266925 0.004570312268141881 0.018850633234556644 0.962958
0 0.30745275105759845 0.4900490066104399 0.02220077318581191 0.010800912514246638 0.962633
6 0.6641751304913766 0.37407908092090264 0.01553106098275301 0.009857604741281058 0.962629
14 0.5688703208590954 0.18509559772053796 0.007668337129840547 0.015682348757693185 0.962335
5 0.28027992971038074 0.32741810622293144 0.014658761601041327 0.010972999133804421 0.962182
12 0.24489978001952487 0.2795517665830864 0.026800609176700293 0.016582287668110325 0.962034
5 0.26206520898145136 0.4431681415090039 0.01399664380084608 0.010745254251196717 0.961883
13 0.38500370660592254 0.5579098390699795 0.006844988480312399 0.016587539548666517 0.961712
14 0.588029250894891 0.2551454606792797 0.0077354819394728274 0.015952528835194893 0.961564
14 0.5471308974943052 0.41766397082288576 0.007530548649528149 0.015127750170959655 0.961333
5 0.23125805401887406 0.21246482790061547 0.014956214773836641 0.011014325598358788 0.961189
23 0.49190237552879923 0.11827059949851834 0.012159925024406118 0.010445675313426031 0.961015
13 0.4074820227790433 0.4171348146797356 0.0073182011064106735 0.016069587417369503 0.960961
13 0.6674545629677839 0.23158412400273537 0.007796512072892938 0.017535445634830178 0.960928
14 0.4417008838268793 0.5811422913152495 0.007865239700618289 0.015986140870754503 0.960816
13 0.6781664093719493 0.4175471456576248 0.007403106801171494 0.016356573512651015 0.960787
5 0.6844132092417832 0.6985702557556417 0.01447936999674585 0.0109979864144062 0.960725
5 0.6239853797591929 0.48927219512195125 0.013588709925154572 0.010504764805105994 0.960582
6 0.4788021399284087 0.5375003309778893 0.016016319687601692 0.010217031775700935 0.960532
13 0.2909544549300358 0.443537675495783 0.007705325089489099 0.011761878276726692 0.960489
23 0.5521952489424016 0.7232530439936175 0.0129109138952164 0.01141645625712332 0.960272
13 0.5355233426618938 0.34809090859357195 0.007675768044256427 0.016303121039434695 0.959332
0 0.2837936192645623 0.6533270553909277 0.015556352749755937 0.01151191210394347 0.959268
13 0.2287008864301985 0.672405620241623 0.007437428961926456 0.015907245953954867 0.958814
14 0.5798340852587048 0.25434238978801005 0.008187018288317605 0.015955446546614998 0.958718
4 0.44112040611780023 0.4423262183724641 0.012389766872762773 0.012980081148848872 0.958009
22 0.3155980995769606 0.5607041896512422 0.014186798568174423 0.01027923738317757 0.95786
5 0.6814386775138301 0.3039134898563939 0.01488565440937195 0.011519813266469113 0.95769
23 0.6139962980800521 0.11769546022338727 0.010905550016270745 0.009905396854342375 0.957612
22 0.5863767888057273 0.21033676589924777 0.014139264041653108 0.009994993936630956 0.957395
23 0.33794632476407416 0.4430070955094597 0.012271422063130491 0.010605192432186003 0.957097
6 0.3899699566547348 0.14164391885115113 0.015338806898795965 0.010842344016412127 0.956744
0 0.3932125011389522 0.21014536403008888 0.023002678815489747 0.010245135172099384 0.956228
4 0.6133396784900749 0.3243897551857761 0.013439975008135374 0.016626520173239116 0.956097
8 0.518231304913765 0.11813148301800774 0.01598624614383339 0.011342381399589697 0.956011
23 0.22608557110315655 0.5830290002279462 0.011397589847054995 0.009916274082516528 0.955826
14 0.24729749951187766 0.34899318167312515 0.006834641848356655 0.01576509505356736 0.955731
4 0.4736443189066059 0.3535667410075222 0.010470558281809308 0.006882729519033508 0.955143
14 0.23601700488122357 0.1641988785046729 0.007394159713634885 0.016180927285160702 0.954567
6 0.6325997589326391 0.21050342557556417 0.015606303156524568 0.010210752860724868 0.954436
7 0.3189496752359258 0.2130928361066788 0.01572421477383664 0.01596489993161614 0.954269
2 0.6417932495932314 0.5133211397310234 0.011703973446143833 0.010659800319124687 0.954134
6 0.36397368564920274 0.4661121021198997 0.016517989716889035 0.011084992568953726 0.954083
14 0.26989481028311096 0.5804615308867107 0.013588676602668402 0.01577839981764304 0.953795
5 0.36819414513504717 0.6765131743788466 0.014158341164985357 0.010900149715067245 0.953692
5 0.4961528252521965 0.23408740369272854 0.013808738301334202 0.010635898427171187 0.953542
1 0.28099836251220306 0.14456933302940508 0.014938870419785227 0.01579882379758377 0.953533
2 0.4646297533355028 0.702608835194894 0.012031433517735113 0.004716177068611807 0.953306
22 0.41520417572404816 0.1643208388420333 0.015199885453953791 0.010476498016868018 0.953016
6 0.343775427269769 0.2570857387736494 0.015909254539537912 0.01047039416457716 0.95285
5 0.4551145174096974 0.4431802791885115 0.015058248226488774 0.010666534397082287 0.952616
14 0.44296563878945655 0.6049362279462047 0.007097239700618288 0.015613257351265102 0.952606
13 0.6686748324113244 0.30147218235696377 0.009115715977871787 0.01654143970822886 0.95242
5 0.3696763293198828 0.6073019083656257 0.014086264627399935 0.010763075632550717 0.951928
23 0.29615726130816794 0.28172511146569407 0.01085963163032867 0.010014099111009802 0.951412
6 0.651516084607875 0.6750801112377478 0.014414374487471527 0.010534525461591065 0.951247
8 0.6002082863651155 0.4199277647595167 0.01587389938171168 0.01048266022338728 0.950951
2 0.6647261178001952 0.350280125826305 0.011657371949235275 0.010242357510827445 0.950773
14 0.5828181138952164 0.6501404476863459 0.007466436186137325 0.01561570822885799 0.948643
14 0.4890839596485519 0.5576554146341464 0.006850919882850634 0.015462003191246864 0.947718
4 0.6562360481614058 0.512531023478459 0.016019535307517083 0.011788954638705267 0.947623
12 0.3032956042954767 0.23171798860268977 0.026879416856492026 0.01652066560291771 0.947605
0 0.6847169437032216 0.18931675586961477 0.024324748454279205 0.01573895235924322 0.947569
2 0.3498782739993492 0.4428351839525872 0.011234559583468922 0.010411012901755185 0.94721
6 0.5027724704197852 0.18768353772509688 0.005840948649528149 0.010372499111009802 0.947146
2 0.670262149040026 0.6748611661727832 0.012239948974943054 0.01080235969911101 0.947078
13 0.3589926404165311 0.3940392614542968 0.007001820761470876 0.016462661499886025 0.946295
5 0.39982701464367065 0.5371274474583998 0.014207858379433778 0.010988451333485298 0.945773
12 0.24632831500162708 0.2563851379074539 0.01740283501464367 0.015789253704125827 0.94539
4 0.31998283891962254 0.27978670070663325 0.011724316823950537 0.012965492591748347 0.945077
13 0.4272632502440612 0.6496632268064737 0.006818763683696713 0.016797964896284476 0.945005
19 0.48322486690530425 0.23393288169591975 0.011354403904978848 0.01064543350809209 0.944277
13 0.28641526586397653 0.3477005188055619 0.010306894890986008 0.016104016412126738 0.944006
6 0.327072864301985 0.4664597766127194 0.023985192320208265 0.011148003464782312 0.94359
23 0.3481934890986007 0.1642375090038751 0.012026368499837292 0.00934482279462047 0.943554
13 0.6054697403189067 0.1617839471164805 0.007392576895541816 0.016758750854798266 0.943377
22 0.6305371470224537 0.39692347754729884 0.011462668662544744 0.010403286801914748 0.943068
6 0.264023488187439 0.2585490294050604 0.014668208525870485 0.010430958377023023 0.942812
7 0.4834726195899772 0.4634042325051288 0.024484363163032867 0.0068514866651470255 0.942677
23 0.4844156459485845 0.443042691588785 0.011711037813211844 0.009961311875997265 0.941917
23 0.3995750966482265 0.2805841695919763 0.011164798958672308 0.010229262821974014 0.940009
13 0.26654456752359257 0.5567297998632322 0.00740890491376505 0.017527159334397083 0.939099
8 0.2832079765701269 0.7024870849327559 0.014361341750732183 0.004472688215181217 0.938769
4 0.6608697064757566 0.5820464317301117 0.011160150471851612 0.012030657852746752 0.938054
2 0.2107069105109014 0.5828233599270571 0.018473986332574032 0.011039079462046957 0.937961
18 0.6411884464692483 0.44289363154775474 0.022593978522616336 0.010473837064052884 0.937261
6 0.4146701828831761 0.46727311784818787 0.003721888447770908 0.010372055618873947 0.937112
6 0.5328598763423364 0.3741994073398678 0.02295586072242109 0.010099844814223843 0.935599
5 0.4030386358607224 0.4903875778436289 0.014401045493003578 0.010707790836562571 0.935544
14 0.480859803449398 0.5579761294734443 0.008417093394077448 0.016195515842261227 0.935212
2 0.41998678555157826 0.4199555413722361 0.013036073153270421 0.010557061864599954 0.934705
14 0.4018410257077774 0.3531569192614543 0.0070484222583794345 0.006063097697743333 0.933896
9 0.5024972433452652 0.30270275632550714 0.005313437032216076 0.01334176065648507 0.933481
27 0.2330033192320208 0.6524618956006383 0.007858741815815164 0.0157578591292455 0.933172
13 0.6903484438659291 0.20755642033280147 0.008520293133745525 0.016666667882379756 0.932867
2 0.6432652704197852 0.1411675149304764 0.012374421867881548 0.010892913790745385 0.932833
22 0.3610608005206638 0.32688649920218826 0.014431468922876667 0.010186792614542969 0.93215
6 0.383476620370973 0.6999887303396398 0.017069443540514154 0.010700589924777753 0.931517
2 0.40084285063455904 0.6538862056074766 0.01188856335828181 0.01087691306131753 0.930716
11 0.6772445427920599 0.5104457934807385 0.024974370322160756 0.016461727832231595 0.930335
5 0.4468615372600065 0.14150258490996126 0.013840677904328018 0.010877566628675632 0.930158
23 0.4220027959648552 0.14101882835650786 0.011281394337780672 0.009670556097560975 0.929109
14 0.6871583156524568 0.41781907636197857 0.008461328994467948 0.017701521768862548 0.928489
4 0.6420781568499837 0.6977452436744928 0.011308019004230395 0.012639175746523821 0.92844
7 0.4115510315652457 0.265171592432186 0.009960107777416205 0.0051551292454980625 0.927643
2 0.5780509990237552 0.3040258801002963 0.020735916693784575 0.010679255618873945 0.927491
6 0.3413775411649853 0.18737997902894918 0.0156699657663521 0.010434156188739458 0.926624
12 0.26318749365440935 0.3715155796671985 0.020933019199479336 0.015572175974470024 0.925939
23 0.35100140839570454 0.3029850740825165 0.01108584132769281 0.010579925051287896 0.924658
13 0.6621932756264237 0.13773838705265556 0.007687114350797266 0.016727006154547527 0.923464
11 0.37934698132118455 0.5107962689765215 0.008904684672958022 0.017053673125142468 0.922808
2 0.28538310185486493 0.16504921632094827 0.012270105824926783 0.011099966263961704 0.922552
14 0.36368394663195575 0.2076607576931844 0.008026403904978848 0.01592988739457488 0.92077
2 0.4891297780670355 0.2808189870070663 0.013444373576309796 0.011088948985639389 0.919527
2 0.31054074585096 0.32712084978345113 0.011379345785876994 0.010528491634374287 0.91885
18 0.21183787569150667 0.7198348867107363 0.021003996095021155 0.015190422612263506 0.91821
18 0.23857467230719165 0.5120490175518577 0.020564305890009762 0.014435202188283565 0.917629
27 0.32194653302961274 0.326850319580579 0.009195156784900748 0.010484632596307272 0.917133
18 0.34703953140253824 0.48830794985183495 0.021779243735763096 0.014285231821290175 0.917093
13 0.6772913608851285 0.6032384700250741 0.007437029092092418 0.01610214907681787 0.916761
4 0.28900792190042307 0.6289250677000228 0.005127780800520664 0.015236639161157967 0.916691
6 0.28922635079726655 0.3528821175290632 0.014627388480312397 0.005513494232961021 0.916267
5 0.6277833267816466 0.48941096147709146 0.005973405532053368 0.010758477319352634 0.916011
2 0.614529291246339 0.3029171497606565 0.012187066189391473 0.010411993252792342 0.915857
4 0.5111696036446469 0.6063622885798952 0.016211639440286366 0.01228963391839526 0.91542
22 0.5048923136999675 0.32814006473672214 0.01467953817116824 0.010500598313198085 0.91525
23 0.20589564334526522 0.3990461709596535 0.010155210933940775 0.01075811552313654 0.915173
2 0.4858916654734787 0.6760256831547754 0.012879274194598113 0.010777500797811717 0.914343
23 0.4204901217051741 0.3271873736038295 0.012372605792385291 0.010440925279234101 0.91397
4 0.5995718268792711 0.2795028657396854 0.011233809827530099 0.013594784590836562 0.910874
6 0.2138495541815815 0.5598944663779348 0.022231263260657337 0.010512747663551402 0.908408
11 0.6279746311747478 0.6741205343059038 0.006356014318255776 0.013396146797355823 0.908388
4 0.5047043748779695 0.46580095737405974 0.01673571884152294 0.011293889035787553 0.907435
14 0.5953908545395379 0.3527549753362207 0.0073022729580214775 0.005259209847276043 0.907013
4 0.5386343299707127 0.6523973558240255 0.005712173901724699 0.0115806767266925 0.905457
6 0.38481513465668726 0.7026980004558924 0.014000959062805076 0.004894519261454297 0.903377
11 0.2147742531727953 0.21050879416457716 0.015913919687601693 0.015940274447230455 0.902743
2 0.41885865278229745 0.23378232778664232 0.020846880572730233 0.010743468611807612 0.900877
4 0.543654529124634 0.6523811333485298 0.01579847393426619 0.011761294734442672 0.900162
10 0.20798662935242435 0.3263021399589697 0.01399995938821998 0.01628829906542056 0.899288
2 0.21617263130491376 0.39872942420788693 0.010071354897494306 0.010793851652609984 0.899011
14 0.37634732443865926 0.5522431766583086 0.006164210087862024 0.004243892956462275 0.898399
13 0.3140552684672958 0.6967487868702986 0.006202164399609501 0.01650199224982904 0.897228
4 0.4175878997722096 0.629585404148621 0.016062771233322486 0.011661765762480056 0.896708
19 0.5008414656687277 0.14171919580578984 0.01096146514806378 0.01053188785046729 0.896116
4 0.6568060292873413 0.489355758377023 0.017005964204360558 0.011469710325963074 0.895523
4 0.2523544367068012 0.4414729628447686 0.004860567783924504 0.014709583770230227 0.894752
4 0.30318880572730234 0.4424834246637794 0.016704395704523266 0.01204232869842717 0.894351
2 0.41372965571103154 0.654021237291999 0.005602792840872113 0.011275262366081605 0.893315
6 0.5044254656687276 0.6751905174378847 0.022847062805076472 0.012806652382037839 0.892378
8 0.255259074520013 0.5574318012309095 0.01586866775138301 0.016221658536585366 0.891708
2 0.43259351513179306 0.3269847677228174 0.01208046755613407 0.011407749806245726 0.891466
6 0.3084074402863651 0.3527947845908366 0.022066983403839897 0.005338840027353544 0.890707
4 0.5015225772860397 0.20711292819694552 0.014055641262609827 0.01613797857305676 0.889613
5 0.5137698905304263 0.14136965397766127 0.01445431148714611 0.010892120173239116 0.889085
12 0.6216344783599089 0.6266643081832688 0.018735401236576636 0.01599862867563255 0.888312
2 0.6299172821347218 0.6994142913152496 0.013725398763423364 0.010994987007066333 0.888174
27 0.2797177793686951 0.37406495919762933 0.008820128864301984 0.010404920720310006 0.886302
2 0.38366594207614707 0.28025143378162753 0.02055031044581842 0.010896251652609984 0.886288
20 0.21257896778392452 0.30565734761796215 0.02311280963228116 0.021950293138819237 0.882569
6 0.5812691181256101 0.28120424162297697 0.025083501464367067 0.011011734670617735 0.882122
2 0.4942069586723072 0.5370026861180762 0.012306344028636512 0.01053688297241851 0.878389
13 0.5718945030914416 0.25545683884203324 0.007872737260006507 0.016086626852062913 0.877327
4 0.25222897754637164 0.5841420487804878 0.004620679205987634 0.01230387235012537 0.872767
22 0.6281569551578262 0.46398999224982906 0.006638988870810283 0.005687681604741281 0.872468
5 0.415270654083957 0.35099940004558927 0.002520946046208916 0.011171450193754274 0.872342
23 0.3180782922225838 0.6307708119443812 0.017304200455580867 0.010272048142238432 0.871662
6 0.5932790419785227 0.4424230863916116 0.01407983338756915 0.01050486984271712 0.869418
2 0.5014144374877969 0.443144764805106 0.003151690725675236 0.010411304672897196 0.866193
27 0.54330264367068 0.6142536592660133 0.007146223755287992 0.0030685220879872353 0.865774
4 0.6588558620240808 0.5351408361066788 0.015179975268467295 0.01251511465694096 0.86575
14 0.27492300683371296 0.551876361978573 0.007695811519687601 0.004977709049464327 0.865345
22 0.24101054604620892 0.7019056083884203 0.014095844842173771 0.0033097351265101434 0.857631
10 0.6193768799219004 0.416807914292227 0.015366914415880246 0.0160390098016868 0.857294
21 0.3096225447445493 0.4638684987462959 0.022945863976570127 0.0059307386368816955 0.855897
8 0.5952319062805077 0.6758495700934579 0.01698896973641393 0.011145074082516526 0.853823
1 0.5325198203709729 0.19052083701846365 0.017941159778717866 0.015653988602689763 0.853317
18 0.4153804516758868 0.4433970184636426 0.0023013841848356655 0.018177808981080467 0.853068
2 0.3320440794012366 0.5836647111921587 0.012620058574682722 0.01098458828356508 0.853039
5 0.2517194600715913 0.1891901271939822 0.003599544939798243 0.010426581809892865 0.851028
13 0.37692830198503097 0.3246552669250057 0.007892780735437683 0.015124482334169138 0.848022
6 0.33100958281809306 0.4638909067700023 0.014622623364790107 0.005885910918623205 0.847082
5 0.4719382076147088 0.18702063369044905 0.015286040741945981 0.010609709049464327 0.845607
11 0.6776507438984706 0.48670005744244355 0.024777101204035146 0.016141829952131294 0.844974
10 0.2695250972990563 0.27857246592204243 0.015001783273673934 0.016263906997948486 0.84338
6 0.5618989235274976 0.6761402908593572 0.016578303416856493 0.010654315021654889 0.843071
27 0.46170503872437363 0.37425122589468884 0.009100820826553857 0.01005665101436061 0.842807
18 0.6248022805076472 0.7213403090950536 0.023165459160429547 0.014552844312742192 0.84259
6 0.21320909599739668 0.6750096193298382 0.022030495281483892 0.010201182767266925 0.834233
11 0.35339379629027007 0.5521645151584227 0.0100867332248617 0.00440123929792569 0.833603
6 0.305152 0.5140785776156828 0.013920202017572403 0.010549312423068157 0.83306
38 0.530792549300358 0.41833819557784363 0.021395701919947933 0.018771038067016185 0.831311
8 0.603631505369346 0.5335794636881697 0.015920817442238853 0.016118488260770458 0.829948
6 0.48513907712333226 0.5522082808297243 0.014129617181906931 0.004312004011853203 0.825656
19 0.34591673023104463 0.702766928470481 0.008753067360885129 0.005032386961477091 0.823947
6 0.23796703677188413 0.23597574652382036 0.015031090400260332 0.010299381262821974 0.822331
13 0.6378590302635861 0.8151573357647596 0.005681767133094696 0.003603782083428311 0.821336
4 0.4237843826879271 0.2801169856393891 0.01227692027334852 0.013067262366081604 0.821228
22 0.5380760117149366 0.1639704800547071 0.0068287271070615035 0.01137084659220424 0.817591
8 0.5926945655711031 0.16218017232733076 0.017382175073218355 0.016983414634146342 0.816738
6 0.4144640833062154 0.4644952231593344 0.004134137585421412 0.004677243127421929 0.816652
2 0.4740860084607875 0.42000771005242765 0.012039097689554183 0.01139979028949168 0.812345
2 0.4965680234298731 0.5832725707772966 0.012962347152619591 0.010776882242990653 0.811106
22 0.5710261191018549 0.582955240483246 0.01332929437032216 0.01077314757237292 0.810535
14 0.40993572404816137 0.35299951456576245 0.006903636055971363 0.0057482883063597 0.808393
18 0.5790766651480638 0.46207574014132663 0.022666288317604946 0.009516174150900388 0.808391
5 0.5993743911487146 0.2572819256895373 0.01372291623820371 0.010556151538636881 0.807333
5 0.20788083045883504 0.2641840171415546 0.013825982687927106 0.0031799903350809206 0.806108
13 0.6258383782362512 0.41704716662867564 0.002083521770257078 0.01604951356279918 0.805588
5 0.4148857793686951 0.4191274948712104 0.0032906954767328344 0.01304823888762252 0.797724
4 0.5658129827530102 0.721993876453157 0.01589347634233648 0.012481969455208571 0.797186
4 0.6310094766026684 0.5332984880784135 0.012362125870484868 0.016037959425575565 0.796125
11 0.37905910836316303 0.11457747709140642 0.008362277904328018 0.017977187143834054 0.795846
18 0.570607921900423 0.39460272988374745 0.024969371949235274 0.016268692044677454 0.794297
13 0.24091274454930034 0.48749239115568727 0.005656142141230069 0.015813995896968316 0.793204
12 0.3279180891636837 0.5338997467061773 0.020708259030263586 0.016211621609300206 0.789843
6 0.6168955209892613 0.606905916571689 0.014814277643996095 0.010430374834739001 0.788963
5 0.25267876446469245 0.652356507864144 0.005520236381386268 0.010981378801002964 0.784973
18 0.6644590380735438 0.11491779895144746 0.003981503937520338 0.01584398997036699 0.781116
4 0.46327002928734135 0.14019136539776614 0.01625900735437683 0.012764287212217916 0.779493
14 0.6035178756915066 0.3529294077957602 0.006680125479986984 0.00560807476635514 0.773805
27 0.48354892808330624 0.14159770230225666 0.010152945004881224 0.011166793526327786 0.770783
1 0.25533888187438986 0.46109550581262826 0.01084045453953791 0.011476584454068841 0.77048
14 0.6241056739342662 0.5516574169136084 0.006607865668727627 0.0054154474583998176 0.7684
5 0.41886365115522295 0.7027265590152724 0.02430875366091767 0.004951624709368589 0.766579
14 0.24751309599739668 0.3535418704353772 0.006432572730231045 0.006833011716434922 0.753486
6 0.3958026579889358 0.23342356599042627 0.015497405271721446 0.011193192979256895 0.75296
6 0.31471172144484216 0.42060677456120354 0.015247719882850634 0.0107592125826305 0.751627
6 0.595844206963879 0.5829950380670161 0.01568526078750407 0.01098520683838614 0.750861
0 0.4112994467946632 0.18726583815819464 0.010463127367393427 0.011679598814679735 0.748262
6 0.27667710250569477 0.5363541372236152 0.0058311518385942085 0.01039247959881468 0.747714
5 0.5132145046534331 0.3736804048324595 0.014832071851610803 0.010622838750854798 0.744877
4 0.5069503104458184 0.6987061043993618 0.01746131597787179 0.012338534761796216 0.736133
13 0.3236559765701269 0.6273153079553225 0.006649752033843151 0.01630300433097789 0.730348
6 0.5389665551578262 0.37434120811488486 0.005047806833712984 0.00991026359699111 0.727324
13 0.3447156212170517 0.5341971898791885 0.010305128799219004 0.0160334077957602 0.724104
14 0.32274244061178003 0.2652630101664007 0.006596769280833061 0.005337964713927513 0.720295
1 0.5953636967133095 0.3996797811716435 0.022327065408395703 0.015581395942557554 0.719342
18 0.48106240416531076 0.4886057898335993 0.021786907907582167 0.014304722133576475 0.71603
27 0.22892264757565894 0.7195644732163209 0.01193736413927758 0.014387585137907454 0.715821
8 0.4906854383338757 0.4172683291543196 0.015471063846404166 0.015833719626168224 0.713857
22 0.28744109860071587 0.3044256065648507 0.008261394077448747 0.010254530202872121 0.713355
22 0.597021823625122 0.38863227535901523 0.009854375528799218 0.005079152040118533 0.712092
4 0.528600762772535 0.7030183184864371 0.012610528343638138 0.0055351553225438796 0.710153
19 0.6922108376179629 0.5513713644859813 0.015127342401561992 0.005987598997036699 0.708526
1 0.7675431487146112 0.6145076051971735 0.014225902505694762 0.003576425621153408 0.699962
4 0.34059762837617963 0.41755426487348984 0.012634653823625122 0.016280012764987462 0.695858
1 0.519151338756915 0.30375009801686803 0.016141362316954115 0.02210364805105995 0.689377
13 0.26930233647901075 0.48753032140414865 0.007257237617962903 0.01586172965580123 0.688663
6 0.35010253433127236 0.5832244868930933 0.022738764725024403 0.012759502165488944 0.683054
11 0.2541021677839245 0.27947987417369496 0.00836704301985031 0.018152249829040346 0.680361
2 0.2845040546697039 0.5132301071347163 0.010982691571753987 0.011233539092774105 0.680101
13 0.3348475001627075 0.4604079762935947 0.010124920794012365 0.012851701846364257 0.677199
18 0.6155836147087537 0.3736534451789378 0.02337955613407094 0.010479392386596764 0.674291
23 0.6854926911812561 0.4633130832003647 0.013891994533029613 0.007041523045361295 0.672573
18 0.5391989794988611 0.6748601157966719 0.0045828415229417505 0.01439307043537725 0.666751
4 0.44180784900748454 0.37348970321404146 0.015367880767979172 0.011625492774105312 0.661304
5 0.2516586965180605 0.3291041932983816 0.0034800838268792714 0.01027335527695464 0.661244
8 0.4812698366417182 0.7024946943241395 0.019169593231369998 0.004487895327102804 0.651225
1 0.35280232216075497 0.3773130722589469 0.02206581711682395 0.015376572600866197 0.650527
13 0.2172254552554507 0.46436252564394803 0.006864465473478685 0.01695890585821746 0.649718
13 0.4084430432801822 0.20293394848415774 0.006238402603319232 0.0026116201504444952 0.646026
8 0.2535690246664497 0.6756348265329382 0.0072832791409046535 0.01121142284020971 0.64579
6 0.4530553543768305 0.3971949414178254 0.014560943442889685 0.010477174925917484 0.644093
8 0.6395068771884153 0.46296599224982904 0.014676255906280508 0.016263673581034876 0.642565
13 0.36800820566221937 0.5523368935491224 0.008149947022453629 0.004003193435149305 0.641733
4 0.2818402551252847 0.23166908775928882 0.009798393752033844 0.01666701800775017 0.641216
11 0.2724533107712333 0.20238541873717802 0.012041913439635536 0.0037087029860952817 0.637852
7 0.6512160156199154 0.7224631611579667 0.023909716889033518 0.011881621153407795 0.637432
22 0.6260485264952815 0.37323329473444267 0.002488789847054995 0.008423619603373603 0.636519
8 0.2892178535632932 0.2581812810576704 0.004707917474780345 0.011169501162525644 0.632262
13 0.5615651988285063 0.5516047813995897 0.008810748584445168 0.005444799635286072 0.630032
22 0.37630233908232996 0.5134991201276499 0.014852981711682395 0.010793163072714839 0.626703
6 0.22555907582167262 0.7019368745839981 0.013744959062805076 0.003372267517665831 0.625367
14 0.4948855711031565 0.7022888672897196 0.006381772600065083 0.004076252929108731 0.624106
14 0.3139799596485519 0.7025699362662412 0.006184803384315002 0.004638390882151812 0.623185
2 0.3569353101204035 0.607363180305448 0.0118561739017247 0.010941009345794393 0.622928
6 0.4534778835014644 0.702768025529975 0.01020987647250244 0.005004260223387281 0.621759
27 0.3680311981776765 0.5838781709596536 0.009629465408395705 0.010527371233188967 0.620145
13 0.5805786762121705 0.702869328470481 0.005823737585421413 0.005237186961477091 0.615781
6 0.28966287536609175 0.32748906496466834 0.0038024955418158152 0.009747373603829495 0.613986
6 0.30835479075821676 0.3495417114201049 0.022287245037422715 0.011999029860952816 0.608459
6 0.3870971584770582 0.6754968771369957 0.02249567718841523 0.012171875085479827 0.604364
6 0.5660420748454279 0.6530886200136767 0.024460204360559713 0.010281163072714839 0.604198
22 0.3779683467621217 0.1181610102575792 0.006163027139602994 0.010743526966036015 0.596903
0 0.2880720598763423 0.37479111921586505 0.00699933823625122 0.010599952222475496 0.595418
27 0.6504346033192321 0.18762996854342373 0.009137292287666774 0.010924915249601094 0.593287
16 0.6344124355353075 0.3501593325735126 0.01921124633908233 0.01057703068155915 0.592157
6 0.33881870745200127 0.11837050193754273 0.015534393231369998 0.010848984727604285 0.591181
5 0.27766144874715265 0.7223116735810349 0.024801426618939144 0.01069383250512879 0.58792
13 0.2296883983078425 0.5518349304764075 0.009406721249593231 0.005036553453385001 0.585499
6 0.4935151838594207 0.18750800820606336 0.02464647705824927 0.010827953863688169 0.584494
13 0.49133589326391147 0.8151876799635286 0.006248082785551578 0.003543128698427171 0.580163
14 0.3644075444191344 0.20204334625028494 0.008511079466319557 0.004392941326646912 0.575846
19 0.30664668011714935 0.5521379056302712 0.013210266449723396 0.004454586733530887 0.575562
14 0.21890740774487472 0.2643846156371097 0.00626136179629027 0.003581187326191019 0.573461
13 0.23993089749430524 0.3537515955322544 0.005977887406443215 0.007249474173695008 0.571918
7 0.37750471435079724 0.09484900952815135 0.005250524178327367 0.01463535719170276 0.571553
6 0.6714374331272372 0.5366369218144518 0.006347083891962252 0.009488607613403236 0.5703
18 0.26352588350146433 0.7021273894688853 0.0221163006833713 0.0037532972874401646 0.569789
14 0.6142582128213472 0.26517377488032823 0.008379872177025708 0.005159494141782539 0.568575
2 0.3851924951513179 0.16430835103715524 0.020519820370972993 0.010450775472988375 0.562654
5 0.36297367783924506 0.2547892664691133 0.019519812561015294 0.01569833781627536 0.559963
14 0.20666622583794336 0.4878784627307955 0.010845786137325088 0.01637116206975154 0.5595
13 0.2908683163032867 0.6968664289947573 0.0014067687341360235 0.01405076453157055 0.558183
27 0.34326442694435405 0.6530614269432414 0.008803084412626097 0.010837488944609073 0.557345
8 0.3009788584445168 0.7024326054251196 0.019215578262284413 0.0043637291999088215 0.556707
13 0.6653895684998373 0.3016131661727832 0.0021202931337455256 0.01668895919762936 0.551314
7 0.5024862469248291 0.2663633374971507 0.005226798568174423 0.007457600364713927 0.546126
5 0.24172181451350472 0.18929049646683382 0.023795587373901726 0.010721504080237063 0.544104
22 0.2524961239179955 0.25927612309095055 0.005131496257728604 0.010364434556644632 0.543119
11 0.6211144809632281 0.20244727421928424 0.01432873569801497 0.0035700066560291773 0.542212
5 0.41502606703547024 0.3946317902894917 0.003010086820696388 0.01576847959881468 0.534517
22 0.6278823445493004 0.6294957720537954 0.006160944484217378 0.010244318212901754 0.533787
6 0.3334149664822649 0.702346591292455 0.013382043865929059 0.004191689263733759 0.531954
13 0.3850441601041328 0.5520127941645772 0.005623935958346892 0.004627000136767723 0.530855
27 0.6344036550602018 0.3738763583314338 0.009393858769931663 0.01013731989970367 0.523929
4 0.3250416921575008 0.6982912058354228 0.015322512203058901 0.012006149076817872 0.521052
0 0.286324128864302 0.4636020533394119 0.010495266905304262 0.006457618965124231 0.519446
22 0.6280726659290595 0.4673787390015956 0.006538205011389521 0.01241906359699111 0.510358
5 0.4155628922876668 0.3531643886026898 0.0019363363488447772 0.006015912468657397 0.508702
8 0.5314856570126911 0.35310308165033055 0.015307067230719168 0.005955434146341463 0.508056
10 0.40555781581516437 0.16150769819922497 0.016586684022128213 0.016559646227490312 0.507191
13 0.4088142557761145 0.18429023934351493 0.005823137780670355 0.017710625028493274 0.503965
