7 0.090991 0.595421 0.04384 0.0547321 0.979543
7 0.142444 0.829213 0.0549971 0.0561305 0.969498
9 0.173375 0.742411 0.0356879 0.0398145 0.966165
7 0.0167174 0.827762 0.0334348 0.057166 0.958994
5 0.0194374 0.900117 0.0370176 0.0392361 0.957528
5 0.0555433 0.82221 0.0355681 0.0390751 0.957463
7 0.0715536 0.67037 0.0411693 0.0530035 0.951199
2 0.191986 0.662826 0.0324717 0.0401876 0.947043
9 0.116099 0.97674 0.0386145 0.0400285 0.94286
8 0.152939 0.666354 0.0371913 0.038924 0.942638
6 0.0746427 0.977191 0.0336387 0.0353018 0.930392
2 0.104356 0.897012 0.0291751 0.0365024 0.915071
8 0.0663331 0.899918 0.0383611 0.0388055 0.904427
6 0.039709 0.743635 0.0369283 0.0399265 0.901767
5 0.116769 0.664567 0.0341649 0.0385568 0.897965
6 0.0924931 0.818789 0.0386257 0.0367168 0.893964
18 0.0332791 0.966698 0.0431793 0.0599246 0.893756
0 0.0398239 0.586685 0.0564047 0.0418205 0.893651
5 0.0225408 0.660268 0.0371039 0.0481625 0.821643
19 0.135204 0.897503 0.0291993 0.0367779 0.783734
14 0.123245 0.573864 0.0199161 0.0621152 0.76405
24 0.203099 0.904499 0.0820065 0.0594158 0.70364
6 0.123422 0.744139 0.0585146 0.0404475 0.69657
23 0.189092 0.819642 0.0355896 0.0379655 0.649624
8 0.00866298 0.744335 0.017252 0.0388982 0.584335
2 0.00507445 0.590161 0.00996584 0.0441626 0.54374
