21 0.284947 0.645577 0.096553 0.134704 0.996501
1 0.25121 0.241932 0.0921519 0.134803 0.995727
1 0.80548 0.832193 0.0896726 0.13796 0.994843
11 0.823795 0.184419 0.0928032 0.135393 0.994826
4 0.983861 0.199568 0.0322775 0.116125 0.986984
18 0.353283 0.197159 0.0945425 0.132017 0.984996
2 0.737974 0.209904 0.0711523 0.0828839 0.982949
0 0.52252 0.416389 0.145976 0.091867 0.982334
0 0.581782 0.0295966 0.140357 0.0591932 0.980852
5 0.68747 0.811892 0.0837189 0.0939903 0.979905
16 0.486981 0.219896 0.103742 0.0934276 0.978712
2 0.791824 0.982363 0.0720332 0.0352743 0.97837
2 0.718308 0.407749 0.0670068 0.0886503 0.97787
5 0.920625 0.211398 0.0875248 0.0917296 0.975476
13 0.204073 0.60004 0.0466686 0.141972 0.974852
23 0.790623 0.410826 0.0727038 0.0869214 0.974465
9 0.778731 0.606316 0.0918236 0.0992522 0.971966
22 0.265816 0.416409 0.0844545 0.0913706 0.970505
13 0.86789 0.581537 0.0475395 0.145483 0.970283
4 0.648561 0.403997 0.0717001 0.113847 0.970203
14 0.610923 0.794984 0.0481302 0.131403 0.967012
22 0.672215 0.612677 0.0883331 0.0897682 0.966279
0 0.0551918 0.224354 0.110384 0.0923326 0.965695
14 0.55908 0.790563 0.0489824 0.134407 0.96413
2 0.286546 0.0316642 0.076594 0.0633284 0.961993
14 0.157331 0.597351 0.0468361 0.141846 0.959591
13 0.598725 0.58814 0.0462359 0.138124 0.957311
13 0.509041 0.782891 0.0492046 0.163076 0.955915
22 0.593599 0.211011 0.0908911 0.0899349 0.954797
14 0.551448 0.595574 0.0429235 0.137643 0.943284
7 0.0722774 0.843787 0.144555 0.129896 0.939551
2 0.374355 0.620047 0.0783485 0.0939796 0.939252
14 0.109599 0.599068 0.0482783 0.137601 0.937803
5 0.879303 0.981049 0.0877914 0.0379013 0.936673
7 0.729797 0.0495632 0.145261 0.0991265 0.936408
14 0.192995 0.394418 0.0454458 0.135948 0.935403
22 0.0382217 0.62324 0.0764433 0.088484 0.925429
6 0.930555 0.808669 0.138176 0.0972587 0.921743
14 0.671794 0.189514 0.0457165 0.135232 0.916527
13 0.347864 0.962329 0.0648859 0.0753413 0.908853
2 0.108859 0.418612 0.122557 0.088967 0.903334
27 0.156708 0.197988 0.0786031 0.11913 0.902719
22 0.141368 0.0320092 0.0887442 0.0640184 0.897526
4 0.408272 0.971235 0.0620872 0.0575308 0.890337
14 0.219533 0.0333441 0.0477186 0.0666882 0.874908
8 0.0435446 0.0358476 0.086988 0.0715942 0.870785
10 0.47927 0.593916 0.0891418 0.140627 0.867764
12 0.946619 0.585223 0.106287 0.136813 0.864092
18 0.850891 0.0299316 0.095942 0.0598632 0.806589
18 0.411369 0.0310141 0.150096 0.0618873 0.673799
13 0.975681 0.776404 0.0486387 0.165315 0.664799
4 0.202122 0.817363 0.0944781 0.104665 0.62356
22 0.121642 0.989008 0.0712168 0.021983 0.623157
28 0.634674 0.95944 0.169964 0.08112 0.606039
6 0.289159 0.98766 0.0499485 0.024681 0.571973
9 0.505945 0.982433 0.0682861 0.0348668 0.541065
0 0.00922335 0.425701 0.0183837 0.0856898 0.511487
