1 0.917522 0.687366 0.0924745 0.136944 0.995135
1 0.51066 0.102954 0.0873362 0.128511 0.993595
18 0.960261 0.847723 0.0794772 0.135678 0.989556
1 0.939983 0.293935 0.0874386 0.138964 0.989198
7 0.554492 0.495352 0.0967798 0.130858 0.984189
9 0.95493 0.464547 0.0886056 0.103838 0.983343
4 0.517662 0.865095 0.0845649 0.104614 0.981622
8 0.160994 0.671571 0.0933889 0.0932786 0.980823
2 0.726407 0.271562 0.0754837 0.0914166 0.980779
23 0.050346 0.281431 0.0734579 0.0902188 0.980759
2 0.450953 0.672462 0.0793664 0.0915176 0.980205
6 0.863985 0.870434 0.0924237 0.092541 0.980158
14 0.379884 0.646616 0.0479821 0.140098 0.976827
6 0.75853 0.468138 0.0944419 0.0871315 0.976491
22 0.259281 0.673881 0.0872175 0.0893257 0.975613
2 0.352811 0.0806691 0.0738978 0.0931871 0.974208
6 0.322991 0.874154 0.0970839 0.0907615 0.971628
27 0.0157297 0.500156 0.0312748 0.133537 0.970811
6 0.0475538 0.6774 0.0916047 0.0816813 0.970735
14 0.249007 0.854719 0.0509983 0.141586 0.97005
8 0.423493 0.872393 0.0979217 0.0910988 0.969725
2 0.702142 0.0743387 0.0715941 0.0896053 0.969366
14 0.33693 0.651134 0.0409023 0.136151 0.968126
18 0.110079 0.463857 0.0913276 0.125098 0.967438
8 0.0631967 0.0865671 0.0952061 0.0910558 0.967339
13 0.413429 0.0626325 0.0487257 0.125265 0.966889
13 0.791733 0.847935 0.048947 0.14674 0.964922
29 0.677555 0.657017 0.126881 0.170936 0.964382
14 0.658184 0.254299 0.0466743 0.137113 0.962892
6 0.610654 0.0763798 0.0946863 0.0915467 0.96233
13 0.88321 0.448309 0.0490632 0.141506 0.959274
5 0.602842 0.869454 0.0846123 0.0979352 0.958583
22 0.584423 0.274558 0.0880032 0.0914083 0.958205
4 0.799954 0.26229 0.0697007 0.10187 0.956627
6 0.659859 0.471346 0.0976379 0.0918128 0.956256
13 0.183626 0.454625 0.0469882 0.138204 0.949789
13 0.827627 0.0627911 0.0407801 0.125582 0.942583
23 0.774214 0.0725956 0.0642723 0.0892103 0.940741
13 0.419578 0.255083 0.0372853 0.137646 0.940659
5 0.794074 0.665434 0.0870041 0.0929458 0.935087
14 0.834778 0.451999 0.0496743 0.138933 0.931794
18 0.413844 0.464857 0.142325 0.123089 0.88526
23 0.377666 0.280635 0.0941768 0.091827 0.881963
8 0.137476 0.278945 0.0970485 0.0941945 0.809896
18 0.185828 0.0702906 0.154966 0.124445 0.747615
4 0.699035 0.86732 0.0997736 0.0983464 0.716816
18 0.99101 0.651144 0.0179791 0.124424 0.703887
18 0.26249 0.269086 0.138592 0.117881 0.626055
