12 0.318087 0.141329 0.0387934 0.0699209 0.987315
21 0.306869 0.238921 0.049049 0.0573816 0.98528
11 0.113927 0.920251 0.0368099 0.0648453 0.984812
2 0.772288 0.778644 0.0288465 0.037661 0.984133
9 0.225285 0.693815 0.0372954 0.0393527 0.981333
7 0.925549 0.240932 0.0441298 0.054756 0.980995
2 0.462296 0.0722539 0.0318457 0.038597 0.978221
5 0.0692918 0.620549 0.0354697 0.0384984 0.977205
11 0.554039 0.533804 0.0341468 0.0586307 0.97619
12 0.335244 0.379642 0.0370895 0.0677894 0.976116
12 0.696225 0.462287 0.0402544 0.0709645 0.975283
2 0.724005 0.775642 0.0315101 0.0387756 0.974965
24 0.594311 0.703752 0.0429952 0.0510815 0.972186
2 0.927388 0.385941 0.0286634 0.038157 0.97109
0 0.139094 0.228589 0.0572321 0.0396286 0.970293
7 0.678367 0.239749 0.0401597 0.0552533 0.969119
2 0.427802 0.229222 0.0306194 0.0384672 0.968754
7 0.946931 0.628933 0.0366262 0.0519539 0.966396
12 0.972991 0.0611361 0.0404129 0.0671193 0.966275
2 0.612747 0.932726 0.03045 0.0389132 0.966185
2 0.370375 0.463656 0.0314921 0.0390782 0.962679
13 0.804706 0.298262 0.0206482 0.0653062 0.962588
5 0.69603 0.698336 0.0352635 0.0379612 0.961904
5 0.465343 0.467197 0.0368745 0.0368838 0.960216
0 0.656484 0.933761 0.0540266 0.0395976 0.959032
2 0.490663 0.149775 0.0330345 0.0391513 0.959025
2 0.411881 0.616608 0.0303242 0.0408089 0.958848
7 0.584489 0.62792 0.0620621 0.0577304 0.95806
2 0.85952 0.466909 0.0305668 0.0382035 0.95761
2 0.478265 0.775693 0.0312681 0.0381048 0.957296
21 0.241435 0.625273 0.0467902 0.060185 0.957104
5 0.457831 0.311372 0.0372401 0.040212 0.956912
2 0.760042 0.854637 0.0312858 0.0395246 0.956279
7 0.0852042 0.0813453 0.0648716 0.0563534 0.953166
9 0.475519 0.390764 0.0357493 0.0397836 0.952716
29 0.768262 0.146821 0.061095 0.0795326 0.950363
21 0.282095 0.70224 0.0486853 0.0563755 0.949686
7 0.194638 0.315832 0.0413358 0.0553325 0.94948
18 0.21786 0.842043 0.0436805 0.063349 0.949476
4 0.386863 0.306947 0.0278406 0.0447102 0.948019
8 0.105802 0.620986 0.0346888 0.0408217 0.944487
9 0.196634 0.929103 0.0377491 0.0407431 0.944307
2 0.902713 0.543738 0.0305815 0.0391681 0.943593
13 0.662066 0.378599 0.0227871 0.0645432 0.943207
18 0.677744 0.0588294 0.0438616 0.0614158 0.942656
5 0.0732932 0.385605 0.0388967 0.0380037 0.942306
18 0.720726 0.299404 0.0461874 0.0618421 0.941551
5 0.285657 0.388691 0.0385187 0.0371534 0.938816
18 0.540116 0.301969 0.0440986 0.0660418 0.938068
0 0.533315 0.393937 0.0581141 0.0407992 0.937741
7 0.70678 0.941392 0.0417213 0.0533572 0.937233
5 0.506439 0.621808 0.0357225 0.0379155 0.93638
0 0.0896244 0.68644 0.0798641 0.063378 0.935796
13 0.58423 0.531352 0.0210357 0.0650289 0.935353
5 0.364357 0.697532 0.0367773 0.0380628 0.934625
13 0.57435 0.300221 0.0239968 0.067345 0.934004
2 0.238195 0.540573 0.0304673 0.0404989 0.933755
13 0.667089 0.686342 0.0232382 0.0668938 0.933721
0 0.971411 0.775005 0.0562744 0.0404451 0.93342
46 0.0950159 0.463395 0.0815033 0.0466872 0.933193
12 0.924933 0.145392 0.0405307 0.0733957 0.932829
5 0.988121 0.688669 0.0237581 0.0608082 0.932518
18 0.197467 0.221697 0.0428183 0.0540167 0.927658
24 0.909776 0.630347 0.0367924 0.0496807 0.925426
0 0.145417 0.306641 0.0558108 0.039103 0.92519
0 0.620006 0.233159 0.0555019 0.0394385 0.924318
6 0.909691 0.699358 0.0340505 0.0413289 0.921479
5 0.694393 0.150643 0.0352471 0.0401956 0.920891
13 0.91742 0.919972 0.0200343 0.0678909 0.91997
18 0.627638 0.377348 0.0434065 0.0618519 0.918933
5 0.198384 0.617777 0.0357447 0.0395498 0.918456
7 0.950228 0.705336 0.0432782 0.0517333 0.917569
13 0.645962 0.840462 0.0194554 0.0698451 0.91705
13 0.426754 0.455032 0.0237106 0.0608581 0.917037
6 0.862242 0.854605 0.0368903 0.0399649 0.916368
24 0.576712 0.861926 0.0352541 0.0499545 0.915124
18 0.537724 0.147515 0.0401186 0.0515049 0.914502
5 0.884743 0.388251 0.0361611 0.0387617 0.912535
0 0.863247 0.15042 0.0572441 0.0412874 0.912368
9 0.223043 0.0705169 0.035563 0.0380913 0.909786
2 0.187853 0.696505 0.0304133 0.0376079 0.909783
22 0.0717318 0.773515 0.0365433 0.0395334 0.909166
5 0.538158 0.0746929 0.0380629 0.0397164 0.909119
4 0.115229 0.147875 0.0262192 0.0439437 0.90839
9 0.496326 0.855036 0.0358772 0.038664 0.908092
2 0.877306 0.774139 0.0300844 0.0398723 0.907589
22 0.326588 0.931495 0.0358937 0.0389934 0.906443
1 0.493522 0.241496 0.0383458 0.0533771 0.904045
4 0.539989 0.618431 0.0291588 0.0435239 0.899399
6 0.374523 0.616261 0.0386235 0.0388037 0.898976
5 0.459426 0.85384 0.0365489 0.0395441 0.896975
0 0.648045 0.152282 0.0528655 0.0393906 0.896719
5 0.249401 0.30887 0.0361894 0.0380948 0.894733
6 0.155553 0.930116 0.0365584 0.0404149 0.892786
5 0.361339 0.150698 0.0375201 0.0408384 0.892402
5 0.987802 0.933085 0.0243959 0.044027 0.890908
6 0.186112 0.0717917 0.0369207 0.0390205 0.887801
13 0.551927 0.457058 0.0219746 0.06139 0.886185
18 0.355418 0.848225 0.0509175 0.0513449 0.88457
13 0.181888 0.838138 0.017654 0.066137 0.881207
14 0.740606 0.921195 0.0151193 0.0619889 0.878381
2 0.970047 0.229386 0.0327265 0.0393207 0.877957
2 0.718375 0.0664052 0.0323939 0.0503783 0.877634
9 0.647743 0.465842 0.0350709 0.0396528 0.870672
13 0.826548 0.376379 0.0232332 0.0637449 0.85324
5 0.763272 0.0737428 0.0563723 0.0413926 0.851164
5 0.815691 0.152241 0.0357066 0.0397015 0.850553
4 0.672906 0.618226 0.0255291 0.0414944 0.849742
5 0.946856 0.934395 0.0378413 0.0399569 0.849585
19 0.57941 0.469404 0.0286807 0.0347133 0.849459
0 0.456465 0.609627 0.0564734 0.0654272 0.848818
0 0.12894 0.386029 0.0754971 0.0398821 0.848806
14 0.22508 0.29588 0.0152684 0.0607181 0.848644
0 0.743245 0.692638 0.0587152 0.0533026 0.836583
8 0.496918 0.0732806 0.0340769 0.0384817 0.833887
4 0.266633 0.538763 0.0225784 0.042214 0.833103
13 0.231412 0.208889 0.020729 0.0840182 0.831105
18 0.825111 0.533257 0.0443032 0.0592291 0.824254
22 0.643996 0.546848 0.0359569 0.0363598 0.823788
7 0.892868 0.0149745 0.0348758 0.0299489 0.821285
18 0.839918 0.297534 0.0466945 0.0638865 0.818545
13 0.149881 0.527919 0.018503 0.065187 0.815858
18 0.770326 0.305425 0.0408568 0.0526776 0.810228
0 0.522236 0.469057 0.0772244 0.0395708 0.809907
13 0.928707 0.0413038 0.0188468 0.0375611 0.809858
7 0.730992 0.627482 0.0649254 0.0549328 0.808151
6 0.496373 0.311908 0.0372838 0.0394576 0.807947
0 0.233682 0.99467 0.0573731 0.0106603 0.805563
2 0.875656 0.619562 0.0330486 0.0369941 0.805016
12 0.614154 0.845993 0.0376804 0.0682337 0.80085
0 0.71068 0.39242 0.052712 0.0387335 0.800456
8 0.150777 0.696851 0.0378056 0.039075 0.799811
13 0.437076 0.530302 0.0190061 0.0634388 0.79141
8 0.352433 0.308409 0.0352793 0.0401368 0.788914
13 0.268727 0.216481 0.0231075 0.0668585 0.786306
0 0.876409 0.231947 0.0540364 0.0371558 0.776057
6 0.638443 0.621591 0.0387728 0.0418599 0.774421
1 0.82001 0.860108 0.0357141 0.051821 0.773363
6 0.923386 0.467615 0.0342342 0.0363145 0.771363
19 0.891264 0.466409 0.0291612 0.0367202 0.767397
6 0.909227 0.0725848 0.0584108 0.0397344 0.765699
13 0.347042 0.220555 0.0325164 0.0609729 0.75792
7 0.169661 0.156616 0.06595 0.0544932 0.757462
2 0.216658 0.463776 0.0315208 0.039718 0.755916
0 0.776119 0.391448 0.0745981 0.040518 0.750146
1 0.612128 0.316669 0.0370195 0.0566791 0.747443
1 0.857696 0.0714895 0.037353 0.0699662 0.746718
7 0.521428 0.779867 0.0403817 0.0625526 0.745387
6 0.093243 0.232126 0.0360585 0.03689 0.740921
7 0.778806 0.554757 0.0408471 0.0550331 0.737497
2 0.280878 0.926984 0.0326224 0.0395529 0.73308
2 0.877711 0.699094 0.0253823 0.0359652 0.72417
13 0.979856 0.843754 0.0335217 0.0599929 0.721499
10 0.838287 0.452444 0.0370599 0.0656769 0.71543
22 0.0847167 0.309254 0.0638227 0.0400409 0.712995
13 0.99138 0.519066 0.0172399 0.0891362 0.710785
2 0.546539 0.933754 0.034236 0.0410748 0.699608
11 0.685788 0.843619 0.057096 0.0628593 0.696375
4 0.290535 0.463436 0.024967 0.0410144 0.684404
13 0.155565 0.374821 0.0240604 0.0617393 0.681713
23 0.493334 0.69829 0.0312535 0.040363 0.672632
23 0.399249 0.0703349 0.030839 0.0388908 0.670747
7 0.380821 0.942523 0.0651604 0.0589647 0.670215
23 0.32707 0.539532 0.0305513 0.0376631 0.669854
14 0.9519 0.455958 0.0154426 0.0590137 0.666494
5 0.903784 0.853022 0.0392849 0.0446563 0.666268
5 0.334186 0.615484 0.0378359 0.0429807 0.665506
13 0.147105 0.606993 0.0392314 0.06626 0.663265
14 0.148287 0.453126 0.016923 0.0599028 0.656237
13 0.405346 0.686132 0.0280139 0.0646018 0.644687
2 0.302482 0.308226 0.0636236 0.0389653 0.637862
4 0.248504 0.771002 0.0226932 0.0436907 0.637596
13 0.97345 0.453182 0.0240233 0.0669912 0.634863
13 0.38855 0.981285 0.0298893 0.0374293 0.630988
2 0.562935 0.935857 0.066052 0.0468056 0.627717
6 0.260661 0.849609 0.0361516 0.0436609 0.626802
4 0.377188 0.228646 0.0246177 0.0422763 0.622796
13 0.969963 0.146357 0.0454779 0.0827624 0.620502
23 0.938231 0.308874 0.0319495 0.0382748 0.61508
0 0.524354 0.00717781 0.0565193 0.0142678 0.612484
2 0.261247 0.925242 0.0695239 0.048982 0.61123
13 0.858494 0.534804 0.0173504 0.0638483 0.60916
12 0.395721 0.529519 0.0648659 0.0634552 0.595913
14 0.0634769 0.219553 0.022331 0.0626879 0.590902
13 0.636764 0.0609857 0.033462 0.0654705 0.568535
2 0.545773 0.853291 0.0326674 0.0390885 0.558178
13 0.689684 0.380211 0.0206823 0.0605688 0.553541
13 0.325644 0.686702 0.0357712 0.0644674 0.541179
7 0.125428 0.782464 0.0640429 0.0546116 0.539165
6 0.611861 0.466662 0.0340264 0.0410283 0.5276
5 0.300539 0.842062 0.0380437 0.0618151 0.526669
7 0.676272 0.0120334 0.0542116 0.0240668 0.523499
