24 0.662544 0.777994 0.0398176 0.0607085 0.991936
2 0.689772 0.268603 0.0266838 0.0385494 0.989145
11 0.428876 0.249774 0.0361425 0.0619199 0.988049
15 0.847985 0.09254 0.076442 0.0633242 0.984158
12 0.339691 0.42806 0.0329499 0.0797865 0.981142
7 0.0557361 0.432865 0.0371971 0.0610059 0.980727
2 0.359694 0.846092 0.028225 0.0419669 0.976772
11 0.645604 0.420785 0.037859 0.0635152 0.975961
27 0.259413 0.604873 0.0213047 0.0557671 0.975131
21 0.767642 0.700388 0.0377916 0.0552909 0.974795
2 0.308249 0.258547 0.0281694 0.0423334 0.973272
7 0.491208 0.941912 0.0586462 0.0624257 0.971384
2 0.723797 0.0996768 0.0333062 0.0433353 0.970711
2 0.279699 0.510035 0.0490283 0.0424061 0.969739
2 0.62099 0.263818 0.0315738 0.0431402 0.968787
5 0.424165 0.0166638 0.042149 0.0333275 0.967693
9 0.394129 0.846147 0.0345149 0.0436345 0.96539
9 0.232154 0.174279 0.0344329 0.0405039 0.965128
13 0.691101 0.423301 0.0255647 0.063308 0.963907
2 0.191544 0.254721 0.0311847 0.0472964 0.963302
0 0.376983 0.175735 0.0609055 0.0427887 0.958601
5 0.391146 0.260647 0.0366288 0.0385439 0.95823
11 0.902964 0.592828 0.0346571 0.0652915 0.957937
5 0.594514 0.851448 0.0366948 0.0415848 0.956323
0 0.8372 0.521073 0.0608686 0.0437918 0.956236
2 0.030191 0.16865 0.0305968 0.0412185 0.955633
5 0.720157 0.351216 0.0369334 0.0414529 0.95514
22 0.192367 0.509814 0.0351078 0.0418723 0.952981
13 0.508828 0.16838 0.0260615 0.0667317 0.95192
5 0.91985 0.933608 0.0382254 0.050773 0.951129
6 0.185651 0.591134 0.0424199 0.0390166 0.950809
9 0.912042 0.851961 0.0374472 0.0434684 0.950678
0 0.484633 0.346113 0.0580012 0.0421802 0.949995
0 0.760639 0.853168 0.0624846 0.0444548 0.949879
2 0.583413 0.765491 0.0319712 0.0448349 0.948598
2 0.253549 0.759619 0.0327153 0.0445557 0.948456
8 0.545878 0.768371 0.0369246 0.0413222 0.944295
0 0.950782 0.0211786 0.0603237 0.0393997 0.943627
8 0.865429 0.186899 0.0415977 0.0422761 0.943206
0 0.668834 0.102311 0.053378 0.0376337 0.941315
21 0.223899 0.104459 0.0391462 0.0567803 0.941013
5 0.363 0.0944322 0.0391856 0.0432569 0.939804
8 0.724316 0.185897 0.0423026 0.0447657 0.935491
5 0.173251 0.0908212 0.0401038 0.0388949 0.93526
13 0.594109 0.336813 0.0223216 0.062999 0.934885
21 0.857533 0.866638 0.0526052 0.0574697 0.934834
2 0.50159 0.429875 0.0315693 0.0445995 0.934062
13 0.523317 0.500843 0.0238879 0.0640513 0.932555
5 0.799775 0.353166 0.0325909 0.0409006 0.932459
2 0.217615 0.425767 0.0263763 0.0391139 0.932219
6 0.888965 0.520727 0.038554 0.0390031 0.932172
0 0.93971 0.520824 0.0611861 0.0454023 0.931643
12 0.899149 0.688141 0.0335222 0.079911 0.929824
1 0.110552 0.262498 0.0405856 0.0661226 0.929779
8 0.387156 0.679551 0.0403858 0.0438858 0.929612
2 0.0762303 0.505073 0.0323898 0.0434566 0.929585
4 0.758902 0.265092 0.0352728 0.0535828 0.928949
13 0.708372 0.839336 0.0274189 0.0739658 0.927245
22 0.273391 0.678095 0.0345864 0.0407705 0.927102
8 0.712518 0.60256 0.0438559 0.0454702 0.926918
6 0.740786 0.0219041 0.044548 0.0420428 0.924153
10 0.176309 0.749485 0.0363156 0.0630109 0.922786
2 0.664499 0.603406 0.0295799 0.0406035 0.922596
14 0.400527 0.751387 0.0176803 0.0632155 0.922223
0 0.264593 0.425797 0.0631708 0.0416224 0.921732
2 0.422334 0.511953 0.0275213 0.0396986 0.917878
13 0.766461 0.425648 0.0278788 0.0580504 0.91787
5 0.0401735 0.0149379 0.0505467 0.0298758 0.915951
9 0.879675 0.353155 0.0361109 0.0423187 0.91574
22 0.603964 0.429967 0.033908 0.0429477 0.914957
9 0.753622 0.935587 0.0360605 0.0431426 0.914272
5 0.278364 0.928351 0.0388787 0.0452228 0.914141
8 0.838634 0.354283 0.042552 0.0437604 0.914055
5 0.93875 0.686763 0.0395479 0.0447192 0.913993
5 0.151358 0.173998 0.0370265 0.0426091 0.912457
6 0.429204 0.680697 0.0407879 0.0407763 0.912277
5 0.0851 0.841773 0.0366687 0.041467 0.910891
0 0.449612 0.428855 0.0701294 0.0444268 0.91082
0 0.686642 0.0188664 0.056705 0.0376222 0.908953
8 0.129662 0.0892909 0.0431617 0.0418836 0.90887
7 0.559851 0.109462 0.0388582 0.0574767 0.907572
22 0.852914 0.772056 0.0338475 0.0402215 0.903722
0 0.127455 0.675929 0.0514779 0.0382707 0.901189
0 0.602927 0.178406 0.0600972 0.0514872 0.900347
2 0.904094 0.185627 0.0301205 0.0440141 0.900061
8 0.183369 0.424616 0.0401443 0.0443166 0.899356
8 0.0814327 0.757513 0.04377 0.0425619 0.898601
13 0.603334 0.585997 0.0211277 0.06725 0.897007
9 0.669057 0.348924 0.0394552 0.0454457 0.89464
7 0.866841 0.279443 0.0529978 0.0603184 0.893456
18 0.673736 0.848702 0.0353765 0.0510423 0.891876
6 0.191583 0.17405 0.0404235 0.0411497 0.888574
13 0.0420746 0.571671 0.0327786 0.0782106 0.886122
5 0.228108 0.593835 0.037228 0.0419791 0.885622
2 0.467522 0.679076 0.029797 0.0432254 0.885504
5 0.0114868 0.0878967 0.0229726 0.041564 0.88444
23 0.181812 0.339889 0.0351748 0.0408684 0.883245
2 0.531068 0.345604 0.0311227 0.0445664 0.88236
10 0.554978 0.922414 0.0405662 0.0666437 0.881762
0 0.0803291 0.328399 0.0583369 0.0617566 0.881519
6 0.807781 0.687773 0.0398853 0.0399191 0.879461
2 0.751546 0.600764 0.0303613 0.0421422 0.879441
8 0.635422 0.851677 0.0408475 0.043617 0.877992
24 0.330846 0.771718 0.0361702 0.0585222 0.87348
1 0.784342 0.610091 0.0341249 0.0637872 0.871399
8 0.860448 0.0231207 0.035123 0.0419735 0.870375
8 0.0626686 0.171517 0.034771 0.0381528 0.870133
0 0.222764 0.675663 0.0619099 0.0425904 0.869097
6 0.625213 0.350357 0.0412476 0.0471081 0.866551
7 0.529158 0.0288899 0.0648419 0.0577799 0.865803
5 0.36483 0.0165759 0.05875 0.033133 0.865251
13 0.16402 0.83043 0.0199105 0.0633962 0.864823
4 0.471037 0.593168 0.0370054 0.0556076 0.864481
9 0.42101 0.345327 0.0371205 0.0446165 0.864392
8 0.772113 0.770196 0.0374678 0.0466049 0.863116
18 0.722855 0.430472 0.0359867 0.0470642 0.862524
2 0.0969739 0.171174 0.0296106 0.0423051 0.860851
2 0.934355 0.770396 0.0361108 0.0443788 0.858313
5 0.811791 0.8535 0.0343652 0.0396221 0.855871
8 0.892465 0.769691 0.0419075 0.0481448 0.855626
22 0.810453 0.184344 0.0336531 0.0406529 0.853312
18 0.778047 0.512015 0.0544122 0.0576497 0.851161
14 0.571441 0.0189941 0.018188 0.037853 0.84687
9 0.194359 0.841361 0.0349587 0.0415816 0.846703
0 0.514146 0.680634 0.0605974 0.0450561 0.845571
0 0.948961 0.186371 0.0563682 0.0436833 0.843796
2 0.298033 0.760089 0.0313649 0.0423696 0.839498
18 0.514502 0.593488 0.0369086 0.0499599 0.838652
14 0.352173 0.330601 0.0180235 0.0629464 0.837735
6 0.155413 0.255661 0.0396916 0.0423578 0.837366
4 0.144142 0.500172 0.0343245 0.0531065 0.831265
0 0.0228906 0.754621 0.0457293 0.0423188 0.830805
2 0.125022 0.923859 0.034042 0.0453764 0.828965
22 0.360916 0.929433 0.0339977 0.0424531 0.827433
24 0.158801 0.931445 0.0287928 0.0499346 0.825701
10 0.660191 0.258263 0.044579 0.0645687 0.824601
5 0.342318 0.259021 0.0369569 0.0423397 0.815665
0 0.505531 0.0980209 0.0602201 0.0424244 0.813039
13 0.881989 0.84439 0.0189853 0.0577722 0.811978
13 0.00801562 0.837118 0.0160312 0.0859144 0.800111
21 0.281612 0.355158 0.0405239 0.0588346 0.796982
10 0.317989 0.58391 0.0516077 0.0624652 0.791764
22 0.150617 0.0153499 0.036189 0.0306998 0.790664
22 0.466275 0.0161121 0.0372529 0.0322241 0.787988
6 0.899813 0.023132 0.0395577 0.042821 0.781555
6 0.588153 0.935247 0.040432 0.0403284 0.77937
9 0.0347418 0.838324 0.0363218 0.0429974 0.779132
12 0.289146 0.837953 0.0364636 0.0614349 0.772026
13 0.450828 0.491213 0.025513 0.0884368 0.771926
8 0.0392452 0.509008 0.0370088 0.0401538 0.764303
13 0.546604 0.587956 0.0235949 0.0639359 0.761122
2 0.37415 0.426192 0.0298411 0.0443946 0.759185
10 0.381225 0.500062 0.0384924 0.0637818 0.745858
11 0.813849 0.0199453 0.054882 0.0398907 0.743892
14 0.400125 0.41805 0.0181171 0.0642686 0.741111
22 0.38013 0.344354 0.0332549 0.040845 0.739347
8 0.413451 0.93143 0.0651493 0.0457947 0.738277
13 0.938823 0.593072 0.0331796 0.0665534 0.732027
8 0.213769 0.761043 0.0383497 0.0431211 0.722756
24 0.324585 0.856099 0.0371071 0.0610441 0.715042
18 0.562564 0.341556 0.0329831 0.0502886 0.715003
0 0.95545 0.0929135 0.0628269 0.0668859 0.710729
13 0.681875 0.987225 0.0176181 0.0247614 0.707041
5 0.439186 0.764408 0.0575827 0.0456185 0.700117
16 0.248676 0.844352 0.0377265 0.040372 0.699904
2 0.294 0.510497 0.0230685 0.0422079 0.699675
21 0.960437 0.272492 0.03725 0.0460979 0.699437
8 0.721949 0.268289 0.0343766 0.0416372 0.697884
8 0.432453 0.59687 0.0404507 0.0427986 0.695693
18 0.134736 0.83522 0.0516019 0.0537992 0.691768
12 0.84875 0.676624 0.0367417 0.0620062 0.689404
23 0.0920935 0.0909233 0.0281389 0.0404163 0.688434
2 0.908377 0.102717 0.0372512 0.0442742 0.684912
5 0.109227 0.496857 0.034899 0.0615233 0.680543
8 0.095743 0.0159882 0.0556526 0.0319764 0.677755
7 0.517383 0.27235 0.038331 0.0600801 0.676084
1 0.550553 0.439794 0.0397 0.0615546 0.673266
14 0.122878 0.162424 0.0193355 0.0636218 0.654239
10 0.236312 0.498122 0.0444275 0.0652997 0.653088
9 0.542316 0.178987 0.035836 0.042847 0.646848
0 0.278657 0.995337 0.0552883 0.00932622 0.646546
22 0.143773 0.423515 0.0334579 0.0443075 0.645398
2 0.936798 0.434159 0.0590153 0.0448563 0.633721
7 0.229145 0.024285 0.044377 0.0485701 0.629667
6 0.314716 0.176524 0.0610484 0.0431542 0.605178
13 0.580216 0.98939 0.0221288 0.0195941 0.604341
22 0.171703 0.675905 0.0337101 0.0392867 0.600307
18 0.564685 0.508795 0.0536122 0.050181 0.6001
7 0.885913 0.448019 0.0380514 0.059275 0.585047
4 0.320175 0.0890152 0.0413362 0.0462455 0.583445
10 0.862124 0.593721 0.0362439 0.0612061 0.556628
38 0.11922 0.58127 0.0814229 0.0636103 0.547788
18 0.0745749 0.922261 0.038253 0.0465966 0.544754
12 0.141919 0.162619 0.056829 0.0647745 0.538644
4 0.331388 0.505827 0.0490805 0.0521343 0.538124
9 0.018236 0.333301 0.0360823 0.0438494 0.502799
