19 0.639988 0.143647 0.0668892 0.0929583 0.992088
4 0.168881 0.73858 0.0748195 0.117663 0.98859
5 0.220254 0.151966 0.0828905 0.0930622 0.983969
18 0.268901 0.53186 0.0933351 0.121037 0.981703
7 0.124519 0.177518 0.0974779 0.129641 0.980742
2 0.427556 0.744921 0.0689478 0.0938232 0.979779
4 0.482181 0.531528 0.0755904 0.112656 0.979431
0 0.711115 0.33649 0.135051 0.0985795 0.978347
13 0.0602939 0.923148 0.0475406 0.150477 0.977795
4 0.910332 0.327216 0.0642093 0.111028 0.976578
2 0.0545503 0.34 0.0732238 0.087096 0.976127
2 0.0385506 0.147255 0.0694149 0.0925859 0.975632
7 0.163389 0.375357 0.0961208 0.125922 0.975168
23 0.354971 0.744489 0.0717366 0.0903525 0.974564
0 0.665132 0.746369 0.137125 0.0889162 0.970526
5 0.228179 0.947268 0.090964 0.0947627 0.969883
2 0.971263 0.342474 0.0574745 0.0943025 0.969619
23 0.299733 0.155864 0.0696561 0.0869281 0.969438
5 0.256145 0.741031 0.0917468 0.0930688 0.969102
14 0.867147 0.122 0.0454679 0.134855 0.969091
0 0.531923 0.150091 0.14432 0.0932508 0.968894
5 0.574199 0.342301 0.0956728 0.0931943 0.968316
5 0.826489 0.336526 0.0926807 0.0959963 0.965456
4 0.830298 0.530472 0.0708187 0.105568 0.964262
4 0.121132 0.921183 0.0741779 0.14702 0.96366
2 0.370901 0.14769 0.0706434 0.0948071 0.962602
23 0.312538 0.947668 0.0743102 0.0989826 0.957022
24 0.619228 0.950364 0.0845524 0.0992715 0.956088
13 0.967261 0.718987 0.0474448 0.144796 0.954956
13 0.816954 0.112236 0.0471718 0.159894 0.948993
6 0.910492 0.534353 0.0867721 0.0905567 0.948687
14 0.498047 0.320637 0.0448132 0.133801 0.948643
0 0.964544 0.147562 0.0709116 0.0928651 0.946616
14 0.0174581 0.922609 0.0349163 0.143376 0.932547
4 0.853771 0.728597 0.0678225 0.108256 0.916072
4 0.262989 0.339836 0.0948217 0.100775 0.900162
6 0.55401 0.750225 0.0844295 0.0874434 0.894092
12 0.731021 0.119485 0.112449 0.137082 0.888312
2 0.780734 0.742833 0.0823792 0.094209 0.888174
27 0.260877 0.0131461 0.0428913 0.0262922 0.865774
8 0.572554 0.540922 0.101967 0.095495 0.853823
6 0.372491 0.543413 0.0995022 0.09129 0.843071
18 0.750034 0.930703 0.139038 0.124694 0.84259
6 0.0480332 0.547199 0.0960664 0.0867301 0.838238
4 0.395786 0.936879 0.0953858 0.109613 0.718723
6 0.397358 0.345898 0.146809 0.0880927 0.604198
4 0.0477111 0.73662 0.0953692 0.105868 0.576552
