1 0.367879 0.451842 0.0873051 0.130597 0.988407
2 0.566419 0.420639 0.0758915 0.0953097 0.984586
9 0.66693 0.0355251 0.0931585 0.0710503 0.981498
8 0.431959 0.824094 0.0986754 0.092968 0.978924
0 0.698099 0.424593 0.141934 0.0893413 0.97779
5 0.251497 0.4222 0.0897306 0.0915759 0.977614
4 0.466933 0.621421 0.0740842 0.114352 0.977258
8 0.550081 0.823928 0.0997535 0.0938835 0.976795
0 0.79254 0.223563 0.136007 0.0930067 0.976642
4 0.140996 0.621487 0.0743136 0.112728 0.974522
7 0.812966 0.843941 0.163496 0.129374 0.972633
6 0.468666 0.426367 0.0942477 0.088053 0.971651
8 0.791095 0.0352174 0.0912511 0.0704348 0.971175
13 0.954173 0.599806 0.0468743 0.141204 0.968761
4 0.358982 0.222317 0.067232 0.103642 0.968042
13 0.044782 0.804659 0.0415121 0.141284 0.967865
0 0.343547 0.0430287 0.157484 0.0860574 0.963387
2 0.0651185 0.42806 0.072741 0.0922562 0.961885
0 0.188062 0.0426899 0.153082 0.0853798 0.960531
22 0.65175 0.824935 0.0866797 0.089083 0.958574
2 0.0730827 0.22819 0.0769863 0.0943961 0.958544
14 0.907323 0.597382 0.0468689 0.141889 0.958224
0 0.521831 0.038555 0.188983 0.077092 0.957763
22 0.986802 0.422104 0.0263966 0.0845839 0.954706
2 0.429709 0.224635 0.0725672 0.0887919 0.953175
19 0.0116696 0.830225 0.0232582 0.0895615 0.942899
14 0.859794 0.599712 0.0479863 0.135763 0.938422
14 0.943285 0.394224 0.0454361 0.138472 0.91763
4 0.102249 0.823273 0.0709526 0.10754 0.909212
19 0.3762 0.631621 0.102274 0.0955746 0.902448
7 0.23713 0.24667 0.160842 0.131209 0.897412
4 0.153102 0.422372 0.0926333 0.0967026 0.895754
6 0.0501969 0.632048 0.10005 0.0929327 0.892322
27 0.906806 0.19802 0.0787699 0.119166 0.891086
2 0.858742 0.418655 0.122609 0.0888914 0.889638
22 0.891318 0.0320582 0.0887203 0.0641165 0.881613
13 0.688746 0.96282 0.050458 0.0743597 0.870913
8 0.607532 0.601928 0.0951866 0.137525 0.869073
19 0.206354 0.808231 0.0680254 0.0638103 0.845972
0 0.644437 0.203046 0.150388 0.145013 0.839894
13 0.53479 0.965586 0.0585282 0.068828 0.832739
6 0.461438 0.970042 0.0920702 0.0599166 0.813256
13 0.970375 0.0336303 0.0494603 0.0672606 0.787247
4 0.951409 0.816928 0.0929968 0.104224 0.782112
4 0.014081 0.394478 0.0281621 0.163891 0.766244
12 0.25818 0.606414 0.126189 0.140053 0.730305
13 0.696494 0.203552 0.0480479 0.138517 0.729217
22 0.786751 0.623043 0.0787512 0.0868316 0.652558
19 0.0159943 0.232615 0.0319697 0.091532 0.645945
14 0.951682 0.966237 0.0556009 0.0675268 0.63953
38 0.310019 0.822127 0.133809 0.166447 0.637092
22 0.871588 0.988982 0.0712256 0.0220357 0.636186
13 0.0943289 0.0386939 0.0357217 0.0773879 0.626817
22 0.9775 0.21082 0.0449992 0.106215 0.610378
13 0.051554 0.968069 0.076667 0.0638629 0.537036
22 0.993583 0.647371 0.0128332 0.12518 0.516935
