21 0.547975 0.467601 0.0972549 0.132968 0.996099
11 0.0668981 0.044928 0.0918576 0.0898561 0.995121
19 0.544354 0.645271 0.0651696 0.0889506 0.986632
23 0.614327 0.646066 0.0680122 0.083807 0.986474
18 0.498431 0.822501 0.0949554 0.134044 0.984663
18 0.145151 0.834778 0.0912292 0.126886 0.984608
0 0.61998 0.243914 0.140939 0.0880749 0.983625
8 0.838402 0.445935 0.0969787 0.0927565 0.98199
2 0.128525 0.242999 0.0718222 0.0943538 0.981924
9 0.096951 0.649955 0.0919261 0.0963981 0.981581
4 0.670297 0.432916 0.0664083 0.112268 0.981441
8 0.219104 0.24081 0.101712 0.0980753 0.980442
7 0.741773 0.267146 0.0946681 0.129589 0.980226
9 0.242843 0.44362 0.0880127 0.0952393 0.979994
2 0.68481 0.64495 0.0705631 0.0909225 0.97942
0 0.272803 0.848243 0.136132 0.0896902 0.979169
4 0.338723 0.0457291 0.0660586 0.0914583 0.979126
13 0.616264 0.419996 0.0363742 0.14008 0.977597
9 0.321842 0.24131 0.0892719 0.0980437 0.97746
8 0.219994 0.648516 0.099839 0.095156 0.975407
18 0.766434 0.632538 0.0916612 0.123522 0.974837
8 0.135356 0.44404 0.102784 0.0968775 0.974811
22 0.41518 0.0466651 0.0874749 0.0905699 0.973929
5 0.863833 0.843429 0.0839016 0.0931933 0.973281
4 0.929969 0.240536 0.0745368 0.112394 0.971119
22 0.321666 0.647924 0.0863273 0.0912437 0.970556
2 0.0477946 0.449371 0.0671424 0.088699 0.970155
8 0.420456 0.650248 0.0945784 0.0913649 0.96737
13 0.0226328 0.623601 0.0452656 0.142441 0.967358
5 0.0474598 0.849916 0.0887684 0.0915056 0.965816
22 0.395484 0.848522 0.0878201 0.0884829 0.964487
5 0.745131 0.44226 0.0815588 0.0900086 0.960582
2 0.852013 0.64832 0.0702467 0.091337 0.954134
4 0.959885 0.0451183 0.0745454 0.0897901 0.950545
4 0.938698 0.64155 0.0961485 0.101012 0.947623
18 0.848383 0.0448718 0.135608 0.0897436 0.937261
4 0.942119 0.442976 0.102069 0.0982766 0.895523
2 0.00946595 0.0470236 0.0189163 0.0892078 0.866193
4 0.954422 0.835279 0.0911095 0.107234 0.86575
8 0.622835 0.82253 0.0954058 0.136735 0.812257
14 0.745853 0.976799 0.0396601 0.0464015 0.7684
6 0.560858 0.0431316 0.0845821 0.0862631 0.753111
6 0.0402 0.241648 0.0803659 0.0961213 0.711707
18 0.477635 0.228761 0.138517 0.120963 0.708962
13 0.370488 0.976348 0.0528817 0.046653 0.630032
10 0.839178 0.216927 0.0900168 0.13882 0.625538
