21 0.450069 0.318282 0.10189 0.126341 0.997211
24 0.96888 0.707373 0.0622408 0.116722 0.996179
1 0.872048 0.319119 0.0890381 0.130505 0.996048
24 0.28131 0.715319 0.0820672 0.121685 0.996021
19 0.640071 0.893663 0.0669427 0.0928519 0.992426
2 0.647787 0.297203 0.0818498 0.0928936 0.991397
18 0.789149 0.471502 0.111711 0.140153 0.986594
23 0.395753 0.701884 0.0704702 0.0886507 0.984629
18 0.498735 0.0721527 0.0954571 0.134949 0.983551
5 0.220234 0.90197 0.0828629 0.0930977 0.982219
2 0.901765 0.692851 0.0767137 0.092491 0.981436
9 0.792092 0.693421 0.092265 0.0979109 0.980547
18 0.145343 0.084588 0.0916321 0.127691 0.980351
0 0.272824 0.0983715 0.136116 0.089689 0.978937
2 0.0385681 0.897194 0.0694494 0.0924792 0.978783
7 0.12456 0.927572 0.0975079 0.129606 0.978503
6 0.960718 0.2977 0.0785642 0.0882313 0.978242
4 0.292856 0.295037 0.0789658 0.0995013 0.977839
13 0.798824 0.272944 0.0436585 0.13625 0.977441
6 0.208692 0.498715 0.0961546 0.0894805 0.976182
4 0.296497 0.490052 0.0774547 0.107951 0.975846
23 0.299759 0.90586 0.0696534 0.0869167 0.974871
13 0.369871 0.273096 0.0441148 0.139352 0.973992
6 0.475333 0.69519 0.0885997 0.0929127 0.973827
2 0.891784 0.49548 0.0787537 0.0926992 0.973124
5 0.11172 0.503269 0.0904326 0.0889134 0.97312
23 0.564786 0.695121 0.0838304 0.0936162 0.972627
8 0.673238 0.492444 0.0953418 0.093012 0.971613
5 0.863821 0.0934305 0.0839045 0.0934213 0.970355
8 0.552864 0.295134 0.0938178 0.0908024 0.9696
6 0.201509 0.297952 0.099131 0.0901825 0.968675
0 0.531888 0.900225 0.144091 0.0934496 0.968332
5 0.102309 0.304807 0.0888993 0.089101 0.966445
2 0.37095 0.897729 0.0706857 0.094839 0.964977
14 0.867247 0.872076 0.0455358 0.13503 0.964837
14 0.749646 0.271758 0.0511574 0.136626 0.964083
5 0.0474974 0.100146 0.0890701 0.0917825 0.963251
22 0.39554 0.0986287 0.0878401 0.0886964 0.960851
13 0.816981 0.863556 0.047152 0.157369 0.950011
0 0.964584 0.897605 0.070833 0.0928805 0.941572
4 0.966509 0.487183 0.0669827 0.103083 0.938054
4 0.067926 0.695346 0.0974583 0.105434 0.913254
12 0.731092 0.869533 0.112594 0.136973 0.876835
4 0.954411 0.085477 0.0910454 0.107571 0.85947
8 0.622968 0.0719006 0.095556 0.138109 0.829948
22 0.427272 0.49497 0.0800018 0.0923082 0.810535
6 0.702578 0.700188 0.0889146 0.0893712 0.788963
6 0.576229 0.495311 0.0941422 0.0941252 0.750861
