12 0.105187 0.494567 0.0417993 0.0719382 0.976277
5 0.308206 0.581485 0.0382348 0.039754 0.973699
5 0.458047 0.587875 0.0381184 0.0403936 0.972917
2 0.521238 0.747076 0.0291537 0.0377235 0.968309
29 0.0240891 0.892601 0.0481783 0.070832 0.966209
5 0.472438 0.666155 0.0393957 0.0397503 0.965419
5 0.0207398 0.823837 0.0412377 0.041973 0.965158
12 0.435802 0.89697 0.0665962 0.0692 0.964804
2 0.229808 0.74295 0.0304324 0.0406202 0.963749
24 0.0990232 0.747545 0.0412864 0.0489159 0.962606
2 0.364441 0.582659 0.040459 0.0425299 0.962494
5 0.621334 0.751368 0.0360866 0.038295 0.961783
12 0.22242 0.811456 0.0393568 0.0674542 0.960943
0 0.0770843 0.584649 0.0546512 0.0383209 0.956362
0 0.0366563 0.740463 0.0568048 0.0405053 0.956089
0 0.564531 0.588883 0.0547376 0.0400728 0.954239
5 0.614254 0.590186 0.0389824 0.0408633 0.952782
5 0.380933 0.825699 0.0367107 0.0379536 0.951484
12 0.174937 0.895378 0.0406048 0.0733862 0.943268
2 0.220223 0.979561 0.0333912 0.0400487 0.935235
10 0.220744 0.492113 0.0364103 0.0654158 0.933014
0 0.529445 0.668265 0.0545683 0.0394356 0.932298
2 0.524209 0.506791 0.0320132 0.0379022 0.930962
5 0.124682 0.585288 0.0376279 0.0399818 0.929735
0 0.0240247 0.586039 0.0477886 0.0451405 0.925965
0 0.113206 0.900355 0.0572845 0.0413718 0.917594
2 0.175114 0.500131 0.0313267 0.045489 0.917223
10 0.617738 0.500845 0.0684419 0.0619604 0.914472
8 0.485689 0.509751 0.0364909 0.0411074 0.909127
14 0.302692 0.971461 0.01694 0.056747 0.907837
8 0.340495 0.824563 0.0380605 0.0384364 0.90234
7 0.175588 0.981748 0.0435927 0.0365038 0.892801
5 0.251761 0.584394 0.0460967 0.0414531 0.89239
0 0.263439 0.504413 0.0779554 0.041965 0.892166
0 0.553276 0.830839 0.0572219 0.0421791 0.88853
2 0.156492 0.660578 0.0343941 0.0394428 0.886177
2 0.588265 0.982643 0.0364517 0.0347135 0.885098
13 0.178619 0.808102 0.0196256 0.0677612 0.868152
0 0.125638 0.981553 0.0532879 0.0360491 0.855485
5 0.0657942 0.901994 0.0355754 0.0396327 0.854879
4 0.596949 0.83034 0.0249441 0.044107 0.846142
9 0.258479 0.899674 0.0385846 0.0418994 0.839567
0 0.505891 0.583662 0.0580146 0.0511358 0.836003
7 0.143261 0.752376 0.0386586 0.0550206 0.834373
13 0.384477 0.969042 0.0296434 0.0619164 0.83364
6 0.0452099 0.660454 0.0383471 0.0368191 0.828773
23 0.546535 0.983449 0.0335081 0.0331025 0.822503
7 0.0696482 0.978323 0.0583376 0.0430081 0.799679
7 0.0121674 0.663761 0.0243347 0.0446382 0.781075
13 0.408844 0.729874 0.0216867 0.064265 0.764426
9 0.611953 0.671965 0.0374627 0.0412023 0.762204
8 0.447415 0.98213 0.0389538 0.0357287 0.73653
14 0.497832 0.737438 0.0147642 0.0607651 0.73482
1 0.107628 0.820618 0.0373971 0.0716348 0.691268
0 0.288854 0.663473 0.0565208 0.039017 0.690921
6 0.159081 0.822476 0.0583118 0.0398505 0.672575
5 0.301354 0.817605 0.0333917 0.0484377 0.659005
19 0.490253 0.905861 0.0319483 0.0355968 0.654804
13 0.219362 0.897255 0.0437214 0.0814205 0.648598
10 0.537388 0.898047 0.0375528 0.0670713 0.637836
6 0.264271 0.823185 0.037671 0.0399532 0.607983
5 0.408774 0.982071 0.0375308 0.0357542 0.605818
2 0.5555 0.908061 0.0300243 0.0367227 0.581302
22 0.184005 0.740435 0.037682 0.0438585 0.570904
6 0.512861 0.982875 0.0339533 0.0338981 0.566735
6 0.193533 0.583245 0.032325 0.0394685 0.565725
1 0.337719 0.746538 0.0371121 0.0631268 0.565693
2 0.340041 0.980401 0.0553569 0.0386035 0.530975
6 0.322128 0.503743 0.0385551 0.0399917 0.528899
10 0.429581 0.814399 0.0385872 0.0679142 0.513861
