2 0.773218 0.928849 0.0329442 0.047081 0.981425
12 0.785515 0.516125 0.0349064 0.0817287 0.971303
5 0.161857 0.601564 0.0408931 0.0443525 0.969462
18 0.923478 0.760261 0.0445206 0.0505891 0.966478
5 0.352681 0.850439 0.0349476 0.0412086 0.965537
5 0.249667 0.683975 0.0350578 0.0408193 0.960641
0 0.922011 0.931115 0.0653362 0.0469512 0.955619
5 0.828652 0.930129 0.0404875 0.0448856 0.9533
5 0.377136 0.683178 0.0388661 0.043764 0.95257
0 0.652178 0.931752 0.0632977 0.0447954 0.951855
2 0.142619 0.684402 0.0320476 0.0446231 0.950435
5 0.486714 0.767408 0.0388403 0.0438855 0.946502
0 0.197895 0.768488 0.0582924 0.0458333 0.946417
0 0.577608 0.9287 0.0625553 0.0511925 0.94444
7 0.220484 0.530212 0.0409342 0.0592829 0.943902
0 0.313006 0.934925 0.0574845 0.0413816 0.942966
2 0.898388 0.512872 0.0327305 0.0472385 0.940224
0 0.476617 0.851547 0.0779248 0.0440408 0.936795
12 0.446929 0.768493 0.0355395 0.080417 0.936532
5 0.147346 0.767666 0.0399089 0.0441236 0.928347
18 0.202244 0.597754 0.0395952 0.0515521 0.92513
0 0.0520288 0.603646 0.0607954 0.0437233 0.923874
0 0.718992 0.514969 0.0650787 0.0449136 0.918876
8 0.0363749 0.936697 0.0378077 0.0394493 0.918086
5 0.882306 0.764526 0.0394032 0.0468786 0.914511
0 0.672237 0.849481 0.0579128 0.044956 0.912002
46 0.330822 0.60308 0.0652735 0.0458413 0.910913
0 0.387086 0.768145 0.0569006 0.0422578 0.910453
5 0.475233 0.932259 0.0374727 0.0424448 0.905237
7 0.722125 0.859238 0.039794 0.0592675 0.899596
8 0.416042 0.684304 0.0393107 0.0411868 0.899105
13 0.767968 0.672818 0.0229577 0.0617485 0.898549
6 0.0589502 0.855075 0.0594887 0.0399857 0.895342
6 0.869455 0.931131 0.0400198 0.0451834 0.892558
10 0.262813 0.757465 0.0468186 0.064958 0.891326
6 0.79458 0.765635 0.0379157 0.0447774 0.891141
14 0.37613 0.588346 0.0192178 0.0643138 0.889202
2 0.017059 0.769188 0.0307179 0.043133 0.881034
7 0.312028 0.863778 0.0417207 0.0660853 0.880241
6 0.743367 0.766091 0.0628172 0.044508 0.875249
9 0.595388 0.515517 0.0388062 0.046414 0.872489
4 0.385819 0.420896 0.0321136 0.064209 0.870562
9 0.514143 0.929766 0.0356864 0.0450132 0.869166
8 0.861591 0.514645 0.0432427 0.0471047 0.868754
5 0.881208 0.421531 0.0461242 0.0654674 0.86206
5 0.0175781 0.521077 0.0351563 0.0490986 0.860403
11 0.656713 0.504835 0.0566041 0.0661759 0.857038
13 0.111402 0.677869 0.0276798 0.0701575 0.856292
14 0.800219 0.919829 0.0203257 0.0648375 0.849095
2 0.627189 0.84762 0.0312908 0.0449703 0.848289
9 0.830725 0.764216 0.0354273 0.0445875 0.847672
12 0.0560604 0.510484 0.0369035 0.0678704 0.838394
14 0.755492 0.838043 0.0216153 0.0666456 0.832051
5 0.119318 0.852161 0.0573085 0.0455742 0.829661
14 0.0419988 0.758695 0.0181438 0.0645899 0.822439
11 0.179019 0.675235 0.0381247 0.0644907 0.820893
6 0.373291 0.93391 0.0590439 0.0402677 0.819762
0 0.331873 0.42068 0.0796661 0.0657494 0.819751
14 0.278694 0.671793 0.0198361 0.0630059 0.817478
24 0.325277 0.691898 0.0649854 0.0631831 0.81743
14 0.225769 0.923005 0.0218212 0.0635509 0.811579
2 0.271479 0.601015 0.0291445 0.0476038 0.79635
21 0.687682 0.443399 0.039959 0.0594538 0.79284
2 0.697983 0.93265 0.0261775 0.0413592 0.788818
23 0.501336 0.682951 0.0364052 0.0407411 0.788046
10 0.625019 0.67171 0.0349913 0.0664058 0.785931
6 0.340181 0.767474 0.0371826 0.0415475 0.781798
0 0.421337 0.600084 0.070539 0.0473388 0.775777
6 0.681354 0.599675 0.0394571 0.0433147 0.772028
2 0.306383 0.682316 0.033587 0.0429794 0.771109
18 0.640101 0.592438 0.0404873 0.0540297 0.769784
5 0.726004 0.427871 0.03766 0.0474976 0.763663
23 0.13193 0.936498 0.0329224 0.0424669 0.74872
9 0.826664 0.42633 0.0385962 0.0504011 0.744054
22 0.821107 0.51297 0.0318844 0.041011 0.740821
0 0.0893426 0.770065 0.0741551 0.0439708 0.738499
13 0.445043 0.922177 0.0180876 0.0634067 0.736459
13 0.283045 0.420798 0.0242339 0.0668372 0.729476
18 0.0784862 0.683935 0.038061 0.0535922 0.727029
9 0.0934159 0.51802 0.0350524 0.0420619 0.726091
14 0.769497 0.985703 0.0279192 0.0285938 0.723598
18 0.459289 0.677653 0.0491422 0.0526358 0.713209
2 0.00830213 0.935278 0.0163962 0.047797 0.685256
22 0.554684 0.515071 0.0348935 0.0430794 0.675125
4 0.420074 0.844905 0.0325098 0.053071 0.673822
23 0.362615 0.517003 0.0379961 0.0421602 0.657708
18 0.250094 0.427489 0.0397465 0.0673122 0.651931
0 0.665702 0.995802 0.0562465 0.00839686 0.650235
11 0.532378 0.756771 0.0531883 0.0671706 0.631426
10 0.929757 0.503354 0.0290194 0.0631602 0.607605
18 0.593997 0.592264 0.0557401 0.0538371 0.597982
18 0.737091 0.678475 0.0363684 0.0513227 0.583403
13 0.766941 0.753505 0.0235589 0.068784 0.5578
14 0.631197 0.41875 0.0245383 0.0711169 0.550082
