6 0.138386 0.832309 0.0412415 0.0427542 0.98547
18 0.100965 0.913982 0.0409393 0.0567321 0.98512
11 0.801092 0.562728 0.0403299 0.0596602 0.984951
1 0.461538 0.232124 0.043005 0.0595636 0.983153
2 0.614475 0.134422 0.0313118 0.0454046 0.981338
21 0.664896 0.410819 0.0432864 0.0535872 0.980748
5 0.109757 0.565278 0.0410837 0.040516 0.979302
12 0.338188 0.477785 0.051529 0.075051 0.978336
18 0.938581 0.398736 0.0436528 0.056747 0.977429
1 0.829149 0.325568 0.0407012 0.0606192 0.977219
2 0.800288 0.838808 0.0296657 0.0398735 0.976169
2 0.863387 0.930253 0.0332155 0.0422149 0.975174
7 0.744182 0.23456 0.0599775 0.0614915 0.974384
18 0.62151 0.0320602 0.0460799 0.0627077 0.974049
2 0.735523 0.836773 0.0322102 0.0423406 0.972694
2 0.140252 0.924023 0.0286826 0.0409253 0.972679
11 0.91605 0.653899 0.0392718 0.0608218 0.972229
5 0.268815 0.130134 0.040028 0.0455679 0.969425
21 0.786448 0.146952 0.0611651 0.0590218 0.968296
13 0.362433 0.300023 0.0224514 0.0657191 0.967228
0 0.0875615 0.128666 0.0608556 0.0420678 0.966286
5 0.511453 0.399108 0.038343 0.0421232 0.964778
18 0.836368 0.742372 0.0408576 0.0557637 0.964524
13 0.961513 0.481064 0.0217967 0.0651754 0.963966
0 0.278404 0.309536 0.0612076 0.0399138 0.963935
5 0.582873 0.745414 0.038191 0.0423071 0.963446
1 0.860137 0.850586 0.0406976 0.0608858 0.963018
2 0.420873 0.0420432 0.0297972 0.0399345 0.957752
0 0.822374 0.402334 0.0607476 0.0411707 0.957748
1 0.571675 0.0543957 0.0431678 0.0611153 0.957684
1 0.0935635 0.840035 0.0433482 0.0597248 0.956302
11 0.127595 0.64384 0.0363145 0.0587298 0.954899
18 0.736045 0.477518 0.06146 0.0526142 0.954894
10 0.0654661 0.297088 0.0427761 0.0644638 0.954816
22 0.114124 0.479535 0.0373108 0.0375193 0.954772
8 0.69492 0.656705 0.0401609 0.04426 0.954387
4 0.169703 0.304296 0.0311807 0.0472399 0.953632
22 0.188422 0.482365 0.0361621 0.0366268 0.953232
11 0.423136 0.644339 0.0488848 0.0623968 0.953182
8 0.150793 0.566904 0.0387924 0.0418525 0.952851
7 0.884443 0.0579778 0.0724227 0.0587486 0.952788
22 0.562605 0.481097 0.0405843 0.0386348 0.952346
13 0.80504 0.738376 0.0198555 0.0677574 0.951888
0 0.501239 0.83354 0.0644212 0.0432266 0.949888
0 0.852142 0.219445 0.0830739 0.0620881 0.9489
22 0.302827 0.923124 0.0365154 0.0425081 0.948778
0 0.225108 0.654678 0.060361 0.040977 0.948653
5 0.327385 0.745848 0.0401943 0.0401915 0.947736
2 0.136363 0.127491 0.0320886 0.0421524 0.946153
13 0.509586 0.910761 0.0258829 0.0744793 0.94458
6 0.874455 0.318672 0.0386748 0.0403693 0.94425
2 0.369183 0.132703 0.0327442 0.0453567 0.943927
6 0.96494 0.930136 0.041724 0.042908 0.943292
5 0.949775 0.318369 0.0327322 0.0424794 0.943209
5 0.249874 0.832385 0.0391952 0.0411811 0.943119
0 0.729956 0.925622 0.0628383 0.0419424 0.942752
22 0.217666 0.917664 0.0377981 0.0410879 0.942088
5 0.275136 0.654246 0.0363588 0.0426462 0.940666
5 0.856681 0.488731 0.0358928 0.0418044 0.940432
8 0.292479 0.833557 0.0425071 0.0430455 0.939384
8 0.345343 0.924592 0.0432891 0.045136 0.938857
23 0.898615 0.140086 0.0373356 0.0422271 0.93827
13 0.236041 0.557522 0.0187256 0.0633483 0.938208
5 0.331876 0.222573 0.0376699 0.0414493 0.938125
2 0.82094 0.0469471 0.034693 0.0421492 0.937739
5 0.030265 0.039068 0.0419821 0.0434279 0.937652
18 0.984087 0.317134 0.0318259 0.0530322 0.93705
6 0.381123 0.0435018 0.0404261 0.0406065 0.935982
8 0.235422 0.223958 0.0429682 0.0451041 0.93486
0 0.533692 0.314781 0.0613563 0.0432158 0.93473
2 0.385907 0.924212 0.0325176 0.0439048 0.932895
11 0.476049 0.914155 0.0395217 0.0615357 0.932676
0 0.278383 0.0426383 0.062745 0.0406146 0.931921
5 0.442627 0.401513 0.0371307 0.0411224 0.930684
21 0.733524 0.0521759 0.0743525 0.0606193 0.930227
5 0.314586 0.56599 0.0398189 0.0400441 0.930113
22 0.671403 0.480463 0.0395348 0.0383929 0.925257
9 0.250326 0.742354 0.0394184 0.0444996 0.924609
0 0.385906 0.223992 0.0651816 0.0467138 0.924221
18 0.174146 0.121337 0.0390605 0.0600065 0.922675
13 0.742784 0.302285 0.020748 0.0673367 0.922264
21 0.675589 0.936869 0.039283 0.0615764 0.920603
11 0.954547 0.569083 0.0539535 0.0602909 0.919636
5 0.193099 0.220849 0.0394107 0.0425692 0.919593
5 0.073333 0.395877 0.0439267 0.0412183 0.918885
13 0.209397 0.114748 0.0223082 0.0719852 0.917961
5 0.0121542 0.833608 0.024293 0.0440147 0.917569
13 0.598143 0.387443 0.0211201 0.0632502 0.915907
6 0.447941 0.833254 0.0391257 0.0430052 0.915529
5 0.563794 0.221554 0.037621 0.045157 0.914694
13 0.875481 0.652629 0.039573 0.0650628 0.91462
11 0.167129 0.73403 0.0363867 0.0618775 0.914112
5 0.67412 0.0454765 0.0366776 0.0436916 0.91189
0 0.886001 0.577504 0.0774081 0.0424936 0.911011
8 0.530781 0.132135 0.0426383 0.0453361 0.910464
2 0.875424 0.752405 0.0319028 0.0417048 0.910314
2 0.0483854 0.742499 0.0310088 0.0451267 0.909574
8 0.0732067 0.0390803 0.0406913 0.0460478 0.909464
9 0.264069 0.565722 0.0386115 0.0440388 0.909161
4 0.705837 0.831516 0.0290755 0.0473415 0.906855
2 0.587906 0.312354 0.0393376 0.0443314 0.906608
6 0.17751 0.922024 0.0401198 0.0432657 0.903807
5 0.3316 0.312707 0.0403229 0.0430359 0.903663
6 0.209195 0.743406 0.0385013 0.0429986 0.900209
9 0.412611 0.74245 0.0399727 0.0459158 0.898318
22 0.385946 0.834283 0.0372125 0.0439723 0.897446
18 0.314098 0.389461 0.0618022 0.0528625 0.897104
9 0.51213 0.65468 0.0392811 0.0422988 0.891869
22 0.912887 0.752039 0.0392001 0.040234 0.891093
13 0.744062 0.123616 0.0209932 0.0641119 0.888855
5 0.287235 0.212197 0.0523803 0.0606552 0.885631
2 0.640212 0.834903 0.0304461 0.0481696 0.885151
9 0.470927 0.310862 0.0408767 0.0442803 0.884898
6 0.0190917 0.481748 0.0378624 0.0375146 0.883749
14 0.123372 0.211294 0.0226925 0.0631885 0.88236
22 0.485211 0.563669 0.0397942 0.0423765 0.881515
13 0.193079 0.386287 0.0200913 0.0656434 0.880312
9 0.567252 0.569141 0.0386575 0.042151 0.878096
8 0.62941 0.92436 0.0441835 0.0438621 0.875
5 0.947235 0.141276 0.0401639 0.0451943 0.872522
8 0.0843584 0.741438 0.0389329 0.0424492 0.868114
7 0.289283 0.491223 0.040309 0.0535694 0.861419
6 0.601441 0.834122 0.0384698 0.0447819 0.860226
2 0.17922 0.821627 0.0352149 0.0644906 0.859807
23 0.647292 0.135009 0.031621 0.0431822 0.854811
18 0.683 0.562213 0.0612711 0.0575262 0.852382
10 0.392035 0.467617 0.0383499 0.0626951 0.850745
2 0.766213 0.401923 0.0337162 0.0411416 0.850374
8 0.494193 0.485634 0.0446762 0.0410917 0.849962
13 0.0604835 0.821393 0.0207968 0.065834 0.841058
7 0.37093 0.574448 0.0719693 0.0561268 0.840954
0 0.0678014 0.642744 0.0804017 0.0627127 0.838988
13 0.44286 0.301302 0.0196655 0.0631003 0.835079
0 0.716964 0.390015 0.0603375 0.0636659 0.827226
2 0.618205 0.570277 0.0458412 0.0441983 0.827038
6 0.472061 0.657593 0.0417389 0.0408502 0.82434
0 0.0241541 0.39961 0.0480176 0.0410171 0.822595
6 0.574813 0.131861 0.0422143 0.0460557 0.821026
46 0.0759577 0.220185 0.0671492 0.0411527 0.819475
14 0.518922 0.559149 0.0196383 0.0633291 0.819343
7 0.432628 0.489025 0.0709555 0.0541775 0.809509
2 0.578696 0.654949 0.0427322 0.0426497 0.808878
4 0.236361 0.123574 0.0264677 0.0540129 0.804975
22 0.174678 0.0401751 0.0559771 0.0418712 0.800508
13 0.157797 0.477986 0.02288 0.0496472 0.797819
2 0.880485 0.404946 0.0505869 0.0393503 0.793332
22 0.671653 0.22572 0.0371578 0.0431183 0.791824
13 0.264796 0.386351 0.018993 0.0639116 0.789512
2 0.00925736 0.308464 0.0185147 0.0408826 0.78444
10 0.691604 0.303403 0.0478928 0.0643462 0.783598
13 0.902603 0.216896 0.0207422 0.0637391 0.778344
18 0.62251 0.215347 0.0602026 0.057111 0.773989
5 0.991866 0.222233 0.0162681 0.0645525 0.769628
2 0.214154 0.310645 0.0422893 0.0419282 0.766492
14 0.0372483 0.822731 0.0220698 0.0640149 0.763322
0 0.482279 0.995746 0.0561407 0.00850785 0.75151
6 0.73545 0.748729 0.0418537 0.0435164 0.736132
23 0.67323 0.834556 0.0332776 0.0462044 0.732752
38 0.444328 0.122675 0.0556171 0.0642602 0.727822
22 0.641482 0.657647 0.0616901 0.0436299 0.72672
14 0.836636 0.563938 0.0225011 0.0603652 0.725498
4 0.769891 0.312601 0.031824 0.0502561 0.723634
13 0.93462 0.826055 0.025423 0.0711012 0.720591
22 0.833975 0.662707 0.0381647 0.0428705 0.715599
24 0.791883 0.235849 0.0298193 0.0504953 0.715331
2 0.251466 0.482082 0.0322233 0.0364583 0.712195
18 0.984436 0.127183 0.0311283 0.0685214 0.712004
22 0.48737 0.131764 0.0376503 0.0425031 0.706333
6 0.514023 0.220012 0.0601093 0.0446852 0.692863
16 0.563547 0.397166 0.0443661 0.0407568 0.686269
8 0.0156396 0.744366 0.0311269 0.0442437 0.68517
4 0.310928 0.652866 0.0289397 0.0451815 0.680905
5 0.0332994 0.994331 0.0383314 0.0113381 0.680596
2 0.0365726 0.564396 0.0376278 0.0384688 0.674154
11 0.388495 0.38789 0.064382 0.0611441 0.658157
18 0.98628 0.475321 0.0274397 0.0719436 0.641904
6 0.904912 0.838962 0.0438352 0.0432633 0.639797
13 0.606084 0.302125 0.0183783 0.0593216 0.633986
6 0.958824 0.664294 0.0403768 0.0433471 0.627254
13 0.232651 0.0310698 0.0231666 0.0619823 0.616802
5 0.382073 0.654273 0.0207747 0.0418789 0.613697
5 0.0501624 0.912601 0.0431865 0.0586629 0.611651
10 0.299172 0.735638 0.0365822 0.0638167 0.603405
19 0.127021 0.395145 0.0305657 0.0414433 0.601599
2 0.706563 0.122493 0.0369532 0.0653906 0.594039
11 0.807358 0.476789 0.0612401 0.0622442 0.59312
24 0.452475 0.0408681 0.0325894 0.0426321 0.57737
5 0.115795 0.99481 0.0355787 0.0103805 0.557737
11 0.168119 0.984871 0.0432885 0.0302582 0.557009
13 0.534871 0.211528 0.0227363 0.0612738 0.543251
22 0.402354 0.314958 0.0557054 0.0411007 0.535714
6 0.849026 0.137753 0.0615396 0.0465282 0.531783
2 0.982072 0.407745 0.0357583 0.0433473 0.522597
2 0.9618 0.0471445 0.0282602 0.043266 0.521603
