2 0.552348 0.263774 0.0298245 0.0401625 0.991478
1 0.315923 0.363647 0.0445893 0.0609428 0.990415
18 0.850985 0.164037 0.0410111 0.0568229 0.986746
6 0.888416 0.0823343 0.0412133 0.042798 0.985191
11 0.918043 0.251009 0.0428814 0.062079 0.982001
2 0.575258 0.441057 0.0318499 0.0413916 0.981265
21 0.321306 0.448864 0.0458381 0.0587614 0.980796
1 0.781563 0.269311 0.0422012 0.0617434 0.980356
18 0.696755 0.0731664 0.0431151 0.0558381 0.979703
5 0.470202 0.971415 0.038651 0.0412897 0.978768
11 0.447088 0.341772 0.0407822 0.0621552 0.978243
2 0.396366 0.439291 0.0304618 0.0432326 0.977398
6 0.91892 0.972807 0.0417576 0.0427961 0.977343
22 0.967479 0.167708 0.0377629 0.0408338 0.976763
5 0.688739 0.970062 0.0374875 0.0435127 0.976365
2 0.659753 0.262153 0.0342541 0.0398776 0.974761
2 0.890298 0.174089 0.0287755 0.0410309 0.974421
21 0.519374 0.800752 0.0672424 0.057394 0.973719
2 0.684856 0.61714 0.0299802 0.0426712 0.971193
9 0.585448 0.879237 0.0365826 0.0430926 0.966725
0 0.671555 0.351275 0.0643934 0.0438765 0.964931
0 0.394483 0.701611 0.0655135 0.0410886 0.964191
18 0.682839 0.87123 0.041419 0.054314 0.963532
5 0.928498 0.61636 0.035738 0.0429981 0.958619
7 0.711539 0.803676 0.0739322 0.0600746 0.958101
9 0.637347 0.790701 0.0403076 0.0435637 0.955871
9 0.959999 0.971442 0.0392935 0.044194 0.954024
2 0.7397 0.707974 0.0321012 0.0422548 0.953877
5 0.737382 0.878743 0.0395949 0.0415051 0.953408
9 0.722551 0.617471 0.0425136 0.046216 0.952677
22 0.372537 0.877476 0.0383247 0.0390608 0.952436
5 0.341298 0.700385 0.0382505 0.0399268 0.951996
13 0.843593 0.959631 0.0216029 0.0682691 0.950165
5 0.754842 0.0834216 0.0394969 0.0422336 0.94943
5 0.42165 0.790288 0.0396102 0.0418139 0.948942
2 0.410132 0.081773 0.0296912 0.0409297 0.947217
6 0.671444 0.172464 0.0426264 0.0414964 0.946582
8 0.731979 0.438174 0.0436763 0.0415757 0.945912
0 0.336321 0.172311 0.0833045 0.0586898 0.942954
1 0.627903 0.181843 0.0443224 0.0634876 0.941673
5 0.868052 0.261045 0.0388558 0.0425221 0.940676
18 0.692657 0.699779 0.0570592 0.0613372 0.940569
5 0.653691 0.0838241 0.0380743 0.0418069 0.939839
9 0.44663 0.614134 0.0408179 0.0404589 0.938316
2 0.902661 0.881207 0.0316255 0.0431874 0.938169
6 0.597317 0.792125 0.0408113 0.0404317 0.937638
1 0.843336 0.0903946 0.0427626 0.0603527 0.937482
8 0.941715 0.526145 0.0419527 0.0428337 0.936963
13 0.74099 0.958056 0.0227401 0.0693098 0.9353
9 0.72179 0.527184 0.0427258 0.0436771 0.934939
1 0.845993 0.717606 0.0423379 0.0646688 0.934389
9 0.506016 0.25967 0.0402529 0.0427125 0.932127
1 0.773552 0.972351 0.0378687 0.0552975 0.931569
6 0.463899 0.26468 0.0419022 0.0407836 0.931124
9 0.52173 0.438848 0.0412967 0.0432912 0.93105
8 0.775873 0.530419 0.0417795 0.0456713 0.928941
0 0.881413 0.438172 0.0638574 0.0429978 0.928376
0 0.786994 0.705327 0.0629884 0.0465994 0.928047
5 0.960303 0.262426 0.0339656 0.0393424 0.927733
6 0.825484 0.260638 0.0395565 0.0409636 0.927323
6 0.596907 0.971217 0.0410714 0.0427518 0.923199
24 0.473152 0.708377 0.0702009 0.0516188 0.921944
5 0.441693 0.175408 0.0363718 0.0447758 0.921398
8 0.513736 0.0823199 0.0418855 0.0437897 0.921232
22 0.380435 0.265264 0.0367537 0.0399132 0.918811
9 0.518343 0.529377 0.0419101 0.0445483 0.91775
5 0.639868 0.881558 0.0407344 0.0447166 0.917265
18 0.901698 0.341333 0.0404599 0.0577419 0.916561
22 0.816675 0.525943 0.0346158 0.0418754 0.915077
13 0.5821 0.158747 0.0253868 0.074223 0.914899
0 0.954752 0.346818 0.0602388 0.049709 0.912782
0 0.97462 0.616045 0.0507598 0.0426972 0.912267
18 0.755812 0.164449 0.0410748 0.0595309 0.912014
9 0.638852 0.970373 0.0397842 0.044323 0.909394
5 0.399279 0.351725 0.0367743 0.0441353 0.908985
2 0.340971 0.0831884 0.0326823 0.0480376 0.908341
6 0.862545 0.881443 0.0411772 0.0422239 0.908007
5 0.990216 0.0785705 0.019567 0.0480886 0.9077
9 0.61242 0.439546 0.0378079 0.0445105 0.907187
5 0.338734 0.528573 0.0426981 0.0403237 0.905553
0 0.879597 0.525465 0.082428 0.0464133 0.905163
13 0.535783 0.604362 0.0190904 0.0668964 0.901675
4 0.656802 0.612224 0.0267417 0.0495186 0.900425
8 0.463216 0.788391 0.0407432 0.0454452 0.898337
2 0.979808 0.527229 0.0290662 0.0398045 0.897105
6 0.927492 0.172041 0.0400672 0.044155 0.896912
0 0.717943 0.251191 0.0641361 0.0624865 0.896795
2 0.824053 0.795649 0.0371554 0.0449988 0.895198
5 0.713517 0.170816 0.036483 0.0428483 0.89314
14 0.798488 0.337894 0.0221834 0.0686188 0.8909
27 0.880931 0.717199 0.0236154 0.060697 0.890368
0 0.950054 0.881268 0.0615125 0.043239 0.890322
0 0.944575 0.707272 0.0821936 0.0439425 0.887308
13 0.793548 0.781518 0.0201561 0.0629146 0.886036
14 0.566508 0.780229 0.021463 0.0614715 0.880839
1 0.821447 0.88948 0.0405459 0.0560675 0.878149
13 0.869409 0.608713 0.0197626 0.0635279 0.877085
6 0.61703 0.352898 0.0429945 0.0417391 0.876177
2 0.316272 0.787237 0.0369645 0.0455226 0.853611
22 0.988999 0.792571 0.0220023 0.041702 0.852198
11 0.876482 0.962744 0.0405178 0.0664181 0.849929
2 0.929258 0.0715708 0.0352021 0.0646746 0.849661
13 0.81053 0.0713191 0.0208718 0.0651028 0.848617
5 0.688488 0.442624 0.0395571 0.0453382 0.848044
8 0.421744 0.263773 0.0404919 0.0433425 0.841697
8 0.381878 0.528288 0.0431638 0.0444922 0.840206
6 0.477202 0.527321 0.0372869 0.044734 0.838512
9 0.609392 0.704197 0.0496821 0.0412877 0.836535
23 0.771694 0.794579 0.043004 0.0395999 0.830437
13 0.787996 0.869321 0.0230834 0.0650744 0.829367
13 0.504777 0.156822 0.0178329 0.0745221 0.826007
14 0.787454 0.0721518 0.0216968 0.0630177 0.820785
10 0.388123 0.0712708 0.0350847 0.0631855 0.818471
13 0.57498 0.693718 0.021431 0.061602 0.811279
7 0.317648 0.274975 0.0436822 0.0588057 0.802383
18 0.418849 0.0160046 0.0427766 0.0320092 0.798227
13 0.411192 0.16556 0.0231303 0.0666694 0.79087
23 0.480575 0.174475 0.0343378 0.0431157 0.782017
6 0.827743 0.437903 0.0404568 0.0467621 0.765386
13 0.972994 0.694281 0.0260214 0.0657043 0.762236
4 0.436224 0.967892 0.0274229 0.0460081 0.751738
10 0.312467 0.520716 0.0346293 0.0639942 0.741511
13 0.350829 0.25126 0.0231388 0.0615697 0.71915
23 0.361826 0.43854 0.0334655 0.0417606 0.718211
5 0.800337 0.162195 0.0429404 0.0601546 0.71046
7 0.990551 0.271938 0.0188982 0.0572889 0.703677
4 0.309457 0.0816994 0.0298605 0.0536171 0.693501
13 0.360055 0.342215 0.0402243 0.0613526 0.689717
16 0.836109 0.618532 0.0424216 0.0435369 0.684248
0 0.483729 0.00657658 0.0771464 0.0131532 0.66745
4 0.895906 0.612762 0.0302756 0.0508571 0.659988
19 0.581273 0.263115 0.0270288 0.0415584 0.651641
18 0.56941 0.0761351 0.067615 0.0563997 0.649531
14 0.767531 0.87043 0.020498 0.064056 0.64026
2 0.324682 0.971304 0.0583674 0.0531689 0.637894
46 0.750784 0.349044 0.0708784 0.0427278 0.62523
14 0.388366 0.164714 0.0201889 0.0639164 0.610748
13 0.479164 0.434862 0.0381764 0.061687 0.603487
13 0.575827 0.340725 0.037621 0.0639756 0.580593
7 0.990285 0.448237 0.0194294 0.0601889 0.575465
19 0.438707 0.0802924 0.0249199 0.0434238 0.543572
16 0.50213 0.61688 0.0444984 0.0441352 0.536067
6 0.465243 0.880907 0.0237955 0.0437359 0.528075
8 0.490667 0.341932 0.0451981 0.0639439 0.501686
