5 0.0673612 0.431221 0.0393808 0.0450518 0.975012
2 0.0581942 0.517116 0.0299786 0.0436201 0.970154
5 0.0539977 0.601831 0.0377928 0.0436255 0.938752
11 0.182603 0.508557 0.0352644 0.0652159 0.937977
2 0.0406653 0.686861 0.0292674 0.0410106 0.936679
0 0.173017 0.771335 0.077003 0.0412974 0.932598
9 0.230197 0.773844 0.0361389 0.0438253 0.932243
8 0.230878 0.690299 0.0430142 0.044992 0.931512
5 0.222534 0.51941 0.0367759 0.0412071 0.900492
4 0.225268 0.932396 0.0325217 0.0485998 0.899781
0 0.0197538 0.516141 0.0395076 0.0383424 0.899242
13 0.0916568 0.926333 0.0269946 0.0671855 0.897802
8 0.10899 0.433414 0.0431097 0.0488021 0.868849
11 0.01677 0.591395 0.03354 0.064568 0.852492
18 0.0582645 0.932683 0.0375023 0.0532792 0.844122
21 0.198593 0.60337 0.0544578 0.0869403 0.814665
2 0.0279961 0.851806 0.0380164 0.0428483 0.809561
2 0.146012 0.518141 0.0310384 0.0428321 0.770177
10 0.097572 0.760673 0.0378255 0.0651786 0.766946
4 0.0898241 0.599004 0.0348253 0.0527703 0.760166
12 0.133109 0.844661 0.0370715 0.0603929 0.75439
5 0.251668 0.436563 0.0364255 0.0472758 0.707897
13 0.18804 0.987061 0.0173285 0.0254374 0.704151
23 0.0298742 0.77051 0.0352921 0.0422215 0.677145
6 0.228683 0.853091 0.0610284 0.043787 0.660305
9 0.123125 0.687475 0.0375135 0.0442826 0.614566
6 0.120133 0.520969 0.0164145 0.0448931 0.553867
13 0.250122 0.843436 0.0199355 0.0616972 0.524237
