2 0.117683 0.761192 0.0302166 0.0388628 0.981145
24 0.70857 0.593408 0.0391147 0.0505968 0.980746
7 0.841113 0.595545 0.0439532 0.0547581 0.979272
6 0.419816 0.983145 0.0381441 0.0330119 0.978271
2 0.493615 0.90908 0.0320851 0.0392674 0.978083
9 0.460397 0.982691 0.036278 0.0346181 0.97656
2 0.38626 0.832242 0.032185 0.0377347 0.973318
18 0.612258 0.893167 0.0420322 0.0595595 0.969839
18 0.227692 0.974792 0.0453027 0.0504158 0.969771
2 0.337278 0.59511 0.0289177 0.038028 0.969303
2 0.691089 0.899725 0.0325038 0.0397148 0.969125
9 0.923443 0.742488 0.0357304 0.0398147 0.968858
13 0.475612 0.582649 0.0225921 0.0659575 0.967121
5 0.805584 0.822269 0.035578 0.0390637 0.963018
2 0.553305 0.981784 0.0319154 0.0364317 0.961702
0 0.339653 0.833475 0.0560117 0.0369287 0.958836
8 0.452068 0.910229 0.0404336 0.0407523 0.957798
7 0.892548 0.829327 0.0549672 0.0561646 0.957678
5 0.100521 0.683483 0.0363239 0.0398415 0.956188
22 0.650011 0.98225 0.0386968 0.0355003 0.95517
5 0.479134 0.831009 0.0378236 0.0392241 0.951411
9 0.56474 0.747889 0.0359504 0.0392036 0.950035
2 0.942151 0.662995 0.0327344 0.040344 0.949476
5 0.568491 0.904144 0.0371864 0.0396986 0.949017
7 0.763878 0.827486 0.039319 0.0548687 0.948943
7 0.821613 0.670479 0.0412281 0.0530078 0.946024
5 0.769595 0.900513 0.036768 0.0389946 0.94449
9 0.565627 0.669164 0.0386124 0.0385586 0.942892
2 0.622004 0.824364 0.0298223 0.0378647 0.941962
8 0.51254 0.983775 0.0381118 0.0324492 0.941121
9 0.866195 0.976781 0.0387075 0.039907 0.940784
8 0.903065 0.666454 0.0371535 0.0389061 0.940648
9 0.277878 0.835747 0.0378071 0.0417295 0.938712
13 0.0688668 0.672599 0.0191704 0.0625628 0.938141
7 0.22789 0.687091 0.0433838 0.0562627 0.936064
2 0.253168 0.758955 0.0328044 0.0389209 0.934523
5 0.331686 0.675415 0.0345829 0.0392551 0.933822
8 0.616293 0.670851 0.0357057 0.0374975 0.931825
0 0.665726 0.823156 0.0556542 0.0372077 0.926206
11 0.0603257 0.909352 0.0376321 0.0593419 0.924108
6 0.824718 0.977291 0.0335851 0.0352809 0.923171
0 0.0260529 0.605476 0.0514638 0.041483 0.920294
6 0.789821 0.74374 0.036855 0.0396914 0.916026
9 0.370519 0.674149 0.0376557 0.0407963 0.915674
8 0.288791 0.755739 0.0360664 0.0381055 0.913585
13 0.256936 0.973638 0.0186955 0.0527245 0.910587
23 0.0721785 0.762806 0.0334747 0.0373708 0.910176
9 0.327411 0.755383 0.0362276 0.0406775 0.909334
2 0.432421 0.670046 0.0319749 0.0408401 0.904506
0 0.598291 0.981482 0.0559201 0.0370362 0.902874
8 0.584386 0.827391 0.0381491 0.0387464 0.899648
0 0.426028 0.593588 0.0784016 0.0433755 0.898031
8 0.726385 0.901449 0.0363753 0.0391152 0.89578
6 0.842601 0.818906 0.0386971 0.0367156 0.894782
8 0.81643 0.900018 0.0383769 0.0388423 0.894511
5 0.866811 0.664652 0.0341928 0.0386064 0.894403
2 0.854346 0.897145 0.0290732 0.0365223 0.892666
7 0.625008 0.75469 0.0656471 0.0556421 0.884751
9 0.241638 0.910082 0.0365764 0.0390543 0.884047
6 0.201906 0.914669 0.0380898 0.0383155 0.883167
0 0.789917 0.586723 0.0563903 0.041865 0.875858
23 0.288679 0.597065 0.0355902 0.0387788 0.868672
0 0.526189 0.830969 0.0579811 0.0414033 0.866645
5 0.773344 0.660839 0.0351212 0.0457406 0.859946
6 0.23645 0.836175 0.0389209 0.0376084 0.857737
18 0.782972 0.966098 0.0436074 0.05961 0.857569
2 0.743986 0.586665 0.0301428 0.0410843 0.851149
3 0.424016 0.740344 0.0532786 0.0645386 0.844429
6 0.73972 0.976922 0.0376323 0.0374227 0.841005
2 0.687219 0.588756 0.0562549 0.0399352 0.84014
5 0.516213 0.592964 0.0595664 0.0408559 0.837978
6 0.526404 0.749889 0.0362148 0.0371387 0.830938
1 0.697363 0.674216 0.0374178 0.054678 0.824755
2 0.0999709 0.604037 0.0303073 0.0406148 0.816486
22 0.402061 0.908262 0.0359154 0.0412585 0.813587
13 0.225432 0.747604 0.0209596 0.0644221 0.811702
7 0.0371772 0.693593 0.0402333 0.0538957 0.811538
10 0.0801676 0.592789 0.0345767 0.0652734 0.808838
1 0.13494 0.611029 0.0380993 0.0532532 0.806249
14 0.873299 0.573893 0.0198956 0.0620034 0.771271
22 0.715188 0.82156 0.0369184 0.0433269 0.770996
4 0.0106864 0.763552 0.0213236 0.0463612 0.765336
8 0.700929 0.981654 0.040694 0.0364 0.761078
6 0.184602 0.594953 0.0589116 0.0530612 0.759518
13 0.0138416 0.830116 0.0256582 0.0662489 0.75873
3 0.130264 0.829463 0.0500917 0.065502 0.756127
8 0.748538 0.744283 0.0390136 0.0380632 0.748852
6 0.523574 0.673421 0.0356249 0.0394096 0.747141
6 0.270092 0.675895 0.0389624 0.0388124 0.724476
19 0.885259 0.89765 0.0292506 0.0368036 0.722631
8 0.419946 0.831156 0.0379736 0.0419251 0.708051
6 0.873441 0.744223 0.0585291 0.0405332 0.698548
6 0.0394837 0.764321 0.034557 0.0373771 0.678422
6 0.653354 0.903275 0.0377519 0.0365975 0.670406
7 0.952928 0.905557 0.0813695 0.0584686 0.643149
23 0.939241 0.819568 0.0358455 0.0372069 0.626835
19 0.525557 0.908376 0.0282609 0.0384464 0.618638
13 0.657313 0.656844 0.0385242 0.0634234 0.602605
13 0.497345 0.739349 0.0217572 0.0640968 0.593452
2 0.128253 0.987799 0.0273628 0.024402 0.586772
6 0.0232968 0.922306 0.036771 0.0369118 0.52256
23 0.624787 0.58963 0.0333843 0.0372601 0.517653
5 0.0264005 0.978424 0.0410497 0.0431528 0.516517
10 0.4548 0.819749 0.0297741 0.0660899 0.509102
