1 0.882533 0.572286 0.0846082 0.132877 0.996765
13 0.942372 0.724094 0.041048 0.132951 0.985099
4 0.776941 0.550169 0.0715249 0.111263 0.984312
2 0.629678 0.362277 0.0685194 0.0873833 0.983375
23 0.5488 0.369588 0.0692222 0.0909144 0.980915
2 0.912076 0.351601 0.0698247 0.0912558 0.979815
2 0.663122 0.758391 0.0664634 0.0942671 0.978038
14 0.90669 0.135409 0.0409529 0.132821 0.976804
18 0.86696 0.731498 0.0872135 0.119988 0.974905
23 0.73264 0.758415 0.064657 0.0827835 0.967876
6 0.965931 0.547089 0.0681384 0.0902863 0.96745
14 0.831758 0.930483 0.0467048 0.1366 0.965553
8 0.706135 0.164304 0.0889134 0.0897827 0.96387
10 0.575321 0.734867 0.0898887 0.142387 0.95631
14 0.786314 0.932382 0.046968 0.134263 0.948634
13 0.957594 0.12965 0.0425596 0.132812 0.947475
6 0.785462 0.755615 0.0363343 0.0805376 0.93554
9 0.97707 0.950693 0.0458606 0.0903887 0.912687
6 0.695093 0.556317 0.085104 0.091949 0.849667
6 0.817994 0.155842 0.127134 0.0972497 0.776802
5 0.902156 0.947468 0.0857544 0.0900135 0.774994
8 0.588989 0.540149 0.118989 0.137859 0.675277
6 0.734769 0.355854 0.130856 0.0981085 0.65262
2 0.690286 0.956268 0.13731 0.0864553 0.626975
5 0.612459 0.165706 0.0933795 0.0932492 0.62348
1 0.860264 0.022337 0.0746214 0.044674 0.620027
7 0.592009 0.0299551 0.136401 0.0599103 0.544598
19 0.987076 0.746313 0.0258486 0.0866507 0.526213
