27 0.49375 0.821416 0.0588051 0.136804 0.996523
11 0.0737027 0.184463 0.092812 0.13538 0.996099
1 0.0553068 0.832154 0.0901145 0.137942 0.995086
0 0.456744 0.630375 0.142307 0.13261 0.986938
22 0.323223 0.406363 0.0880656 0.0880216 0.977481
4 0.255324 0.202208 0.0759009 0.112491 0.977242
2 0.0269908 0.0282059 0.0538205 0.0564119 0.975537
4 0.48494 0.201656 0.0721129 0.115853 0.975534
5 0.471822 0.406663 0.0887512 0.0951625 0.975272
5 0.170671 0.211388 0.0876449 0.09168 0.974296
18 0.327978 0.783296 0.109353 0.140612 0.972085
13 0.1179 0.581562 0.0474875 0.145462 0.971466
13 0.397512 0.381007 0.0463855 0.137165 0.970335
22 0.475812 0.978765 0.0913079 0.042469 0.967335
6 0.342063 0.0271234 0.0943491 0.0542467 0.967074
9 0.0371899 0.606816 0.074082 0.0994642 0.966542
2 0.0422546 0.982451 0.0715577 0.0350976 0.962197
23 0.0397059 0.410361 0.0744736 0.0872386 0.959895
2 0.248245 0.025352 0.0768294 0.0507039 0.957597
6 0.370779 0.982028 0.102192 0.0359445 0.947737
5 0.129102 0.981043 0.0874763 0.0379144 0.936075
6 0.181624 0.808299 0.140296 0.0972112 0.91569
1 0.256677 0.981945 0.0946468 0.0361094 0.888038
12 0.199359 0.58497 0.112293 0.136994 0.871661
2 0.429969 0.805765 0.0686914 0.0931973 0.831608
14 0.369432 0.584145 0.08382 0.136309 0.82112
2 0.0114357 0.210116 0.0228374 0.0748652 0.799852
18 0.101007 0.029911 0.096172 0.0598219 0.764253
13 0.227697 0.784216 0.0539738 0.148802 0.752837
11 0.440886 0.0246955 0.0829356 0.0493909 0.723492
14 0.176661 0.0299731 0.0466066 0.0599463 0.54054
