19 0.073117 0.59493 0.0645724 0.0851269 0.988655
7 0.137815 0.23272 0.0959638 0.122778 0.983598
9 0.347165 0.400764 0.0875711 0.0946101 0.982839
7 0.24237 0.622515 0.09828 0.131121 0.981587
9 0.33738 0.205043 0.0899249 0.0956548 0.97903
7 0.194178 0.428931 0.0967185 0.125493 0.976765
4 0.17988 0.967482 0.0738356 0.0650356 0.976059
2 0.284366 0.970898 0.076868 0.0581805 0.975324
5 0.146749 0.592706 0.0818101 0.0915766 0.974035
13 0.273058 0.379103 0.0470292 0.141454 0.965663
4 0.206514 0.787245 0.0679679 0.1048 0.963632
6 0.2361 0.205686 0.0931301 0.0849757 0.962367
13 0.320323 0.577694 0.0444331 0.140149 0.960787
22 0.0344544 0.400983 0.0687984 0.0891391 0.943068
2 0.239267 0.0224245 0.0677059 0.044849 0.939744
14 0.374292 0.580024 0.0507845 0.151673 0.928489
22 0.0201686 0.975633 0.0398469 0.0487341 0.872468
13 0.00625261 0.57341 0.0125052 0.137518 0.805588
18 0.0978981 0.778813 0.135723 0.121811 0.766973
23 0.364295 0.969833 0.0833791 0.0603343 0.672573
22 0.00751391 0.197997 0.0149376 0.0721766 0.636519
19 0.173739 0.0236522 0.0627008 0.0473044 0.509336
