1 0.2637 0.0442409 0.086482 0.0884817 0.99004
4 0.123653 0.188201 0.0857856 0.125681 0.980211
7 0.959031 0.220536 0.0819387 0.129635 0.979857
5 0.457796 0.0203274 0.0865208 0.0406548 0.975327
8 0.751395 0.198134 0.0977492 0.0949327 0.969158
8 0.530883 0.199789 0.0998079 0.0964104 0.968497
2 0.0173399 0.202489 0.0345472 0.0935948 0.968325
6 0.363603 0.0200748 0.0847274 0.0401497 0.959248
0 0.243855 0.206808 0.135327 0.0971938 0.959134
9 0.148384 0.0213432 0.0782472 0.0426864 0.95697
2 0.0755749 0.0251883 0.0659386 0.0503766 0.94841
6 0.933717 0.0209743 0.0903456 0.0419485 0.948331
22 0.778004 0.021862 0.088722 0.0437239 0.930576
14 0.855639 0.02095 0.0467992 0.0419001 0.925848
9 0.55245 0.0207213 0.0835438 0.0414427 0.92443
11 0.404746 0.175903 0.146948 0.139973 0.897104
16 0.684874 0.0206481 0.0666618 0.0412961 0.863129
5 0.0170892 0.0264109 0.0339628 0.0527127 0.551704
