12 0.0814632 0.360434 0.0338482 0.0834347 0.988724
7 0.247102 0.278328 0.062919 0.0643224 0.982316
2 0.915188 0.171661 0.0358524 0.0484056 0.968717
5 0.589467 0.0971102 0.0386194 0.0420585 0.966407
11 0.400211 0.0902491 0.0382574 0.0653249 0.965999
0 0.897261 0.257003 0.0659436 0.0473235 0.965359
7 0.372793 0.0291232 0.0567079 0.0582464 0.960589
6 0.439069 0.0978369 0.0363842 0.0385817 0.954572
9 0.478475 0.0969219 0.0364789 0.0445826 0.952295
23 0.0993387 0.186598 0.0327602 0.0417253 0.951605
21 0.530316 0.277648 0.0413449 0.0572561 0.949944
21 0.180597 0.0304512 0.0376067 0.0581669 0.949768
0 0.134367 0.272359 0.0656049 0.0454869 0.948129
13 0.130488 0.0855189 0.0237556 0.076767 0.947285
1 0.150307 0.19308 0.0417336 0.0666129 0.946919
0 0.513542 0.35171 0.0653474 0.0492705 0.945637
0 0.261667 0.358891 0.0637977 0.0524341 0.938452
13 0.546225 0.170595 0.0269299 0.0694515 0.936209
0 0.270064 0.101304 0.0634667 0.0447443 0.934526
10 0.403898 0.173693 0.0381749 0.0646613 0.929991
8 0.874627 0.17323 0.0408397 0.0475843 0.928534
22 0.02248 0.272434 0.0354485 0.0441332 0.927636
5 0.698276 0.346938 0.0394428 0.0488853 0.922779
2 0.60535 0.26217 0.0321779 0.0446935 0.920853
5 0.651759 0.260424 0.0382494 0.0443521 0.919036
0 0.751747 0.247385 0.0843114 0.0681977 0.916926
5 0.848267 0.257097 0.0336859 0.0393685 0.916591
0 0.416467 0.264227 0.0596509 0.0509851 0.914602
0 0.538522 0.100823 0.0599374 0.0456647 0.914587
0 0.439677 0.354905 0.060959 0.0485154 0.909959
6 0.123628 0.357072 0.0400397 0.04337 0.909352
8 0.0619748 0.104866 0.0403482 0.0415778 0.907513
18 0.099995 0.0983721 0.0373723 0.0506267 0.905862
8 0.587161 0.0176116 0.0408128 0.0351254 0.905458
0 0.0250478 0.358127 0.0498606 0.062417 0.903337
0 0.280727 0.185725 0.0618577 0.0457182 0.903145
9 0.185954 0.268553 0.0366395 0.0437438 0.901184
0 0.907421 0.340221 0.0603986 0.0609734 0.898521
7 0.363726 0.195915 0.0380151 0.0605221 0.895315
18 0.689632 0.255537 0.0381415 0.0519099 0.894487
9 0.896991 0.0892172 0.0395291 0.0441245 0.883697
0 0.0715909 0.274758 0.058289 0.0454251 0.880501
5 0.78158 0.344566 0.0403709 0.0472977 0.870133
13 0.333526 0.173666 0.0223255 0.0588502 0.862795
6 0.902405 0.0152212 0.0655832 0.0304085 0.860242
9 0.208795 0.0998325 0.0374525 0.0443336 0.859686
14 0.618892 0.0847362 0.0191393 0.0644834 0.857765
18 0.464692 0.260246 0.0383505 0.057535 0.846652
13 0.498627 0.255359 0.0297021 0.0677399 0.83981
19 0.204129 0.354213 0.0329288 0.04602 0.837792
8 0.420383 0.0194918 0.041742 0.0389835 0.828711
23 0.742802 0.175271 0.0345654 0.0404818 0.820271
5 0.230981 0.184147 0.0347652 0.0425099 0.784643
14 0.726928 0.331689 0.0200241 0.0689913 0.781819
18 0.349259 0.35025 0.0376945 0.0545609 0.773788
22 0.321471 0.101547 0.0346416 0.042596 0.764376
13 0.748801 0.332759 0.0282247 0.0701783 0.751541
6 0.390629 0.356106 0.0404319 0.0502304 0.744434
6 0.192565 0.18283 0.0401223 0.0446628 0.736341
14 0.597204 0.337119 0.0231133 0.0709043 0.727123
8 0.165121 0.359039 0.0428861 0.0519716 0.715689
13 0.0241352 0.177184 0.023615 0.0668704 0.711494
18 0.586511 0.175686 0.0541058 0.0544752 0.698289
8 0.570378 0.264216 0.0359527 0.0420499 0.680403
11 0.535811 0.0189861 0.0539906 0.0379722 0.67543
13 0.369051 0.0841626 0.0218046 0.0788615 0.664685
9 0.442515 0.183611 0.0371252 0.0453312 0.664391
10 0.701658 0.0845422 0.0383205 0.0648794 0.657946
22 0.312229 0.352762 0.0346352 0.0476347 0.614961
6 0.220589 0.0191732 0.0390836 0.0383465 0.605796
18 0.633018 0.017063 0.0477818 0.034126 0.599585
13 0.00658567 0.176381 0.0131713 0.070498 0.599267
21 0.778457 0.104259 0.0400057 0.0559864 0.581575
6 0.0328771 0.0231025 0.0582012 0.0462051 0.564972
2 0.135911 0.0199306 0.0552984 0.0398612 0.538441
6 0.566486 0.350175 0.0391881 0.0479903 0.538275
9 0.357122 0.267294 0.0373178 0.0444202 0.537961
6 0.815402 0.0899886 0.0370749 0.0423308 0.533734
10 0.815552 0.246386 0.0433655 0.0648066 0.527336
