11 0.0270401 0.17537 0.0540801 0.176963 0.988005
18 0.441978 0.189799 0.109223 0.142683 0.985771
19 0.370808 0.818725 0.0649354 0.0920494 0.985759
23 0.276083 0.821472 0.07223 0.0887733 0.983782
9 0.189914 0.212149 0.0922313 0.102865 0.97867
2 0.403546 0.409822 0.0772735 0.0933741 0.977382
4 0.0489593 0.618137 0.0718262 0.112099 0.974433
2 0.34838 0.21448 0.0752531 0.0940157 0.969981
8 0.0905443 0.415624 0.100039 0.094386 0.969037
2 0.120265 0.619172 0.0729189 0.104316 0.968575
0 0.270788 0.622426 0.143355 0.0996019 0.965205
23 0.0282316 0.822166 0.0564633 0.0906971 0.962681
10 0.308444 0.3883 0.0920018 0.141246 0.953019
6 0.287945 0.986716 0.0892308 0.0265687 0.946354
7 0.41986 0.639689 0.151321 0.142173 0.945626
13 0.0780648 0.799514 0.0422715 0.151406 0.88887
5 0.453382 0.816815 0.0929868 0.0963676 0.885467
5 0.447663 0.985217 0.0781608 0.0294807 0.87568
13 0.372223 0.957347 0.0695494 0.0853065 0.860798
13 0.471644 0.385689 0.0501105 0.14072 0.848177
22 0.19319 0.41648 0.0885731 0.0915519 0.823243
1 0.193574 0.986841 0.0813287 0.0262166 0.663109
7 0.0151504 0.0471709 0.0302917 0.0943417 0.656539
4 0.0439184 0.967588 0.0878368 0.0648236 0.648574
