1 0.254917 0.683684 0.0918026 0.136317 0.997072
1 0.673129 0.483327 0.0916765 0.136372 0.994858
27 0.784845 0.683972 0.0546521 0.132535 0.992758
11 0.7076 0.635877 0.0917373 0.132599 0.988673
0 0.350009 0.265358 0.133203 0.0916331 0.985876
13 0.462275 0.832124 0.0480282 0.14391 0.985673
0 0.527947 0.464188 0.142415 0.0938035 0.985205
5 0.46802 0.261818 0.0871986 0.0948898 0.984211
0 0.110551 0.663534 0.141244 0.0941921 0.983772
22 0.458479 0.659063 0.088984 0.0907906 0.979031
4 0.548791 0.24855 0.0682118 0.120429 0.978926
5 0.210095 0.261702 0.0905327 0.0943547 0.978877
8 0.0838739 0.857245 0.0960057 0.0920705 0.977864
2 0.617739 0.261605 0.0714588 0.096346 0.977699
2 0.800941 0.2573 0.0699247 0.0924101 0.97726
23 0.162882 0.460813 0.0699399 0.0842866 0.976782
2 0.0321709 0.261455 0.0643355 0.101599 0.976733
22 0.536174 0.856727 0.0838234 0.0895022 0.975955
14 0.930483 0.440176 0.045341 0.144152 0.97459
6 0.77073 0.45831 0.0889692 0.0846548 0.972276
5 0.343534 0.854617 0.0911442 0.0922849 0.971798
5 0.892659 0.66165 0.0900531 0.0906565 0.970118
7 0.96724 0.885794 0.0655199 0.128774 0.969894
6 0.360889 0.665064 0.0947647 0.0876372 0.969801
22 0.24224 0.463198 0.0876996 0.0930779 0.968502
9 0.881397 0.257156 0.089558 0.0968311 0.967028
13 0.739158 0.232608 0.0408173 0.143738 0.966483
14 0.413926 0.836421 0.0458679 0.134736 0.960336
14 0.96825 0.640014 0.0541953 0.143928 0.959824
23 0.685177 0.258457 0.0654546 0.084873 0.957612
8 0.1104 0.262193 0.0959487 0.0971856 0.956011
6 0.0176168 0.85814 0.0350571 0.0888753 0.947146
13 0.634001 0.636223 0.0443699 0.143595 0.943377
2 0.860848 0.459574 0.0742707 0.0933344 0.932833
13 0.974453 0.430192 0.0461377 0.143323 0.923464
5 0.0836228 0.461306 0.0867541 0.0933276 0.889085
8 0.557325 0.639618 0.104327 0.14552 0.816738
18 0.988052 0.234657 0.0238968 0.135757 0.781116
19 0.0189141 0.463977 0.0378199 0.0939785 0.775293
27 0.903975 0.857769 0.0549824 0.0936246 0.56537
1 0.209169 0.882765 0.133281 0.132022 0.553222
11 0.7279 0.984641 0.0860004 0.0305891 0.542212
