22 0.177298 0.309854 0.0385627 0.0395439 0.974408
18 0.132616 0.297333 0.0444192 0.0611135 0.971387
2 0.228442 0.304468 0.0304395 0.038402 0.970867
5 0.692134 0.449861 0.0375454 0.0392829 0.968195
5 0.951766 0.28424 0.0367087 0.0406682 0.966587
2 0.561984 0.0575654 0.0284965 0.0379848 0.966291
4 0.825855 0.444795 0.0270427 0.0460474 0.965636
4 0.471931 0.292115 0.0286188 0.0410588 0.965633
8 0.256511 0.227799 0.0373491 0.0398821 0.962607
2 0.758125 0.446798 0.0348797 0.0400316 0.957144
0 0.0372332 0.309898 0.0593646 0.0428802 0.954912
22 0.465742 0.0615143 0.0354087 0.041621 0.951457
10 0.216804 0.214123 0.0340061 0.0658466 0.951224
8 0.463683 0.138186 0.036485 0.0373804 0.951025
0 0.438658 0.217325 0.0558976 0.0372566 0.950554
9 0.184983 0.385276 0.0380501 0.0402467 0.950298
2 0.147689 0.386514 0.0318227 0.0396658 0.949248
12 0.236518 0.372287 0.0395988 0.0684094 0.948403
0 0.489653 0.377413 0.0549663 0.039961 0.944608
1 0.903879 0.137113 0.037029 0.0549255 0.943982
1 0.904179 0.453824 0.0404134 0.0583149 0.94251
22 0.427183 0.458154 0.036793 0.0435009 0.941346
5 0.0552062 0.230557 0.0358816 0.038598 0.941163
5 0.941374 0.208043 0.0359991 0.0410357 0.940404
9 0.596223 0.0571483 0.0367866 0.0391506 0.938578
21 0.541108 0.38114 0.0456265 0.05889 0.936469
2 0.826048 0.0526171 0.0284994 0.0370409 0.936212
5 0.0318105 0.153665 0.0334379 0.038154 0.936141
1 0.120114 0.157123 0.0370031 0.0562178 0.933602
24 0.857867 0.297662 0.0419776 0.0566745 0.931924
9 0.0689606 0.468258 0.0381418 0.0448145 0.928813
9 0.220183 0.465245 0.0388369 0.0422543 0.926588
18 0.525039 0.289036 0.054619 0.0481642 0.925539
2 0.737768 0.135819 0.0306966 0.0383739 0.924005
27 0.0637413 0.159622 0.0261955 0.0536824 0.915912
23 0.386802 0.21862 0.0311774 0.0356662 0.913555
11 0.323322 0.0536886 0.0621525 0.064589 0.911658
9 0.723286 0.371053 0.0355124 0.0381426 0.911284
2 0.488452 0.214261 0.0310702 0.0380399 0.909771
13 0.55641 0.201233 0.0181314 0.0681985 0.90726
13 0.39697 0.444878 0.0199966 0.0651686 0.907228
4 0.983838 0.284287 0.0278454 0.0432925 0.906629
22 0.570031 0.294765 0.0350955 0.0406158 0.90107
13 0.376071 0.125931 0.0204853 0.0709131 0.899242
8 0.645916 0.0589632 0.038095 0.0379926 0.898507
14 0.572996 0.360978 0.0150741 0.0611234 0.893623
2 0.404467 0.14067 0.0346485 0.0383161 0.89236
21 0.860742 0.217559 0.0514475 0.0567203 0.890395
9 0.525002 0.454606 0.0366488 0.0430534 0.888692
22 0.290423 0.143703 0.0359898 0.0399695 0.887877
5 0.607999 0.213977 0.0375128 0.0393084 0.885033
0 0.0433333 0.387854 0.0563898 0.0389071 0.88033
23 0.081808 0.0713938 0.0343913 0.0397276 0.878657
18 0.524955 0.203039 0.0398905 0.0596215 0.878588
22 0.652983 0.291695 0.036352 0.0399109 0.865212
5 0.278726 0.381445 0.0371436 0.0416679 0.863426
18 0.341217 0.137737 0.0444006 0.054896 0.862209
5 0.793809 0.447389 0.0361596 0.0404885 0.854935
14 0.792961 0.279398 0.0167456 0.0615722 0.837905
6 0.218297 0.0680499 0.056416 0.042308 0.832371
0 0.795615 0.134135 0.083863 0.0403107 0.825128
7 0.63813 0.461309 0.0637108 0.0542341 0.820752
6 0.397723 0.378296 0.0338728 0.0392726 0.812267
6 0.172016 0.150193 0.0585075 0.0424509 0.811905
0 0.514771 0.0565067 0.0548687 0.0449844 0.807805
8 0.37294 0.0638186 0.0362952 0.0369467 0.806061
2 0.820933 0.28657 0.0320458 0.0362679 0.800022
8 0.895618 0.0532742 0.0395103 0.0399924 0.797981
13 0.00671263 0.141429 0.0134253 0.0630248 0.780106
2 0.933564 0.053747 0.0322239 0.0391319 0.768311
0 0.111065 0.22911 0.0535901 0.0403726 0.768136
23 0.433328 0.379146 0.0339664 0.0404642 0.764041
2 0.296149 0.222492 0.0315276 0.0357031 0.762477
10 0.911337 0.277331 0.0423127 0.0678234 0.761847
5 0.587394 0.451949 0.0381737 0.0407473 0.749909
5 0.96841 0.359732 0.0364532 0.0534676 0.742318
22 0.802967 0.212218 0.0612594 0.0388502 0.7296
13 0.0372675 0.45746 0.0227189 0.0666357 0.7275
22 0.507445 0.137199 0.0356451 0.0395374 0.674599
21 0.292185 0.465855 0.0717226 0.066641 0.650497
13 0.891246 0.196123 0.0166171 0.0611741 0.606788
7 0.759355 0.2982 0.0405109 0.0537878 0.605658
14 0.624173 0.280832 0.0190551 0.0624158 0.592325
13 0.827368 0.119537 0.0217235 0.0670095 0.59022
18 0.244997 0.143783 0.0552548 0.0444914 0.585129
3 0.157796 0.0598562 0.0595438 0.0680481 0.578487
13 0.827019 0.101523 0.0203497 0.0312001 0.565185
6 0.437487 0.294688 0.0379041 0.0369645 0.564095
2 0.612208 0.371313 0.0558589 0.0398277 0.544941
6 0.954893 0.445352 0.0616344 0.0440208 0.536778
18 0.169027 0.225814 0.0562363 0.0479859 0.527505
11 0.327435 0.36867 0.0611033 0.063826 0.526236
19 0.689766 0.291355 0.0292627 0.0388662 0.512512
23 0.724703 0.449606 0.0306902 0.039677 0.507602
