21 0.700369 0.685249 0.0417587 0.05794 0.985072
9 0.629915 0.502555 0.0379956 0.0457524 0.981039
5 0.957822 0.759967 0.0395093 0.0435932 0.980152
2 0.66194 0.756495 0.0326309 0.0452362 0.977923
0 0.921763 0.592289 0.0623013 0.0433711 0.971075
11 0.549749 0.657589 0.0365689 0.0631597 0.970522
11 0.720918 0.493256 0.0360241 0.0626377 0.967055
0 0.888704 0.421043 0.058111 0.0495003 0.966612
11 0.518496 0.824301 0.0363768 0.0600581 0.964699
23 0.858436 0.507096 0.0350835 0.0427115 0.960883
8 0.623725 0.756277 0.038626 0.0417733 0.957314
11 0.857749 0.829304 0.0359275 0.0627732 0.956754
13 0.485288 0.816521 0.026022 0.0797818 0.952079
0 0.736088 0.923512 0.0578191 0.0414066 0.95054
0 0.741827 0.419861 0.0635982 0.0484971 0.947012
14 0.78484 0.577132 0.0193748 0.0652223 0.942487
5 0.89715 0.843915 0.0373726 0.0428641 0.941345
2 0.81107 0.588161 0.0315645 0.0454555 0.938071
5 0.653902 0.838267 0.0395925 0.0422206 0.937312
0 0.7065 0.756519 0.0574124 0.0440574 0.936298
0 0.818091 0.419877 0.0616791 0.0497226 0.935876
8 0.594824 0.919916 0.0375276 0.0381355 0.934567
6 0.559923 0.836622 0.0415807 0.0400531 0.934314
8 0.69319 0.587786 0.043854 0.0457423 0.9308
6 0.547201 0.501537 0.0405416 0.0422742 0.928952
5 0.973975 0.592542 0.0381606 0.0426793 0.927893
4 0.628267 0.41458 0.0319299 0.0526605 0.921794
8 0.479224 0.752091 0.0411109 0.0426313 0.920438
5 0.688707 0.921171 0.0386857 0.0421805 0.917798
46 0.894064 0.676464 0.0637724 0.0423908 0.911436
0 0.966412 0.509693 0.0621196 0.0440418 0.911275
0 0.743524 0.838585 0.06177 0.0429481 0.90869
5 0.590718 0.670999 0.0398228 0.0448877 0.906932
2 0.454913 0.666643 0.0304925 0.0441874 0.904103
24 0.919858 0.764857 0.0353496 0.0600553 0.902121
5 0.589969 0.502307 0.0403559 0.0435772 0.899663
18 0.690585 0.833827 0.0366557 0.0511935 0.896877
9 0.909183 0.924897 0.0363493 0.0436803 0.890181
13 0.991196 0.917807 0.017608 0.0585544 0.888445
1 0.504446 0.507423 0.0394368 0.0669737 0.881642
6 0.993696 0.677701 0.0125732 0.0381681 0.879724
13 0.588334 0.574938 0.0269016 0.0750581 0.863854
21 0.470589 0.929394 0.0471631 0.0603244 0.860159
7 0.785431 0.933978 0.0389606 0.0589678 0.85996
9 0.600096 0.836145 0.0365982 0.0441024 0.856444
0 0.755028 0.670502 0.06232 0.0448349 0.85555
7 0.450618 0.84515 0.0384514 0.0602446 0.854792
2 0.887279 0.760246 0.0315101 0.0473547 0.853152
7 0.828473 0.768347 0.0377811 0.0589185 0.82667
18 0.767958 0.988515 0.0378215 0.0229704 0.813375
14 0.861266 0.747194 0.019737 0.0648239 0.809916
13 0.415086 0.571869 0.0301864 0.0751016 0.803847
6 0.967196 0.678471 0.0388021 0.0411377 0.773998
18 0.411547 0.833059 0.0363387 0.0463998 0.771854
22 0.681387 0.5028 0.0354874 0.0416926 0.764644
14 0.938377 0.66629 0.0196321 0.0653284 0.749961
23 0.418735 0.915153 0.0574855 0.04324 0.741043
22 0.584663 0.755407 0.0337009 0.0431736 0.710675
12 0.418855 0.666174 0.0370361 0.0793669 0.690703
11 0.557962 0.573885 0.0333445 0.0615351 0.682168
6 0.498992 0.670275 0.057043 0.0418434 0.675211
5 0.461202 0.584591 0.0587985 0.0476863 0.616409
14 0.912797 0.98411 0.0166203 0.0317806 0.582576
6 0.677152 0.418714 0.0635006 0.0438685 0.576715
18 0.959516 0.922933 0.0376147 0.050687 0.576645
14 0.995817 0.755708 0.00836551 0.0674734 0.573643
2 0.451075 0.988502 0.0325551 0.0229961 0.554288
6 0.505484 0.917884 0.0364661 0.0384815 0.547676
18 0.975706 0.420063 0.0461221 0.0668683 0.533228
5 0.816756 0.672788 0.0568541 0.045989 0.51645
24 0.90653 0.506874 0.0566537 0.0490043 0.507679
