38 0.728312 0.764464 0.071569 0.06665 0.988226
5 0.480238 0.471867 0.0345213 0.0386678 0.987528
24 0.858125 0.696913 0.0407605 0.0457182 0.986271
2 0.399841 0.940858 0.028806 0.0387065 0.986139
2 0.118385 0.0154332 0.032012 0.0308664 0.980193
2 0.354253 0.94045 0.0319242 0.0388149 0.979939
5 0.889174 0.615151 0.0355327 0.0374422 0.979119
2 0.493611 0.159082 0.0320566 0.0392763 0.976872
2 0.575751 0.778898 0.0287338 0.0371633 0.974831
6 0.419483 0.236514 0.0372282 0.0393022 0.970938
5 0.704285 0.62041 0.0358772 0.0378395 0.970302
2 0.386247 0.0822623 0.0321496 0.0376773 0.969817
18 0.61228 0.143177 0.0420419 0.0595041 0.969701
35 0.281153 0.544247 0.056267 0.0689068 0.969406
2 0.691109 0.14974 0.0324998 0.0397176 0.96849
5 0.109483 0.792189 0.0361106 0.0384955 0.967178
2 0.127684 0.402231 0.0303599 0.0377505 0.966487
2 0.553054 0.23267 0.0308189 0.0383015 0.965828
2 0.216655 0.708048 0.0362263 0.037076 0.964773
5 0.0896358 0.558922 0.0347 0.0378072 0.963175
5 0.70865 0.853753 0.0344032 0.03773 0.962375
6 0.740578 0.227219 0.0383787 0.0378424 0.960553
1 0.749606 0.707141 0.0364958 0.0503813 0.960016
5 0.805591 0.0722167 0.035617 0.0391766 0.95969
0 0.339655 0.0834902 0.055989 0.0369062 0.958571
9 0.460453 0.236123 0.0366492 0.0409464 0.957941
13 0.363702 0.694295 0.021706 0.0616045 0.957706
11 0.330586 0.543253 0.0368752 0.0618036 0.957612
7 0.892541 0.079371 0.0549812 0.0563176 0.955588
11 0.609904 0.84527 0.037348 0.0595248 0.955107
8 0.452085 0.160209 0.0403836 0.0407588 0.954786
5 0.479131 0.0809837 0.0378677 0.0392151 0.954135
13 0.893982 0.757553 0.0216334 0.0646946 0.954059
13 0.641528 0.922299 0.0190288 0.0674226 0.954028
10 0.26736 0.853455 0.0357706 0.0660096 0.953149
2 0.465509 0.861798 0.0314372 0.0419321 0.952749
9 0.111959 0.323897 0.0365811 0.0401396 0.951422
2 0.295377 0.394841 0.0311295 0.0436018 0.949611
2 0.253529 0.0143272 0.0332308 0.0286543 0.948636
5 0.568497 0.154163 0.0371661 0.0396601 0.948411
12 0.525062 0.542391 0.0396785 0.0678654 0.948149
2 0.954824 0.847206 0.0331277 0.0386491 0.947943
7 0.582607 0.633961 0.0664015 0.0545855 0.947555
9 0.0594435 0.714679 0.0383844 0.0378397 0.944869
22 0.22307 0.399951 0.0381086 0.0398008 0.944297
5 0.769777 0.150289 0.0364316 0.0392137 0.94417
7 0.76386 0.0773591 0.0391212 0.0543246 0.944056
9 0.959934 0.616689 0.0371346 0.0393587 0.943922
7 0.303714 0.325242 0.0406766 0.0564821 0.94209
18 0.878436 0.372869 0.0453043 0.0617129 0.941755
5 0.8608 0.306071 0.0359814 0.0391489 0.939488
5 0.135786 0.946457 0.0365076 0.0375118 0.938494
9 0.866535 0.227322 0.0387607 0.0416888 0.938065
9 0.277941 0.0857821 0.0379195 0.041743 0.936723
2 0.622055 0.0743774 0.0298426 0.0378458 0.935115
8 0.512779 0.236379 0.0372326 0.0379299 0.934967
9 0.311738 0.631976 0.0379835 0.0400479 0.934693
24 0.438993 0.709118 0.036867 0.0482202 0.934118
7 0.424835 0.324254 0.0428795 0.0547779 0.933775
22 0.552779 0.937959 0.0361881 0.0409927 0.931752
13 0.396059 0.849057 0.0220221 0.0665647 0.931019
5 0.792007 0.542266 0.0349319 0.0372312 0.930864
0 0.665757 0.0731698 0.0555344 0.0371766 0.929261
8 0.03655 0.874169 0.0358482 0.0356355 0.927941
8 0.682553 0.466495 0.0384967 0.0375516 0.926205
0 0.374315 0.467729 0.0785277 0.0532059 0.926169
18 0.225501 0.22959 0.0420091 0.0610046 0.922923
18 0.91345 0.532143 0.0423412 0.0511601 0.922717
0 0.577714 0.549661 0.0579793 0.0404767 0.922513
13 0.760469 0.373694 0.021201 0.0652363 0.920674
0 0.558562 0.857898 0.0560513 0.0390427 0.920207
0 0.949837 0.694517 0.0550797 0.0387588 0.91649
0 0.598257 0.234509 0.0555437 0.0428312 0.91555
5 0.20518 0.55669 0.035521 0.0398061 0.91501
13 0.508122 0.689266 0.0208032 0.0642716 0.914711
11 0.0603826 0.159367 0.0376874 0.0592656 0.914522
18 0.783113 0.21618 0.043684 0.0599449 0.914312
13 0.104197 0.935761 0.0201554 0.0622903 0.910952
9 0.631824 0.311496 0.0366219 0.0387651 0.909467
8 0.584404 0.0773657 0.0381798 0.0388089 0.906173
13 0.763507 0.529227 0.0253429 0.0675268 0.904113
14 0.328283 0.93053 0.0166472 0.0605789 0.903439
5 0.346177 0.316194 0.0370452 0.0390965 0.902726
13 0.42523 0.461039 0.0234984 0.0654713 0.900404
13 0.898095 0.918012 0.0195808 0.0591077 0.900028
8 0.81644 0.150016 0.0383701 0.0388217 0.899015
9 0.759942 0.461656 0.0378404 0.0409921 0.897897
8 0.726409 0.15147 0.0363498 0.0390669 0.897428
7 0.37326 0.638516 0.066754 0.0541956 0.895199
2 0.854306 0.147142 0.0290029 0.0365282 0.894323
24 0.939981 0.310999 0.0473789 0.0483992 0.894257
0 0.122462 0.479941 0.0565639 0.0393339 0.892299
0 0.65676 0.384027 0.0757368 0.0446323 0.891116
13 0.257062 0.229082 0.0191035 0.068011 0.891044
8 0.173328 0.947788 0.0366773 0.0400592 0.887366
4 0.483632 0.549113 0.0283397 0.0429902 0.885611
6 0.201926 0.164678 0.0381433 0.038313 0.884804
9 0.241312 0.160173 0.0368123 0.0390587 0.881932
10 0.224289 0.777213 0.0347849 0.0688286 0.878803
6 0.842545 0.0688978 0.0386882 0.0367721 0.877313
22 0.721248 0.46425 0.0359807 0.0375398 0.876756
22 0.649731 0.233445 0.0379441 0.03783 0.875011
2 0.733812 0.384129 0.0277783 0.0387919 0.873769
14 0.68091 0.844604 0.0170243 0.0607691 0.872249
0 0.526184 0.0809787 0.0580064 0.0414002 0.870306
5 0.510386 0.859848 0.0366869 0.0401986 0.865106
13 0.655625 0.533329 0.0185232 0.0624444 0.864342
10 0.373733 0.539817 0.0355809 0.0634606 0.861392
6 0.226185 0.477338 0.0375677 0.0389943 0.860889
6 0.236496 0.0861729 0.0389002 0.037658 0.859602
2 0.77812 0.304404 0.0295035 0.0394284 0.858862
3 0.477871 0.382917 0.0604461 0.0693226 0.855147
6 0.44766 0.552287 0.0357995 0.0378871 0.854718
18 0.859565 0.76532 0.0428911 0.0511991 0.85415
8 0.828571 0.541937 0.0371921 0.0389324 0.854011
13 0.286778 0.930766 0.0207558 0.0637169 0.853313
6 0.824907 0.227091 0.0336577 0.0348907 0.851543
6 0.799746 0.696669 0.0569726 0.0409485 0.850096
7 0.462117 0.789978 0.039171 0.0535421 0.845653
13 0.912123 0.369407 0.0216756 0.0691337 0.843592
0 0.17244 0.401715 0.0556663 0.0415666 0.842983
6 0.384302 0.315112 0.0363391 0.0373443 0.840828
6 0.268512 0.634057 0.0397187 0.0371664 0.837659
0 0.817829 0.993841 0.0700321 0.0123183 0.837378
0 0.0207628 0.795869 0.0413572 0.040086 0.833845
13 0.945935 0.447689 0.0185018 0.063769 0.827951
6 0.650291 0.85693 0.0379131 0.0374796 0.82655
22 0.801914 0.386172 0.060431 0.0389568 0.825566
13 0.151989 0.626617 0.0239078 0.0607295 0.825438
8 0.164466 0.558507 0.0363626 0.0404913 0.816402
11 0.629129 0.456253 0.0630615 0.0621854 0.812047
4 0.797499 0.845855 0.0260898 0.0456442 0.808677
14 0.25741 0.46785 0.0182424 0.0630947 0.807804
4 0.224449 0.865058 0.0256704 0.0428803 0.801273
6 0.0173974 0.719071 0.0346859 0.0372157 0.801113
10 0.823422 0.916703 0.0301129 0.0630624 0.799651
8 0.291694 0.0124668 0.0350448 0.0249335 0.799363
8 0.32924 0.397114 0.0396249 0.0384994 0.798259
5 0.529687 0.627467 0.0366122 0.0381093 0.797063
13 0.947451 0.519629 0.0224175 0.0772477 0.79325
4 0.237739 0.555192 0.0289899 0.0469549 0.790481
2 0.301172 0.864093 0.0273753 0.0381639 0.789279
4 0.0763805 0.786433 0.0289882 0.0476909 0.787498
4 0.0603082 0.640154 0.0268134 0.0444529 0.787388
22 0.402079 0.15829 0.0359005 0.0412612 0.784919
4 0.322939 0.785941 0.027035 0.0429556 0.782862
9 0.249031 0.943676 0.0358431 0.041302 0.78256
23 0.572337 0.470601 0.0320691 0.0376151 0.780936
11 0.67163 0.924014 0.0372772 0.0630374 0.778557
13 0.0138954 0.0808158 0.0256626 0.0649075 0.77838
22 0.30532 0.47516 0.0355422 0.039239 0.777353
6 0.334949 0.863773 0.0347987 0.038327 0.77698
2 0.17005 0.323642 0.0265263 0.037432 0.772964
13 0.0513361 0.780642 0.0200065 0.0646566 0.768329
5 0.395065 0.695978 0.0364791 0.057044 0.757823
22 0.715245 0.0715974 0.0369246 0.0432434 0.754901
8 0.0873657 0.402669 0.0402849 0.0399555 0.754512
22 0.949526 0.930024 0.0390669 0.0361762 0.753798
6 0.026829 0.642724 0.0382067 0.0387524 0.752249
13 0.983097 0.973465 0.0279601 0.0530696 0.736899
6 0.519296 0.312256 0.0364251 0.0350116 0.731537
2 0.128809 0.245152 0.0268499 0.0399821 0.725681
14 0.676545 0.610163 0.0170257 0.0591699 0.715765
4 0.967712 0.773059 0.02715 0.0419939 0.715358
13 0.144904 0.699588 0.0234724 0.0682181 0.710658
4 0.0108627 0.480798 0.0216307 0.0518247 0.709967
14 0.436681 0.848424 0.0186652 0.0612395 0.70954
1 0.598787 0.708067 0.0358799 0.0493038 0.708018
9 0.327734 0.0121471 0.0347719 0.0242943 0.703266
8 0.701148 0.231967 0.0397003 0.0377079 0.701941
19 0.88526 0.147631 0.0292294 0.0367358 0.700552
3 0.130316 0.0794898 0.0500821 0.065562 0.700073
2 0.842271 0.927932 0.030477 0.0394264 0.699528
13 0.771603 0.840162 0.0225886 0.0646461 0.698693
6 0.594466 0.31375 0.0353656 0.0394379 0.698269
13 0.883001 0.918937 0.0481293 0.0597091 0.694974
2 0.564713 0.700536 0.0313115 0.0377696 0.691277
6 0.653368 0.153283 0.0377313 0.0365673 0.679321
14 0.559137 0.300765 0.0346736 0.0603093 0.676986
4 0.406525 0.549738 0.0258552 0.0432334 0.675884
1 0.812652 0.623435 0.0413331 0.0761476 0.647466
8 0.41988 0.0809989 0.0380808 0.0422483 0.643737
14 0.270698 0.38999 0.0304447 0.0599696 0.642252
0 0.602164 0.928557 0.0574157 0.0557263 0.639037
5 0.941336 0.372549 0.0365614 0.0579063 0.633485
7 0.477943 0.713177 0.0374196 0.0542109 0.62209
6 0.743645 0.305806 0.0365102 0.039634 0.618213
7 0.626046 0.0160414 0.0625954 0.0320827 0.61563
19 0.52557 0.158365 0.0282364 0.0384033 0.613846
13 0.685902 0.374561 0.0201683 0.0623935 0.613604
6 0.52718 0.00896768 0.0342891 0.0179354 0.606384
2 0.32915 0.240881 0.0267408 0.0383348 0.58919
8 0.186232 0.48067 0.0375969 0.0381405 0.585552
10 0.360518 0.772302 0.0307915 0.0659783 0.578743
7 0.952952 0.155709 0.0814362 0.0586272 0.570889
6 0.023302 0.17236 0.0367914 0.0369006 0.55999
2 0.109307 0.703585 0.0361163 0.0608976 0.557139
13 0.767175 0.603767 0.029264 0.0726315 0.54893
8 0.782992 0.9281 0.040633 0.0405862 0.547012
11 0.180945 0.857418 0.0553872 0.0620281 0.546857
23 0.939739 0.0702618 0.0363723 0.040352 0.544845
1 0.270341 0.704485 0.0397394 0.0715939 0.540466
0 0.927259 0.987648 0.0774856 0.0247043 0.538591
6 0.211656 0.322417 0.0538357 0.0387813 0.528324
23 0.743411 0.620617 0.04416 0.0371745 0.523586
13 0.240819 0.622853 0.019742 0.0651 0.522227
8 0.478689 0.31473 0.0392919 0.03854 0.518187
6 0.648699 0.698775 0.057034 0.0406237 0.514979
18 0.124438 0.866699 0.0547437 0.0452235 0.509803
14 0.187678 0.701466 0.0195087 0.0576344 0.505366
4 0.859068 0.615253 0.0250139 0.0420402 0.504502
