12 0.479534 0.208796 0.0390118 0.0733447 0.984731
11 0.320424 0.282419 0.0378968 0.0639057 0.983368
2 0.161693 0.2934 0.0301048 0.0371863 0.982232
2 0.0374954 0.371182 0.0298612 0.0403229 0.970247
22 0.617979 0.219269 0.0352542 0.0389332 0.966216
2 0.384263 0.0569895 0.0316349 0.041322 0.966199
1 0.3097 0.0658753 0.0356941 0.0523406 0.964494
2 0.535598 0.0608079 0.031625 0.0371849 0.961504
13 0.317889 0.3595 0.0223814 0.0663521 0.958654
6 0.0482497 0.13348 0.037204 0.0425942 0.958233
13 0.0973438 0.278574 0.0217008 0.0673931 0.956229
1 0.221561 0.300028 0.0406833 0.0537415 0.954771
2 0.0864118 0.130226 0.0326009 0.0432601 0.944316
6 0.360339 0.29226 0.0369854 0.0394924 0.943519
23 0.318222 0.134872 0.0352313 0.0397769 0.943171
5 0.262795 0.0556042 0.0385789 0.0408067 0.943065
18 0.135046 0.127518 0.0433526 0.0549954 0.942874
0 0.569339 0.220417 0.0547657 0.042854 0.941551
2 0.595956 0.140744 0.0313132 0.0416515 0.940537
0 0.517703 0.297597 0.0566695 0.041705 0.937237
2 0.454865 0.37098 0.0320997 0.0408033 0.933548
21 0.491985 0.381926 0.047503 0.0590998 0.927034
1 0.0143029 0.140784 0.0286058 0.0558649 0.925969
22 0.137251 0.213024 0.0365846 0.0414214 0.925338
16 0.580728 0.0608068 0.0483553 0.0456706 0.92531
18 0.0944715 0.20095 0.0440452 0.0627565 0.924307
0 0.18141 0.372198 0.0555819 0.0444989 0.923153
13 0.170974 0.12209 0.0191476 0.0666891 0.919444
14 0.1324 0.281316 0.0186486 0.0619082 0.916389
2 0.537476 0.136034 0.0308034 0.0429749 0.914639
8 0.576527 0.299251 0.0360004 0.0398166 0.914072
13 0.442274 0.280545 0.0222652 0.0676254 0.912796
5 0.532487 0.376644 0.0361164 0.0449896 0.899219
5 0.0140623 0.0549758 0.027897 0.0415543 0.894336
2 0.362245 0.213987 0.0311878 0.0392145 0.892413
8 0.162695 0.056553 0.0384277 0.0413088 0.892066
5 0.357387 0.371372 0.0576056 0.0425755 0.86822
16 0.277135 0.36876 0.050489 0.0461316 0.848062
8 0.41486 0.379618 0.0384302 0.0475785 0.84469
5 0.471309 0.295234 0.034343 0.0378105 0.841201
2 0.362769 0.134632 0.0324863 0.0414414 0.835698
12 0.106793 0.0453652 0.0668749 0.070571 0.831433
9 0.399103 0.292827 0.03563 0.0397218 0.831329
19 0.315617 0.214369 0.0323368 0.0372612 0.825252
2 0.232308 0.36667 0.0343274 0.0483268 0.82054
13 0.616403 0.0501796 0.0208272 0.0661902 0.80242
23 0.50452 0.0598411 0.0294953 0.0384398 0.80121
6 0.347469 0.054005 0.0368592 0.0480933 0.770301
9 0.0459669 0.0537287 0.0356693 0.038164 0.767214
6 0.27116 0.292545 0.0573159 0.0397492 0.688269
5 0.121724 0.369746 0.0623372 0.0432884 0.606508
4 0.0654177 0.289766 0.0254513 0.044452 0.552369
