11 0.381326 0.0299163 0.0435968 0.0598326 0.993408
2 0.753422 0.308546 0.0302742 0.0407522 0.989046
6 0.888383 0.832309 0.0412375 0.0427508 0.985865
18 0.850969 0.913996 0.0409298 0.0567552 0.985573
18 0.49048 0.0305508 0.0415044 0.0586706 0.983658
5 0.859773 0.565329 0.0410904 0.0405259 0.979732
18 0.696709 0.823197 0.0430485 0.0557243 0.977432
22 0.96745 0.917694 0.0377216 0.0407507 0.976731
21 0.419787 0.754161 0.0427417 0.0555048 0.973626
2 0.890267 0.924044 0.0287125 0.0409311 0.973039
5 0.721824 0.565614 0.0371864 0.0400454 0.970153
4 0.986703 0.124276 0.0264126 0.0545358 0.966944
1 0.434576 0.137139 0.0426418 0.0622887 0.965654
0 0.837593 0.129067 0.0606334 0.042127 0.963022
10 0.541305 0.297656 0.0413809 0.0640056 0.961137
6 0.669076 0.0376718 0.0420249 0.0426085 0.957601
22 0.864135 0.479539 0.0373259 0.0374864 0.957504
11 0.877613 0.643846 0.0362995 0.0587549 0.956471
1 0.843563 0.840036 0.0432732 0.0597208 0.956072
11 0.498407 0.556328 0.0411332 0.0586978 0.95528
8 0.759822 0.74388 0.0424654 0.0433173 0.955067
2 0.710492 0.0368258 0.0344162 0.0484406 0.954567
8 0.900817 0.566918 0.0387983 0.0418454 0.954371
18 0.42182 0.389727 0.0407394 0.0557581 0.953729
0 0.524224 0.396869 0.0627763 0.0412432 0.952989
2 0.410142 0.831698 0.0296891 0.0408843 0.952671
5 0.314892 0.216984 0.0398124 0.0473453 0.952553
22 0.938401 0.482376 0.036073 0.0365915 0.952428
1 0.627834 0.931538 0.0440984 0.0627481 0.951533
0 0.631683 0.652848 0.0632691 0.0409143 0.949999
18 0.560638 0.120689 0.0401471 0.0550995 0.949576
0 0.336345 0.922424 0.0832685 0.0589633 0.949361
2 0.886376 0.127497 0.0320851 0.0421419 0.94912
11 0.543123 0.731015 0.0389327 0.0623004 0.948884
22 0.714184 0.218853 0.0378016 0.0408397 0.948357
6 0.563478 0.654169 0.0411147 0.0422881 0.947838
22 0.506315 0.483141 0.0424483 0.0371447 0.946601
4 0.919725 0.304322 0.031165 0.0472209 0.946021
5 0.754839 0.833384 0.0394933 0.0422294 0.94579
1 0.625473 0.0478097 0.0402911 0.0615509 0.945279
6 0.671445 0.922491 0.0426148 0.041481 0.944828
18 0.752429 0.645481 0.0401778 0.0541452 0.944606
10 0.815498 0.297157 0.0428243 0.0645965 0.94177
9 0.626566 0.740964 0.0421681 0.0443652 0.941415
8 0.35658 0.655385 0.03886 0.0427089 0.941314
5 0.653682 0.833799 0.038081 0.0417899 0.937299
22 0.380361 0.398007 0.0373057 0.0418999 0.936908
0 0.325943 0.397629 0.0644557 0.0470068 0.936706
2 0.451296 0.568216 0.033529 0.0416729 0.935265
8 0.612243 0.217431 0.0443017 0.0456477 0.934702
0 0.6863 0.482546 0.0605756 0.0361319 0.933832
1 0.398374 0.227444 0.044011 0.0604742 0.933
18 0.924183 0.121384 0.0390856 0.0598949 0.932171
5 0.44167 0.925452 0.0363613 0.0449072 0.92651
5 0.568955 0.218531 0.0397172 0.0409476 0.92515
8 0.513693 0.832275 0.0419594 0.0438583 0.924189
18 0.755794 0.914357 0.0410697 0.0593635 0.9221
12 0.321164 0.562047 0.0544935 0.0692859 0.921683
5 0.943058 0.220859 0.039443 0.0425079 0.921312
13 0.582024 0.909291 0.0252209 0.0733989 0.9208
5 0.823415 0.395912 0.0438986 0.0412873 0.918371
5 0.54022 0.0376136 0.0384669 0.045247 0.91779
0 0.972666 0.65525 0.0544245 0.0412142 0.916614
8 0.823234 0.0391151 0.040709 0.0461062 0.914246
5 0.518784 0.130757 0.0386131 0.0452306 0.914165
2 0.340895 0.833184 0.0326953 0.0478145 0.913765
5 0.636301 0.480863 0.0315382 0.0380071 0.912434
11 0.917073 0.733974 0.0361331 0.0619736 0.910618
13 0.959262 0.115107 0.0224878 0.0715332 0.908913
13 0.987604 0.556954 0.0203021 0.0629667 0.908219
7 0.679521 0.137796 0.041237 0.0586311 0.907644
11 0.377178 0.118795 0.0461148 0.0656874 0.905368
5 0.313429 0.659638 0.0415925 0.0437002 0.90535
5 0.990234 0.828299 0.0195326 0.048612 0.905234
14 0.428409 0.295048 0.0207235 0.0621176 0.902618
5 0.713485 0.920748 0.0364939 0.0427946 0.900239
6 0.584662 0.744467 0.0392871 0.0427992 0.900141
2 0.798351 0.742494 0.0311717 0.045024 0.899673
6 0.638013 0.126244 0.0368834 0.0435882 0.898586
21 0.416655 0.664274 0.075737 0.0589175 0.896452
0 0.326164 0.296046 0.0654193 0.0714644 0.894673
6 0.927434 0.922 0.0401021 0.0441619 0.894088
8 0.413032 0.571327 0.0405357 0.0433631 0.89384
0 0.482052 0.735964 0.0798658 0.0554016 0.89274
5 0.658295 0.397366 0.0367095 0.0418416 0.892483
13 0.593731 0.0304267 0.0254409 0.0608534 0.888395
14 0.466517 0.644809 0.0198038 0.0642092 0.888079
5 0.446802 0.0378167 0.0410961 0.0463148 0.887354
14 0.570697 0.0294415 0.0216022 0.0588831 0.886266
14 0.713278 0.117155 0.0180855 0.0610171 0.886233
14 0.873414 0.211321 0.0227246 0.0632099 0.885858
8 0.834403 0.741447 0.0388622 0.0424427 0.881534
0 0.768716 0.399493 0.0598865 0.0410403 0.880829
13 0.352445 0.728886 0.0217518 0.076093 0.878318
0 0.707665 0.393545 0.0607531 0.0450655 0.873043
6 0.468176 0.397924 0.0439271 0.0428938 0.87226
13 0.734207 0.120417 0.0203938 0.0650479 0.871177
5 0.539623 0.570119 0.0372447 0.0390003 0.870813
10 0.388036 0.821342 0.0349393 0.0628555 0.86891
46 0.826264 0.220235 0.0669075 0.041039 0.861452
18 0.599555 0.389959 0.0612359 0.0538553 0.858524
2 0.929236 0.821602 0.0351613 0.0645418 0.857681
5 0.780584 0.0384067 0.0419068 0.0454234 0.855624
0 0.817791 0.64261 0.0804987 0.062984 0.855543
13 0.504709 0.907055 0.0176778 0.0738297 0.852577
16 0.317586 0.744089 0.0439204 0.0444129 0.846346
7 0.580371 0.576386 0.0429735 0.0577042 0.840655
13 0.810488 0.821357 0.0208045 0.0655243 0.839835
5 0.596771 0.307878 0.0635982 0.041684 0.835407
13 0.943121 0.386403 0.0201957 0.0653268 0.832941
14 0.787462 0.822799 0.0221634 0.0639582 0.830403
13 0.411137 0.915804 0.0230171 0.0663226 0.819191
13 0.907788 0.477961 0.0228379 0.0496151 0.814652
8 0.717244 0.306832 0.037102 0.0413402 0.805839
23 0.479778 0.924449 0.0327986 0.0430804 0.801048
22 0.704126 0.652802 0.0551004 0.0400054 0.786371
13 0.50904 0.297646 0.0207504 0.0620934 0.755785
4 0.309231 0.831621 0.0300274 0.0538181 0.755163
22 0.924693 0.0401053 0.0560025 0.0420785 0.746205
10 0.541981 0.208636 0.0348938 0.0636292 0.742049
8 0.981763 0.223254 0.0359459 0.0461895 0.741071
6 0.47724 0.12955 0.0361362 0.0436985 0.737478
13 0.370236 0.200522 0.0225281 0.0699496 0.736325
5 0.800279 0.912554 0.0428698 0.0591553 0.733941
21 0.392285 0.31432 0.0454755 0.0593623 0.726152
6 0.406376 0.481396 0.0465248 0.0386132 0.724532
2 0.963295 0.310715 0.040694 0.0417578 0.723203
13 0.305951 0.0298665 0.0227855 0.059733 0.71503
18 0.569161 0.826101 0.0685941 0.0563771 0.701143
13 0.351096 0.98485 0.0246418 0.0297385 0.697757
6 0.441835 0.215155 0.0387033 0.0424618 0.692765
13 0.711432 0.984105 0.0506915 0.0317892 0.688447
14 0.347239 0.204649 0.0229425 0.0628641 0.684659
4 0.607752 0.477183 0.0278527 0.0452397 0.671289
2 0.562305 0.480411 0.0408939 0.0387729 0.645933
14 0.388337 0.914871 0.0201788 0.063943 0.635354
19 0.438693 0.830262 0.0249659 0.0434511 0.629555
6 0.959175 0.743568 0.0385785 0.0427567 0.614635
13 0.696106 0.984111 0.0214568 0.031087 0.600731
11 0.918089 0.984862 0.0432349 0.0302751 0.59687
4 0.481026 0.207867 0.0366889 0.0608799 0.592982
5 0.370611 0.561608 0.0419765 0.0606478 0.592684
5 0.865807 0.994823 0.0355406 0.0103543 0.572103
6 0.973515 0.0397587 0.0405796 0.0449293 0.568618
5 0.664665 0.206787 0.0529315 0.0596661 0.557209
4 0.380506 0.743815 0.0344392 0.0446308 0.550392
19 0.877035 0.395176 0.0305607 0.0414419 0.518665
