1 0.567386 0.349659 0.0891351 0.135214 0.996913
1 0.853754 0.730009 0.0844078 0.128821 0.993674
19 0.724764 0.517869 0.0614231 0.0882132 0.991606
2 0.928079 0.310086 0.073169 0.0953317 0.991379
18 0.562226 0.120453 0.0873986 0.128179 0.986376
8 0.778739 0.117433 0.0979197 0.099382 0.985221
2 0.931918 0.110739 0.0727946 0.0995094 0.982982
13 0.939621 0.487104 0.0471287 0.143267 0.979195
23 0.852343 0.316433 0.0717322 0.0811689 0.978575
2 0.696834 0.124689 0.0685991 0.0872115 0.977557
14 0.906672 0.885486 0.0409236 0.133058 0.977454
4 0.720727 0.706336 0.0649195 0.104844 0.97433
4 0.861371 0.110876 0.0684218 0.115912 0.973046
6 0.668048 0.32369 0.0961931 0.0901304 0.966252
13 0.798955 0.49697 0.043726 0.1325 0.966097
8 0.706148 0.914372 0.0888574 0.0899174 0.965822
5 0.771703 0.320247 0.0873301 0.0925825 0.961602
13 0.631507 0.107793 0.0455592 0.146444 0.961251
6 0.952295 0.704046 0.0889778 0.091701 0.960019
13 0.957334 0.879599 0.0421796 0.132686 0.943999
12 0.600313 0.506119 0.161281 0.145254 0.9345
7 0.601029 0.743724 0.156294 0.134619 0.832329
7 0.865571 0.515885 0.0957881 0.178099 0.828207
6 0.817967 0.906028 0.127118 0.0972326 0.746714
5 0.612648 0.915693 0.0929339 0.0933535 0.653295
