11 0.689835 0.255228 0.0946786 0.133269 0.993482
0 0.367971 0.693429 0.142132 0.0970017 0.986383
2 0.367737 0.89478 0.0722563 0.085784 0.986358
9 0.123143 0.292276 0.0846088 0.0940369 0.985845
23 0.823996 0.888156 0.0721433 0.0888143 0.985827
9 0.887819 0.477199 0.090229 0.0981939 0.98491
1 0.182797 0.919728 0.0881452 0.131134 0.983096
13 0.718588 0.460677 0.0464894 0.138466 0.981634
9 0.476695 0.281621 0.0874732 0.09754 0.980225
4 0.417356 0.484287 0.0693471 0.113089 0.980063
4 0.0438862 0.686152 0.0690324 0.113607 0.977438
22 0.788804 0.48848 0.0861764 0.0868459 0.976232
8 0.332931 0.486097 0.094684 0.0884777 0.976182
8 0.422288 0.0856987 0.0962797 0.0925111 0.975679
4 0.2139 0.0835475 0.0730508 0.108526 0.974177
18 0.449917 0.875341 0.0895353 0.120135 0.973553
14 0.186163 0.471921 0.0456036 0.136138 0.971672
5 0.594184 0.284466 0.0854917 0.0966796 0.971141
2 0.484917 0.484325 0.0647121 0.0879985 0.970466
2 0.247733 0.486419 0.0677143 0.0889592 0.96968
14 0.669747 0.459006 0.0517932 0.134858 0.96822
22 0.681636 0.684265 0.0852336 0.0899243 0.967077
22 0.904753 0.890628 0.0840168 0.0892067 0.967036
14 0.610914 0.663949 0.0456846 0.13599 0.96608
6 0.276881 0.896291 0.0924081 0.0879503 0.963844
13 0.794703 0.0624075 0.0408251 0.124815 0.963117
22 0.374013 0.289882 0.0859769 0.0867056 0.963074
22 0.0329559 0.295389 0.0658909 0.0905262 0.963044
22 0.521115 0.0908631 0.0823108 0.0881074 0.962463
13 0.786547 0.257288 0.045737 0.142802 0.959015
22 0.114222 0.493655 0.0805164 0.0895972 0.956249
6 0.10785 0.0946352 0.13685 0.0923495 0.953925
4 0.0620695 0.89133 0.064466 0.10432 0.951746
0 0.939404 0.686789 0.121192 0.0913664 0.946095
14 0.0178032 0.0705585 0.0356064 0.140013 0.943382
2 0.527399 0.687799 0.119411 0.0864439 0.937613
5 0.54631 0.892594 0.0864733 0.0898144 0.931091
4 0.852392 0.0731146 0.0712073 0.108151 0.902381
19 0.743251 0.0798674 0.0595644 0.087434 0.865909
6 0.28125 0.293594 0.0887163 0.0928361 0.841438
10 0.592233 0.459008 0.0947986 0.139496 0.838337
13 0.0110451 0.871803 0.0220844 0.131399 0.830183
8 0.0362469 0.49314 0.0724937 0.0928422 0.755101
7 0.895982 0.302846 0.159682 0.134766 0.736609
5 0.313754 0.087972 0.0871407 0.0947051 0.639591
2 0.67795 0.0865085 0.0745552 0.0944202 0.590626
