7 0.564408 0.775697 0.0578318 0.0616317 0.982906
5 0.207752 0.759899 0.0393218 0.043695 0.980371
0 0.17135 0.592086 0.0625837 0.042942 0.973151
5 0.725024 0.602471 0.0380391 0.0423832 0.97199
5 0.817397 0.431477 0.039106 0.0455881 0.97118
21 0.681795 0.696079 0.0413697 0.0575178 0.968675
2 0.322207 0.593843 0.0326321 0.0452273 0.968109
2 0.338185 0.76205 0.0264908 0.0387917 0.967308
0 0.138691 0.421022 0.0581406 0.0495278 0.966759
2 0.608628 0.433036 0.0287681 0.0433418 0.966717
0 0.759575 0.516073 0.0608115 0.0406556 0.965163
2 0.808193 0.517052 0.0300078 0.043851 0.964782
6 0.683697 0.853523 0.0388353 0.0382597 0.963055
11 0.765435 0.590488 0.036195 0.0635734 0.96244
23 0.108425 0.507041 0.0350398 0.0426754 0.962194
2 0.308797 0.929015 0.0296892 0.0418732 0.961635
11 0.107716 0.829279 0.0359408 0.0627716 0.956777
21 0.602851 0.947279 0.0392646 0.0586265 0.953104
2 0.508017 0.765731 0.0347604 0.0452224 0.951828
2 0.791075 0.686769 0.0297081 0.0410407 0.951428
22 0.587399 0.683121 0.0332899 0.0412321 0.949516
5 0.642141 0.934049 0.0353591 0.040385 0.948152
0 0.349749 0.510859 0.0624421 0.0431188 0.945547
11 0.932618 0.508671 0.0351719 0.0651681 0.944855
13 0.361203 0.836266 0.025359 0.0673728 0.94005
5 0.457828 0.512293 0.0414555 0.0448243 0.940019
2 0.0610631 0.588113 0.0315439 0.045552 0.938569
5 0.14713 0.843869 0.0373366 0.0428643 0.937408
5 0.390058 0.846991 0.0378722 0.0412362 0.935494
0 0.923102 0.771372 0.0769775 0.0414186 0.935215
0 0.634044 0.852488 0.057704 0.0417749 0.934616
8 0.371079 0.763139 0.037804 0.0392358 0.932875
5 0.804018 0.601886 0.0378101 0.0435753 0.93187
8 0.466121 0.766599 0.0431473 0.0431628 0.930214
5 0.223888 0.592818 0.03776 0.0427411 0.92964
11 0.630231 0.673134 0.037991 0.0637431 0.928304
5 0.586894 0.850641 0.0364637 0.0432546 0.926195
0 0.0680591 0.419873 0.061646 0.0497345 0.925819
0 0.437881 0.847555 0.0558715 0.0410826 0.923314
14 0.0345754 0.57706 0.0194588 0.0653045 0.920003
7 0.498763 0.858248 0.0386895 0.0610862 0.919774
5 0.353952 0.42268 0.0386044 0.0483284 0.916335
46 0.143991 0.676429 0.0636539 0.0423813 0.91451
2 0.721027 0.682626 0.0317066 0.0444646 0.913995
0 0.217224 0.509908 0.0632687 0.0443723 0.908064
9 0.743452 0.93932 0.0375578 0.0426803 0.906117
24 0.639849 0.433406 0.0362864 0.0738759 0.903386
2 0.291766 0.761069 0.0254236 0.0386707 0.903284
13 0.841701 0.926414 0.0270386 0.0670822 0.902938
14 0.584094 0.419344 0.0195735 0.0665773 0.901613
7 0.0357033 0.934214 0.0387843 0.0583775 0.900707
8 0.569787 0.514369 0.0393939 0.0456423 0.900273
9 0.159155 0.924892 0.0363635 0.0436306 0.899382
9 0.722424 0.853097 0.0363022 0.042496 0.898993
12 0.259662 0.761243 0.0337023 0.0801053 0.894881
24 0.169857 0.764843 0.0352892 0.060118 0.889489
18 0.808367 0.932494 0.0375626 0.0528407 0.886619
14 0.25909 0.582116 0.0189488 0.0639728 0.880326
14 0.31608 0.75011 0.0178662 0.0638347 0.879762
2 0.778218 0.852432 0.0382762 0.0429029 0.878707
8 0.641402 0.601573 0.0406342 0.0448844 0.876688
5 0.487338 0.596432 0.0403558 0.0420064 0.876405
13 0.242447 0.912138 0.0192468 0.0701029 0.874383
0 0.465557 0.682175 0.0571327 0.0431571 0.868984
6 0.287431 0.595848 0.0356462 0.0423557 0.868765
0 0.402428 0.427749 0.0574459 0.0470052 0.868625
6 0.217391 0.67828 0.0392345 0.0416585 0.868516
0 0.322083 0.994914 0.0651345 0.0101711 0.866428
2 0.570989 0.932961 0.0298312 0.0411382 0.866087
8 0.858978 0.433397 0.0431361 0.0487876 0.86508
14 0.544421 0.92369 0.0186584 0.0646344 0.864093
5 0.972885 0.519726 0.0374824 0.0424486 0.858715
13 0.0123678 0.822215 0.024527 0.0785247 0.853808
5 0.678244 0.431948 0.0398386 0.0445235 0.852239
2 0.137281 0.760406 0.0315631 0.0477357 0.850757
8 0.979535 0.690136 0.040216 0.0457577 0.849506
4 0.398589 0.590756 0.0345653 0.0529935 0.836642
6 0.513398 0.683336 0.0366454 0.0415266 0.835572
21 0.948516 0.603018 0.054408 0.0863273 0.834397
18 0.0185161 0.988314 0.0370322 0.0233719 0.824464
23 0.242581 0.843984 0.0370756 0.0398767 0.823937
6 0.618973 0.517668 0.0567369 0.0418291 0.823922
14 0.111244 0.747158 0.0197151 0.0648044 0.820642
18 0.449395 0.923643 0.0546428 0.0560195 0.818073
2 0.504905 0.429667 0.0320779 0.0456483 0.817737
18 0.289679 0.502293 0.0559793 0.0583425 0.813762
7 0.0784303 0.76829 0.0377449 0.0589757 0.81127
9 0.980353 0.773307 0.0358839 0.043385 0.808787
8 0.401228 0.931147 0.0418286 0.043057 0.80528
18 0.718576 0.426733 0.0376694 0.0516735 0.798612
10 0.85119 0.760717 0.0450621 0.0651979 0.794982
13 0.253007 0.414498 0.0243458 0.0698955 0.793569
5 0.412757 0.754174 0.0403203 0.0583644 0.789096
8 0.756702 0.684638 0.0390855 0.0440803 0.784654
14 0.188161 0.665985 0.0196026 0.0654976 0.775165
7 0.44521 0.607792 0.0389479 0.0590775 0.767119
14 0.545169 0.671706 0.0203991 0.0638304 0.765489
2 0.89603 0.518165 0.0310421 0.0428755 0.75691
4 0.840203 0.599032 0.0355049 0.0528016 0.743918
5 0.991973 0.435984 0.0160546 0.0441885 0.743689
10 0.276289 0.915812 0.0427975 0.0633281 0.742706
12 0.883148 0.844698 0.0371076 0.0604858 0.739622
9 0.497975 0.930711 0.0354881 0.0438448 0.70956
5 0.552718 0.426462 0.0401031 0.0512775 0.692518
6 0.0108726 0.589659 0.0215432 0.042732 0.687902
6 0.972243 0.854902 0.0481042 0.041003 0.68779
8 0.256025 0.678102 0.0381308 0.0411744 0.67549
18 0.622321 0.762299 0.0533104 0.0536914 0.66594
4 0.975505 0.932106 0.0329559 0.048615 0.650748
13 0.938241 0.98733 0.0178561 0.0247772 0.63583
0 0.399379 0.99522 0.0610504 0.00956023 0.621392
8 0.0117239 0.420103 0.0234076 0.04756 0.620898
14 0.452222 0.985189 0.0297093 0.0295851 0.61604
9 0.873173 0.687508 0.0375693 0.0443064 0.610635
11 0.733231 0.988484 0.032151 0.0230325 0.605175
14 0.162796 0.984109 0.0166945 0.0317824 0.598338
18 0.0235301 0.493754 0.0407515 0.0625054 0.598311
18 0.20968 0.923688 0.038054 0.0526762 0.592216
5 0.0668402 0.672775 0.0566434 0.0458885 0.59143
23 0.780002 0.770053 0.0347853 0.0419629 0.589227
24 0.156488 0.506851 0.056587 0.0490122 0.525238
6 0.111413 0.926043 0.0529352 0.0416532 0.523515
24 0.528063 0.606752 0.040415 0.0592773 0.505524
6 0.870047 0.520883 0.0166318 0.0450474 0.502699
8 0.829442 0.686666 0.044029 0.0431926 0.501323
