21 0.0183624 0.700178 0.0366144 0.0559446 0.999485
15 0.0979895 0.0925004 0.0763462 0.0632363 0.987742
0 0.0871124 0.520986 0.0609536 0.043776 0.961994
11 0.152912 0.592775 0.0347056 0.0653322 0.956637
5 0.169832 0.933525 0.038245 0.0509813 0.950606
0 0.200656 0.0211847 0.0599877 0.039245 0.950411
21 0.105005 0.866523 0.0476234 0.0573232 0.949533
9 0.162001 0.851891 0.0374567 0.0434759 0.948603
8 0.115381 0.186826 0.0415679 0.042215 0.946224
6 0.138917 0.520636 0.0385481 0.0389917 0.943181
12 0.149091 0.688108 0.0335239 0.0799365 0.937982
0 0.189627 0.520625 0.0611451 0.0452361 0.933093
4 0.0132632 0.266629 0.0265263 0.0558277 0.927864
9 0.129622 0.353094 0.0360435 0.042281 0.916301
8 0.088589 0.354231 0.0425409 0.0438184 0.908116
5 0.188677 0.686724 0.0394777 0.0447803 0.907372
2 0.154075 0.185526 0.0301739 0.0439326 0.902396
22 0.102861 0.77197 0.0338599 0.0400991 0.89915
13 0.0156977 0.426241 0.0285429 0.0581383 0.888763
5 0.0497659 0.353147 0.0326906 0.0407994 0.888406
6 0.0577397 0.687637 0.0399869 0.0396967 0.884493
2 0.184256 0.770229 0.0360245 0.0442932 0.88367
7 0.11678 0.279323 0.0529908 0.0602798 0.879661
8 0.110419 0.0230905 0.0351718 0.041892 0.876506
0 0.198852 0.186108 0.0565464 0.0447022 0.869344
8 0.142419 0.769596 0.0418934 0.0480382 0.863459
0 0.205384 0.0930578 0.0627832 0.0665844 0.850907
5 0.0617479 0.853516 0.0342665 0.0395234 0.844297
22 0.0603844 0.184282 0.0336097 0.0406164 0.835607
6 0.149633 0.0234764 0.0398731 0.0427825 0.835513
13 0.131902 0.844164 0.0189915 0.0577822 0.827824
1 0.0340857 0.610569 0.0350793 0.0628297 0.816465
8 0.0213931 0.771632 0.0374817 0.0423832 0.772341
2 0.157818 0.102634 0.0362018 0.0441282 0.763085
21 0.2103 0.272379 0.0372549 0.0460342 0.75869
18 0.0277625 0.51188 0.0547976 0.0569785 0.748628
13 0.188714 0.592887 0.0329227 0.0670257 0.73427
12 0.098676 0.676586 0.0366741 0.0619452 0.725666
11 0.0638092 0.0198849 0.0547011 0.0397698 0.720861
9 0.0107109 0.937452 0.0213613 0.0481575 0.685414
2 0.187159 0.434392 0.059557 0.0453073 0.678349
0 0.0205228 0.85277 0.0410456 0.0439675 0.617611
7 0.135884 0.447944 0.0380745 0.0593188 0.604202
10 0.112095 0.593675 0.0363096 0.0611566 0.593418
