7 0.148877 0.899557 0.0620762 0.0640614 0.994338
2 0.0847957 0.712255 0.0314516 0.0430605 0.979047
21 0.167232 0.631967 0.0435915 0.056284 0.976149
2 0.0332339 0.886861 0.0283702 0.0448047 0.975823
2 0.113451 0.180228 0.0333403 0.0421666 0.975523
2 0.0501183 0.0887651 0.029135 0.0403005 0.974375
4 0.175197 0.267542 0.0315561 0.046444 0.971479
7 0.0842796 0.452478 0.0455367 0.0560791 0.96769
2 0.0939936 0.887473 0.033343 0.0403919 0.963324
1 0.11014 0.100593 0.0406822 0.0609214 0.963174
4 0.252275 0.171181 0.0284805 0.0474553 0.962069
5 0.0953401 0.268018 0.0379849 0.0433736 0.951402
2 0.249688 0.539097 0.0338909 0.0449672 0.944373
6 0.105442 0.801984 0.0419884 0.0427859 0.938915
4 0.141382 0.799774 0.0248767 0.0431736 0.938101
2 0.2096 0.802988 0.0302638 0.0476182 0.936815
2 0.153403 0.446829 0.0291711 0.0405563 0.935623
2 0.247663 0.893451 0.0344642 0.0455654 0.932198
23 0.244393 0.801316 0.0370591 0.0429325 0.929014
6 0.0982677 0.532969 0.0395305 0.0417576 0.923919
14 0.0451992 0.60836 0.0214226 0.0633389 0.921221
9 0.139242 0.531621 0.0385617 0.0423517 0.921094
0 0.161109 0.980442 0.0790016 0.0390301 0.920204
18 0.0560752 0.521791 0.0438621 0.0584228 0.917688
13 0.182122 0.522897 0.0200385 0.0638933 0.916966
22 0.0898236 0.979788 0.0395378 0.0399666 0.913411
8 0.208141 0.894758 0.0442543 0.0437449 0.912923
4 0.178638 0.799082 0.0301029 0.0481694 0.912674
2 0.0771745 0.6099 0.0362144 0.0639756 0.910096
8 0.161886 0.710962 0.0396811 0.0430126 0.906418
0 0.232507 0.266904 0.0657476 0.04996 0.901448
0 0.223343 0.615812 0.0641877 0.0539247 0.89191
6 0.13684 0.269789 0.0425538 0.0413781 0.882655
9 0.197657 0.359848 0.0397313 0.0443707 0.873234
9 0.0302121 0.439579 0.0407303 0.0421638 0.866887
18 0.204177 0.705114 0.0404078 0.0561752 0.865945
6 0.214894 0.180551 0.0417312 0.0422546 0.855834
18 0.0455268 0.701512 0.0375139 0.0549636 0.854531
13 0.240177 0.34932 0.0234867 0.0677836 0.853023
14 0.0294301 0.344223 0.0216757 0.0609911 0.842401
5 0.245636 0.445635 0.0345964 0.0444809 0.828566
22 0.0155426 0.617997 0.0309936 0.041688 0.818796
13 0.185501 0.0781626 0.0234145 0.0668727 0.801611
14 0.222219 0.521838 0.0204965 0.063539 0.757583
2 0.00804931 0.353414 0.0159421 0.0414371 0.750528
22 0.162579 0.0102986 0.038352 0.0205971 0.706167
6 0.122382 0.710854 0.0397094 0.0437684 0.681223
7 0.232899 0.977139 0.064196 0.0450565 0.674031
5 0.0124271 0.709964 0.0248479 0.0461881 0.640471
6 0.155057 0.0889504 0.044078 0.0433175 0.621497
13 0.131536 0.97009 0.024965 0.0598192 0.600263
22 0.0855669 0.00985221 0.0398108 0.0197044 0.595243
14 0.202999 0.524519 0.0195505 0.0605024 0.591947
13 0.00616914 0.161696 0.0123383 0.068416 0.526714
0 0.149639 0.358067 0.0543916 0.0387207 0.516517
