11 0.055308 0.328367 0.0362347 0.0610024 0.983896
7 0.0772578 0.734203 0.0421353 0.0525458 0.981608
0 0.155266 0.64219 0.0597125 0.0448989 0.964825
7 0.0687009 0.266247 0.0688323 0.0564817 0.962776
2 0.208143 0.488724 0.0314386 0.0384884 0.96212
18 0.118254 0.483106 0.0448774 0.0600981 0.958466
2 0.0760058 0.802284 0.0285382 0.037395 0.951246
1 0.153757 0.887071 0.0368558 0.0549014 0.950029
5 0.11963 0.725866 0.0364831 0.0402831 0.949891
2 0.204975 0.0973462 0.0334686 0.0388423 0.945578
5 0.19147 0.957971 0.0360948 0.0410805 0.943644
5 0.0768503 0.491996 0.0359767 0.03834 0.94261
2 0.135132 0.337983 0.0291844 0.0377012 0.940891
4 0.217922 0.0217562 0.0275302 0.0430095 0.921621
9 0.215942 0.720666 0.0373174 0.0381541 0.921322
2 0.196377 0.413577 0.039808 0.0412211 0.915989
0 0.0448959 0.883873 0.0843202 0.0403965 0.903174
0 0.121597 0.565979 0.0596165 0.041039 0.895717
22 0.198778 0.180076 0.0405947 0.0358871 0.890389
0 0.146838 0.414101 0.0529016 0.038767 0.882931
0 0.177836 0.25327 0.0790076 0.0477371 0.881401
6 0.0970708 0.33717 0.0395926 0.0402987 0.878893
9 0.170885 0.567479 0.0335694 0.0375037 0.870419
13 0.148088 0.167931 0.0194547 0.0591331 0.860968
13 0.228381 0.237768 0.0200163 0.0816239 0.848616
8 0.145465 0.803098 0.039575 0.0399729 0.843014
2 0.183513 0.803885 0.031935 0.0391308 0.822464
10 0.0734593 0.166561 0.0301027 0.0628217 0.821802
4 0.221647 0.951287 0.0255527 0.0442923 0.779109
2 0.218041 0.567043 0.0335153 0.0387466 0.764274
0 0.164999 0.723127 0.0557945 0.0470825 0.758195
2 0.218676 0.64448 0.0593272 0.039289 0.753171
18 0.120439 0.0204919 0.0658712 0.0409838 0.752415
0 0.180135 0.333778 0.0547333 0.047092 0.75058
21 0.110645 0.968046 0.0512797 0.0572395 0.748538
4 0.0476846 0.095726 0.0269881 0.0466647 0.723518
1 0.0270032 0.501933 0.0388019 0.0561975 0.717981
2 0.0923512 0.177963 0.0303318 0.0390046 0.711911
13 0.132813 0.168517 0.0481135 0.0600091 0.696983
13 0.0210271 0.0900726 0.0242152 0.0652617 0.674966
6 0.0743183 0.567458 0.0374451 0.0374424 0.670691
13 0.142188 0.0200067 0.0192283 0.0386412 0.643135
6 0.0506821 0.648429 0.0565935 0.0399072 0.615194
0 0.203744 0.881072 0.0596274 0.0413435 0.598011
13 0.0773609 0.869172 0.0215806 0.0663939 0.588368
13 0.0770255 0.84992 0.02022 0.0280849 0.553308
22 0.015496 0.259571 0.0309494 0.0367138 0.53287
13 0.141323 0.945453 0.0160014 0.060034 0.523598
