19 0.636732 0.0950625 0.0547953 0.0883252 0.996171
27 0.983764 0.325613 0.0324717 0.130827 0.995308
4 0.96445 0.0851527 0.0680022 0.112067 0.991879
11 0.921103 0.275425 0.085644 0.134179 0.988973
5 0.96202 0.702064 0.0759609 0.0899112 0.987918
9 0.674704 0.890294 0.0850191 0.0938146 0.985388
19 0.578555 0.0924247 0.0589359 0.094833 0.984471
0 0.805775 0.895263 0.135952 0.0887438 0.984081
23 0.786068 0.0982057 0.0674069 0.0875921 0.982176
13 0.519559 0.870229 0.042156 0.136059 0.980973
5 0.780692 0.697829 0.0798497 0.0908167 0.979989
4 0.742931 0.493147 0.0701022 0.109631 0.979313
2 0.672908 0.495839 0.0642511 0.0924801 0.978486
23 0.856409 0.0983614 0.0670791 0.0866556 0.978276
0 0.517049 0.699736 0.133533 0.094559 0.974878
6 0.70748 0.0981388 0.0841043 0.0908987 0.973997
22 0.499529 0.0917824 0.0780821 0.0884893 0.972965
5 0.924905 0.900006 0.0819353 0.0896001 0.969092
6 0.584716 0.894823 0.0844777 0.0848461 0.968373
6 0.688002 0.301005 0.0856826 0.0857105 0.967934
0 0.667442 0.699779 0.130906 0.0924505 0.966111
14 0.476836 0.874017 0.0419483 0.13827 0.96451
13 0.623929 0.276183 0.0439591 0.137456 0.963674
23 0.606955 0.495602 0.0684078 0.0849662 0.955826
14 0.869982 0.473673 0.0816751 0.135267 0.953536
2 0.514653 0.49384 0.11088 0.0945868 0.937961
13 0.849814 0.270015 0.0444638 0.15063 0.931229
4 0.984603 0.889099 0.0307947 0.130748 0.909143
6 0.533515 0.297377 0.133431 0.090077 0.908408
8 0.782053 0.276276 0.095243 0.138993 0.891708
6 0.910648 0.0957681 0.0350189 0.0890829 0.733853
