1 0.10369 0.729968 0.0844581 0.128823 0.994151
2 0.178013 0.310156 0.0730342 0.0951924 0.990825
18 0.741599 0.666132 0.111272 0.137527 0.987289
9 0.666583 0.287489 0.0889361 0.100053 0.987057
0 0.325499 0.904374 0.140617 0.0914516 0.985215
2 0.833827 0.0915897 0.0718162 0.0881447 0.983967
1 0.915505 0.511728 0.0897496 0.133057 0.983421
2 0.18184 0.110757 0.0726322 0.0994028 0.983333
22 0.447082 0.894193 0.0861609 0.0864493 0.980455
13 0.189465 0.486966 0.0468149 0.143268 0.979596
8 0.635911 0.493631 0.0946927 0.0915493 0.978381
14 0.468768 0.473674 0.0423278 0.134946 0.978157
22 0.493328 0.298407 0.0853228 0.0901094 0.97662
23 0.102363 0.316416 0.0717323 0.0812116 0.976415
22 0.397963 0.499606 0.0842611 0.0887204 0.976232
8 0.529276 0.689806 0.0939934 0.0964582 0.975259
14 0.156681 0.885453 0.0409156 0.132982 0.975246
8 0.298792 0.503229 0.0939804 0.0945709 0.973896
4 0.111414 0.110889 0.0684882 0.115946 0.972605
4 0.722005 0.483692 0.0743513 0.112447 0.971939
22 0.297946 0.701544 0.0862034 0.0919669 0.96982
5 0.836061 0.293705 0.0929816 0.0940587 0.969655
6 0.539602 0.496223 0.0932888 0.0857081 0.969459
14 0.908045 0.267572 0.0458322 0.140808 0.96869
5 0.0325191 0.320374 0.0650383 0.0932873 0.967214
22 0.62877 0.687935 0.086987 0.0902452 0.96474
4 0.609712 0.084749 0.0651255 0.1106 0.963681
8 0.282817 0.305024 0.0964854 0.0922688 0.963469
4 0.763655 0.0810277 0.0664418 0.111127 0.960686
13 0.207787 0.879491 0.042739 0.132944 0.959465
18 0.984212 0.470786 0.0315757 0.121954 0.958666
6 0.202199 0.704112 0.088793 0.0908663 0.957905
2 0.583774 0.291172 0.0725127 0.0965865 0.957242
13 0.0489027 0.49651 0.0436352 0.132634 0.943899
14 0.450267 0.0811265 0.0477433 0.138072 0.942505
5 0.685298 0.0893958 0.0870143 0.0938421 0.940379
18 0.948213 0.0727155 0.103574 0.127104 0.937368
6 0.965325 0.291502 0.0693504 0.0923333 0.934686
2 0.961588 0.680748 0.0754786 0.0937545 0.930684
22 0.382272 0.298092 0.0862252 0.0905207 0.903235
5 0.746824 0.89008 0.0991163 0.0913442 0.892751
8 0.0389208 0.120589 0.0778416 0.104668 0.876187
7 0.115593 0.515902 0.0956098 0.178007 0.785321
10 0.774131 0.273017 0.0738547 0.139942 0.774851
6 0.0679614 0.905984 0.127021 0.0978121 0.736743
6 0.523135 0.0978859 0.0938721 0.0881541 0.673808
6 0.953809 0.886346 0.0923097 0.0895321 0.618014
6 0.566365 0.886282 0.137336 0.102112 0.557537
13 0.847266 0.661999 0.0911137 0.142936 0.540151
