24 0.568723 0.851859 0.0389471 0.0469625 0.99562
18 0.976641 0.974167 0.043391 0.0516657 0.985752
24 0.743948 0.688955 0.0381926 0.0494142 0.985717
13 0.465471 0.606336 0.0190664 0.0541992 0.984668
2 0.867691 0.761223 0.0301867 0.038848 0.980858
24 0.398152 0.626528 0.0353935 0.0495387 0.980194
5 0.608387 0.768542 0.0363135 0.0383081 0.961977
2 0.462329 0.696686 0.0313914 0.0397673 0.961267
5 0.850532 0.683521 0.036311 0.0398078 0.956766
11 0.810397 0.909366 0.0376136 0.0592961 0.940894
18 0.503076 0.683673 0.0460786 0.0607771 0.940189
13 0.818914 0.672616 0.0190971 0.0625188 0.938509
22 0.564413 0.928079 0.0373559 0.0427901 0.930178
13 0.616799 0.67802 0.0232648 0.0719986 0.912526
5 0.725787 0.606289 0.0359232 0.0399234 0.909177
0 0.773513 0.605307 0.0566289 0.0413493 0.897653
0 0.676851 0.607378 0.0539613 0.0376208 0.896937
6 0.951924 0.914681 0.0377889 0.0386591 0.88299
23 0.822218 0.762839 0.0334731 0.0373719 0.882792
9 0.541204 0.768459 0.0394237 0.0405884 0.874036
6 0.670334 0.766718 0.0343676 0.0364755 0.873033
16 0.414642 0.772712 0.0525777 0.0439773 0.868235
5 0.658127 0.989865 0.0322696 0.0202577 0.866631
9 0.986866 0.910502 0.0262681 0.0388477 0.8587
21 0.694113 0.850941 0.0523906 0.0572704 0.858613
14 0.453265 0.762256 0.0164034 0.0604242 0.842249
7 0.787668 0.693637 0.0392262 0.0535507 0.834172
9 0.484779 0.851736 0.0375086 0.041281 0.832404
6 0.499897 0.772998 0.0373836 0.0378203 0.83124
10 0.830204 0.59279 0.0345953 0.0652226 0.824218
7 0.97761 0.687957 0.0427707 0.0568843 0.804112
2 0.850016 0.60402 0.0302746 0.0406649 0.789887
5 0.717383 0.766478 0.0577493 0.0373359 0.788003
1 0.88496 0.611096 0.0380894 0.0532572 0.787566
13 0.706323 0.978065 0.0211182 0.0438699 0.785041
2 0.531935 0.848565 0.0333023 0.0434911 0.772253
13 0.611661 0.834293 0.0319309 0.0649641 0.746485
3 0.880318 0.829483 0.0500937 0.06547 0.746158
6 0.9346 0.591555 0.0588379 0.0597467 0.734893
9 0.610971 0.99018 0.0434535 0.0196396 0.730103
0 0.937567 0.835434 0.0566154 0.0409161 0.702085
6 0.7736 0.922218 0.03633 0.0369964 0.697887
10 0.403263 0.841075 0.0391226 0.0673263 0.684153
8 0.64401 0.846804 0.0373662 0.0395452 0.637427
22 0.417623 0.932217 0.0631555 0.0404799 0.635466
0 0.419794 0.992925 0.0643737 0.0141495 0.628209
4 0.640072 0.765008 0.0242245 0.0463984 0.616796
14 0.649439 0.676606 0.032586 0.0620863 0.613363
6 0.789848 0.76423 0.0338086 0.0375063 0.604707
4 0.664088 0.921808 0.0254612 0.0424738 0.60271
14 0.686169 0.980177 0.0141053 0.0392613 0.59967
2 0.878265 0.987816 0.0273803 0.0243671 0.568796
13 0.76538 0.830678 0.022404 0.0621436 0.558225
7 0.983684 0.83641 0.0326314 0.0386934 0.557257
8 0.525486 0.928602 0.0354263 0.0387402 0.504814
