2 0.023044 0.179024 0.033401 0.0472608 0.990012
2 0.0994334 0.593055 0.0302995 0.0437821 0.987869
11 0.0241509 0.253393 0.0381134 0.0636455 0.986637
18 0.167482 0.67369 0.0398318 0.0530751 0.970834
0 0.171988 0.181075 0.0652192 0.046883 0.954008
2 0.0506419 0.59404 0.0289075 0.0440441 0.950615
5 0.07866 0.180083 0.0405181 0.0448361 0.947699
4 0.173994 0.422978 0.0329492 0.054252 0.947555
0 0.117309 0.840787 0.0641997 0.0428536 0.944891
12 0.0163961 0.59241 0.0327923 0.0879054 0.939932
5 0.0642917 0.264205 0.0398274 0.0443688 0.938979
5 0.0559474 0.84233 0.038509 0.0425342 0.933134
2 0.0129702 0.509041 0.0256758 0.0432203 0.927885
6 0.0414082 0.429731 0.0409934 0.0426098 0.922576
5 0.126529 0.678098 0.0424826 0.0455806 0.918823
14 0.0748479 0.584104 0.0185557 0.0650353 0.916257
5 0.132207 0.0187505 0.0398979 0.0375011 0.915081
2 0.0346475 0.676313 0.0321507 0.045265 0.90883
5 0.0731214 0.677075 0.0428371 0.0435085 0.904023
11 0.0682883 0.912128 0.0362513 0.0663701 0.902415
2 0.169049 0.761683 0.0327346 0.0403146 0.902338
8 0.132878 0.595148 0.0360596 0.0394794 0.901303
6 0.119477 0.181168 0.0400618 0.0451763 0.896074
8 0.10441 0.263807 0.0405554 0.0412554 0.891564
13 0.178767 0.982432 0.0204451 0.0347884 0.889831
23 0.158269 0.511641 0.0388792 0.0407052 0.886911
13 0.101004 0.91278 0.0259172 0.0693588 0.855862
23 0.0719103 0.759987 0.0362059 0.0415452 0.84141
14 0.0503149 0.169908 0.020566 0.0647267 0.84067
8 0.134097 0.7608 0.0361493 0.041211 0.818092
8 0.182903 0.928142 0.0429457 0.0469911 0.81303
10 0.0283332 0.913946 0.0382905 0.0634851 0.777753
10 0.141807 0.914739 0.0362483 0.0643806 0.728171
9 0.0354694 0.346946 0.036252 0.0459188 0.699733
5 0.17432 0.594919 0.0415 0.0519143 0.693325
6 0.0446944 0.0190441 0.0375667 0.0380882 0.692287
0 0.0175926 0.842555 0.0350427 0.0439999 0.670505
22 0.080387 0.429092 0.0339052 0.0439805 0.668744
4 0.141116 0.342052 0.0317951 0.0571773 0.665681
6 0.0126749 0.0192475 0.0252066 0.038495 0.614773
18 0.174872 0.0176895 0.0437824 0.0353789 0.56439
6 0.173121 0.841547 0.0438333 0.0567491 0.558845
0 0.0201107 0.992797 0.0402214 0.0143739 0.504004
