46 0.400963 0.261983 0.0631539 0.0425226 0.988999
15 0.847915 0.842492 0.0764942 0.0633731 0.98584
21 0.602625 0.197001 0.0392189 0.059435 0.984307
2 0.0662062 0.423926 0.0329388 0.0462565 0.983718
1 0.398022 0.687679 0.0415728 0.0645084 0.981421
4 0.045786 0.985874 0.0594205 0.0281252 0.97727
1 0.325078 0.355374 0.039407 0.0574554 0.975978
2 0.97844 0.436936 0.0321598 0.0450115 0.97595
2 0.507985 0.0191113 0.0344165 0.0382226 0.975129
6 0.855823 0.689463 0.0396988 0.0408689 0.973985
5 0.207678 0.0159164 0.039714 0.0318328 0.973383
2 0.0301156 0.918491 0.0306591 0.0411288 0.972529
2 0.723775 0.849645 0.0333246 0.0433509 0.969432
14 0.0387664 0.411823 0.0188 0.0650645 0.968693
0 0.524213 0.601925 0.0617867 0.0431385 0.967469
9 0.232112 0.924203 0.0342554 0.0404012 0.967086
4 0.720318 0.681042 0.0330887 0.0509496 0.967023
7 0.564756 0.0282152 0.0584247 0.0564304 0.965832
8 0.584154 0.35165 0.0438716 0.0453907 0.965422
5 0.636639 0.352905 0.0401816 0.0425564 0.964133
6 0.683747 0.10355 0.0388049 0.038233 0.963369
7 0.528992 0.776935 0.0638454 0.0610921 0.962159
0 0.792584 0.687687 0.0604635 0.0449092 0.961224
0 0.325642 0.261726 0.063565 0.0425873 0.960953
2 0.634183 0.601828 0.0293663 0.0429139 0.960783
2 0.308889 0.178995 0.0296084 0.0417183 0.960019
0 0.376938 0.925688 0.0609427 0.0428044 0.957733
0 0.686456 0.768916 0.0570905 0.0390272 0.957363
7 0.0848141 0.685614 0.065398 0.0617721 0.955676
23 0.761744 0.354883 0.0352435 0.0405796 0.954835
13 0.508734 0.918382 0.0259108 0.0670757 0.954272
5 0.642179 0.184069 0.0354311 0.0404757 0.953929
11 0.464148 0.502483 0.0342053 0.0621367 0.952646
11 0.107772 0.0793297 0.0359602 0.062886 0.951713
12 0.323165 0.514622 0.0333257 0.0816274 0.950055
6 0.366792 0.345973 0.0397816 0.0402666 0.949452
10 0.239884 0.418489 0.033701 0.065235 0.948173
5 0.423705 0.763402 0.0414935 0.0398701 0.948143
2 0.14128 0.425177 0.0355259 0.0446526 0.947566
0 0.950976 0.77108 0.0599663 0.0399692 0.945899
5 0.810704 0.352107 0.0382576 0.0420527 0.944108
0 0.349556 0.597133 0.0560642 0.0409094 0.943836
0 0.922317 0.0218569 0.078486 0.0417406 0.942651
5 0.147167 0.093956 0.0372723 0.0429439 0.940808
7 0.718478 0.530194 0.0403359 0.0578682 0.940124
0 0.66881 0.852307 0.0533673 0.0376956 0.93929
5 0.962688 0.354483 0.0386961 0.0414927 0.93771
8 0.724247 0.935656 0.0422165 0.0444064 0.937451
13 0.361208 0.0863087 0.0253474 0.0674446 0.937251
5 0.390073 0.0970079 0.0378873 0.0411921 0.936597
21 0.223868 0.854435 0.0391229 0.0567837 0.936178
8 0.101671 0.42587 0.0370266 0.0435048 0.935252
13 0.320039 0.747385 0.0257882 0.0701914 0.935242
5 0.362966 0.844399 0.0391994 0.043252 0.935019
18 0.555534 0.678496 0.0368614 0.0486314 0.934374
5 0.977981 0.595567 0.0409392 0.0621283 0.934107
14 0.445769 0.251596 0.0168576 0.061776 0.932245
8 0.865372 0.936925 0.0415125 0.042475 0.932183
5 0.173242 0.84078 0.0401216 0.0389638 0.932181
0 0.633955 0.102752 0.0572897 0.0418586 0.932016
22 0.579442 0.433838 0.0339746 0.0402125 0.927799
0 0.957124 0.521447 0.0641844 0.0447265 0.926607
0 0.445373 0.347555 0.0558956 0.0426256 0.925993
7 0.121036 0.267528 0.0637351 0.0614003 0.925105
13 0.841793 0.176402 0.0271127 0.0668758 0.925101
11 0.813872 0.759603 0.0543939 0.0609136 0.924731
8 0.897272 0.604676 0.0374155 0.0384674 0.924673
2 0.755107 0.600875 0.0307393 0.0444766 0.92387
0 0.437915 0.0975744 0.0559304 0.0410147 0.922391
7 0.498813 0.108274 0.0387092 0.0610631 0.922376
5 0.412879 0.0169667 0.0405552 0.0338152 0.920876
5 0.586899 0.100685 0.0364422 0.0432394 0.920332
5 0.151275 0.923954 0.036987 0.0426952 0.920162
22 0.804479 0.26993 0.0340109 0.0420556 0.920013
5 0.516999 0.683048 0.039011 0.0408802 0.919343
5 0.431771 0.43145 0.0379829 0.0435892 0.918488
7 0.0357682 0.184458 0.0388303 0.0588435 0.918175
2 0.357546 0.512192 0.029314 0.0405003 0.915694
2 0.877478 0.436849 0.0306958 0.0425051 0.915456
6 0.274223 0.259383 0.0381607 0.0430107 0.91315
9 0.980317 0.0231939 0.036046 0.0441647 0.911338
8 0.062577 0.921507 0.0348882 0.0380957 0.9102
7 0.5598 0.859392 0.0388752 0.0574656 0.910116
8 0.860323 0.7736 0.0345646 0.0406497 0.910075
18 0.465653 0.758323 0.0381077 0.048205 0.909964
5 0.505271 0.515863 0.039156 0.0422279 0.909886
0 0.855217 0.270832 0.0614771 0.0447682 0.909822
7 0.576835 0.612567 0.0375166 0.0596055 0.908851
13 0.476677 0.664936 0.0222769 0.0763226 0.907548
8 0.0874538 0.760322 0.04368 0.0430689 0.906557
0 0.602764 0.928135 0.0601311 0.0518785 0.906555
5 0.80717 0.521575 0.036082 0.0383149 0.904789
9 0.847267 0.600959 0.0351048 0.0427296 0.90466
9 0.722452 0.103119 0.0363081 0.0424875 0.903212
13 0.242452 0.163931 0.0187889 0.0663177 0.902111
9 0.743478 0.189347 0.0376364 0.0427285 0.901455
8 0.129562 0.839268 0.0432089 0.0419526 0.901192
9 0.159267 0.174962 0.0364671 0.0437092 0.899208
13 0.944634 0.426596 0.027267 0.0668349 0.895701
6 0.904969 0.521878 0.0396723 0.0414581 0.895567
14 0.608305 0.591123 0.0186546 0.0633264 0.892208
22 0.0404111 0.507163 0.0343769 0.0452431 0.887583
5 0.011458 0.83786 0.022916 0.0415889 0.886839
6 0.191528 0.923956 0.0404124 0.0412264 0.886665
5 0.222793 0.510848 0.0356623 0.0411123 0.886584
2 0.29196 0.015107 0.0260727 0.0302139 0.883767
0 0.17514 0.501412 0.0575884 0.0607138 0.882098
5 0.0988408 0.34422 0.0378979 0.0421019 0.881549
8 0.46558 0.0191528 0.0446368 0.0383057 0.880918
14 0.928294 0.67631 0.0194727 0.0661113 0.880589
9 0.344288 0.678402 0.0354853 0.0435168 0.878032
2 0.40215 0.345048 0.0285583 0.0414082 0.87799
24 0.66537 0.611229 0.0391386 0.059665 0.877606
14 0.163799 0.249491 0.0191456 0.0626096 0.876133
18 0.808704 0.182375 0.0381525 0.0525039 0.875403
6 0.596854 0.520736 0.0367777 0.0393069 0.874202
0 0.853768 0.520901 0.0559595 0.0419344 0.871961
6 0.475791 0.263428 0.0400509 0.0386411 0.871408
2 0.17816 0.34312 0.0356658 0.0444088 0.870759
2 0.0969379 0.921197 0.0295518 0.0423706 0.868342
0 0.948837 0.936285 0.0563558 0.0435637 0.86802
2 0.0129425 0.42358 0.0256393 0.0417398 0.865032
2 0.571028 0.183008 0.0298805 0.041135 0.864656
13 0.0124596 0.0730601 0.0249192 0.0782596 0.863683
4 0.280952 0.753162 0.0315583 0.0546623 0.863408
7 0.0425407 0.603658 0.0361895 0.061013 0.861946
14 0.544416 0.17358 0.0186324 0.0643963 0.861089
2 0.778359 0.102539 0.0383465 0.042865 0.860515
0 0.91921 0.267631 0.0646024 0.0472274 0.852937
2 0.0122553 0.591541 0.0241459 0.0391457 0.851788
5 0.0393557 0.759176 0.0508621 0.0412691 0.851209
2 0.904043 0.935395 0.029989 0.0436113 0.843178
22 0.895385 0.688617 0.0333332 0.0420492 0.84186
6 0.453976 0.681724 0.0631139 0.0427296 0.839851
6 0.70393 0.603597 0.0367756 0.0409019 0.838167
19 0.671079 0.519263 0.0319316 0.0428438 0.837866
8 0.401303 0.181144 0.0417713 0.0430113 0.836584
4 0.846474 0.346144 0.0319848 0.0542145 0.83167
8 0.682484 0.688382 0.0418303 0.0433722 0.82793
12 0.259035 0.0253798 0.0350369 0.0507596 0.826988
1 0.893518 0.36175 0.0578368 0.0653491 0.824163
11 0.0444556 0.3305 0.0507975 0.0661843 0.823488
6 0.422114 0.515107 0.0325163 0.0359102 0.822902
13 0.144392 0.9824 0.0206482 0.0352004 0.82157
22 0.810452 0.934262 0.0336087 0.0406151 0.815289
0 0.505353 0.847949 0.0599479 0.0424154 0.81483
23 0.24265 0.0940361 0.0370632 0.0398946 0.804772
14 0.00933298 0.659763 0.0183837 0.0681256 0.799757
2 0.138249 0.0162326 0.0323719 0.0324651 0.787697
8 0.518859 0.268788 0.0408656 0.0426474 0.781954
7 0.829889 0.440704 0.0611727 0.071831 0.774564
11 0.0804044 0.499708 0.0352996 0.0640644 0.771713
6 0.899861 0.773244 0.0393305 0.0416046 0.768635
4 0.975646 0.182127 0.0325278 0.0484197 0.75971
0 0.955426 0.842877 0.0628531 0.0668766 0.750645
22 0.542602 0.34899 0.0334407 0.0434171 0.740819
5 0.147531 0.591211 0.0528433 0.0414665 0.73997
10 0.276191 0.165763 0.0424589 0.063193 0.739169
18 0.194413 0.420834 0.0515256 0.0552183 0.737562
14 0.991597 0.343612 0.0168053 0.0634356 0.732922
2 0.90785 0.852659 0.0362768 0.0442811 0.732259
18 0.449427 0.173715 0.0546839 0.0559449 0.728749
9 0.54228 0.929142 0.0355453 0.0426016 0.722916
12 0.883171 0.0947164 0.037145 0.0605384 0.720825
2 0.59051 0.683579 0.0315504 0.0436614 0.711948
14 0.122781 0.912324 0.0192234 0.0634747 0.710238
4 0.188964 0.672299 0.0595388 0.0525644 0.705474
18 0.284761 0.422531 0.0491948 0.0529053 0.704151
23 0.0920883 0.840856 0.0282104 0.0405095 0.694316
2 0.108544 0.989749 0.040564 0.0205011 0.691071
13 0.255311 0.749502 0.0207884 0.0640342 0.685548
8 0.505618 0.346255 0.0372597 0.0529002 0.685487
9 0.497989 0.180658 0.0355066 0.0436324 0.685241
5 0.56929 0.266185 0.0573952 0.0441458 0.681631
5 0.19207 0.249961 0.0356904 0.0612356 0.681543
5 0.635632 0.684741 0.0508375 0.0398741 0.668135
6 0.972492 0.104911 0.0485001 0.0410119 0.659322
6 0.190459 0.76071 0.039531 0.0405132 0.653602
5 0.390097 0.995175 0.0321776 0.00964904 0.652821
13 0.031498 0.665231 0.0236733 0.0658317 0.649501
18 0.0181787 0.253634 0.0363574 0.0538597 0.648327
5 0.364002 0.761683 0.0595081 0.0431231 0.638249
8 0.371281 0.0163469 0.0379362 0.0326939 0.637946
18 0.912575 0.434621 0.0362306 0.0527133 0.637459
0 0.2979 0.667307 0.0599942 0.0612569 0.62578
24 0.251877 0.983818 0.0626863 0.0319753 0.611537
2 0.338559 0.0154404 0.0273907 0.0308808 0.59763
24 0.225946 0.768909 0.0356102 0.0594382 0.596727
22 0.766568 0.436442 0.0342705 0.0418929 0.592075
24 0.661811 0.987877 0.0478549 0.0239642 0.589005
6 0.314725 0.92648 0.0608598 0.0430712 0.570547
8 0.556943 0.519515 0.0412581 0.0407977 0.569413
5 0.3276 0.993446 0.063082 0.0131075 0.568283
4 0.320171 0.839011 0.0412848 0.0462203 0.557328
12 0.676502 0.343142 0.0345734 0.061011 0.552857
8 0.634167 0.519852 0.033963 0.0388875 0.551638
6 0.863822 0.0219302 0.0359048 0.0418828 0.524116
6 0.76299 0.520272 0.0438946 0.0425416 0.519088
12 0.141739 0.91258 0.056531 0.064786 0.502055
