24 0.360277 0.260394 0.0847541 0.13932 0.989947
5 0.352175 0.844012 0.0909541 0.0924108 0.987032
8 0.0884161 0.445978 0.0968923 0.0929011 0.981476
2 0.284636 0.239812 0.0768665 0.0962779 0.978547
4 0.179668 0.240398 0.0738565 0.111918 0.976957
5 0.113848 0.84345 0.0838843 0.0933135 0.972405
4 0.206624 0.0448309 0.0677386 0.0893265 0.96344
2 0.102029 0.648297 0.0701607 0.0913978 0.946101
18 0.0978854 0.0448352 0.136527 0.0896704 0.933946
11 0.31479 0.623683 0.149895 0.14105 0.930335
5 0.0179261 0.443449 0.0358521 0.0921825 0.916011
4 0.189529 0.641737 0.0971823 0.100181 0.899747
11 0.317228 0.420221 0.148711 0.138309 0.844974
4 0.208451 0.835319 0.0988784 0.107163 0.842919
4 0.191767 0.442804 0.101354 0.0973675 0.793838
4 0.0370223 0.818889 0.0740447 0.138085 0.784825
19 0.404617 0.974348 0.0907936 0.0513039 0.708526
18 0.0313921 0.641292 0.0625816 0.10722 0.680653
8 0.0882903 0.216859 0.0880862 0.139353 0.642565
6 0.279936 0.848098 0.0380949 0.0813018 0.5703
22 0.0196627 0.254669 0.039242 0.106411 0.510358
