24 0.661758 0.0297639 0.0412691 0.0595278 0.979371
7 0.491258 0.191841 0.0586855 0.062182 0.977689
2 0.359701 0.0961303 0.0281813 0.0419336 0.977387
11 0.241028 0.334418 0.0377672 0.0657124 0.974093
9 0.394162 0.0961446 0.0345372 0.0435739 0.964884
0 0.910576 0.270725 0.0609601 0.0439969 0.959617
5 0.594533 0.101453 0.0366693 0.0415557 0.957991
5 0.919773 0.183717 0.0382127 0.0508387 0.957744
24 0.0550926 0.353441 0.0391856 0.0661405 0.957068
5 0.439582 0.0184362 0.0565607 0.0366942 0.956936
9 0.912055 0.101963 0.0374819 0.0434528 0.950668
0 0.760645 0.10319 0.0624841 0.0443619 0.949207
14 0.38311 0.339186 0.0188001 0.066945 0.945102
0 0.599455 0.268154 0.0575131 0.0427824 0.943396
8 0.892724 0.0225543 0.0421296 0.0422345 0.943104
8 0.492997 0.353573 0.0370768 0.0440229 0.939166
2 0.583889 0.019057 0.0327885 0.0381141 0.938615
0 0.525911 0.266367 0.0619901 0.0424143 0.936964
5 0.474674 0.266092 0.0376582 0.0443693 0.936325
23 0.049748 0.258486 0.0354899 0.0415328 0.933131
2 0.783923 0.268149 0.0329026 0.0435849 0.929769
21 0.857412 0.11661 0.0524085 0.0574243 0.927788
13 0.708382 0.0892421 0.027427 0.074121 0.925769
8 0.202271 0.258558 0.0412647 0.0452302 0.923481
2 0.254661 0.0159376 0.0357336 0.0318751 0.922055
5 0.278572 0.178211 0.0386288 0.0450019 0.920686
9 0.753639 0.185762 0.0359015 0.0431536 0.91674
5 0.085125 0.0918414 0.0366344 0.041388 0.910705
6 0.104359 0.342615 0.0574196 0.0437739 0.907509
5 0.83525 0.357389 0.0373075 0.0495196 0.900071
18 0.673761 0.0986546 0.0353587 0.0511481 0.89834
8 0.771937 0.022327 0.0370567 0.0410977 0.891634
6 0.682358 0.355648 0.0577006 0.0426141 0.888612
10 0.555068 0.17236 0.0405135 0.0665783 0.888052
8 0.546001 0.0194474 0.0378776 0.0388948 0.880935
8 0.635478 0.10168 0.0408528 0.0435611 0.880344
13 0.679166 0.257307 0.0238783 0.0653065 0.873809
11 0.579514 0.346439 0.0347996 0.0701246 0.862697
22 0.198495 0.345513 0.0342375 0.0411762 0.861652
13 0.164074 0.0805292 0.0197846 0.0631496 0.859442
5 0.811823 0.103507 0.0343863 0.0395815 0.854145
18 0.0154989 0.254552 0.0309009 0.0529059 0.853252
2 0.12505 0.173719 0.0340819 0.0452376 0.847406
4 0.238779 0.259145 0.0282644 0.0493281 0.846865
2 0.934355 0.021135 0.0358996 0.0421909 0.840178
22 0.360934 0.179387 0.0340455 0.0421901 0.829218
5 0.281866 0.263137 0.0530195 0.0412249 0.824936
9 0.194391 0.0914113 0.0349746 0.0416088 0.821397
4 0.150088 0.340419 0.0314336 0.0533726 0.820119
22 0.852666 0.0217 0.0344865 0.0406771 0.811165
9 0.0348052 0.0883414 0.0362948 0.0430203 0.798761
18 0.496082 0.0191733 0.0516216 0.0383467 0.795273
13 0.882259 0.0949107 0.0190315 0.0578558 0.793293
24 0.158787 0.18159 0.0289349 0.0502123 0.789244
13 0.00783182 0.0870412 0.0156206 0.083371 0.788659
8 0.416025 0.181409 0.070193 0.0457975 0.774764
22 0.454154 0.350492 0.0335916 0.0451662 0.772534
2 0.298086 0.0160042 0.032003 0.0320084 0.766992
18 0.649389 0.264397 0.0381538 0.0506346 0.763751
2 0.533068 0.341854 0.0337905 0.0661374 0.763486
6 0.588148 0.185243 0.040544 0.0403389 0.757562
24 0.324627 0.106146 0.0371345 0.0610262 0.750324
21 0.340046 0.275844 0.0403231 0.0600985 0.734113
16 0.248701 0.0944103 0.0376877 0.0404048 0.718188
22 0.122201 0.0133302 0.0342087 0.0266604 0.715565
22 0.0874362 0.258082 0.0337044 0.0428553 0.71324
12 0.289162 0.0885774 0.036562 0.0625662 0.708003
1 0.296977 0.35352 0.0440522 0.0718222 0.672423
2 0.628759 0.0190052 0.0309601 0.0380103 0.663958
8 0.212692 0.0161143 0.0401541 0.0322287 0.655272
7 0.626055 0.353485 0.0524195 0.0453876 0.645741
18 0.135709 0.085288 0.0534901 0.0537766 0.633334
8 0.0820606 0.0140685 0.0438614 0.0281371 0.614051
24 0.331124 0.025166 0.0378695 0.050332 0.581986
8 0.0242312 0.0129002 0.0423278 0.0258003 0.567585
18 0.722978 0.0215474 0.0543826 0.0430947 0.55747
18 0.0745736 0.172168 0.0376665 0.0461551 0.547626
16 0.349389 0.350229 0.040246 0.0484821 0.543035
24 0.018612 0.343723 0.0370201 0.043328 0.508204
8 0.170414 0.0157638 0.0406038 0.0315276 0.504815
