1 0.566718 0.70008 0.0856097 0.133968 0.992782
18 0.562259 0.870741 0.0872874 0.127695 0.987103
8 0.778737 0.867384 0.0978878 0.09919 0.985155
0 0.575157 0.48137 0.135296 0.100044 0.985029
2 0.931878 0.860716 0.0727313 0.0995289 0.982828
2 0.847044 0.260968 0.0688727 0.0966271 0.981139
9 0.925523 0.253609 0.0855412 0.104577 0.979468
2 0.696812 0.874606 0.0685591 0.087009 0.97926
8 0.75742 0.263735 0.0938065 0.0970078 0.977739
4 0.861345 0.860863 0.068351 0.115796 0.974114
13 0.688625 0.24563 0.0468135 0.139532 0.971552
13 0.631446 0.858206 0.0453689 0.145516 0.968143
6 0.689789 0.471077 0.0884763 0.0865419 0.964969
12 0.583323 0.262012 0.159273 0.142819 0.964653
18 0.663948 0.645946 0.0891192 0.139566 0.959911
6 0.921368 0.65663 0.0918539 0.0927534 0.952554
18 0.809796 0.648982 0.128129 0.119736 0.944309
14 0.759554 0.442919 0.0468476 0.13632 0.929413
9 0.988639 0.658937 0.0227222 0.0985298 0.921399
7 0.971756 0.479472 0.0564888 0.135333 0.918626
