21 0.271979 0.621787 0.0757486 0.0607437 0.986439
2 0.614464 0.88442 0.0313171 0.045445 0.98182
7 0.621979 0.530579 0.0450454 0.0641451 0.981649
0 0.341274 0.614886 0.0611651 0.0428884 0.9773
1 0.461062 0.976156 0.0421854 0.0476884 0.976025
18 0.621145 0.782317 0.0454319 0.0626056 0.973144
7 0.289944 0.712618 0.0468119 0.0585432 0.971426
1 0.571572 0.804294 0.0433213 0.061408 0.970378
5 0.268787 0.880105 0.0400034 0.0455801 0.968942
21 0.786422 0.896853 0.0611461 0.0589473 0.968938
2 0.067653 0.609728 0.0359959 0.0434481 0.968331
0 0.0875368 0.87864 0.0608637 0.0421059 0.967454
7 0.935005 0.627211 0.0454817 0.0598547 0.966094
7 0.224824 0.52797 0.0449661 0.0628493 0.963602
7 0.884419 0.807884 0.0723619 0.0587986 0.963439
5 0.765223 0.704911 0.0425656 0.0464944 0.963061
0 0.06949 0.693338 0.0799658 0.0529642 0.962287
2 0.420888 0.792093 0.0297859 0.0399082 0.961521
18 0.819508 0.608085 0.045687 0.0572956 0.960219
5 0.0304643 0.789372 0.0416971 0.0427291 0.960031
8 0.235497 0.972362 0.0429655 0.0416783 0.959748
2 0.300807 0.520556 0.0306113 0.0453857 0.958712
0 0.35484 0.703095 0.0618958 0.0425512 0.958667
13 0.473713 0.693389 0.0219051 0.0669758 0.955848
5 0.775153 0.615608 0.04127 0.0462744 0.954919
5 0.331742 0.972049 0.0380527 0.0407658 0.951963
2 0.369163 0.882668 0.0327741 0.0453587 0.951406
0 0.853011 0.96929 0.0850434 0.0612826 0.949987
2 0.136324 0.877435 0.0320553 0.0421014 0.949808
0 0.388028 0.972162 0.0697152 0.0438142 0.946186
6 0.381009 0.793428 0.0404003 0.0406482 0.945362
8 0.738046 0.52185 0.0440475 0.0496242 0.941384
0 0.278375 0.792785 0.0625978 0.0411015 0.941086
5 0.552481 0.612215 0.037533 0.04541 0.940189
23 0.898601 0.890041 0.0373757 0.0422015 0.939585
2 0.820859 0.796562 0.0345557 0.0420511 0.936983
5 0.237793 0.702793 0.0383274 0.0395243 0.934604
5 0.563604 0.970673 0.0370892 0.0431128 0.933667
5 0.192759 0.970808 0.0394056 0.0423982 0.931334
8 0.0731872 0.789086 0.0406714 0.0460689 0.925105
18 0.174104 0.871298 0.0390284 0.0599682 0.92388
13 0.209365 0.86473 0.0223035 0.0720119 0.921787
5 0.674069 0.795414 0.0367383 0.0438186 0.921305
2 0.215863 0.612569 0.0324453 0.0433648 0.921141
4 0.73438 0.610985 0.0311135 0.0509529 0.920857
22 0.0675553 0.513853 0.0382071 0.0459557 0.915237
8 0.530777 0.88215 0.0426463 0.0453247 0.914137
5 0.504517 0.705204 0.0370264 0.0439905 0.913866
21 0.73349 0.802108 0.0743215 0.06033 0.912479
5 0.905728 0.521729 0.0357192 0.0480718 0.909361
19 0.0239999 0.607556 0.0334649 0.0440466 0.902387
22 0.671784 0.97542 0.0369158 0.0422825 0.898987
23 0.265958 0.519233 0.0348275 0.0468107 0.897751
13 0.744061 0.873761 0.0209508 0.0638127 0.891768
22 0.17475 0.790156 0.055978 0.0419586 0.889686
7 0.744608 0.976725 0.0585635 0.0458914 0.874609
14 0.123403 0.96148 0.0225695 0.0637072 0.873545
0 0.185401 0.69843 0.062074 0.0423973 0.871186
5 0.947189 0.891248 0.0401037 0.0451629 0.867921
6 0.695497 0.615578 0.0407979 0.0449978 0.867233
0 0.980128 0.707893 0.039283 0.0441711 0.864211
0 0.468797 0.611043 0.0767503 0.0476172 0.856249
23 0.647274 0.885009 0.0316305 0.0432036 0.856048
18 0.403002 0.601124 0.0428557 0.0662174 0.853987
14 0.186638 0.600642 0.0257965 0.0663655 0.84883
5 0.28736 0.961893 0.0526109 0.0600951 0.839412
4 0.236026 0.873713 0.0259705 0.0543631 0.836564
13 0.902719 0.967166 0.0209877 0.0643132 0.834523
2 0.405943 0.703277 0.0338408 0.0420847 0.827381
18 0.440687 0.695539 0.0395685 0.0592914 0.819707
0 0.119613 0.508263 0.0605357 0.0661266 0.819239
8 0.82289 0.52254 0.0448729 0.0479835 0.816585
6 0.574809 0.881819 0.0421901 0.0461493 0.807561
6 0.0239586 0.511548 0.0422412 0.0544544 0.806969
5 0.402298 0.518181 0.039852 0.044358 0.801807
18 0.622418 0.965045 0.0602098 0.0564671 0.784013
4 0.330611 0.512656 0.0249217 0.0535214 0.773279
24 0.698519 0.708184 0.0358769 0.0582769 0.741106
18 0.984424 0.877236 0.0311514 0.0681776 0.740325
22 0.487343 0.88177 0.0376629 0.0425075 0.721152
2 0.147471 0.610068 0.0324919 0.0407212 0.720712
38 0.444292 0.872667 0.0555987 0.0642507 0.719009
24 0.0168705 0.971479 0.0337409 0.0570412 0.713456
6 0.513859 0.970428 0.0600312 0.0448015 0.705685
5 0.991845 0.970023 0.016309 0.0599546 0.704615
10 0.130041 0.687278 0.0410793 0.0642521 0.678518
5 0.17341 0.506299 0.0447696 0.0622083 0.651811
23 0.791981 0.979679 0.0298514 0.0392034 0.623966
2 0.706683 0.872474 0.0366668 0.0653613 0.615108
13 0.535533 0.96123 0.021288 0.0607243 0.614743
21 0.63622 0.610546 0.0458517 0.0503401 0.601212
5 0.531168 0.512234 0.051542 0.066882 0.588243
13 0.224823 0.778749 0.039138 0.0670738 0.578175
2 0.961747 0.796641 0.0284065 0.0441065 0.560965
24 0.457964 0.79069 0.043503 0.0431209 0.549502
23 0.0107174 0.694202 0.0214242 0.0493454 0.543078
6 0.848963 0.88773 0.0615368 0.0465288 0.52737
2 0.400284 0.891899 0.0269537 0.0222116 0.51122
