1 0.667558 0.443571 0.0910354 0.133936 0.997152
1 0.510657 0.853068 0.0872607 0.128275 0.99524
16 0.457381 0.428618 0.102036 0.0966884 0.989438
27 0.74247 0.441094 0.0521696 0.135677 0.989297
5 0.71893 0.622649 0.0846632 0.0971297 0.983633
16 0.136848 0.428418 0.102369 0.0850552 0.983391
8 0.616676 0.216985 0.0985572 0.100165 0.97941
2 0.157198 0.224793 0.0762689 0.0995338 0.978608
9 0.939728 0.212277 0.0917897 0.103019 0.976694
8 0.416798 0.222024 0.0985999 0.0991196 0.976076
2 0.352838 0.830664 0.0740072 0.0932219 0.9756
13 0.213971 0.398874 0.0448924 0.140861 0.974943
2 0.702166 0.8243 0.0715809 0.0899082 0.973573
4 0.799119 0.618378 0.0719874 0.112063 0.971341
8 0.0631031 0.83697 0.095169 0.0901182 0.970638
8 0.840691 0.416154 0.100941 0.0937487 0.969928
5 0.0282288 0.636115 0.0564446 0.0894558 0.969649
13 0.311795 0.200566 0.0496287 0.145182 0.969148
6 0.610267 0.826003 0.0948479 0.0915831 0.968467
4 0.638235 0.614852 0.0690448 0.120517 0.968384
2 0.870325 0.619136 0.0729547 0.10417 0.967462
8 0.243686 0.224405 0.0916938 0.0970635 0.966695
18 0.291415 0.406387 0.0948088 0.139202 0.963849
22 0.75971 0.214471 0.0898131 0.0921365 0.961106
27 0.225537 0.650962 0.0506179 0.132215 0.95908
22 0.517557 0.227077 0.0906659 0.0949197 0.958624
13 0.0227222 0.406242 0.0454444 0.149101 0.955893
13 0.413342 0.806274 0.0495569 0.136734 0.951866
6 0.0455381 0.22624 0.0910762 0.0948846 0.945599
14 0.477764 0.609898 0.0471474 0.143424 0.937656
23 0.77435 0.823492 0.0643432 0.0880566 0.937194
13 0.828329 0.798726 0.0428038 0.15292 0.878713
14 0.66144 0.968023 0.0533422 0.063953 0.85037
18 0.2547 0.980227 0.12495 0.0395465 0.845744
2 0.726217 0.987878 0.0753634 0.0242431 0.838915
13 0.422161 0.968808 0.0431974 0.0623835 0.8091
4 0.800807 0.981579 0.0718958 0.0368428 0.766883
18 0.185777 0.819088 0.154764 0.126823 0.738355
0 0.974825 0.628436 0.0503503 0.09738 0.666603
22 0.943162 0.416803 0.0884532 0.09139 0.649255
4 0.565042 0.414414 0.0940592 0.105125 0.586367
1 0.944836 0.986926 0.0841529 0.0260501 0.562916
2 0.850897 0.212 0.0751743 0.0959805 0.561964
