1 0.864037 0.887316 0.0878483 0.134064 0.994526
27 0.939934 0.876782 0.0481055 0.116875 0.985083
7 0.501015 0.710333 0.0968052 0.140795 0.981404
2 0.825873 0.668592 0.0741858 0.0972468 0.979142
6 0.734494 0.674766 0.0895591 0.0899887 0.978768
6 0.599788 0.680993 0.0887933 0.0931916 0.977254
6 0.581563 0.87791 0.0867705 0.0895414 0.974385
5 0.495773 0.882904 0.0804198 0.0929674 0.971819
23 0.892904 0.666942 0.0642337 0.087795 0.971455
14 0.666563 0.656915 0.0443794 0.138644 0.954567
1 0.938092 0.489227 0.09287 0.135935 0.856673
2 0.962093 0.664582 0.0722457 0.0964149 0.80095
11 0.88522 0.984129 0.0721948 0.0317411 0.580757
5 0.700803 0.871909 0.14282 0.0918657 0.544104
