24 0.639421 0.587852 0.0417726 0.0493414 0.996145
12 0.318077 0.891282 0.0388039 0.0698676 0.985805
2 0.275886 0.502172 0.0334705 0.0417997 0.981024
18 0.234626 0.491741 0.0438129 0.0618967 0.980932
10 0.970947 0.492505 0.0368063 0.0663062 0.978966
2 0.462265 0.822328 0.031809 0.0383997 0.978417
18 0.680533 0.493027 0.043949 0.0631723 0.977399
12 0.85519 0.494545 0.0418255 0.0719587 0.97528
7 0.0852288 0.831436 0.0649016 0.0561085 0.971969
24 0.849035 0.747577 0.0413007 0.0489116 0.971084
2 0.427805 0.980054 0.0304692 0.038952 0.969514
12 0.972799 0.811673 0.0400906 0.0681713 0.966051
0 0.827073 0.584785 0.0547707 0.0385902 0.963935
0 0.619907 0.982145 0.0565767 0.0355375 0.960617
9 0.417321 0.739247 0.0386428 0.0392134 0.959904
2 0.490663 0.899772 0.0330482 0.0391276 0.95786
0 0.138834 0.978597 0.0569669 0.0393398 0.956435
2 0.970527 0.979517 0.0340567 0.039901 0.956132
29 0.768288 0.896784 0.0611119 0.0794821 0.955414
6 0.37622 0.740043 0.036206 0.0365562 0.953195
7 0.753571 0.669771 0.0418624 0.0555475 0.951409
0 0.787031 0.740219 0.0557804 0.0412123 0.950727
18 0.198019 0.972242 0.0439884 0.0547082 0.942134
9 0.391326 0.577707 0.0374868 0.039644 0.940988
0 0.75774 0.582485 0.0805809 0.0491509 0.938696
9 0.223075 0.820506 0.0356321 0.0380983 0.936848
12 0.924922 0.895429 0.0405545 0.0734729 0.934286
13 0.646826 0.493543 0.0208864 0.0654483 0.93411
18 0.677161 0.808411 0.0443499 0.0619259 0.930601
2 0.925087 0.500208 0.0312928 0.0454303 0.926835
5 0.874698 0.585302 0.0376275 0.0399762 0.926328
3 0.0894064 0.653975 0.0620305 0.0695314 0.924969
5 0.694365 0.900625 0.035274 0.0401762 0.92226
0 0.0819428 0.73995 0.058223 0.0464227 0.921327
0 0.863235 0.9004 0.0572877 0.0413795 0.916174
18 0.537718 0.897509 0.0401011 0.0514901 0.916079
5 0.990004 0.584253 0.0199918 0.0417953 0.91581
9 0.238285 0.664091 0.0381424 0.0397766 0.914794
5 0.538151 0.824668 0.0380697 0.0397394 0.910204
22 0.473923 0.743634 0.0368786 0.0419724 0.908081
0 0.648031 0.902269 0.052884 0.0394399 0.903149
4 0.115231 0.897878 0.0262388 0.0439696 0.902423
2 0.980294 0.742747 0.0312917 0.0428404 0.901805
7 0.925622 0.981776 0.0435896 0.0364487 0.896218
2 0.906488 0.660596 0.0343053 0.0394828 0.894094
2 0.60227 0.582931 0.0316372 0.0404978 0.891193
0 0.439185 0.502777 0.0598866 0.0414352 0.889797
5 0.361327 0.900708 0.0375305 0.0408405 0.886633
7 0.542294 0.592195 0.0424869 0.0551642 0.881054
5 0.469421 0.66111 0.0365808 0.0414065 0.878875
10 0.323261 0.493563 0.0471661 0.0684626 0.876296
5 0.7632 0.823743 0.0564449 0.0413277 0.872244
13 0.546662 0.493698 0.0192692 0.0680501 0.8655
0 0.875694 0.98157 0.0532489 0.0360222 0.863566
3 0.239764 0.5737 0.0602788 0.0694008 0.861234
13 0.565787 0.730184 0.0231421 0.0684581 0.858324
0 0.0835426 0.497437 0.0603063 0.0656224 0.856693
9 0.650036 0.661692 0.0338233 0.0379008 0.855322
5 0.815683 0.902256 0.0356624 0.0396723 0.854226
0 0.482123 0.58218 0.077656 0.041038 0.852972
8 0.49693 0.823307 0.034067 0.0383954 0.844237
13 0.231621 0.958437 0.0206969 0.0815022 0.84409
18 0.150582 0.740708 0.054827 0.0481148 0.843771
2 0.718455 0.815702 0.0326158 0.0517862 0.837215
10 0.439414 0.569204 0.0351087 0.0665447 0.835402
0 0.522809 0.744013 0.0565426 0.04162 0.833967
6 0.351683 0.583356 0.0373131 0.0395715 0.832017
6 0.186134 0.821787 0.0370212 0.0391608 0.830593
7 0.893312 0.752452 0.0386508 0.0550425 0.826754
2 0.396045 0.658995 0.0327287 0.0412071 0.823987
13 0.928746 0.808068 0.0195484 0.0676607 0.821604
14 0.576367 0.570612 0.0160217 0.0619633 0.812329
2 0.493722 0.982746 0.0390873 0.0344722 0.804484
9 0.726893 0.741066 0.0360322 0.0411125 0.80156
6 0.795278 0.660504 0.0382674 0.0366712 0.800536
13 0.432257 0.647745 0.0398613 0.06971 0.787554
7 0.819655 0.978414 0.0582834 0.0428116 0.779114
9 0.599373 0.743134 0.0384707 0.0429143 0.777979
8 0.717824 0.981456 0.0362543 0.0370883 0.765902
13 0.264529 0.967343 0.0289942 0.0649965 0.764837
7 0.678186 0.980807 0.0402794 0.0379626 0.756078
21 0.308479 0.97932 0.0525347 0.0413609 0.741001
7 0.169654 0.906601 0.0659595 0.0544927 0.740956
1 0.857647 0.820824 0.0374153 0.0713072 0.681254
16 0.611303 0.501329 0.0489283 0.045186 0.673471
23 0.399211 0.820278 0.0308273 0.0388395 0.663268
6 0.909161 0.822525 0.0584232 0.0398412 0.6595
22 0.375817 0.498824 0.0373448 0.0478399 0.655749
0 0.747321 0.502855 0.0861362 0.0456126 0.633691
23 0.804456 0.503512 0.0341268 0.0405518 0.624395
13 0.969938 0.896251 0.0454876 0.0828655 0.623887
13 0.346899 0.96954 0.0307853 0.0596439 0.608417
10 0.647117 0.733314 0.0343421 0.0753442 0.578215
22 0.155207 0.507681 0.0630636 0.0410047 0.578026
13 0.636761 0.810746 0.0334861 0.0658522 0.577143
6 0.0933532 0.98175 0.0365924 0.0361328 0.57544
12 0.511865 0.494238 0.0476377 0.0729035 0.556889
6 0.943586 0.583424 0.0323703 0.0393085 0.555017
22 0.194652 0.74167 0.0339746 0.0436981 0.546209
22 0.934022 0.740409 0.0376151 0.0438747 0.524519
4 0.376966 0.978191 0.0246149 0.0414392 0.516483
