1 0.781972 0.217424 0.0919478 0.13786 0.99401
11 0.289461 0.167508 0.0895134 0.134127 0.992568
13 0.456746 0.169181 0.0438388 0.147785 0.990145
27 0.860028 0.217567 0.0575234 0.136316 0.989095
4 0.697117 0.189088 0.0727619 0.120932 0.984134
13 0.3572 0.170619 0.0437748 0.146186 0.981649
5 0.648649 0.0213262 0.08569 0.0426523 0.980796
5 0.614845 0.193444 0.0891762 0.096871 0.97272
14 0.410034 0.167032 0.0489141 0.149213 0.971655
4 0.515576 0.164371 0.0769135 0.141145 0.968501
0 0.958277 0.196696 0.0834469 0.0967757 0.958827
2 0.898543 0.0227302 0.0727299 0.0454604 0.943691
8 0.199801 0.0191618 0.0861961 0.0383236 0.938769
0 0.0459553 0.189439 0.0919106 0.0964385 0.914463
6 0.809834 0.0209675 0.0834756 0.041935 0.895605
19 0.576176 0.0215596 0.0525355 0.0431193 0.823947
14 0.384493 0.0198717 0.0371209 0.0397434 0.623185
5 0.166511 0.189026 0.148857 0.0916286 0.58792
8 0.306461 0.018695 0.115331 0.03739 0.556707
18 0.0812775 0.0160191 0.133594 0.0320381 0.556452
6 0.501141 0.017958 0.0803184 0.0359159 0.531954
