27 0.733223 0.19373 0.0583069 0.13526 0.985063
2 0.0890767 0.186096 0.0747218 0.0946816 0.982861
23 0.162248 0.18528 0.0722696 0.092768 0.982602
4 0.232341 0.172458 0.0592571 0.113007 0.974853
2 0.296869 0.17207 0.0679549 0.0965814 0.955486
2 0.449562 0.172943 0.0734076 0.0916878 0.934975
28 0.647937 0.152122 0.108596 0.159084 0.841866
23 0.372468 0.174476 0.0777181 0.0907293 0.819788
14 0.318932 0.012473 0.0384033 0.0249459 0.756512
19 0.549814 0.154239 0.0662184 0.0599673 0.729167
14 0.98681 0.142476 0.0263808 0.153994 0.709619
22 0.241302 0.0129054 0.0811675 0.0258109 0.619006
