1 0.861099 0.373472 0.0871625 0.131503 0.994168
1 0.93302 0.170366 0.0881571 0.132181 0.993453
27 0.937762 0.37096 0.0488937 0.12874 0.990118
4 0.873512 0.938223 0.0876031 0.123554 0.979081
14 0.596082 0.929979 0.048205 0.139682 0.978622
9 0.897894 0.746397 0.079355 0.0939466 0.977737
2 0.751604 0.952909 0.0671515 0.0928141 0.974976
5 0.684787 0.753028 0.0789003 0.0880637 0.972035
4 0.759669 0.748023 0.0653831 0.106855 0.971174
4 0.601345 0.547102 0.0678411 0.108834 0.968622
8 0.767108 0.353807 0.0922666 0.091699 0.965249
22 0.985521 0.755518 0.0289586 0.0786583 0.965178
19 0.710649 0.147611 0.056636 0.0845605 0.964634
13 0.756904 0.122227 0.0320498 0.132123 0.959022
6 0.66574 0.954511 0.0911479 0.0880961 0.95059
2 0.825349 0.754432 0.0649713 0.0923961 0.949134
4 0.609996 0.743001 0.0692819 0.104927 0.944565
2 0.668639 0.552889 0.0652788 0.0912955 0.937753
0 0.961616 0.955181 0.0767685 0.0896379 0.935469
4 0.815858 0.14159 0.0717971 0.104545 0.914901
18 0.841722 0.539293 0.125605 0.124134 0.791865
10 0.619511 0.12981 0.111507 0.139064 0.747364
6 0.650411 0.356378 0.13879 0.0881773 0.71622
13 0.990627 0.142564 0.0187455 0.127433 0.674976
10 0.955036 0.529864 0.0853722 0.137962 0.610085
