1 0.609272 0.370748 0.0911599 0.131571 0.997654
1 0.0386125 0.949098 0.0772251 0.101077 0.995436
11 0.639408 0.924226 0.0877492 0.136162 0.992064
18 0.443298 0.521788 0.107236 0.139567 0.989337
27 0.110002 0.949159 0.0576448 0.101682 0.989308
4 0.918812 0.738529 0.0749295 0.117669 0.98929
0 0.237019 0.947408 0.14142 0.101345 0.988843
18 0.562853 0.522932 0.107796 0.136816 0.988836
4 0.512127 0.143608 0.0819333 0.108836 0.98684
2 0.804735 0.339811 0.0725297 0.0874774 0.986202
5 0.0636603 0.152249 0.0822684 0.0896647 0.98372
2 0.149958 0.748292 0.0698122 0.0942203 0.983194
2 0.788864 0.147387 0.0690081 0.0924886 0.98308
5 0.425079 0.150602 0.0878657 0.0928841 0.98265
23 0.711773 0.149332 0.0780287 0.0866533 0.982406
4 0.344728 0.141681 0.0768727 0.111094 0.982261
5 0.964744 0.152022 0.0705115 0.092576 0.981272
13 0.720598 0.719574 0.036822 0.132538 0.981147
7 0.874489 0.177499 0.0974374 0.129633 0.980303
23 0.46735 0.7491 0.0716679 0.0882392 0.979702
2 0.254977 0.352201 0.0783033 0.0946714 0.978093
13 0.810145 0.923333 0.0473435 0.150136 0.977846
2 0.184421 0.54704 0.0718498 0.0939089 0.976205
5 0.979863 0.741715 0.0402733 0.0918097 0.974959
2 0.353395 0.546872 0.0704362 0.0910087 0.974482
2 0.590279 0.150543 0.0707306 0.0932748 0.973934
4 0.375071 0.739213 0.0660906 0.103849 0.972919
7 0.913352 0.3753 0.0961301 0.125836 0.972722
5 0.966507 0.946716 0.0669864 0.0946898 0.972239
9 0.484963 0.346204 0.094523 0.104808 0.971861
8 0.157773 0.153891 0.100483 0.0907312 0.97176
13 0.711973 0.923034 0.0462911 0.151282 0.971026
14 0.760206 0.923354 0.0495245 0.142917 0.96959
6 0.711567 0.346222 0.0931184 0.0864266 0.96921
6 0.383623 0.345995 0.0980483 0.0905852 0.968252
2 0.34978 0.947105 0.0696794 0.0981098 0.967675
2 0.538192 0.743992 0.0711532 0.0942385 0.967132
23 0.281653 0.548612 0.0713925 0.0869243 0.965724
5 0.0222081 0.348601 0.0443279 0.0887059 0.963772
4 0.87102 0.921131 0.0740596 0.146921 0.962246
4 0.081789 0.344718 0.0734217 0.114668 0.958835
5 0.543522 0.947418 0.0902697 0.0969841 0.953675
13 0.314414 0.316548 0.0409259 0.143931 0.945005
6 0.0516087 0.747755 0.10245 0.0916865 0.931517
2 0.155969 0.352696 0.0715502 0.0932732 0.927134
2 0.666299 0.542431 0.0773008 0.0923455 0.914343
4 0.982858 0.339975 0.0342842 0.0992274 0.905457
4 0.256343 0.144514 0.096408 0.0999222 0.896708
6 0.777538 0.535275 0.137127 0.109732 0.892378
4 0.792692 0.736765 0.104802 0.105721 0.736133
18 0.986247 0.532444 0.027506 0.123325 0.666751
6 0.0732063 0.537923 0.13543 0.104492 0.573664
