4 0.976288 0.172807 0.0474247 0.116109 0.986789
2 0.839128 0.186168 0.0748427 0.0946657 0.984274
23 0.911932 0.185728 0.0727197 0.0932332 0.979708
1 0.668075 0.0395832 0.092912 0.0791664 0.978634
2 0.483454 0.193581 0.0797393 0.100597 0.974951
8 0.741399 0.192688 0.0992653 0.0970097 0.971763
2 0.276426 0.0224169 0.0784763 0.0448337 0.958058
6 0.183783 0.0208725 0.0905065 0.041745 0.949208
7 0.251057 0.219804 0.164991 0.131873 0.939322
14 0.105644 0.0209308 0.0468047 0.0418615 0.932063
22 0.0362428 0.0225254 0.0721795 0.045047 0.765766
14 0.573189 0.0192522 0.0539329 0.0385043 0.690183
8 0.0251436 0.197928 0.0501923 0.0931473 0.668778
