11 0.536693 0.242256 0.0382261 0.0638865 0.988283
4 0.674746 0.337168 0.03245 0.0582821 0.984396
2 0.451704 0.250559 0.02863 0.0416471 0.978808
24 0.682593 0.26672 0.038712 0.062977 0.975113
6 0.415292 0.249753 0.0411838 0.0395328 0.969435
1 0.506368 0.177696 0.0423788 0.0660423 0.964968
2 0.650226 0.0137149 0.0413228 0.0274298 0.962037
2 0.532529 0.33909 0.0283387 0.0443555 0.958198
5 0.642134 0.172197 0.039863 0.0445636 0.958075
2 0.602961 0.338919 0.031677 0.0449777 0.953419
5 0.71748 0.0135412 0.0391021 0.0270824 0.947654
0 0.387577 0.330406 0.0863766 0.0561268 0.943649
23 0.799884 0.25836 0.0352899 0.0418259 0.934939
24 0.805006 0.353382 0.0394843 0.0661423 0.933658
5 0.450213 0.168376 0.0388773 0.041881 0.927503
6 0.549811 0.172896 0.0405002 0.0405746 0.923604
6 0.854261 0.342607 0.0576184 0.0438184 0.921031
21 0.363308 0.1727 0.0431394 0.0666057 0.919476
2 0.649427 0.255876 0.0320656 0.0437937 0.916818
5 0.835134 0.0918592 0.0366101 0.0414027 0.912759
8 0.952251 0.258582 0.0412022 0.0450755 0.90932
5 0.592059 0.255063 0.0383509 0.0431042 0.908417
1 0.369504 0.254523 0.0431198 0.0644229 0.905616
11 0.986008 0.334828 0.0279251 0.0683209 0.873504
13 0.398588 0.0674371 0.0194466 0.0719354 0.87217
6 0.585435 0.0884855 0.0384591 0.0419005 0.868883
14 0.624261 0.243592 0.019835 0.0649962 0.867612
5 0.72175 0.251717 0.0405378 0.0522357 0.860963
13 0.914124 0.0805589 0.0197151 0.0630215 0.858425
18 0.503083 0.081204 0.0363673 0.0506917 0.850223
2 0.875027 0.173694 0.034009 0.0451806 0.8443
12 0.560593 0.0218518 0.0353601 0.0437035 0.842396
18 0.369316 0.0758889 0.0385408 0.0518554 0.841929
9 0.784678 0.088446 0.0367633 0.0427784 0.838269
5 0.496854 0.253464 0.0386493 0.043076 0.835533
24 0.908686 0.182164 0.0292594 0.0512879 0.830718
4 0.900109 0.340498 0.03143 0.0532763 0.816197
4 0.987432 0.258942 0.0251358 0.0483013 0.81574
12 0.682803 0.162561 0.0333979 0.0656933 0.792632
9 0.94436 0.091413 0.034797 0.0415083 0.7542
18 0.762163 0.254705 0.037648 0.0507203 0.752904
21 0.409226 0.164063 0.0412509 0.0481572 0.741031
5 0.485976 0.336685 0.0355954 0.0412797 0.729509
1 0.7211 0.183052 0.0406699 0.0657432 0.721106
22 0.948748 0.345551 0.0341344 0.0415304 0.712557
22 0.837464 0.258118 0.0337095 0.0428279 0.711563
4 0.620422 0.0817401 0.0316443 0.0525509 0.710947
22 0.872215 0.013323 0.0341916 0.0266459 0.708044
9 0.509414 0.0129394 0.0368433 0.0258788 0.706019
6 0.544005 0.0841332 0.0417554 0.0475692 0.694822
2 0.468983 0.0857113 0.0306683 0.0446568 0.665342
8 0.831327 0.0147259 0.0439987 0.0294519 0.623644
18 0.886478 0.0853066 0.0550383 0.0538323 0.611257
18 0.974704 0.179311 0.0505921 0.0456077 0.584905
18 0.824489 0.17223 0.0378816 0.0459868 0.580894
5 0.589986 0.162527 0.0398904 0.0629167 0.571942
8 0.92085 0.0157787 0.0412427 0.0315575 0.511617
