4 0.901124 0.789348 0.0686972 0.105628 0.989448
2 0.663509 0.0274922 0.0700495 0.0549843 0.9844
14 0.752578 0.778925 0.0446463 0.138215 0.981995
8 0.69827 0.603078 0.0901442 0.0958292 0.976189
23 0.761166 0.405745 0.0604012 0.083446 0.97505
16 0.590433 0.806028 0.0930002 0.0959139 0.972993
21 0.676695 0.427527 0.097486 0.132544 0.96953
14 0.785962 0.183882 0.0462084 0.137748 0.968941
22 0.683972 0.807607 0.0802356 0.0910078 0.968509
5 0.967103 0.793093 0.0657948 0.0916414 0.968045
8 0.578118 0.028573 0.0894241 0.0571461 0.960259
14 0.861361 0.573064 0.0494518 0.135982 0.95972
22 0.790836 0.60233 0.0789855 0.0834513 0.959661
21 0.907521 0.419605 0.0965819 0.134248 0.957079
2 0.824937 0.401268 0.0656505 0.0935433 0.956859
14 0.83179 0.180873 0.0470004 0.136473 0.953045
9 0.976913 0.20053 0.0461732 0.0887406 0.948577
5 0.978759 0.394821 0.0424825 0.0879921 0.945827
6 0.946304 0.594814 0.106221 0.0882864 0.931912
4 0.953564 0.968831 0.0833634 0.0622958 0.909272
7 0.82941 0.975142 0.154818 0.0497162 0.889231
6 0.819466 0.798886 0.0898502 0.0879848 0.865319
5 0.902198 0.197667 0.0856903 0.0897353 0.854881
7 0.692091 0.23152 0.136366 0.136406 0.840828
8 0.588823 0.981916 0.0863581 0.0361679 0.840675
11 0.867679 0.0205811 0.089918 0.0411622 0.721554
14 0.943952 0.0199134 0.0376375 0.0398268 0.713408
