27 0.494175 0.0717703 0.0595862 0.136227 0.994795
1 0.0552572 0.0825866 0.0904134 0.136793 0.994538
1 0.252344 0.283043 0.0903753 0.138808 0.989868
1 0.47925 0.884533 0.0911448 0.134469 0.98174
2 0.0422282 0.259364 0.0755347 0.0915239 0.981056
9 0.253733 0.458043 0.0911639 0.0966718 0.978107
5 0.126754 0.258408 0.0851293 0.0935575 0.977805
22 0.481023 0.453538 0.0878181 0.0905083 0.975492
16 0.372072 0.457408 0.102619 0.0918385 0.97407
22 0.47322 0.252873 0.0891951 0.0904462 0.971856
6 0.0498741 0.456336 0.096435 0.0885888 0.969496
4 0.381476 0.648867 0.0685219 0.107996 0.96844
6 0.368015 0.257339 0.096049 0.0887372 0.967169
18 0.328336 0.0520375 0.108439 0.103836 0.965439
5 0.358324 0.863696 0.0917322 0.0930765 0.957142
13 0.286257 0.845252 0.0510197 0.148659 0.954898
22 0.15241 0.456857 0.0863841 0.0854691 0.951558
14 0.17118 0.63657 0.0521608 0.144228 0.947173
22 0.213076 0.865748 0.0869663 0.0882075 0.946389
22 0.0940732 0.663702 0.085303 0.0905929 0.942795
6 0.181714 0.0571405 0.140111 0.100354 0.931386
16 0.0186551 0.658471 0.0371812 0.0809994 0.89123
6 0.278212 0.658724 0.129128 0.0932474 0.805801
2 0.146698 0.98891 0.0793021 0.0221801 0.80013
21 0.480309 0.661147 0.0922474 0.0935197 0.572414
2 0.430555 0.0553043 0.0694383 0.0935983 0.534269
