11 0.823726 0.933095 0.092823 0.132726 0.994335
16 0.48691 0.961468 0.103953 0.0770644 0.993086
5 0.0397733 0.576324 0.0793052 0.0914006 0.990583
18 0.352663 0.939598 0.0952561 0.12032 0.988625
1 0.250727 0.96229 0.0904433 0.07542 0.987884
0 0.581957 0.763852 0.141099 0.0909169 0.986328
4 0.983765 0.945613 0.0324695 0.108774 0.984483
9 0.123566 0.571921 0.0861611 0.096741 0.982602
0 0.203142 0.374473 0.136817 0.0943043 0.982001
7 0.446096 0.399589 0.10229 0.136166 0.981731
9 0.449237 0.174202 0.0898383 0.0926682 0.981062
1 0.733255 0.194489 0.0920161 0.1304 0.980962
2 0.738113 0.959177 0.0715928 0.0813763 0.980497
9 0.849771 0.361876 0.094898 0.0990685 0.979048
5 0.480918 0.567335 0.088304 0.0995657 0.975218
4 0.559991 0.559615 0.0674803 0.113115 0.97407
7 0.381636 0.600852 0.0954179 0.125906 0.973938
5 0.326704 0.378948 0.0885254 0.0914394 0.973704
5 0.0156397 0.37925 0.0311956 0.0851669 0.973374
18 0.8508 0.747031 0.0945532 0.125746 0.972698
0 0.608106 0.175312 0.14524 0.0916771 0.971094
4 0.823905 0.164418 0.0720809 0.110058 0.970626
0 0.0562064 0.963854 0.111426 0.072292 0.96951
14 0.626173 0.347173 0.0523448 0.135849 0.967809
5 0.920776 0.957676 0.0881019 0.0846479 0.966435
4 0.836549 0.558087 0.07223 0.104176 0.966174
14 0.10922 0.356679 0.0512779 0.141447 0.963458
14 0.0547549 0.357399 0.0430573 0.132916 0.962861
14 0.216484 0.746855 0.0515832 0.139484 0.962212
6 0.552733 0.375229 0.094686 0.085487 0.961259
6 0.06542 0.178748 0.0943754 0.0845375 0.96116
22 0.593695 0.95799 0.0919907 0.0840206 0.960087
7 0.729828 0.783245 0.145372 0.131925 0.959958
5 0.63845 0.564824 0.0879967 0.0956764 0.958266
14 0.676564 0.348772 0.0508475 0.13517 0.954745
22 0.140879 0.771176 0.087362 0.0852048 0.947218
14 0.671455 0.936064 0.0450637 0.127872 0.94119
22 0.167329 0.17762 0.0850686 0.08543 0.935501
8 0.0432991 0.773183 0.0863993 0.0955856 0.927424
2 0.358834 0.179431 0.0762623 0.0909549 0.915673
13 0.932278 0.731022 0.0389841 0.154464 0.905762
6 0.28765 0.573862 0.0854405 0.0898985 0.893829
2 0.28602 0.768796 0.0742512 0.0889484 0.89095
22 0.751998 0.369602 0.0858741 0.0887378 0.874441
12 0.9494 0.541288 0.101199 0.146762 0.808704
8 0.961047 0.350995 0.0779068 0.134567 0.783762
27 0.157126 0.944467 0.0795655 0.110507 0.770685
18 0.407062 0.752079 0.156392 0.120583 0.76
10 0.748196 0.542493 0.09533 0.140886 0.731444
22 0.163079 0.0144214 0.0913717 0.0288429 0.712454
4 0.264425 0.171356 0.0901025 0.0944462 0.704959
16 0.939164 0.171083 0.121673 0.0879518 0.637983
5 0.978359 0.734119 0.0432822 0.13796 0.56901
22 0.0500225 0.0146031 0.0996328 0.0292061 0.563863
0 0.508262 0.0095067 0.148412 0.0189833 0.555998
