7 0.898991 0.149655 0.06215 0.0642082 0.994259
18 0.290841 0.0320383 0.0403038 0.058159 0.980076
21 0.309105 0.321083 0.0428537 0.0610822 0.979459
2 0.673344 0.493421 0.0341351 0.0433838 0.978287
5 0.835526 0.57926 0.0374219 0.0431137 0.972553
18 0.904021 0.400777 0.0404682 0.0556566 0.972265
6 0.0716935 0.31093 0.0391044 0.0405926 0.970591
11 0.960885 0.567951 0.0367031 0.0624232 0.969754
5 0.608822 0.0491841 0.0380527 0.0433022 0.968845
2 0.235003 0.40066 0.0285077 0.0420787 0.967184
7 0.32511 0.414124 0.0449989 0.058983 0.966951
1 0.517146 0.327159 0.042187 0.0615878 0.966213
22 0.63591 0.410554 0.0400543 0.042856 0.964115
2 0.69423 0.139008 0.0321813 0.0441007 0.962658
4 0.891586 0.0499338 0.0251197 0.0432326 0.961507
2 0.946727 0.402899 0.0330955 0.0423417 0.960366
5 0.461037 0.313002 0.0423928 0.0442194 0.958568
13 0.0938781 0.209421 0.0218756 0.0674677 0.958109
2 0.844295 0.137629 0.0336831 0.0404081 0.957822
18 0.678181 0.572621 0.043118 0.05784 0.956912
7 0.768451 0.2378 0.0461156 0.0608414 0.956468
13 0.326033 0.0342031 0.0221547 0.0670453 0.955876
1 0.0267087 0.322145 0.0422269 0.0592325 0.954706
9 0.209941 0.221972 0.0392935 0.0454457 0.954059
22 0.443909 0.13479 0.0371842 0.0397664 0.951334
2 0.783317 0.137454 0.0285461 0.0438154 0.949854
8 0.349023 0.134629 0.0450518 0.0433914 0.949296
2 0.38245 0.582511 0.0350065 0.0454092 0.949059
2 0.537389 0.41032 0.0299685 0.0469919 0.948148
0 0.488525 0.404912 0.0619879 0.0444669 0.945859
8 0.0500741 0.400778 0.043088 0.0432078 0.945274
22 0.247685 0.0429928 0.0399372 0.0402731 0.943627
5 0.305812 0.13457 0.0400805 0.0402511 0.943611
6 0.16914 0.223242 0.0417044 0.0436847 0.943289
0 0.149095 0.398858 0.0577886 0.0419376 0.943227
2 0.375086 0.22453 0.0272648 0.041474 0.941574
13 0.0436521 0.031765 0.0209441 0.0635301 0.94134
5 0.448511 0.225771 0.0384424 0.0428935 0.94044
8 0.610821 0.134844 0.043076 0.0461231 0.940276
1 0.116803 0.592161 0.0454205 0.0615867 0.939842
8 0.498166 0.582659 0.0434327 0.0456088 0.939145
2 0.152729 0.131257 0.031747 0.0431488 0.938106
18 0.407988 0.035768 0.0439665 0.0583309 0.937823
2 0.538023 0.582354 0.0338807 0.04347 0.93433
8 0.552493 0.495295 0.0405535 0.0431569 0.934075
22 0.0371021 0.492502 0.0386886 0.0422502 0.933868
2 0.430171 0.404723 0.0336078 0.0442594 0.93346
22 0.511693 0.495151 0.0376145 0.0418912 0.933129
23 0.727937 0.138594 0.0326574 0.0434243 0.932537
5 0.862121 0.408601 0.0394285 0.0409243 0.932048
5 0.112418 0.312711 0.038713 0.041891 0.930433
8 0.698217 0.320181 0.042738 0.0447391 0.927895
0 0.782083 0.494862 0.0611998 0.0422368 0.925363
2 0.449538 0.0474755 0.0361858 0.0431051 0.924285
6 0.855544 0.0521582 0.0418804 0.0426608 0.923807
7 0.489129 0.0536718 0.0430709 0.0598848 0.922858
5 0.655913 0.317953 0.0425947 0.0441716 0.921724
11 0.316722 0.212939 0.0406706 0.0630782 0.91929
22 0.839718 0.230295 0.038969 0.0404763 0.915982
0 0.245068 0.308854 0.0586204 0.0434335 0.91408
8 0.48943 0.227243 0.0433617 0.0416022 0.913114
9 0.833748 0.319693 0.042305 0.0435638 0.912559
6 0.653808 0.138468 0.0422938 0.042143 0.910214
1 0.0229207 0.225025 0.0393127 0.0632214 0.908061
4 0.928761 0.0475675 0.0303676 0.0520198 0.899718
7 0.975298 0.235038 0.0494045 0.0622777 0.898725
18 0.154013 0.302928 0.0416766 0.0593234 0.897726
6 0.0950755 0.401536 0.0428995 0.0414017 0.897319
6 0.536306 0.0477686 0.0417259 0.0459087 0.897283
18 0.575626 0.574096 0.0394409 0.0532601 0.895848
6 0.112587 0.13149 0.0411673 0.0422397 0.894769
14 0.725716 0.218227 0.0207376 0.0632648 0.892051
0 0.911126 0.231689 0.0782647 0.0417537 0.891331
18 0.162199 0.571588 0.0434274 0.0639633 0.88952
14 0.349487 0.211617 0.021228 0.0630234 0.887966
13 0.569653 0.218013 0.0254374 0.0640687 0.887547
8 0.958213 0.145201 0.04383 0.0445157 0.88244
0 0.199903 0.131078 0.0612406 0.0427092 0.868465
5 0.196786 0.312097 0.0359426 0.0463433 0.868204
18 0.341033 0.483606 0.0550804 0.0645564 0.863819
1 0.0714978 0.139538 0.0405752 0.0560895 0.862085
6 0.408628 0.219247 0.0383196 0.0496033 0.861083
11 0.126645 0.211887 0.0416853 0.0635865 0.856058
13 0.803949 0.570033 0.0248184 0.0638721 0.8548
2 0.0742054 0.0455837 0.0372574 0.0450301 0.852168
0 0.721139 0.483835 0.0604999 0.062488 0.84839
18 0.534406 0.21737 0.0464849 0.0621473 0.845333
9 0.599448 0.228032 0.0361649 0.0447202 0.83223
0 0.583393 0.410849 0.0592309 0.0456833 0.819072
16 0.769446 0.582692 0.0430781 0.0429404 0.810068
4 0.574399 0.0431094 0.0298407 0.0556722 0.794198
10 0.471289 0.483616 0.043838 0.0630023 0.7892
13 0.0379716 0.119166 0.0232301 0.0650539 0.769294
13 0.437709 0.484246 0.0213083 0.0631714 0.767878
6 0.791945 0.319174 0.0374777 0.041838 0.758744
6 0.0659811 0.218884 0.0416615 0.0439968 0.756422
9 0.622493 0.494361 0.0373681 0.0416534 0.72504
2 0.885754 0.311569 0.0370841 0.0612857 0.722022
2 0.959635 0.0531391 0.0305209 0.0471202 0.711303
21 0.856534 0.501699 0.0660452 0.0620446 0.700622
2 0.357677 0.0455858 0.0374771 0.0409002 0.693533
23 0.0167429 0.0445449 0.0332045 0.0402236 0.691183
6 0.661947 0.0451721 0.0616962 0.0501293 0.679455
22 0.55694 0.136595 0.062557 0.0421647 0.638179
9 0.714735 0.046966 0.0421066 0.0484266 0.638017
5 0.68775 0.408666 0.0633883 0.0430909 0.637923
2 0.719183 0.583706 0.0331506 0.0437033 0.636539
7 0.092706 0.492277 0.0675404 0.0857869 0.635611
22 0.982184 0.405492 0.035633 0.0416266 0.635122
10 0.278963 0.12418 0.0374066 0.0653625 0.631831
10 0.933589 0.30869 0.0391626 0.0690315 0.624598
23 0.204781 0.399085 0.0329983 0.043864 0.624493
23 0.282991 0.583995 0.0300694 0.0459577 0.592313
22 0.0134744 0.401999 0.026668 0.044633 0.573328
6 0.753116 0.409322 0.0611141 0.0459274 0.53451
2 0.59071 0.4951 0.0338345 0.0416322 0.531681
14 0.0169162 0.120895 0.0209056 0.0651503 0.525729
10 0.198107 0.0320238 0.0534434 0.0640269 0.510053
4 0.270426 0.486495 0.027598 0.0570956 0.503597
