24 0.227334 0.707525 0.0792798 0.117526 0.997414
1 0.122073 0.319056 0.0890641 0.130488 0.996037
5 0.352132 0.0940301 0.09096 0.0924638 0.98689
2 0.151671 0.692832 0.0765345 0.0925071 0.980007
0 0.249935 0.89664 0.141293 0.0925744 0.979
13 0.0488331 0.272705 0.0435913 0.136408 0.97797
18 0.0474799 0.471405 0.0949597 0.140312 0.97633
2 0.141792 0.495511 0.0787982 0.0925007 0.975374
14 0.364811 0.668729 0.0512971 0.141378 0.974932
2 0.312082 0.293874 0.0716764 0.0870893 0.973958
6 0.219807 0.29749 0.0979022 0.0874096 0.973706
9 0.0446598 0.693469 0.088906 0.0979164 0.971292
5 0.113811 0.0934175 0.0838844 0.0934524 0.970165
4 0.363094 0.86758 0.0806621 0.139457 0.968138
13 0.066641 0.864673 0.0459674 0.15465 0.964629
14 0.117202 0.872013 0.0455618 0.135024 0.962378
14 0.0125858 0.271728 0.0250786 0.137547 0.94683
13 0.315071 0.668764 0.0446367 0.137969 0.916761
4 0.208439 0.0854114 0.0988607 0.107212 0.836146
4 0.0372893 0.0694931 0.0741969 0.137419 0.796125
4 0.230897 0.487061 0.0958531 0.103078 0.780337
22 0.0185204 0.893746 0.0369777 0.087777 0.533787
