5 0.685012 0.0236584 0.0789522 0.0473169 0.989514
4 0.873625 0.188363 0.0857781 0.125381 0.979423
2 0.751831 0.202345 0.0666134 0.0917448 0.974003
14 0.596075 0.181807 0.0474975 0.142751 0.972504
9 0.898384 0.0213359 0.0783823 0.0426718 0.958642
6 0.665931 0.204384 0.0908222 0.0878108 0.949822
0 0.962144 0.208655 0.0757122 0.0958988 0.948853
2 0.825487 0.0252134 0.0660431 0.0504267 0.940601
14 0.758191 0.0258414 0.0520289 0.0516828 0.870787
4 0.609039 0.0222714 0.0533707 0.0445428 0.812565
22 0.985596 0.0221807 0.0288074 0.0443613 0.68924
