1 0.387108 0.507849 0.0934944 0.1341 0.997171
27 0.754851 0.501589 0.0520531 0.131738 0.993947
1 0.165405 0.511362 0.0893004 0.132466 0.992357
23 0.800526 0.281751 0.0728363 0.0892703 0.986532
4 0.687285 0.279864 0.0716646 0.110546 0.983664
2 0.083838 0.0915014 0.071608 0.0881572 0.983012
22 0.982734 0.673034 0.0345317 0.0893129 0.982791
8 0.91091 0.671572 0.0932257 0.0933723 0.980736
5 0.0233506 0.889761 0.0466247 0.0921812 0.979801
38 0.49866 0.0638215 0.129779 0.127643 0.979764
18 0.971545 0.269248 0.0569013 0.117262 0.979642
2 0.518049 0.881627 0.0749999 0.0917001 0.979278
13 0.29951 0.0632673 0.0415674 0.126535 0.978893
2 0.567177 0.682163 0.0834816 0.0960788 0.978062
14 0.449713 0.659264 0.0462965 0.136375 0.976672
22 0.597613 0.882908 0.0820111 0.0855386 0.975701
6 0.797307 0.677383 0.0920973 0.0814476 0.974152
14 0.157943 0.267467 0.0456961 0.140489 0.973837
6 0.619033 0.0844925 0.097379 0.0877137 0.972297
5 0.500458 0.290123 0.091199 0.0913099 0.970615
14 0.986705 0.857147 0.0265896 0.147622 0.969468
5 0.0859649 0.293684 0.0930803 0.0941409 0.968316
18 0.26402 0.464213 0.0921148 0.135224 0.968163
8 0.813196 0.086631 0.0951072 0.0907272 0.967973
10 0.397912 0.262481 0.0928788 0.142916 0.967608
4 0.0234247 0.078527 0.0468065 0.117667 0.966721
18 0.860073 0.463875 0.0912774 0.125053 0.966459
4 0.29693 0.875523 0.0721542 0.112592 0.960994
14 0.498685 0.66068 0.0431145 0.135184 0.96095
5 0.717968 0.0853559 0.0898869 0.0929656 0.955641
2 0.7117 0.678593 0.0777631 0.0965543 0.954514
8 0.596414 0.285636 0.106492 0.0915265 0.94981
2 0.218924 0.679572 0.0908057 0.0954823 0.938542
13 0.933655 0.454471 0.0471755 0.138585 0.934671
6 0.51554 0.4866 0.145369 0.089249 0.915466
6 0.20822 0.885834 0.100558 0.0898788 0.915061
18 0.0238551 0.665517 0.0477102 0.139646 0.868432
8 0.887447 0.279031 0.096971 0.0941305 0.833414
18 0.929202 0.0703027 0.141596 0.12498 0.816395
18 0.661374 0.46716 0.132933 0.119138 0.803009
10 0.394819 0.861642 0.0878249 0.138271 0.784858
10 0.0306149 0.27253 0.0606635 0.139082 0.753062
13 0.297839 0.264694 0.0674968 0.142914 0.658792
6 0.255481 0.290024 0.147113 0.0938606 0.63017
18 0.213695 0.0726824 0.134793 0.126672 0.524054
13 0.0965309 0.661343 0.0884652 0.141167 0.515
