1 0.505537 0.751358 0.0824697 0.134108 0.993555
22 0.694088 0.734361 0.0810661 0.0881 0.985627
0 0.805787 0.145221 0.135922 0.0887057 0.985177
9 0.674715 0.1403 0.0850484 0.0938845 0.984045
13 0.519764 0.120112 0.0425636 0.137929 0.981654
2 0.49388 0.332002 0.0704086 0.0941731 0.979742
0 0.72673 0.539143 0.133272 0.0944674 0.978103
18 0.831275 0.324699 0.0879316 0.125114 0.974824
2 0.835394 0.541781 0.0678414 0.094873 0.974695
5 0.740743 0.338578 0.0848215 0.0911518 0.974674
14 0.476871 0.12394 0.0421457 0.13846 0.974632
0 0.935881 0.543873 0.126906 0.0905653 0.973881
8 0.946733 0.743331 0.0939413 0.0919323 0.972995
6 0.599799 0.735038 0.0898001 0.0872917 0.972929
5 0.924977 0.149943 0.082027 0.0894584 0.97228
6 0.58472 0.144813 0.084505 0.0849323 0.967541
0 0.755071 0.94237 0.17511 0.101791 0.967439
0 0.953316 0.347941 0.0933685 0.0986382 0.959268
13 0.622652 0.511413 0.0446391 0.136299 0.958814
27 0.648475 0.340528 0.0471678 0.135019 0.933172
4 0.984612 0.138856 0.0307767 0.130553 0.916691
18 0.521286 0.918368 0.126008 0.131373 0.879964
6 0.529671 0.533725 0.132226 0.0874074 0.834233
13 0.995778 0.721002 0.00844336 0.120392 0.558183
