27 0.429531 0.660366 0.0487684 0.136921 0.994126
1 0.352942 0.665498 0.0864826 0.130781 0.992245
2 0.336211 0.238008 0.0704486 0.0952872 0.987796
7 0.953352 0.249132 0.0932956 0.126496 0.987051
4 0.518831 0.232262 0.0770931 0.11657 0.983993
16 0.510041 0.637049 0.0988132 0.0912384 0.983762
0 0.600235 0.0430001 0.13659 0.0860002 0.983668
14 0.222997 0.416229 0.0496565 0.136691 0.98066
4 0.150403 0.0458692 0.0673684 0.0917383 0.979641
5 0.340806 0.439147 0.0887884 0.0941896 0.977551
4 0.746999 0.42214 0.0648739 0.107614 0.97735
8 0.422187 0.835589 0.09611 0.0922524 0.976736
2 0.0336371 0.646011 0.0671275 0.0841999 0.976468
6 0.0692816 0.0475006 0.0906011 0.0905587 0.975234
4 0.213787 0.834136 0.072891 0.10691 0.975229
2 0.815207 0.428099 0.07258 0.0919929 0.97511
4 0.890813 0.621455 0.0739434 0.112527 0.975096
19 0.750272 0.232003 0.0648546 0.0893589 0.973533
8 0.260388 0.637481 0.0933212 0.0962803 0.973144
13 0.0215346 0.418399 0.0430692 0.147945 0.973002
5 0.978088 0.42345 0.0438249 0.0886167 0.972296
14 0.681447 0.604511 0.0464327 0.137859 0.972138
13 0.522454 0.415211 0.0485741 0.144348 0.972105
19 0.0973242 0.642526 0.0589938 0.0883865 0.971288
2 0.371884 0.0436386 0.0719163 0.0867194 0.971136
22 0.449963 0.436241 0.0852638 0.0918961 0.967553
6 0.77832 0.632064 0.143221 0.0921233 0.964907
13 0.174572 0.419358 0.044271 0.144574 0.960843
13 0.794729 0.804518 0.0412723 0.140306 0.960483
5 0.22782 0.0447135 0.0864565 0.0887449 0.959779
14 0.269143 0.416728 0.0457949 0.135671 0.958234
2 0.099672 0.437144 0.0706126 0.090431 0.956331
6 0.107701 0.844634 0.136645 0.0921872 0.956194
22 0.608836 0.631513 0.0860772 0.0916512 0.949748
22 0.521022 0.840833 0.0822099 0.087785 0.94905
0 0.932602 0.0425219 0.134797 0.0850438 0.946829
6 0.17083 0.645118 0.0844627 0.0839235 0.943967
2 0.823193 0.228357 0.076947 0.0940351 0.940556
8 0.717788 0.0389948 0.0924884 0.0779512 0.936352
14 0.0173957 0.819544 0.0347433 0.140429 0.93052
4 0.85231 0.823299 0.0710446 0.107647 0.911108
7 0.0750558 0.268169 0.149903 0.134538 0.905717
7 0.628904 0.451518 0.157036 0.132455 0.900348
4 0.903118 0.422398 0.0926971 0.0967379 0.895026
23 0.40654 0.237052 0.0676069 0.0863048 0.893897
19 0.743092 0.829663 0.0596886 0.0876362 0.865208
19 0.231825 0.976744 0.0617226 0.0465114 0.863876
4 0.303369 0.0440197 0.0602703 0.0880394 0.857196
7 0.972466 0.610707 0.0550413 0.14758 0.843705
5 0.658831 0.231285 0.0983106 0.0942352 0.795373
2 0.67795 0.836481 0.074285 0.0939496 0.7727
14 0.0122026 0.0483167 0.0243802 0.0966333 0.738269
6 0.226331 0.239233 0.13005 0.0986891 0.723567
13 0.784184 0.96803 0.039386 0.0639397 0.71347
5 0.313792 0.838384 0.0868905 0.0936866 0.692758
13 0.844422 0.0387391 0.0355822 0.0774781 0.634033
13 0.820258 0.606774 0.0578692 0.139983 0.546869
10 0.611848 0.208218 0.0861456 0.140714 0.511587
