1 0.805611 0.0826883 0.089896 0.136827 0.994538
1 0.699732 0.483692 0.0872874 0.134523 0.994256
1 0.224699 0.699464 0.0935221 0.13438 0.993938
18 0.51428 0.639817 0.108774 0.142959 0.990807
16 0.735473 0.665082 0.102036 0.0939977 0.985546
2 0.121087 0.469265 0.0710655 0.0913365 0.984324
2 0.422715 0.665571 0.0719115 0.0903983 0.980967
5 0.687426 0.0617993 0.0838284 0.0942939 0.980389
2 0.792169 0.259967 0.0737433 0.0918856 0.978736
8 0.324321 0.878006 0.0924357 0.0905561 0.978084
21 0.224226 0.492907 0.131921 0.13448 0.977249
5 0.87672 0.258408 0.0850989 0.0935706 0.97617
13 0.509104 0.056714 0.0488614 0.113428 0.974829
19 0.548577 0.868849 0.062286 0.0897492 0.974366
13 0.452518 0.446862 0.0450655 0.141119 0.970546
6 0.326546 0.672521 0.0959327 0.0881612 0.969744
14 0.0515224 0.449639 0.0453979 0.136918 0.968997
22 0.227926 0.881699 0.0860617 0.0907799 0.96863
8 0.128455 0.878754 0.096284 0.0944335 0.967628
6 0.799336 0.456359 0.0975585 0.0885941 0.966966
4 0.33761 0.46314 0.0643325 0.103638 0.966431
14 0.196524 0.24857 0.045965 0.133524 0.965238
4 0.659165 0.861538 0.0720967 0.108078 0.964583
22 0.118553 0.271709 0.0849065 0.0886555 0.960703
14 0.610974 0.0554249 0.0483029 0.110497 0.959435
6 0.975759 0.66304 0.048206 0.0903513 0.955606
27 0.689145 0.2796 0.0564818 0.128537 0.953339
22 0.902457 0.456853 0.0864642 0.0854688 0.952206
22 0.0864541 0.676433 0.0862457 0.0853772 0.951166
14 0.558957 0.0537455 0.0488693 0.107491 0.949607
13 0.600875 0.846666 0.0412526 0.138329 0.947712
22 0.84407 0.663598 0.0851462 0.0906181 0.946884
14 0.921041 0.636039 0.0524597 0.144347 0.945687
7 0.0722561 0.0935394 0.144512 0.130967 0.933614
4 0.407481 0.255029 0.0612314 0.117645 0.933085
8 0.0320848 0.27328 0.0641696 0.0934164 0.929486
9 0.979211 0.461245 0.0415781 0.0916488 0.928167
6 0.930834 0.0572398 0.138331 0.100784 0.917864
22 0.959848 0.865569 0.0803033 0.0876622 0.905356
5 0.617906 0.66357 0.0941281 0.0927365 0.884528
13 0.274632 0.446682 0.0373497 0.138508 0.87042
14 0.0132491 0.450337 0.0264747 0.141214 0.866347
13 0.0182471 0.640786 0.0364206 0.157992 0.865325
7 0.551743 0.485412 0.147123 0.13682 0.858439
28 0.603743 0.250869 0.106285 0.163939 0.832971
2 0.896737 0.988928 0.0793631 0.0221447 0.819858
6 0.298823 0.271488 0.144464 0.0967236 0.75493
4 0.20224 0.0639515 0.0947813 0.111826 0.595708
