14 0.336958 0.327506 0.015669 0.0591687 0.986338
11 0.113977 0.170355 0.0369184 0.0648034 0.984811
7 0.556676 0.889452 0.0419704 0.0569339 0.983597
2 0.160379 0.960348 0.0326702 0.0390277 0.981541
2 0.484612 0.80457 0.0317863 0.0385644 0.979249
2 0.179892 0.33831 0.0307016 0.0380081 0.974645
5 0.543049 0.960387 0.0327654 0.0416675 0.970642
2 0.689232 0.646675 0.0318372 0.0388358 0.969459
18 0.0725528 0.565925 0.0452276 0.0533621 0.968418
5 0.470003 0.958805 0.0375053 0.0390652 0.967202
5 0.710149 0.961926 0.0364602 0.0425529 0.965036
13 0.369195 0.405315 0.0195501 0.063821 0.964529
2 0.802818 0.262602 0.031991 0.0363975 0.963941
18 0.675081 0.792652 0.0441887 0.0611997 0.963754
2 0.612793 0.182749 0.0303756 0.0389647 0.963156
2 0.775246 0.72768 0.0331044 0.0414155 0.962027
2 0.711284 0.883486 0.0331912 0.043164 0.96189
0 0.656542 0.183796 0.0540259 0.0395513 0.960345
2 0.760046 0.104708 0.0312638 0.039473 0.958916
2 0.361385 0.341344 0.0294244 0.0373344 0.958418
5 0.865666 0.338859 0.0361607 0.0394915 0.954657
2 0.836392 0.880261 0.0326219 0.0431875 0.954017
9 0.487439 0.569525 0.0358435 0.0375407 0.953132
21 0.077633 0.267638 0.0519201 0.0538706 0.953086
0 0.0783792 0.335926 0.0557049 0.041117 0.952772
1 0.433164 0.731616 0.0382787 0.0560642 0.952595
22 0.583496 0.417196 0.036483 0.0376379 0.952141
18 0.562628 0.71501 0.0470519 0.0623493 0.951498
2 0.188323 0.258972 0.03181 0.0368875 0.950193
6 0.798438 0.883299 0.036777 0.0425537 0.949683
8 0.419637 0.650344 0.0374279 0.0408711 0.94943
2 0.772138 0.0267173 0.0291631 0.0415506 0.949371
22 0.770649 0.491335 0.0377717 0.0394127 0.948005
2 0.632233 0.257756 0.0332985 0.0393066 0.946173
7 0.311265 0.812005 0.0584464 0.0555532 0.946054
18 0.608857 0.478983 0.0444456 0.0576177 0.945374
2 0.419715 0.880946 0.0338885 0.039335 0.944465
5 0.759645 0.804524 0.0373136 0.0404663 0.943571
13 0.640468 0.792083 0.0224282 0.0699902 0.943097
1 0.758651 0.890779 0.0395787 0.0553831 0.943006
5 0.57004 0.262727 0.0337123 0.037829 0.942099
0 0.971189 0.0242387 0.0571637 0.0419836 0.942053
18 0.885019 0.877466 0.0433981 0.0550039 0.941915
18 0.218572 0.0920232 0.0439485 0.064163 0.941865
0 0.085145 0.650551 0.0557674 0.0404937 0.94139
2 0.724249 0.0247827 0.0320805 0.0405298 0.940464
0 0.399923 0.570507 0.0566975 0.0433875 0.94018
9 0.196738 0.179183 0.0378945 0.0406983 0.939895
7 0.706784 0.19154 0.0417209 0.0535628 0.938219
18 0.0767386 0.877082 0.039039 0.0533404 0.937023
22 0.944209 0.571408 0.0388021 0.040904 0.936877
2 0.478064 0.0245514 0.0322831 0.0405812 0.936579
2 0.484127 0.418506 0.0367314 0.0377146 0.93435
5 0.85423 0.649236 0.0360351 0.0407884 0.933556
2 0.152196 0.88196 0.032662 0.040406 0.933142
13 0.917369 0.169907 0.0202432 0.0680074 0.931358
18 0.402209 0.407123 0.0418246 0.0594149 0.930132
0 0.829793 0.727595 0.0570228 0.0393989 0.92994
5 0.987804 0.182588 0.0243914 0.0428061 0.929653
5 0.663062 0.56862 0.0370517 0.04023 0.928099
22 0.986148 0.490489 0.0277039 0.0397292 0.928012
1 0.0822688 0.970653 0.0401822 0.0566065 0.927361
10 0.218801 0.79223 0.0314249 0.0635564 0.927188
2 0.953617 0.414399 0.0316061 0.0383441 0.925571
22 0.654975 0.340184 0.0375363 0.0395117 0.925007
6 0.117472 0.884307 0.0351297 0.0385683 0.920816
11 0.378693 0.637712 0.0360465 0.0639309 0.918411
9 0.111723 0.727803 0.0357775 0.0417823 0.917955
35 0.477787 0.482732 0.0598466 0.0637617 0.917355
21 0.182067 0.423067 0.046999 0.0564213 0.916872
2 0.279272 0.491569 0.0293585 0.0374702 0.91602
13 0.920927 0.872092 0.0191239 0.0667022 0.915495
18 0.844693 0.95122 0.0446765 0.0624681 0.91464
22 0.289541 0.419998 0.0378028 0.0379253 0.914248
21 0.973944 0.655667 0.0493939 0.0609536 0.91411
6 0.862257 0.1046 0.0369047 0.0399266 0.912206
9 0.795928 0.803659 0.0356277 0.0382853 0.911843
22 0.326557 0.181572 0.0359326 0.0390693 0.9114
22 0.339278 0.645755 0.0363608 0.0390724 0.911226
13 0.645968 0.0913663 0.0192803 0.0680566 0.90899
2 0.0659999 0.413889 0.0340701 0.0467917 0.908303
2 0.861983 0.417426 0.0316529 0.0368033 0.908124
6 0.718469 0.805136 0.0368667 0.0414149 0.907076
22 0.514922 0.727224 0.0380573 0.0396456 0.905957
0 0.819742 0.340225 0.0507789 0.0397947 0.89914
9 0.496373 0.10507 0.0359157 0.0386863 0.898491
6 0.155634 0.180172 0.0365437 0.0403646 0.894993
8 0.912218 0.806884 0.0375371 0.0409247 0.891685
6 0.102229 0.415944 0.0337946 0.0418613 0.890087
13 0.104128 0.558921 0.0201186 0.0669208 0.889744
5 0.459443 0.103879 0.036557 0.0395301 0.889734
14 0.740648 0.17118 0.0150965 0.0618714 0.887631
18 0.355457 0.0982719 0.0508621 0.0513017 0.885726
13 0.266591 0.713754 0.0216516 0.0655994 0.8818
9 0.293049 0.646506 0.0345163 0.0372512 0.881146
2 0.25419 0.567099 0.0417222 0.0399514 0.880113
0 0.42831 0.803958 0.0550388 0.0393553 0.876537
22 0.88731 0.963691 0.0365183 0.0427027 0.875769
13 0.181956 0.0881661 0.0176591 0.0661092 0.873862
24 0.576782 0.111864 0.0353265 0.0499861 0.873813
8 0.576857 0.961477 0.0353761 0.0407791 0.873397
5 0.946902 0.184373 0.0378845 0.0399132 0.872475
2 0.740153 0.26253 0.0281188 0.036227 0.870088
8 0.307024 0.260861 0.0380771 0.0392886 0.867032
0 0.65744 0.884448 0.0649341 0.0414629 0.86686
0 0.880066 0.558514 0.0784853 0.0567065 0.865191
8 0.548962 0.569756 0.0370047 0.0369203 0.864347
13 0.924596 0.40548 0.0209115 0.0603945 0.864319
2 0.613502 0.725781 0.0315261 0.0380195 0.863409
8 0.47283 0.263382 0.0361865 0.0375481 0.861467
8 0.329842 0.963155 0.0365556 0.0406277 0.84598
24 0.495964 0.65346 0.0376506 0.0494623 0.839469
14 0.519525 0.48073 0.0201316 0.0589539 0.83781
0 0.741122 0.415953 0.0572107 0.0415176 0.837687
1 0.820041 0.110121 0.0357046 0.0517808 0.825439
4 0.25319 0.880746 0.02575 0.045306 0.823964
22 0.4596 0.646868 0.0342698 0.0384383 0.814749
4 0.515943 0.878931 0.0262346 0.0468009 0.812471
8 0.700038 0.570436 0.035576 0.040099 0.808631
6 0.1229 0.964619 0.0387135 0.0403255 0.808187
7 0.521565 0.0311881 0.0401833 0.0593566 0.805812
22 0.071482 0.0231002 0.0362594 0.0405756 0.801691
4 0.890927 0.414433 0.024183 0.0417425 0.794886
24 0.267557 0.805015 0.0281364 0.0389588 0.782025
6 0.473981 0.724616 0.0379106 0.0445702 0.775302
9 0.368915 0.724631 0.0374423 0.0402341 0.774401
12 0.85665 0.796792 0.0665698 0.0693269 0.771442
12 0.61402 0.0958024 0.0372555 0.0680605 0.771077
13 0.328855 0.721678 0.0410492 0.0823572 0.758841
13 0.388327 0.248857 0.0248801 0.0656616 0.758252
18 0.337164 0.566819 0.0633716 0.0489171 0.744976
4 0.176334 0.803132 0.0264136 0.0451593 0.743155
22 0.348759 0.260936 0.0358956 0.0382612 0.739729
18 0.140426 0.559886 0.0465273 0.0637546 0.731082
11 0.685819 0.0936908 0.0570505 0.0628384 0.730203
46 0.538781 0.415517 0.0530009 0.0435243 0.729469
0 0.596874 0.322398 0.0813121 0.0704577 0.728888
13 0.979891 0.0937266 0.0334921 0.0599881 0.719367
13 0.259032 0.405927 0.0192664 0.0661185 0.715525
13 0.374222 0.477787 0.0195277 0.052842 0.715495
7 0.177069 0.655325 0.0409604 0.0576017 0.714785
2 0.220255 0.416499 0.0318877 0.037816 0.704374
6 0.803964 0.644957 0.0381787 0.0414051 0.700029
5 0.139628 0.404704 0.0347328 0.0598441 0.695924
18 0.988336 0.563294 0.0233287 0.0536666 0.692261
22 0.591621 0.566169 0.0378366 0.0393225 0.689551
2 0.280864 0.176939 0.0326616 0.0395558 0.672078
7 0.814697 0.571389 0.0440323 0.0863879 0.670704
13 0.959141 0.480775 0.0199838 0.0633586 0.657298
14 0.988465 0.953072 0.0220268 0.0628058 0.654361
5 0.903805 0.102388 0.0393268 0.0459933 0.654255
13 0.0829477 0.715201 0.0216806 0.0670485 0.632372
23 0.426639 0.963309 0.0323937 0.0377071 0.626836
32 0.327901 0.880757 0.0445555 0.0816476 0.615907
2 0.562786 0.186465 0.0660205 0.048103 0.599252
1 0.973235 0.34875 0.0400472 0.0567921 0.598154
4 0.249549 0.0214951 0.0239454 0.0428429 0.595931
19 0.112809 0.805917 0.0267799 0.0399001 0.592111
18 0.859818 0.479973 0.0387126 0.0627684 0.590005
6 0.336711 0.0260989 0.0363175 0.0385932 0.587731
13 0.905774 0.55672 0.0293639 0.0612838 0.586004
1 0.143528 0.501337 0.0580261 0.053035 0.585919
6 0.260731 0.0996781 0.0362043 0.0437641 0.576283
2 0.132501 0.635009 0.0332724 0.0647855 0.571674
2 0.213741 0.646798 0.0266238 0.0372974 0.567458
2 0.261547 0.173879 0.0702088 0.0512159 0.564666
13 0.130237 0.326394 0.038694 0.065411 0.556989
8 0.151404 0.260326 0.035294 0.0401032 0.554834
7 0.381082 0.192327 0.0652154 0.0583552 0.552196
14 0.939576 0.479115 0.0163628 0.0603985 0.551363
21 0.640937 0.0232504 0.0543599 0.0465009 0.546644
0 0.984364 0.261709 0.0310512 0.039333 0.543075
10 0.907489 0.481937 0.0380775 0.0599076 0.539038
16 0.3346 0.412265 0.0470858 0.0459964 0.527388
5 0.300577 0.0920969 0.038089 0.0618193 0.523884
2 0.291848 0.340026 0.0628514 0.0390968 0.522827
4 0.417045 0.0246211 0.0290888 0.0443211 0.510939
19 0.292212 0.72422 0.0300275 0.0378579 0.507886
