11 0.0737261 0.933188 0.0928054 0.132749 0.993918
4 0.0738662 0.163374 0.0719485 0.112051 0.984316
9 0.455687 0.359398 0.0895635 0.0997721 0.984033
4 0.255466 0.948 0.0761162 0.104 0.982494
9 0.0997308 0.361939 0.0948176 0.0991509 0.979194
4 0.484591 0.946713 0.071244 0.106574 0.976187
18 0.100822 0.747059 0.0946073 0.125871 0.974619
2 0.0265061 0.762785 0.0529718 0.0893991 0.973424
13 0.34565 0.536821 0.0514061 0.137564 0.972857
12 0.233268 0.539397 0.169051 0.143281 0.971496
4 0.0868214 0.558357 0.0717462 0.104533 0.967882
5 0.170548 0.957871 0.0876623 0.0842575 0.963804
0 0.440606 0.585084 0.144279 0.132848 0.960101
22 0.357437 0.365248 0.084206 0.0836719 0.956756
2 0.247666 0.75481 0.0726532 0.0893106 0.949802
14 0.327149 0.143464 0.0508057 0.135968 0.948263
7 0.0258262 0.382606 0.0514096 0.117479 0.937386
2 0.0119604 0.961149 0.0236754 0.0752054 0.886638
13 0.0141846 0.172918 0.0283254 0.17243 0.849573
13 0.182284 0.735295 0.0380092 0.14523 0.836808
11 0.44222 0.732831 0.0933115 0.136292 0.785487
6 0.45505 0.168087 0.0929692 0.0921507 0.779563
6 0.259283 0.372056 0.0939817 0.0902923 0.713848
6 0.384009 0.169646 0.0496529 0.0826187 0.561405
