11 0.95989 0.695412 0.0802199 0.136441 0.995246
0 0.614229 0.328612 0.137878 0.0907514 0.986658
23 0.235184 0.33593 0.070578 0.0885839 0.985667
0 0.774308 0.325153 0.144366 0.0941032 0.984262
23 0.163694 0.335749 0.0714841 0.0874316 0.984086
9 0.377442 0.530053 0.0933226 0.099968 0.983181
4 0.599124 0.718854 0.0732599 0.107156 0.981729
5 0.280792 0.531468 0.0919427 0.092634 0.981488
16 0.884166 0.528218 0.102934 0.0930218 0.97911
16 0.134473 0.734146 0.10414 0.0876365 0.976466
19 0.548534 0.118674 0.0622904 0.0900351 0.976399
8 0.324315 0.127905 0.0923461 0.090844 0.976142
7 0.970347 0.345892 0.0593052 0.137655 0.974085
27 0.733929 0.938032 0.0569828 0.123935 0.973787
5 0.49826 0.328668 0.0834776 0.0906875 0.972427
5 0.137589 0.539949 0.0909881 0.0918164 0.972358
2 0.481426 0.72832 0.0658959 0.0918434 0.972197
0 0.741221 0.528779 0.142426 0.0926409 0.970954
22 0.314054 0.331894 0.0857654 0.0893967 0.969984
4 0.231839 0.922857 0.0590092 0.113375 0.969724
4 0.419397 0.317215 0.0750242 0.112621 0.96939
8 0.12842 0.128587 0.096207 0.0945284 0.969328
13 0.644894 0.506117 0.0489546 0.141013 0.968978
16 0.862198 0.731851 0.0978324 0.102768 0.968745
22 0.227887 0.13164 0.0860677 0.0906031 0.968054
23 0.16147 0.936091 0.0723864 0.0940213 0.967812
6 0.389372 0.727174 0.0966552 0.0873969 0.966755
4 0.659079 0.111808 0.0718613 0.107564 0.965352
14 0.314096 0.706178 0.0466495 0.138525 0.963488
0 0.0416625 0.541345 0.083325 0.091362 0.96221
2 0.0884833 0.937246 0.0739326 0.0956042 0.959535
12 0.534516 0.507071 0.164656 0.141525 0.951611
14 0.208217 0.514371 0.0481326 0.136812 0.948586
22 0.240585 0.731523 0.08672 0.0898755 0.947114
13 0.600918 0.0964354 0.0413008 0.13866 0.945553
2 0.296546 0.921851 0.067564 0.0966843 0.93813
22 0.970682 0.520144 0.0586367 0.0884298 0.937582
22 0.959866 0.115604 0.0802672 0.0879872 0.929416
13 0.539801 0.707543 0.0431647 0.13793 0.910554
2 0.44926 0.92338 0.0729468 0.0916644 0.890471
23 0.37217 0.924631 0.0780609 0.090766 0.850459
10 0.891953 0.298382 0.0885398 0.141863 0.722276
14 0.986821 0.892648 0.0263579 0.153308 0.718805
13 0.0275335 0.737743 0.0549069 0.182644 0.683173
28 0.648126 0.907535 0.108925 0.171104 0.669021
19 0.54986 0.904211 0.0661262 0.0599735 0.630504
0 0.0207662 0.940643 0.0412032 0.0954192 0.525885
