24 0.108035 0.696809 0.0407273 0.0456033 0.982533
5 0.139069 0.615036 0.0355411 0.0374906 0.978097
7 0.14251 0.0793189 0.0549898 0.0562559 0.968003
9 0.210015 0.61653 0.0368736 0.0392334 0.96783
13 0.143863 0.757615 0.021683 0.0645953 0.960072
5 0.0555765 0.0722175 0.0355865 0.0391183 0.956905
7 0.016756 0.0777653 0.033512 0.0573131 0.956888
5 0.0194503 0.150182 0.0371196 0.0392127 0.955704
1 0.00871447 0.707741 0.0174289 0.051268 0.947822
2 0.204871 0.847205 0.0334281 0.0386854 0.94461
13 0.00995762 0.373586 0.0199152 0.0662356 0.943421
9 0.116143 0.227345 0.0388677 0.0412175 0.942512
18 0.128394 0.372786 0.0452982 0.061676 0.939325
5 0.110734 0.305906 0.0361163 0.0389149 0.937422
13 0.148041 0.917892 0.019514 0.0592998 0.9336
5 0.0415861 0.541987 0.034694 0.0370572 0.933304
0 0.199583 0.694325 0.0545284 0.0384665 0.927833
22 0.20047 0.930233 0.0367944 0.0356754 0.917709
18 0.033651 0.2163 0.0428702 0.0590273 0.912317
9 0.0143848 0.461644 0.0285868 0.0408518 0.909384
18 0.163718 0.531709 0.0424737 0.0500486 0.908668
2 0.104313 0.147105 0.0290347 0.036505 0.901423
8 0.0664222 0.149984 0.0383277 0.0387712 0.900057
6 0.0925349 0.0688439 0.0386154 0.0367419 0.884491
10 0.0733585 0.916543 0.0300963 0.0628393 0.883467
8 0.0785588 0.541912 0.0371189 0.0388306 0.883325
0 0.0678035 0.993811 0.070082 0.0123788 0.87668
18 0.109398 0.76512 0.0426524 0.0510854 0.874793
13 0.162083 0.369256 0.0217001 0.0693558 0.864534
4 0.217548 0.772954 0.0270993 0.0420126 0.853847
6 0.0748578 0.226997 0.0336369 0.0347999 0.847823
13 0.0121019 0.52867 0.0241544 0.0681434 0.846745
13 0.195915 0.447093 0.0186135 0.0653056 0.840894
24 0.191363 0.310874 0.0502256 0.0484985 0.836586
6 0.0497648 0.696568 0.0568934 0.0409026 0.827294
22 0.0518534 0.386091 0.0603335 0.0388917 0.823591
2 0.092287 0.928403 0.0301468 0.0381324 0.810477
13 0.232544 0.974872 0.0268955 0.050257 0.807865
2 0.0283125 0.304499 0.0291742 0.038913 0.80374
13 0.0120685 0.607008 0.023797 0.0680587 0.776919
19 0.135227 0.147578 0.0292127 0.0367252 0.771894
13 0.196714 0.520406 0.0209729 0.0771191 0.762834
1 0.0620047 0.626552 0.0401155 0.0686831 0.739038
13 0.0213217 0.840061 0.0234466 0.0648755 0.715902
13 0.13679 0.919142 0.040728 0.0591061 0.711757
4 0.0475748 0.8452 0.0269413 0.0475005 0.667961
0 0.177266 0.989631 0.077198 0.0207378 0.655098
4 0.109007 0.615084 0.0250654 0.0422065 0.650472
6 0.0486268 0.772475 0.0565746 0.0429553 0.645359
24 0.203193 0.154762 0.082009 0.059539 0.630438
13 0.177857 0.602263 0.0252576 0.0662043 0.588051
23 0.189184 0.0695514 0.0357031 0.0381193 0.585692
5 0.191218 0.37149 0.0362369 0.060097 0.520568
