11 0.29682 0.432472 0.0934336 0.132468 0.997033
27 0.373365 0.475302 0.0582411 0.132397 0.994706
18 0.274225 0.240977 0.0953313 0.123347 0.989175
27 0.0345537 0.684052 0.0548691 0.132926 0.986234
13 0.269504 0.63828 0.046174 0.147552 0.986043
2 0.370856 0.258985 0.0735601 0.0952455 0.981207
14 0.180407 0.43988 0.045088 0.143636 0.975243
2 0.0509107 0.257304 0.0699188 0.0924753 0.972955
5 0.142574 0.661551 0.0898992 0.0905585 0.97121
9 0.131271 0.257161 0.0892379 0.0967141 0.968044
7 0.23158 0.886486 0.0945231 0.126356 0.967667
14 0.217689 0.639523 0.0540224 0.144208 0.964188
4 0.330215 0.649591 0.0608432 0.11022 0.963726
6 0.0326398 0.45883 0.0652591 0.0873783 0.958198
0 0.359639 0.872134 0.145996 0.134857 0.947569
2 0.110816 0.459509 0.0741912 0.0932665 0.930976
13 0.224452 0.431496 0.0463302 0.139452 0.921006
27 0.153878 0.857681 0.0548416 0.0936086 0.593287
