11 0.166433 0.573317 0.0905604 0.139201 0.998973
1 0.92761 0.819547 0.0907327 0.135054 0.992383
16 0.350973 0.405022 0.097885 0.0882537 0.989616
18 0.869427 0.576957 0.107605 0.139037 0.989091
9 0.423575 0.794352 0.0877967 0.0977089 0.987708
11 0.141779 0.0279661 0.0892346 0.0559321 0.986751
4 0.979948 0.199347 0.0401038 0.0967578 0.98665
9 0.491299 0.202116 0.089895 0.0963848 0.986508
16 0.0667316 0.604104 0.0967047 0.0926549 0.986403
4 0.614571 0.587361 0.062892 0.108551 0.984277
5 0.838166 0.0229666 0.0861294 0.0459333 0.984117
4 0.226569 0.393839 0.0668811 0.113492 0.984078
11 0.588017 0.950692 0.0977716 0.0986161 0.982528
1 0.925819 0.975785 0.0895112 0.0484306 0.981586
16 0.131801 0.977145 0.0984598 0.0457091 0.980998
4 0.824388 0.782202 0.0797358 0.114272 0.97951
13 0.24185 0.576656 0.049235 0.143492 0.979275
5 0.775967 0.401796 0.0842686 0.0906574 0.978897
23 0.706536 0.599961 0.0707278 0.0921867 0.978873
5 0.395172 0.199332 0.088596 0.0956671 0.978432
2 0.777168 0.601498 0.0690789 0.0919523 0.977215
5 0.0536152 0.407302 0.0828715 0.0864516 0.976696
14 0.704927 0.382925 0.0451093 0.135867 0.976289
18 0.680959 0.77776 0.0922894 0.127121 0.976092
2 0.472339 0.599091 0.0675083 0.0864241 0.975036
18 0.581801 0.386535 0.0898089 0.121605 0.97488
8 0.144739 0.405154 0.0951937 0.0917856 0.974482
5 0.0520429 0.0280521 0.081651 0.0561042 0.974073
7 0.167101 0.821471 0.104304 0.140513 0.973552
23 0.921402 0.205413 0.0698895 0.085527 0.972874
9 0.784217 0.970691 0.0928526 0.0586185 0.972549
0 0.275736 0.212325 0.132558 0.0867859 0.970309
7 0.873912 0.426449 0.0994343 0.137725 0.969161
0 0.703198 0.0260563 0.139758 0.0520988 0.968116
13 0.758104 0.77388 0.0443983 0.138978 0.96762
5 0.0728461 0.797466 0.0838191 0.0915287 0.961339
23 0.528338 0.795844 0.0736525 0.0908691 0.957097
13 0.945865 0.574393 0.0442843 0.138852 0.956297
13 0.246323 0.777447 0.0467809 0.147645 0.95543
2 0.599953 0.794371 0.0674293 0.0892053 0.94721
13 0.654657 0.37627 0.0420246 0.141058 0.946295
8 0.233155 0.974202 0.0923763 0.0515958 0.938211
6 0.686824 0.974314 0.102294 0.0513648 0.93099
14 0.911949 0.0265258 0.0421504 0.0530515 0.92595
6 0.235923 0.0236208 0.0877929 0.0472416 0.916267
4 0.0146195 0.782699 0.0291729 0.126037 0.894752
4 0.319725 0.791357 0.100259 0.103183 0.894351
6 0.351047 0.0228725 0.132445 0.0457451 0.890707
12 0.0794152 0.188953 0.125249 0.143752 0.877626
21 0.35834 0.974592 0.13772 0.0508167 0.855897
18 0.993094 0.799185 0.0138128 0.155754 0.853068
6 0.486704 0.974784 0.0877643 0.0504326 0.847082
19 0.459068 0.0217972 0.0670307 0.0435943 0.837629
6 0.987594 0.979962 0.0248129 0.0400763 0.816652
5 0.990125 0.591235 0.0197506 0.111802 0.797724
1 0.032532 0.950832 0.0650639 0.0983355 0.77048
6 0.388885 0.60391 0.0915161 0.0921888 0.751627
27 0.178855 0.205532 0.0531284 0.0899728 0.723789
4 0.544251 0.577755 0.0758326 0.139493 0.695858
13 0.509739 0.944941 0.0607693 0.110118 0.677199
1 0.617503 0.232954 0.132438 0.131752 0.650527
14 0.960568 0.0254662 0.0412065 0.0509323 0.546886
5 0.990967 0.381347 0.0180664 0.13511 0.534517
5 0.994189 0.0260394 0.0116218 0.0515465 0.508702
