2 0.0229837 0.928877 0.0332983 0.047045 0.991634
12 0.0359022 0.51624 0.033977 0.0819325 0.976995
18 0.173443 0.760259 0.0445008 0.0505792 0.964663
0 0.171934 0.931108 0.0652392 0.0469196 0.958922
5 0.0786552 0.930083 0.040445 0.0449344 0.95136
2 0.148354 0.512763 0.032795 0.047303 0.938075
13 0.0167498 0.673944 0.0255233 0.0615773 0.91549
5 0.132282 0.764453 0.0393894 0.0467768 0.91433
6 0.119433 0.931092 0.0400498 0.0451775 0.899737
5 0.131183 0.421565 0.0459154 0.0652734 0.877461
6 0.0447656 0.766336 0.0378939 0.0438192 0.873844
8 0.111528 0.514546 0.0432687 0.0470058 0.872274
14 0.0502178 0.919845 0.0204156 0.0647669 0.853646
9 0.0806585 0.764217 0.0354344 0.0445821 0.831024
22 0.0710404 0.512884 0.031859 0.0409925 0.737209
12 0.0265431 0.415 0.0527932 0.0800121 0.723473
9 0.0766066 0.426255 0.0385438 0.0503732 0.721577
13 0.0156717 0.750955 0.026615 0.0753844 0.682405
4 0.0255586 0.592868 0.0511172 0.0529997 0.675965
10 0.179707 0.503328 0.0289816 0.0632454 0.504972
