11 0.916447 0.573346 0.0905638 0.139182 0.998975
16 0.816929 0.603807 0.0966167 0.0919502 0.990669
4 0.971567 0.394132 0.0568666 0.113875 0.990116
11 0.891857 0.0280067 0.0894228 0.0560134 0.985791
18 0.628809 0.391179 0.0981495 0.141569 0.984897
4 0.607438 0.973321 0.0623655 0.0533584 0.984681
9 0.646091 0.802334 0.0830998 0.100227 0.983361
16 0.881575 0.977011 0.0985 0.0459787 0.982933
2 0.7198 0.41159 0.0711391 0.0968951 0.982575
19 0.744335 0.799896 0.0661396 0.0893917 0.981502
9 0.720435 0.601166 0.0834094 0.09747 0.981369
9 0.706437 0.215176 0.0836158 0.0947459 0.980358
6 0.556157 0.80715 0.0879294 0.0906122 0.979962
5 0.802372 0.0280036 0.0810845 0.0560072 0.978327
7 0.916981 0.821478 0.104097 0.14053 0.975349
5 0.803352 0.407052 0.083189 0.0870863 0.973782
8 0.894722 0.405176 0.0952299 0.091792 0.972958
4 0.577482 0.605069 0.0526311 0.0958652 0.971915
1 0.50436 0.0541605 0.0831448 0.108321 0.971282
7 0.498828 0.639505 0.0871903 0.130997 0.970928
7 0.544139 0.246452 0.0857687 0.123665 0.970734
2 0.629954 0.212096 0.0656004 0.0927999 0.966433
2 0.645235 0.603556 0.0641634 0.0976527 0.964305
13 0.986285 0.773632 0.0274308 0.161519 0.962958
14 0.487558 0.787143 0.0484447 0.13639 0.958997
5 0.823012 0.797508 0.0836697 0.0915992 0.958142
18 0.615303 0.0294447 0.0899127 0.0588893 0.947006
13 0.983519 0.577542 0.0329614 0.145728 0.92337
23 0.485776 0.419171 0.0609511 0.0921794 0.915173
12 0.829539 0.189136 0.125378 0.144072 0.912003
2 0.547458 0.416457 0.0604478 0.0924856 0.899011
14 0.735562 0.0292738 0.038608 0.0585477 0.753486
6 0.970886 0.0234444 0.0571115 0.0468888 0.609687
0 0.978995 0.211345 0.0420097 0.0908242 0.595418
13 0.690054 0.0310708 0.035879 0.0621161 0.571918
0 0.968504 0.972309 0.0629921 0.0553312 0.519446
27 0.928782 0.205563 0.0529604 0.0897457 0.501206
