2 0.164894 0.921547 0.0352813 0.0483713 0.967307
11 0.137223 0.413314 0.0380962 0.0631881 0.959205
0 0.0687736 0.672579 0.0630269 0.0463794 0.957
18 0.163132 0.589101 0.0397322 0.0562615 0.953332
4 0.0388817 0.335418 0.0330409 0.0524784 0.950814
0 0.117346 0.090791 0.0641944 0.042832 0.946977
5 0.0559463 0.0923661 0.0384951 0.0425005 0.934999
8 0.124547 0.923053 0.040863 0.0474232 0.932457
13 0.0709146 0.745919 0.0272648 0.0671532 0.927162
5 0.0252033 0.426361 0.0355769 0.0430236 0.925909
7 0.0199502 0.266543 0.0399004 0.059472 0.916594
0 0.144311 0.991803 0.0612049 0.0163945 0.908329
0 0.0236536 0.758489 0.0471592 0.046337 0.902667
11 0.0683438 0.162179 0.0362998 0.0664614 0.874328
6 0.0865769 0.509492 0.0416897 0.042881 0.870832
9 0.146895 0.839136 0.0394857 0.0440991 0.862649
6 0.157595 0.25981 0.0630809 0.0444011 0.861621
13 0.101005 0.160521 0.0259112 0.0754782 0.857362
13 0.179923 0.247033 0.0220957 0.068452 0.853886
22 0.029914 0.591723 0.0326832 0.0384233 0.849715
2 0.055772 0.257515 0.031399 0.0464521 0.822128
8 0.182879 0.178074 0.0429107 0.0468639 0.820639
14 0.195094 0.327849 0.021111 0.0655662 0.801653
18 0.0458282 0.50344 0.0362063 0.0519453 0.800614
10 0.0283376 0.163901 0.0382885 0.0634217 0.781784
10 0.141802 0.164711 0.0362146 0.0643188 0.748052
1 0.119544 0.601122 0.0372484 0.0639052 0.74136
21 0.0282136 0.854276 0.0398626 0.056324 0.740073
2 0.0702995 0.589568 0.0369659 0.0438565 0.736939
2 0.150708 0.0162439 0.0677361 0.0324878 0.72008
0 0.0175888 0.0925702 0.0350209 0.0439482 0.705409
1 0.101811 0.268466 0.0421017 0.068969 0.697594
6 0.163253 0.34373 0.0358207 0.0406427 0.694219
21 0.072183 0.438049 0.0498323 0.0588887 0.657563
5 0.17764 0.417055 0.0394405 0.0588686 0.624532
2 0.00517608 0.925857 0.0102687 0.0431846 0.620413
6 0.173139 0.0915009 0.0437538 0.0567252 0.607607
2 0.0127126 0.674579 0.0249112 0.0410501 0.59593
6 0.0652651 0.839969 0.0372356 0.0423014 0.573436
6 0.0277372 0.0157543 0.0538147 0.0315087 0.535317
10 0.142467 0.33057 0.0327088 0.0675526 0.52537
