0 0.160501 0.270653 0.0609403 0.0440175 0.961057
5 0.169738 0.183607 0.038217 0.0509018 0.956747
8 0.142684 0.0225095 0.0420952 0.0421111 0.951928
9 0.162012 0.101805 0.03729 0.0434979 0.948533
21 0.105673 0.116516 0.0490243 0.0572789 0.943108
2 0.0337939 0.268218 0.0330183 0.0435678 0.926305
5 0.0851918 0.357315 0.0372023 0.0495815 0.900649
2 0.184293 0.0210875 0.0358455 0.04211 0.857762
5 0.0617744 0.103525 0.0342688 0.0394759 0.83675
22 0.102622 0.0216289 0.0344702 0.0404457 0.818709
13 0.132159 0.0947877 0.0190621 0.0577767 0.814353
9 0.0106844 0.187526 0.0213513 0.0481799 0.74773
8 0.0218104 0.0220864 0.0374516 0.0406881 0.711652
8 0.008675 0.269214 0.0173191 0.0402156 0.654759
0 0.020524 0.102786 0.041048 0.0439189 0.635659
4 0.127651 0.18085 0.0465156 0.0551197 0.531049
2 0.182609 0.347845 0.0335625 0.0621923 0.517144
22 0.0997611 0.270746 0.052307 0.0458141 0.510123
