1 0.174889 0.26511 0.0910652 0.128059 0.995527
11 0.817035 0.0448424 0.0912803 0.0896847 0.995476
1 0.178205 0.0690458 0.0918122 0.135441 0.994672
1 0.525374 0.879216 0.0890086 0.13252 0.992403
5 0.0288107 0.448971 0.0574826 0.0916842 0.990531
19 0.583667 0.0481511 0.0677717 0.0918278 0.989531
4 0.0747298 0.841799 0.0641262 0.110413 0.989486
18 0.282304 0.0463537 0.0939978 0.0927073 0.988116
2 0.2 0.650775 0.0789853 0.0945705 0.985588
5 0.536902 0.653305 0.0819268 0.0918062 0.98364
2 0.878343 0.242966 0.071543 0.0943012 0.982637
18 0.480148 0.228344 0.0938234 0.127183 0.982133
9 0.242615 0.849669 0.088851 0.100492 0.982059
18 0.895109 0.83487 0.0911808 0.127063 0.981872
9 0.846998 0.649933 0.0916704 0.0963471 0.981439
0 0.307683 0.670626 0.133568 0.128313 0.981362
19 0.457829 0.654554 0.0672162 0.0903416 0.981285
13 0.0218639 0.828931 0.0437277 0.145896 0.979605
19 0.733973 0.448364 0.0587461 0.092793 0.97912
0 0.721176 0.646737 0.145139 0.0947533 0.979037
2 0.732599 0.0481124 0.0737448 0.0931541 0.977975
9 0.0394756 0.240769 0.0789513 0.0988532 0.976121
8 0.885374 0.444035 0.102794 0.0968684 0.974102
9 0.974548 0.44512 0.0509043 0.0933989 0.972947
4 0.0926666 0.441623 0.0670936 0.105281 0.972638
0 0.498327 0.451977 0.142583 0.0937246 0.96875
6 0.276655 0.251705 0.0969421 0.0881584 0.968227
22 0.377825 0.248112 0.0892583 0.0902489 0.964997
4 0.0795292 0.0446922 0.0889275 0.0893844 0.964727
8 0.109607 0.650296 0.0968588 0.0954064 0.962854
6 0.623748 0.855496 0.0961292 0.0875432 0.960532
2 0.797879 0.449158 0.0678415 0.0890597 0.959664
5 0.798481 0.850115 0.0866733 0.0918462 0.958187
5 0.481576 0.0473279 0.0903789 0.0913947 0.952616
4 0.398068 0.0476858 0.0749106 0.0953625 0.947058
5 0.149268 0.852217 0.0855864 0.0938474 0.944907
5 0.169019 0.451817 0.0864344 0.0917482 0.935544
23 0.657548 0.0450841 0.0705322 0.0881113 0.930624
11 0.0268228 0.626686 0.0534455 0.146122 0.922808
8 0.960102 0.64876 0.0797958 0.0961933 0.919843
4 0.779212 0.24115 0.100447 0.0967701 0.907435
8 0.959197 0.240605 0.0816059 0.0990881 0.883263
2 0.716172 0.851821 0.0731447 0.0898503 0.860355
6 0.661782 0.981519 0.0848053 0.0369468 0.825656
7 0.0148003 0.0633179 0.029447 0.126636 0.73607
18 0.637314 0.43655 0.130764 0.122568 0.71603
14 0.0130804 0.981112 0.0261323 0.0377768 0.665151
