11 0.889048 0.735649 0.0920945 0.136997 0.991654
4 0.576824 0.558912 0.066954 0.10388 0.985941
19 0.660953 0.568075 0.0558798 0.0903375 0.985357
18 0.615377 0.747842 0.088161 0.121324 0.983372
18 0.831003 0.537713 0.104975 0.140771 0.980542
9 0.707085 0.959106 0.0843529 0.0817885 0.980539
5 0.730353 0.565019 0.0812633 0.0909047 0.979951
13 0.687659 0.743572 0.0415936 0.139647 0.97814
2 0.630007 0.957837 0.0660939 0.0843267 0.977093
4 0.826485 0.353436 0.0640378 0.105149 0.976548
6 0.497693 0.172969 0.0866601 0.0890332 0.972314
13 0.772921 0.34115 0.0457826 0.140255 0.971375
4 0.578966 0.159448 0.0736384 0.116321 0.970356
5 0.799676 0.760375 0.0857813 0.091373 0.967659
5 0.691278 0.369604 0.0893402 0.0945791 0.96364
5 0.899915 0.359154 0.0795205 0.0887632 0.962794
12 0.719877 0.1453 0.160856 0.142083 0.962034
2 0.956215 0.16086 0.0695415 0.091684 0.961256
5 0.932109 0.555358 0.0868311 0.093724 0.96101
14 0.734268 0.740299 0.0410212 0.135081 0.955731
13 0.969051 0.729223 0.0618615 0.137985 0.944006
12 0.829639 0.933279 0.125639 0.133428 0.925939
10 0.498326 0.545874 0.0840271 0.139564 0.899288
7 0.544402 0.967692 0.0866978 0.064616 0.891765
20 0.525889 0.368982 0.138722 0.188078 0.882569
27 0.928674 0.955122 0.0527296 0.0891461 0.860442
10 0.867677 0.136909 0.09004 0.139355 0.84338
5 0.497691 0.0136236 0.0829829 0.0272473 0.806108
1 0.504229 0.776199 0.0829276 0.165254 0.763445
22 0.975208 0.358428 0.0495845 0.0878645 0.713355
6 0.988543 0.556044 0.0228224 0.083519 0.613986
14 0.563872 0.0153424 0.0375804 0.0306849 0.573461
