24 0.332213 0.376971 0.0368278 0.0519662 0.997368
18 0.63912 0.276176 0.0427179 0.0622927 0.984876
7 0.556732 0.139508 0.0419383 0.0568518 0.984052
2 0.91169 0.293414 0.0300914 0.0371581 0.98305
5 0.375224 0.286318 0.0361632 0.0399854 0.977621
5 0.543097 0.210222 0.0325323 0.0412236 0.976189
2 0.484637 0.0546306 0.0317796 0.0385062 0.971251
2 0.787499 0.37115 0.0302489 0.0403565 0.968995
12 0.372772 0.360521 0.0417261 0.0727705 0.966452
13 0.847326 0.279101 0.0216055 0.0663139 0.964538
2 0.711312 0.133489 0.0331614 0.0431152 0.963038
2 0.160418 0.210023 0.0324836 0.0383675 0.961368
5 0.469966 0.208833 0.0374514 0.0388505 0.958481
8 0.63264 0.368476 0.0385413 0.0434867 0.958072
8 0.280491 0.290581 0.0354385 0.0393213 0.957021
5 0.710167 0.211498 0.0364381 0.0416673 0.951634
2 0.680159 0.290567 0.0316913 0.0418433 0.951518
18 0.67455 0.0425103 0.0442023 0.0620692 0.951012
10 0.218903 0.0424277 0.0316005 0.0621679 0.950691
2 0.836398 0.130225 0.0325933 0.0432959 0.950602
6 0.798473 0.13336 0.0367668 0.0425347 0.948716
18 0.885045 0.127507 0.043364 0.054969 0.947302
2 0.419755 0.131002 0.0339072 0.0393364 0.943695
5 0.759671 0.0545864 0.0373646 0.0404031 0.938957
1 0.758898 0.140696 0.0387999 0.055011 0.93533
6 0.117497 0.13437 0.0351159 0.038449 0.933768
18 0.076798 0.127173 0.0390353 0.0533294 0.930149
13 0.640428 0.0407471 0.0222905 0.0731808 0.930016
2 0.152254 0.132038 0.0327148 0.040388 0.929062
2 0.534457 0.288461 0.0326898 0.0416287 0.926433
22 0.887241 0.213047 0.0365481 0.0414031 0.925372
6 0.71845 0.0552956 0.0368441 0.0411203 0.925353
18 0.844482 0.200944 0.0440443 0.0628102 0.924442
0 0.931428 0.37212 0.055608 0.0443056 0.920985
13 0.92095 0.122124 0.0191059 0.0666177 0.919447
7 0.311393 0.0619394 0.0586306 0.0557882 0.915538
14 0.881997 0.281321 0.0194412 0.0619647 0.912817
8 0.576982 0.211365 0.0355911 0.0405127 0.903938
8 0.747766 0.369979 0.038326 0.040256 0.897005
22 0.163655 0.291518 0.035975 0.0391971 0.89453
8 0.912246 0.0568709 0.0375142 0.0409085 0.880813
0 0.428384 0.0540869 0.0549569 0.0391593 0.880214
1 0.971399 0.300716 0.0410838 0.0560868 0.874367
0 0.657589 0.134494 0.0646893 0.0413681 0.864667
2 0.297561 0.371498 0.032585 0.0425453 0.860273
9 0.796012 0.0537584 0.0355028 0.0381933 0.858394
4 0.176309 0.0530729 0.0261857 0.0449666 0.858206
24 0.267711 0.0549922 0.0280404 0.0389505 0.857791
8 0.329821 0.212956 0.0368438 0.0400153 0.856904
1 0.0818956 0.219783 0.0393886 0.0549868 0.850189
6 0.122849 0.214142 0.0384991 0.0395068 0.839395
12 0.576097 0.360382 0.0662915 0.0717797 0.834437
4 0.253231 0.130789 0.0257642 0.0452996 0.833489
4 0.516025 0.129029 0.0261894 0.046499 0.829197
12 0.856779 0.0456894 0.0669134 0.0700282 0.822476
13 0.405656 0.355248 0.0213903 0.0676643 0.789464
13 0.5979 0.276551 0.0332704 0.0624222 0.72909
23 0.426525 0.213189 0.0325445 0.0377599 0.710632
16 0.60147 0.0507615 0.0497129 0.0456721 0.657556
12 0.229591 0.281603 0.0645707 0.0697095 0.650874
4 0.815386 0.289758 0.0254159 0.0445249 0.644635
32 0.327962 0.1308 0.0445271 0.0816393 0.630286
2 0.982673 0.360992 0.0345901 0.0595664 0.624747
8 0.778828 0.289486 0.0389111 0.0446745 0.618429
14 0.988512 0.202688 0.0217308 0.0618959 0.617055
6 0.215903 0.211037 0.058059 0.041347 0.601112
5 0.871735 0.369739 0.0623262 0.0433394 0.586346
24 0.121464 0.296586 0.0488249 0.0517158 0.549278
19 0.565702 0.289958 0.028241 0.038267 0.546727
2 0.682787 0.369343 0.0556744 0.0424728 0.540877
24 0.41569 0.288252 0.0446596 0.039792 0.518081
18 0.49202 0.277764 0.0467472 0.0656092 0.516276
10 0.0774849 0.0445141 0.0358225 0.0670799 0.511138
