21 0.65484 0.120815 0.0989922 0.128204 0.99714
1 0.113948 0.137371 0.0877586 0.134093 0.993785
11 0.774282 0.474243 0.093123 0.135809 0.992767
7 0.460342 0.730807 0.0966285 0.13205 0.988625
0 0.520289 0.525151 0.137159 0.129382 0.98702
19 0.512119 0.903561 0.0652485 0.0908448 0.985672
27 0.189774 0.126937 0.047435 0.116832 0.985512
5 0.794099 0.0985875 0.0910602 0.0913152 0.984082
7 0.970474 0.728418 0.0590472 0.131733 0.982026
13 0.345651 0.283004 0.0474318 0.13932 0.981405
19 0.975602 0.501341 0.0487967 0.0897886 0.981289
8 0.269673 0.711892 0.0951203 0.0923026 0.981249
4 0.875524 0.0902735 0.0644232 0.10897 0.980277
2 0.655556 0.902113 0.070646 0.0904512 0.978631
2 0.36109 0.70456 0.0723795 0.093226 0.978263
2 0.128323 0.512136 0.0684022 0.0938324 0.977846
22 0.778659 0.699871 0.0844685 0.0895319 0.977825
2 0.750026 0.295818 0.0745507 0.0927842 0.97704
14 0.131235 0.286195 0.0767561 0.136768 0.976663
2 0.205123 0.910246 0.0675499 0.0904605 0.975362
2 0.967087 0.904699 0.0658256 0.0897462 0.97534
14 0.0382765 0.494299 0.0761134 0.135388 0.975169
18 0.300138 0.0894996 0.0900099 0.123352 0.974918
23 0.582676 0.905585 0.0682034 0.0841212 0.973366
0 0.238798 0.31251 0.137772 0.0947933 0.973143
5 0.175578 0.713933 0.0890867 0.0914323 0.972228
4 0.906555 0.696706 0.0721116 0.107952 0.970826
4 0.96571 0.288052 0.0677946 0.109558 0.97031
2 0.619039 0.294809 0.0745356 0.0925909 0.969992
5 0.513215 0.299846 0.0869764 0.0881306 0.969299
13 0.42855 0.481718 0.0469079 0.138459 0.966305
2 0.344959 0.905723 0.0672325 0.090549 0.963706
13 0.375595 0.0813472 0.0476892 0.141577 0.957361
0 0.860043 0.300601 0.138061 0.087784 0.956228
7 0.414321 0.325856 0.094376 0.136793 0.954269
6 0.563324 0.702803 0.0954866 0.0897141 0.95285
23 0.277703 0.914104 0.0656125 0.085572 0.951085
12 0.320366 0.485443 0.161329 0.141555 0.947605
4 0.420522 0.897313 0.0703688 0.111093 0.945077
6 0.0846566 0.715341 0.0880379 0.0893762 0.942812
23 0.898216 0.904173 0.0670024 0.0876901 0.934306
0 0.0323095 0.338225 0.064619 0.130625 0.931077
6 0.548992 0.105513 0.093956 0.0896956 0.925783
14 0.682814 0.279312 0.0481741 0.136493 0.92077
2 0.802745 0.901295 0.123342 0.093363 0.886288
5 0.0108011 0.121073 0.0215879 0.089343 0.849304
10 0.117509 0.887008 0.0899997 0.139469 0.83395
6 0.875589 0.500057 0.0930147 0.0959073 0.75296
0 0.9686 0.104561 0.0627992 0.100075 0.748262
11 0.0251093 0.894684 0.0502186 0.155535 0.680361
4 0.191592 0.485024 0.0588095 0.142809 0.641216
5 0.678551 0.683126 0.117157 0.134509 0.559963
22 0.0154699 0.721571 0.030799 0.0888062 0.543119
