12 0.581633 0.520761 0.0351501 0.0822256 0.989879
5 0.582315 0.60393 0.0376787 0.0410483 0.982882
2 0.613627 0.432802 0.0323316 0.0452343 0.976603
5 0.911857 0.601585 0.0408827 0.0443707 0.968541
6 0.576948 0.690627 0.0387425 0.042743 0.965552
12 0.728535 0.77152 0.0337119 0.0787082 0.964416
6 0.808956 0.855144 0.0592289 0.0397742 0.954584
2 0.892636 0.684397 0.0320591 0.044631 0.954417
8 0.786094 0.936759 0.0384388 0.0392053 0.952904
0 0.41807 0.686812 0.0811718 0.0446868 0.947093
0 0.63378 0.770693 0.0627803 0.0437931 0.938946
7 0.72192 0.692825 0.067574 0.0679488 0.937449
0 0.380741 0.772911 0.0830621 0.0426314 0.936131
0 0.94792 0.768208 0.0582843 0.0452806 0.932027
0 0.801965 0.603661 0.0610696 0.0437531 0.929416
5 0.897318 0.767676 0.0398672 0.0441206 0.928174
18 0.952344 0.597822 0.0397136 0.0517473 0.928127
7 0.970715 0.530183 0.0413222 0.0595458 0.926223
13 0.448657 0.926645 0.0205398 0.0663493 0.923569
18 0.695599 0.426042 0.0391133 0.0625514 0.918794
9 0.477087 0.937391 0.0362971 0.0444477 0.913916
5 0.538412 0.688819 0.0390271 0.0431938 0.91008
18 0.741485 0.595654 0.0588417 0.0598588 0.895864
5 0.991053 0.684599 0.0178939 0.040141 0.894205
0 0.557712 0.850937 0.0606072 0.0520753 0.890508
10 0.593133 0.927969 0.0268458 0.0660853 0.883531
8 0.359991 0.522253 0.0428944 0.0469248 0.876437
6 0.360846 0.855238 0.0423378 0.0480487 0.87643
23 0.680436 0.603366 0.0368004 0.0414658 0.865582
13 0.86141 0.677879 0.0276459 0.0699918 0.855834
13 0.715002 0.506617 0.0244565 0.0782692 0.842588
2 0.767196 0.769316 0.0305743 0.044348 0.835842
12 0.806081 0.510504 0.0369115 0.0678132 0.83165
5 0.869308 0.852185 0.0573254 0.0455104 0.829207
13 0.513499 0.425989 0.0266747 0.0724365 0.827694
11 0.929657 0.67469 0.0375688 0.0632672 0.818606
5 0.756617 0.519451 0.057263 0.0528687 0.783355
2 0.613471 0.938582 0.0275289 0.0430801 0.779857
5 0.69303 0.852111 0.0608592 0.0463947 0.778302
9 0.656601 0.686554 0.0363283 0.0438516 0.769736
11 0.491703 0.760658 0.0361406 0.0641392 0.76692
14 0.791773 0.75864 0.0187678 0.0660949 0.753867
5 0.68604 0.939612 0.0522032 0.0422158 0.75261
23 0.358346 0.689682 0.0367029 0.0424178 0.751363
23 0.881939 0.936494 0.0329032 0.0424821 0.739123
18 0.828515 0.683953 0.0380528 0.0535462 0.738461
4 0.682135 0.766361 0.0330908 0.052527 0.733916
0 0.839357 0.770072 0.0741047 0.0439357 0.732873
2 0.417751 0.855138 0.0674677 0.0433862 0.71973
13 0.641334 0.985394 0.034034 0.029213 0.70694
9 0.843446 0.518032 0.0350435 0.0420656 0.706642
35 0.366614 0.438897 0.0554017 0.0897548 0.702355
4 0.54028 0.598505 0.0466294 0.0592322 0.688876
13 0.504292 0.510432 0.0245972 0.06833 0.669646
7 0.675333 0.521848 0.0545197 0.0784001 0.663044
14 0.974087 0.923295 0.0185463 0.0637432 0.655352
7 0.493468 0.6998 0.0374141 0.0637515 0.607767
6 0.485818 0.853463 0.0590285 0.0470395 0.605979
2 0.642413 0.937762 0.0311339 0.0421002 0.602214
4 0.98049 0.847198 0.0365895 0.0552583 0.599344
12 0.693733 0.988121 0.0261148 0.0237585 0.568802
24 0.545372 0.94947 0.0713027 0.0632906 0.560192
8 0.361985 0.941719 0.0469114 0.0446279 0.542228
14 0.980341 0.987616 0.0177934 0.0247679 0.531226
2 0.754925 0.433608 0.0361929 0.0460395 0.523195
