11 0.302111 0.520869 0.0959811 0.134958 0.996824
1 0.7817 0.949213 0.0910549 0.101575 0.995051
1 0.616722 0.174904 0.0897095 0.132419 0.99418
4 0.979073 0.143735 0.0418543 0.0990238 0.990451
27 0.85999 0.949251 0.0574007 0.101499 0.989476
11 0.289557 0.918004 0.0896313 0.13502 0.989474
13 0.456864 0.921326 0.0442021 0.151715 0.988791
4 0.574014 0.736964 0.0648353 0.114028 0.985402
0 0.0620423 0.144668 0.12397 0.0890255 0.984512
5 0.813535 0.152158 0.0824435 0.0894243 0.984488
13 0.609315 0.32389 0.0489707 0.145249 0.984207
4 0.669396 0.339769 0.0732176 0.102224 0.982883
2 0.899903 0.748222 0.0698066 0.0943198 0.98196
4 0.697119 0.939058 0.0726906 0.121055 0.981248
4 0.25385 0.145157 0.0695679 0.116662 0.981176
8 0.196535 0.743238 0.0935742 0.0919068 0.979263
2 0.503385 0.147058 0.0746578 0.0930168 0.978888
13 0.3573 0.921161 0.0439327 0.147187 0.977908
23 0.388247 0.544222 0.0758162 0.0911339 0.975302
2 0.934474 0.547006 0.0719786 0.0938151 0.975061
0 0.187816 0.54362 0.130614 0.0900105 0.974888
18 0.0812545 0.324796 0.0879888 0.125243 0.974348
22 0.47004 0.547096 0.0855402 0.0887535 0.97409
2 0.0853652 0.541756 0.0678435 0.0948305 0.973912
21 0.477597 0.364819 0.100736 0.134512 0.973767
8 0.907746 0.153842 0.10046 0.0907752 0.973419
5 0.175901 0.149677 0.0829575 0.0893986 0.973327
2 0.322664 0.151572 0.0670529 0.0908731 0.972412
23 0.968551 0.750321 0.0628989 0.0834699 0.971461
6 0.719853 0.156235 0.0960541 0.0883804 0.97031
14 0.410157 0.920177 0.0491633 0.155466 0.968961
5 0.751041 0.348557 0.084512 0.0896353 0.968096
5 0.648684 0.745764 0.084861 0.0933876 0.966994
5 0.614418 0.944387 0.0887252 0.098789 0.966402
4 0.832135 0.343977 0.0738988 0.115252 0.965972
4 0.515833 0.915099 0.0774266 0.142615 0.965225
0 0.222783 0.347767 0.133271 0.0945573 0.955349
5 0.709884 0.546608 0.0849777 0.0933964 0.953692
0 0.958295 0.94813 0.0834094 0.0999652 0.953197
2 0.90584 0.352732 0.0713546 0.0931973 0.930716
0 0.0459703 0.941103 0.0919406 0.100952 0.926568
13 0.384945 0.719994 0.0372251 0.141395 0.897228
2 0.983186 0.353889 0.0336277 0.0966105 0.893315
23 0.409091 0.154671 0.103859 0.0880146 0.871662
6 0.809416 0.748012 0.087397 0.0895767 0.824921
5 0.0165661 0.339625 0.0331322 0.0940924 0.784973
13 0.442682 0.124373 0.0400988 0.141056 0.70453
8 0.0219094 0.539082 0.0437139 0.0960635 0.64579
6 0.823339 0.5379 0.135018 0.104293 0.604364
27 0.560257 0.345665 0.0528357 0.0928595 0.557345
4 0.450885 0.73321 0.091965 0.102873 0.521052
