1 0.146974 0.326838 0.0860266 0.138327 0.990089
27 0.222272 0.327765 0.0552672 0.133009 0.989072
2 0.0415952 0.505244 0.0716915 0.0921855 0.97765
13 0.404217 0.486814 0.0410218 0.142006 0.971705
14 0.355875 0.48806 0.0491648 0.136084 0.971365
0 0.108847 0.713074 0.190628 0.0954916 0.970906
4 0.122662 0.483412 0.0866093 0.141051 0.9684
7 0.231617 0.136505 0.0945872 0.126376 0.96809
5 0.322406 0.300712 0.091463 0.097156 0.967072
14 0.306383 0.489808 0.0455463 0.138799 0.965288
13 0.256031 0.484296 0.0467943 0.15025 0.960928
6 0.0468341 0.303669 0.0936683 0.0874894 0.954436
0 0.359852 0.122279 0.145633 0.135058 0.943091
13 0.393439 0.278418 0.0511384 0.142806 0.932867
27 0.153972 0.107968 0.05506 0.0938393 0.515074
