24 0.534832 0.556064 0.0401204 0.0492704 0.986347
29 0.265274 0.3061 0.0591305 0.0757591 0.982915
7 0.175519 0.240962 0.0440438 0.0548614 0.979188
2 0.0221946 0.77847 0.0290396 0.0377003 0.979181
2 0.581914 0.706642 0.0306535 0.0375483 0.977175
18 0.483047 0.538022 0.0432038 0.0621743 0.977095
1 0.406246 0.78715 0.0346129 0.0541897 0.976616
18 0.503306 0.925654 0.0419307 0.0641041 0.972856
9 0.615727 0.707606 0.0355266 0.0387807 0.970707
5 0.293028 0.77455 0.0363424 0.0391542 0.968943
2 0.177359 0.38594 0.0286439 0.0381756 0.965918
12 0.435794 0.146951 0.0665035 0.0691057 0.964655
1 0.448873 0.397378 0.0366917 0.0545501 0.964625
12 0.222492 0.0613784 0.0393248 0.0676644 0.96227
14 0.302984 0.222215 0.0173731 0.0581725 0.961347
1 0.377381 0.551343 0.0375915 0.0572999 0.961314
13 0.472595 0.924936 0.0180799 0.0639098 0.960381
13 0.0546599 0.298234 0.0207119 0.0652816 0.960179
2 0.109497 0.466846 0.0305528 0.0381801 0.959937
5 0.020762 0.073868 0.0412649 0.04197 0.958413
2 0.38049 0.700726 0.0345829 0.0355635 0.957353
7 0.196921 0.628845 0.0367445 0.0520431 0.956803
5 0.380939 0.0756965 0.036713 0.0379921 0.955442
0 0.232112 0.774977 0.0781803 0.0409309 0.954957
2 0.380526 0.386636 0.0301622 0.0386828 0.951826
5 0.308471 0.622145 0.0358657 0.0384578 0.949854
0 0.0319889 0.390016 0.0632865 0.0409061 0.948546
9 0.522225 0.47116 0.0369244 0.0396659 0.946646
11 0.395003 0.844689 0.0365963 0.060303 0.94626
14 0.556142 0.6937 0.0151794 0.0571078 0.946141
29 0.0240898 0.142588 0.0481796 0.0706705 0.946013
2 0.152702 0.543649 0.0306064 0.0392292 0.944455
2 0.013055 0.854416 0.0259497 0.0404637 0.941547
0 0.369455 0.468573 0.0779797 0.0429338 0.939299
21 0.270573 0.238811 0.0453128 0.0582999 0.937342
12 0.174991 0.145434 0.0405608 0.0733946 0.935994
5 0.612079 0.315684 0.0396659 0.0410846 0.933945
13 0.16722 0.919779 0.0200534 0.0681391 0.932416
5 0.243552 0.932757 0.0357946 0.0418189 0.930384
2 0.360706 0.773476 0.0311201 0.0440092 0.929512
24 0.159709 0.63034 0.0367772 0.049648 0.927572
13 0.0115795 0.687508 0.023159 0.0669889 0.927395
6 0.447524 0.778006 0.0370932 0.0393662 0.927297
5 0.579399 0.859747 0.0343746 0.036553 0.92076
6 0.159634 0.699297 0.0340451 0.0413444 0.919897
6 0.112212 0.854533 0.036909 0.0398711 0.919643
2 0.587519 0.233998 0.0343078 0.0370286 0.918349
8 0.340522 0.0745532 0.0379883 0.0384035 0.914201
2 0.459028 0.704804 0.0362239 0.039012 0.912464
7 0.200273 0.705299 0.0433897 0.0518242 0.912064
0 0.113261 0.150418 0.0572655 0.0413247 0.911643
5 0.244479 0.697625 0.0362265 0.0407323 0.910144
5 0.134716 0.388228 0.0361336 0.0387268 0.909982
2 0.127272 0.774077 0.0300762 0.0399041 0.907194
9 0.459297 0.310568 0.0376956 0.0393469 0.904019
5 0.48444 0.780033 0.034722 0.037092 0.900487
2 0.220299 0.229393 0.0330478 0.0397497 0.89711
6 0.484224 0.469159 0.0343255 0.0384678 0.891857
23 0.33724 0.699313 0.0338597 0.0362773 0.88543
13 0.421093 0.458121 0.0212742 0.0693211 0.87898
0 0.553181 0.0809734 0.0573781 0.0420528 0.877344
13 0.383612 0.219623 0.027553 0.0630625 0.876123
13 0.0764272 0.37637 0.0233282 0.0637754 0.866511
13 0.178629 0.050764 0.0189726 0.056148 0.865757
14 0.514413 0.76897 0.0167239 0.0614145 0.859214
9 0.344311 0.853982 0.0373443 0.0389829 0.857268
6 0.499391 0.392113 0.0556103 0.0401564 0.855999
5 0.19678 0.934325 0.037651 0.0400763 0.855565
9 0.258503 0.149669 0.0385907 0.0417641 0.851198
5 0.0658222 0.152049 0.0356171 0.0395684 0.850614
4 0.596946 0.0803703 0.0248853 0.0441243 0.849125
13 0.473725 0.614925 0.0262653 0.0673635 0.848449
18 0.0750528 0.533214 0.0442199 0.0591931 0.843484
2 0.397635 0.933694 0.0317745 0.0373462 0.837158
0 0.301962 0.460558 0.056505 0.0474141 0.832602
2 0.125606 0.619511 0.0330156 0.037039 0.827488
2 0.313658 0.308909 0.0292555 0.037264 0.817216
5 0.409285 0.232441 0.0372219 0.0369501 0.811449
2 0.362066 0.933397 0.0348932 0.0381252 0.809724
1 0.510329 0.321731 0.0368654 0.06384 0.808575
2 0.275057 0.621818 0.0291867 0.0352798 0.80849
7 0.142882 0.0149846 0.0348868 0.0299692 0.800177
13 0.605069 0.53661 0.0168614 0.0730215 0.797158
1 0.0699481 0.860107 0.035739 0.0520575 0.792491
13 0.621666 0.464422 0.0202338 0.0596481 0.785574
19 0.141233 0.466375 0.0291364 0.0366855 0.783257
6 0.173347 0.467593 0.0342695 0.0362585 0.768973
6 0.428935 0.549813 0.0567113 0.0397549 0.767569
2 0.44991 0.468825 0.0296875 0.0386198 0.766428
0 0.126407 0.231954 0.0540426 0.0371664 0.764515
4 0.408765 0.38359 0.0233398 0.0410252 0.764118
18 0.0899154 0.297551 0.0467223 0.0638487 0.76176
6 0.159198 0.0725939 0.0583417 0.0398111 0.756907
6 0.357088 0.623323 0.0553167 0.0374017 0.747264
1 0.107701 0.0713395 0.0373788 0.070307 0.746406
13 0.247689 0.611442 0.0237819 0.0637482 0.738176
24 0.601802 0.987636 0.0542719 0.0247285 0.736522
18 0.0206017 0.305637 0.040736 0.0532428 0.734363
22 0.325843 0.38624 0.0367963 0.041365 0.72077
23 0.546427 0.235752 0.0331948 0.0373364 0.713645
5 0.301391 0.0691572 0.033334 0.0453847 0.712408
2 0.127661 0.699044 0.0253555 0.0359734 0.706736
6 0.297744 0.697781 0.0416604 0.0372123 0.702941
4 0.317447 0.930716 0.0254135 0.0450135 0.699463
10 0.0882133 0.452388 0.0371397 0.0655566 0.686446
23 0.18823 0.308883 0.0319349 0.0382617 0.685199
7 0.0286432 0.554661 0.0410884 0.0553405 0.674645
8 0.447267 0.232588 0.038425 0.0376523 0.674348
19 0.490292 0.155905 0.0319963 0.0356304 0.672609
5 0.153743 0.853762 0.0392547 0.043092 0.67149
12 0.584793 0.623288 0.0669774 0.069874 0.671072
5 0.528564 0.988522 0.0365834 0.0229555 0.667773
21 0.517589 0.623937 0.0503602 0.0801598 0.667122
13 0.219402 0.147338 0.0437106 0.0815457 0.664914
14 0.227297 0.611203 0.0168389 0.0592149 0.660325
2 0.340276 0.23023 0.0546793 0.0386012 0.65308
2 0.376584 0.927766 0.0628036 0.0494244 0.65122
13 0.108311 0.534741 0.0171284 0.0639262 0.647988
13 0.223905 0.453316 0.0243415 0.0662406 0.647385
5 0.327425 0.537787 0.0386574 0.0517514 0.641386
1 0.621475 0.404198 0.0597779 0.0555516 0.63545
6 0.264332 0.0732796 0.0376099 0.0398824 0.609688
5 0.516921 0.704691 0.0587723 0.0394447 0.605491
13 0.228863 0.843978 0.0329932 0.0599927 0.598034
0 0.631515 0.864154 0.0634949 0.0394214 0.596721
0 0.0373796 0.00479881 0.0532224 0.00959762 0.594676
2 0.54291 0.393116 0.0274154 0.0383753 0.59422
10 0.537448 0.148053 0.0375435 0.0670381 0.593076
14 0.201614 0.456018 0.0149009 0.0588717 0.584088
16 0.437172 0.932537 0.0451853 0.0442114 0.577358
13 0.012616 0.452862 0.0227723 0.0767772 0.556949
6 0.512685 0.233418 0.0338554 0.0355114 0.542716
5 0.583673 0.939126 0.0349717 0.0382686 0.537784
10 0.277799 0.531653 0.0539457 0.0638862 0.519661
24 0.472019 0.985673 0.0487789 0.0286548 0.518068
5 0.619566 0.0104097 0.0403244 0.0208193 0.510011
6 0.522132 0.858898 0.0355612 0.0387613 0.507687
2 0.555529 0.158129 0.0300875 0.0367885 0.503285
