2 0.562257 0.668787 0.0253439 0.0395725 0.988922
7 0.805683 0.432847 0.0372517 0.0609655 0.987128
12 0.560545 0.753827 0.0330498 0.0792527 0.983118
2 0.780306 0.168312 0.0300353 0.0413501 0.974051
2 0.592883 0.417727 0.0320475 0.0426649 0.971855
1 0.506381 0.927354 0.0422533 0.0655057 0.969564
2 0.644866 0.75492 0.0305364 0.0446417 0.969232
5 0.638469 0.0130051 0.0367801 0.0259614 0.967578
2 0.94151 0.254705 0.0310974 0.0472357 0.964499
4 0.505163 0.242321 0.0350255 0.0509539 0.964458
0 0.70112 0.0881764 0.0619216 0.0443822 0.963544
2 0.63342 0.671657 0.0307244 0.042323 0.959273
0 0.719649 0.252542 0.0618206 0.0436361 0.957292
21 0.97502 0.104821 0.0417559 0.0575729 0.95619
5 0.789892 0.0149869 0.0507066 0.0299738 0.954306
9 0.768615 0.333385 0.0353401 0.0441238 0.953332
5 0.642118 0.922152 0.0398577 0.0445625 0.952041
0 0.447685 0.667268 0.0598785 0.043527 0.948698
5 0.624937 0.331756 0.0386717 0.0438355 0.948023
22 0.942334 0.509803 0.0350587 0.0417472 0.946045
6 0.935619 0.591532 0.0424697 0.0388885 0.945382
0 0.623487 0.0893544 0.0615513 0.040582 0.944148
14 0.61957 0.745609 0.0184121 0.0635494 0.942892
22 0.716799 0.423772 0.0356613 0.0429422 0.940713
1 0.860466 0.262462 0.0404519 0.0660447 0.940326
5 0.923154 0.0907511 0.0399563 0.0389202 0.936883
14 0.624842 0.98036 0.0211096 0.038835 0.936568
7 0.390547 0.0911494 0.0424674 0.0649647 0.935874
8 0.596476 0.671394 0.0386436 0.0408763 0.934287
0 0.730822 0.169222 0.0645146 0.042784 0.933375
2 0.494602 0.164511 0.032817 0.0430398 0.932338
13 0.721748 0.662345 0.0253408 0.0665052 0.929824
5 0.450092 0.918487 0.0388957 0.0416949 0.928739
5 0.978745 0.593165 0.0383368 0.0419108 0.928395
2 0.967821 0.425594 0.0266861 0.039121 0.928036
2 0.826254 0.505044 0.0323734 0.0434105 0.927974
5 0.901307 0.17394 0.0370263 0.0426445 0.927215
0 0.517721 0.667981 0.0606024 0.0425141 0.918557
7 0.459305 0.505973 0.0626203 0.0632053 0.916962
10 0.926155 0.7495 0.0360417 0.0630647 0.916303
6 0.728403 0.337992 0.0418122 0.0420576 0.915971
8 0.678151 0.756303 0.0350974 0.0389853 0.915862
6 0.549726 0.922892 0.0404541 0.0406387 0.91523
5 0.83509 0.841792 0.0366076 0.0414542 0.914813
21 0.363032 0.925939 0.0438619 0.0601251 0.913262
5 0.689735 0.673312 0.0389211 0.0436524 0.911859
22 0.521118 0.586349 0.0341227 0.0427794 0.910886
8 0.879599 0.0892644 0.0431306 0.0419002 0.91088
18 0.609058 0.162952 0.0381904 0.050967 0.910298
0 0.668243 0.505078 0.0623572 0.0447211 0.90997
0 0.877433 0.675934 0.0514541 0.0381765 0.909532
8 0.831431 0.757513 0.0436704 0.0425277 0.905906
18 0.754939 0.584214 0.0366845 0.0504868 0.904944
0 0.766299 0.754309 0.059006 0.0419445 0.901929
5 0.753512 0.0879556 0.0389918 0.0407082 0.901909
9 0.981807 0.174489 0.0335084 0.0404842 0.901564
7 0.39921 0.173607 0.069564 0.0618165 0.895606
8 0.789083 0.509077 0.0371348 0.0400612 0.89547
18 0.411908 0.576411 0.0371897 0.0505702 0.89321
6 0.61672 0.503011 0.0395889 0.0414933 0.892205
6 0.941565 0.173983 0.0405254 0.0411934 0.890837
2 0.670356 0.167861 0.0341674 0.0404418 0.890286
24 0.908778 0.931606 0.0288182 0.0501636 0.890073
0 0.830282 0.328327 0.0583785 0.0618097 0.889455
5 0.717718 0.755021 0.0385069 0.0427208 0.887939
0 0.773218 0.672724 0.057882 0.0423585 0.887182
13 0.91404 0.830438 0.0198171 0.063309 0.882144
8 0.812567 0.171436 0.0349445 0.0380959 0.88125
0 0.675401 0.335013 0.0606812 0.0450134 0.881135
13 0.789585 0.574487 0.0282497 0.0725496 0.875844
23 0.931788 0.339864 0.0352051 0.0408554 0.875762
2 0.451397 0.989817 0.0293446 0.0203654 0.873533
4 0.894129 0.500146 0.0342836 0.0531404 0.872964
8 0.933299 0.424567 0.0400149 0.0441244 0.872193
5 0.374334 0.579771 0.0383799 0.0444256 0.871472
6 0.905359 0.255765 0.0397029 0.0420777 0.868911
8 0.630784 0.418914 0.0409923 0.0441307 0.865335
6 0.585394 0.838478 0.038409 0.0419006 0.86152
2 0.846926 0.171097 0.0295851 0.0422494 0.86114
13 0.398548 0.816296 0.0197104 0.0743259 0.859471
0 0.456456 0.234737 0.0632012 0.0643891 0.857204
9 0.509501 0.753828 0.0379843 0.0456879 0.856963
14 0.566931 0.406963 0.0188589 0.0634674 0.856692
21 0.640077 0.262513 0.0408902 0.0592861 0.850136
9 0.559256 0.586291 0.0372519 0.0445542 0.845709
11 0.470101 0.0740894 0.0389972 0.0629336 0.835913
2 0.875051 0.923875 0.0340562 0.0454466 0.827474
18 0.50307 0.831225 0.0363015 0.0504689 0.822303
5 0.49465 0.99092 0.0340441 0.0180815 0.819955
0 0.970924 0.67636 0.0581522 0.0407865 0.816095
9 0.784605 0.838426 0.0367041 0.0427902 0.814835
12 0.683122 0.91308 0.0339067 0.0670183 0.809983
6 0.430669 0.0845392 0.0372385 0.0435713 0.808501
22 0.547601 0.248383 0.0330151 0.0447193 0.808246
18 0.36895 0.825862 0.037976 0.0518339 0.801797
19 0.53699 0.332566 0.0308092 0.0437792 0.800699
11 0.537114 0.980108 0.0382069 0.0397832 0.800216
7 0.976795 0.0239694 0.0386844 0.0479388 0.797025
13 0.641468 0.156634 0.0256333 0.0619022 0.796944
22 0.900151 0.0154453 0.0355381 0.0308906 0.788703
23 0.842078 0.090864 0.0281451 0.0404052 0.776411
8 0.991264 0.424899 0.0174713 0.0421628 0.773616
0 0.686348 0.0136695 0.0585065 0.0273391 0.76618
9 0.944307 0.841336 0.0348051 0.0415151 0.75775
6 0.462709 0.328693 0.0379903 0.0459049 0.74608
8 0.421651 0.748984 0.0369234 0.046335 0.744875
21 0.664555 0.599717 0.0395366 0.0564201 0.729254
4 0.620505 0.832008 0.0316994 0.0519364 0.712466
6 0.54391 0.83432 0.0417848 0.0471287 0.708478
4 0.439741 0.408199 0.0478977 0.0579562 0.706348
8 0.845641 0.0159651 0.0555065 0.0319302 0.701047
5 0.859224 0.496695 0.0348456 0.0617701 0.697232
1 0.721144 0.93455 0.040848 0.0688865 0.695151
14 0.872818 0.162323 0.0192773 0.0635089 0.694641
18 0.884282 0.835237 0.0507107 0.0537647 0.69326
14 0.504832 0.488783 0.0188875 0.0654037 0.675632
21 0.409169 0.91407 0.0412802 0.0482438 0.675562
12 0.512892 0.0764961 0.03599 0.0621781 0.675389
2 0.468965 0.835658 0.0306228 0.044715 0.672801
6 0.562627 0.0875156 0.0590445 0.0422001 0.657152
5 0.531997 0.498988 0.0380847 0.0513452 0.653599
22 0.893745 0.423458 0.0334201 0.0442359 0.64972
22 0.554614 0.166786 0.0397747 0.0400025 0.629102
5 0.589934 0.912541 0.0398381 0.0627761 0.622478
38 0.869178 0.581277 0.0813133 0.0635878 0.617916
22 0.921699 0.675848 0.0336757 0.0391939 0.613971
11 0.377376 0.737161 0.0538934 0.0663326 0.611367
8 0.96356 0.761013 0.0379729 0.0426404 0.607866
4 0.796124 0.248218 0.061435 0.0530328 0.594893
5 0.589672 0.992186 0.0344691 0.0156286 0.592911
18 0.824424 0.922318 0.0386401 0.0467111 0.574338
18 0.974681 0.929317 0.0506388 0.0456469 0.573233
0 0.385068 0.666442 0.0623082 0.0429049 0.570711
2 0.593971 0.753572 0.0271213 0.040524 0.559029
22 0.48398 0.413892 0.0370561 0.0441587 0.548951
4 0.88694 0.335153 0.0536354 0.0492694 0.545237
13 0.745969 0.836864 0.0384494 0.0812631 0.504259
