15 0.0979406 0.842449 0.0763192 0.0632471 0.987233
6 0.10577 0.689404 0.0397528 0.0408684 0.976603
5 0.212502 0.354201 0.0388139 0.04151 0.964893
2 0.230311 0.437131 0.0362945 0.0454593 0.964837
0 0.172347 0.0218089 0.0786608 0.0416699 0.951246
0 0.200761 0.771042 0.0594717 0.0398445 0.94828
8 0.115318 0.936872 0.0414784 0.0423678 0.940347
0 0.0427188 0.684932 0.0604049 0.0498664 0.937683
9 0.230517 0.0236468 0.0364341 0.0434251 0.935798
0 0.206599 0.520963 0.0644086 0.0434495 0.935074
5 0.060693 0.35201 0.0382452 0.0420483 0.9322
14 0.244456 0.343325 0.0218604 0.0633649 0.930316
8 0.147257 0.604624 0.0374351 0.0384728 0.925491
22 0.0543934 0.269584 0.0339216 0.04166 0.92364
8 0.110279 0.773542 0.0345909 0.0406713 0.922315
0 0.105121 0.270727 0.0615207 0.0447965 0.919937
6 0.15491 0.521772 0.0396603 0.0414548 0.917883
11 0.0638861 0.759502 0.0541668 0.0608227 0.91652
13 0.0917048 0.176289 0.0270797 0.0671479 0.911841
2 0.1274 0.436671 0.030715 0.0423137 0.911303
13 0.194504 0.426529 0.0270777 0.0674282 0.90812
14 0.178239 0.676193 0.019536 0.0659881 0.901284
9 0.0971695 0.600938 0.0351427 0.0426961 0.900956
5 0.0575285 0.521567 0.0367637 0.0385019 0.899388
0 0.103718 0.520785 0.0560052 0.0417832 0.892609
18 0.0583014 0.182187 0.0375564 0.0523126 0.885683
4 0.225504 0.182274 0.0320683 0.0480191 0.885593
0 0.169187 0.267633 0.0646952 0.0470216 0.88285
0 0.198685 0.936233 0.0561877 0.0436838 0.880174
23 0.014642 0.354153 0.0290587 0.0425912 0.875479
0 0.205332 0.842884 0.0628027 0.0668613 0.867263
2 0.154009 0.935272 0.0300432 0.0435584 0.866273
22 0.145336 0.688496 0.0333052 0.0419199 0.842776
1 0.141024 0.36164 0.0529883 0.0652081 0.83495
4 0.0963004 0.346482 0.0326016 0.0546216 0.831833
6 0.149834 0.773137 0.0393989 0.0416034 0.810117
22 0.0603683 0.934188 0.0335513 0.0405797 0.804007
2 0.0280388 0.101831 0.0380511 0.0428572 0.80344
2 0.157387 0.852554 0.0354437 0.0441475 0.788075
5 0.228892 0.594901 0.0432433 0.064316 0.775449
12 0.13314 0.0946705 0.0371132 0.0604071 0.749293
7 0.079829 0.442827 0.0611141 0.0675856 0.734293
2 0.0102132 0.601475 0.0204265 0.0442151 0.703899
18 0.162478 0.434399 0.0362116 0.0525225 0.638015
6 0.228845 0.101502 0.0612643 0.0471002 0.610551
27 0.167275 0.365551 0.0230661 0.0574502 0.539843
6 0.113872 0.0219347 0.0356209 0.041822 0.526719
4 0.16958 0.988884 0.0460361 0.0222317 0.519858
