1 0.715461 0.945037 0.0920198 0.109927 0.995055
1 0.526138 0.355616 0.0905968 0.136088 0.990687
4 0.512258 0.928729 0.0702488 0.102275 0.988389
18 0.276682 0.310589 0.11016 0.140183 0.987597
4 0.93916 0.511804 0.0640062 0.112248 0.98728
2 0.769419 0.528673 0.0723447 0.0918967 0.983743
5 0.391408 0.734255 0.0906065 0.0882224 0.983119
27 0.28359 0.754392 0.0547419 0.130825 0.98208
11 0.740142 0.300871 0.0938046 0.136752 0.981322
5 0.0233557 0.139663 0.0466472 0.0922793 0.980685
9 0.788862 0.725554 0.0909842 0.101581 0.979582
2 0.518084 0.13166 0.0750823 0.0917178 0.979046
2 0.0756826 0.332239 0.0723725 0.0909632 0.979041
8 0.529213 0.534701 0.0938247 0.0910952 0.977844
8 0.855863 0.521741 0.0955861 0.0915258 0.977754
8 0.162634 0.33398 0.099326 0.0934023 0.975784
7 0.489027 0.760939 0.0917938 0.126516 0.975583
2 0.229971 0.531452 0.0729974 0.09115 0.975057
22 0.597647 0.132978 0.0820591 0.0856186 0.975002
4 0.136277 0.528094 0.0669168 0.10794 0.973357
14 0.986741 0.106768 0.0265185 0.148378 0.971058
9 0.0380859 0.738139 0.0758951 0.103007 0.970758
7 0.932447 0.341141 0.106165 0.138663 0.970462
18 0.910706 0.715124 0.0927446 0.125928 0.968551
6 0.690939 0.730801 0.0908396 0.087009 0.964741
4 0.353877 0.935964 0.0707459 0.110177 0.962867
4 0.593296 0.726604 0.0971051 0.102 0.960326
5 0.418622 0.533481 0.0861056 0.0920644 0.960249
6 0.815278 0.928888 0.09454 0.0849457 0.95849
4 0.296054 0.12561 0.0715458 0.112978 0.958028
14 0.698474 0.504619 0.0483824 0.136475 0.956279
5 0.832813 0.320789 0.082993 0.0929821 0.954288
28 0.198377 0.708977 0.105105 0.13468 0.949896
6 0.384226 0.332838 0.0958433 0.0882987 0.930214
18 0.115613 0.918803 0.106788 0.138541 0.921169
22 0.626707 0.528724 0.0876415 0.0892519 0.891667
6 0.208225 0.135812 0.100625 0.0898023 0.890876
5 0.432099 0.93699 0.0814759 0.0909361 0.862807
22 0.917161 0.927525 0.0848024 0.0850992 0.84136
10 0.394855 0.111373 0.0879154 0.138409 0.763278
6 0.244317 0.9363 0.14821 0.107133 0.737635
2 0.585326 0.938893 0.0714707 0.0881388 0.704441
13 0.981888 0.701932 0.0362233 0.143183 0.692846
16 0.705825 0.131178 0.120934 0.095249 0.688929
4 0.984727 0.918207 0.0305451 0.0996544 0.688303
4 0.319898 0.528351 0.0941734 0.100268 0.649375
8 0.0476149 0.512415 0.0952297 0.140743 0.626451
2 0.986129 0.514497 0.0277419 0.0977091 0.61306
