12 0.831495 0.360506 0.0338602 0.0834935 0.984492
2 0.545832 0.0212757 0.033567 0.0424107 0.969141
5 0.724133 0.191594 0.0388017 0.0453474 0.967684
0 0.374638 0.360018 0.0648185 0.0506926 0.958367
23 0.84934 0.186616 0.0327742 0.0417842 0.957583
4 0.466316 0.26842 0.0556715 0.0559963 0.954123
2 0.375548 0.0234439 0.0278734 0.0452879 0.953793
22 0.772748 0.272452 0.0349613 0.0442162 0.950138
0 0.884383 0.272382 0.0655679 0.0454557 0.948106
1 0.900288 0.193091 0.0416672 0.0666139 0.945683
13 0.880479 0.085392 0.0237272 0.077041 0.944612
5 0.533637 0.361288 0.0354207 0.04346 0.941043
0 0.381125 0.180939 0.0837202 0.0674801 0.935654
5 0.646955 0.358624 0.0401115 0.0475423 0.935403
8 0.812053 0.10494 0.0403994 0.0414334 0.932928
0 0.453257 0.192962 0.0632902 0.0469379 0.919384
0 0.698667 0.268718 0.0809846 0.0550729 0.913647
6 0.873689 0.357077 0.0400555 0.043381 0.907181
18 0.849986 0.0983782 0.0373482 0.0506176 0.904856
0 0.769883 0.354888 0.0602818 0.056022 0.90451
21 0.930552 0.0304742 0.0377281 0.0581409 0.888922
9 0.935961 0.268539 0.0366085 0.0436469 0.888429
4 0.476523 0.101055 0.0320139 0.0505081 0.887023
0 0.821587 0.274773 0.0582895 0.0453696 0.885257
0 0.704784 0.103581 0.0596085 0.0491629 0.86999
9 0.958567 0.0997912 0.0374832 0.0448611 0.854159
18 0.601846 0.0203641 0.0402524 0.0407283 0.85054
8 0.551226 0.277109 0.0392089 0.0391602 0.845446
0 0.581483 0.360742 0.0631258 0.0500462 0.844811
7 0.359398 0.111842 0.0407431 0.0677403 0.830751
5 0.981284 0.184142 0.0347123 0.0426133 0.804552
12 0.694678 0.362822 0.0554857 0.074466 0.802093
7 0.982792 0.278337 0.0343047 0.0655959 0.798984
6 0.400856 0.105414 0.0396603 0.0437215 0.796409
10 0.671411 0.179523 0.0371096 0.064301 0.770991
19 0.954028 0.354288 0.0327755 0.045996 0.764954
8 0.915127 0.35896 0.0428213 0.0517786 0.732472
8 0.461914 0.022477 0.0376059 0.0435075 0.730756
13 0.506012 0.348473 0.0209277 0.0660141 0.703092
6 0.942992 0.182875 0.0409433 0.0446649 0.656976
4 0.641302 0.273198 0.0326742 0.0462251 0.654858
4 0.58031 0.0966074 0.0300325 0.0553104 0.649371
5 0.516275 0.183106 0.0596076 0.0679168 0.640278
13 0.632692 0.0208961 0.020594 0.0411184 0.631661
6 0.971547 0.0191749 0.0409026 0.0383497 0.625425
14 0.347673 0.0223856 0.0204995 0.0447712 0.604383
2 0.885894 0.019923 0.05532 0.0398459 0.537239
2 0.727723 0.0222285 0.0543668 0.0444571 0.522341
8 0.440721 0.105727 0.0406715 0.043227 0.511603
8 0.994429 0.100904 0.0111423 0.0453685 0.501055
