2 0.794847 0.021125 0.0310869 0.0405585 0.985389
2 0.653015 0.186786 0.0258553 0.0384865 0.978898
2 0.545678 0.77007 0.0333121 0.0448793 0.978892
5 0.453186 0.107458 0.0336468 0.0361955 0.976184
12 0.783361 0.185329 0.0339525 0.0753472 0.974987
2 0.647309 0.687483 0.030094 0.0424449 0.969579
2 0.519589 0.0238605 0.0338185 0.0458001 0.96918
5 0.460819 0.437543 0.0364691 0.0401172 0.968336
7 0.688172 0.448647 0.0408347 0.0618593 0.964901
7 0.420856 0.449511 0.0380895 0.0618542 0.964616
0 0.864487 0.6029 0.0670562 0.0439563 0.964116
0 0.822914 0.267141 0.0620039 0.0425645 0.963323
5 0.457009 0.268806 0.0313998 0.0416448 0.96306
1 0.900193 0.943078 0.0412712 0.0669456 0.962255
11 0.971292 0.340276 0.0346923 0.0669667 0.961849
5 0.724079 0.941676 0.0388539 0.0456797 0.961827
5 0.359026 0.689318 0.0386006 0.0433202 0.958047
13 0.690083 0.342842 0.0234447 0.0618626 0.957749
5 0.776161 0.518748 0.0379657 0.0411675 0.957548
6 0.879238 0.520055 0.0392656 0.0399326 0.956926
23 0.849239 0.936558 0.0328851 0.0418347 0.956853
7 0.903807 0.111069 0.040216 0.0567128 0.956602
0 0.586168 0.352843 0.0629203 0.0435258 0.956256
13 0.880364 0.835783 0.0236484 0.0761369 0.952028
10 0.421779 0.0957039 0.0457283 0.0619342 0.95018
0 0.642821 0.267741 0.0651069 0.0425999 0.94914
5 0.52248 0.353495 0.0403396 0.0428908 0.949066
13 0.631884 0.758988 0.0221615 0.0643911 0.948219
2 0.473088 0.0238752 0.0340192 0.0458077 0.947279
0 0.595461 0.603423 0.063935 0.0446563 0.946368
5 0.606337 0.104298 0.0393289 0.0416366 0.945623
5 0.89679 0.348669 0.0385308 0.0438273 0.943425
4 0.665155 0.0214345 0.0330231 0.0426972 0.942607
0 0.39403 0.353889 0.0557334 0.0419039 0.940753
1 0.717014 0.0313532 0.0413367 0.0627063 0.938858
11 0.854706 0.340468 0.0370278 0.064992 0.937684
5 0.543659 0.605326 0.0401675 0.0418352 0.937571
6 0.54507 0.690506 0.0394495 0.042251 0.936862
6 0.616841 0.185822 0.0427282 0.0382661 0.934447
5 0.926319 0.600193 0.0349734 0.0417049 0.934158
8 0.811961 0.854864 0.040455 0.0414251 0.933511
8 0.848824 0.692089 0.0394127 0.0426869 0.930246
22 0.540843 0.105985 0.0355935 0.0399442 0.929671
0 0.759916 0.269805 0.063513 0.0417283 0.928365
13 0.545524 0.513622 0.0234026 0.0609889 0.927224
0 0.50822 0.188026 0.0583013 0.0416626 0.924531
0 0.381169 0.931114 0.0835496 0.0676694 0.92327
6 0.759981 0.353753 0.037909 0.0423172 0.922516
4 0.982081 0.679454 0.0331945 0.0498488 0.92108
13 0.745665 0.509685 0.0213141 0.064099 0.920232
18 0.602051 0.764335 0.038855 0.0509958 0.918311
0 0.453165 0.942469 0.0631775 0.0456536 0.917337
21 0.441662 0.366876 0.0391144 0.0579781 0.915961
0 0.593234 0.686912 0.0576429 0.0455868 0.915129
5 0.709042 0.268427 0.0374601 0.044458 0.912969
6 0.36111 0.0241683 0.0421284 0.0431573 0.912302
0 0.892683 0.0208901 0.0597891 0.0414116 0.912118
2 0.375722 0.772721 0.0270022 0.0466387 0.911204
13 0.985858 0.423631 0.0223153 0.0645127 0.908916
5 0.940994 0.182034 0.0431097 0.0420411 0.9084
18 0.84992 0.848298 0.0373476 0.0506086 0.908202
5 0.869272 0.437091 0.0351207 0.0391685 0.907217
5 0.819621 0.432909 0.0384051 0.0425367 0.903289
2 0.591232 0.0236974 0.028861 0.0459118 0.899955
4 0.857299 0.0960966 0.0324137 0.049494 0.898163
5 0.593632 0.271684 0.0345358 0.0420319 0.897105
13 0.562884 0.26105 0.024755 0.0677084 0.896673
2 0.547432 0.428761 0.032517 0.0604751 0.891511
4 0.476501 0.851032 0.0319859 0.050537 0.89101
2 0.815954 0.182337 0.0294037 0.0426579 0.8904
23 0.636501 0.519755 0.0343466 0.0396473 0.886217
0 0.825336 0.518656 0.0622649 0.0423284 0.879715
1 0.572596 0.193885 0.0412872 0.0653611 0.877931
2 0.396687 0.0219715 0.0275667 0.0437176 0.876445
0 0.704745 0.853688 0.0595615 0.0488193 0.87416
7 0.680364 0.529041 0.0382463 0.0521185 0.869958
9 0.920361 0.517668 0.0369625 0.0428476 0.867804
0 0.667898 0.105456 0.0822961 0.0413042 0.865993
13 0.370363 0.176937 0.0215826 0.067407 0.857517
6 0.399262 0.26934 0.0397342 0.0404247 0.856656
13 0.511361 0.0959763 0.0221744 0.0597218 0.853282
23 0.484063 0.106407 0.0290304 0.0396907 0.839141
9 0.95852 0.849687 0.0374475 0.0448472 0.834514
21 0.930543 0.780135 0.0377731 0.0572858 0.828614
14 0.84302 0.173436 0.0201755 0.0633014 0.825514
7 0.35936 0.86184 0.0407751 0.0677177 0.824074
22 0.7451 0.604252 0.0323014 0.0412598 0.822914
14 0.964137 0.421989 0.0189255 0.0636592 0.816938
8 0.407542 0.604296 0.0442879 0.0434949 0.812518
18 0.504878 0.686174 0.0386102 0.0511847 0.810568
10 0.671444 0.92958 0.037359 0.0644789 0.808823
5 0.981244 0.934066 0.0346425 0.0427394 0.801001
9 0.636325 0.437033 0.0375197 0.0432298 0.799728
2 0.730731 0.68454 0.0507218 0.0482771 0.799159
21 0.514625 0.535622 0.036947 0.055779 0.796086
6 0.400822 0.855407 0.0396405 0.0437418 0.789221
2 0.396887 0.187319 0.0289088 0.0404003 0.784172
6 0.481248 0.352342 0.0373291 0.0405995 0.782835
23 0.421604 0.524339 0.0453806 0.0432432 0.781143
18 0.933343 0.260096 0.053267 0.0557301 0.777341
8 0.461878 0.773352 0.0373144 0.0418031 0.775902
22 0.873579 0.265792 0.0351274 0.0404575 0.774902
5 0.991052 0.0206832 0.0178952 0.0403384 0.757954
2 0.727273 0.761963 0.0538946 0.0649245 0.754018
2 0.373787 0.603937 0.0280831 0.0419319 0.736582
21 0.412344 0.701446 0.06267 0.0605555 0.727962
10 0.6862 0.677241 0.0446157 0.0621396 0.7127
13 0.717821 0.594248 0.0268105 0.0644889 0.710296
4 0.580217 0.84711 0.0299368 0.0551596 0.70653
0 0.886597 0.181805 0.0654266 0.0393987 0.693057
0 0.453361 0.687845 0.0667014 0.0467961 0.689295
14 0.429651 0.258368 0.0205657 0.0652982 0.687512
6 0.944353 0.0208439 0.0415249 0.0415546 0.685174
2 0.647452 0.353787 0.055639 0.0420989 0.680403
14 0.995927 0.756189 0.00814581 0.0636709 0.671194
23 0.828887 0.770757 0.0347338 0.0417686 0.663385
6 0.943134 0.932802 0.0414022 0.0448049 0.658893
11 0.719592 0.344315 0.0336165 0.0622582 0.658603
14 0.936692 0.672672 0.0186694 0.0625529 0.658559
23 0.933243 0.348765 0.0345798 0.0404048 0.649235
6 0.758762 0.0269407 0.0391006 0.0481377 0.632534
7 0.972821 0.610422 0.0535176 0.0650588 0.630662
8 0.629396 0.0244965 0.0435555 0.0453978 0.629971
14 0.556853 0.0227984 0.034446 0.0455968 0.62136
21 0.359852 0.28372 0.0401052 0.0589948 0.62046
0 0.446332 0.187441 0.0649553 0.0420938 0.609949
13 0.671341 0.983953 0.0180211 0.032074 0.590029
5 0.516397 0.932979 0.0592878 0.0678992 0.581208
14 0.347402 0.179377 0.0254791 0.0649148 0.576772
8 0.44104 0.855853 0.0412056 0.044214 0.570788
6 0.970446 0.766398 0.0391645 0.0435436 0.565266
2 0.367344 0.104323 0.0609767 0.0428136 0.517616
8 0.676973 0.593692 0.057546 0.0631996 0.517336
13 0.775072 0.927836 0.022433 0.0668061 0.516223
13 0.504437 0.429419 0.048339 0.0648729 0.509034
4 0.723559 0.101801 0.0261474 0.0449199 0.506475
