1 0.536361 0.68774 0.0415676 0.064314 0.988085
24 0.75686 0.683957 0.03754 0.0619519 0.983288
2 0.334368 0.179734 0.0304876 0.0447899 0.982029
15 0.413611 0.589109 0.0760396 0.0656908 0.980375
4 0.789297 0.335458 0.0328846 0.0523505 0.975641
2 0.914981 0.921582 0.0354348 0.0483465 0.969968
0 0.76793 0.75882 0.0597917 0.0450721 0.968667
2 0.0447152 0.0210111 0.0312954 0.0406053 0.968364
5 0.589435 0.847063 0.0386267 0.0420933 0.965586
12 0.461925 0.348721 0.0324068 0.0795023 0.962989
10 0.653466 0.333951 0.031996 0.0635256 0.962907
0 0.114473 0.60295 0.0670918 0.0439832 0.962876
8 0.587273 0.763681 0.0396397 0.0430048 0.96234
11 0.400176 0.840213 0.0382199 0.0653198 0.961703
1 0.15026 0.943107 0.041334 0.0669382 0.961697
13 0.286231 0.507506 0.023552 0.0647094 0.960274
5 0.716016 0.34132 0.0375385 0.0416862 0.959681
7 0.153817 0.111066 0.0402128 0.0566888 0.95946
6 0.439036 0.847816 0.0363929 0.0386283 0.957895
10 0.727459 0.416081 0.0364555 0.0630153 0.957439
0 0.818769 0.672604 0.0630233 0.0463213 0.957389
9 0.47841 0.846879 0.0364352 0.0444791 0.956967
6 0.129254 0.520077 0.0392456 0.0399328 0.95612
0 0.0729117 0.26717 0.0619348 0.0424966 0.955554
0 0.66439 0.678363 0.063949 0.0456998 0.95408
0 0.755036 0.0930477 0.0603831 0.0441558 0.954045
11 0.887243 0.413321 0.0380735 0.0632144 0.953126
18 0.913197 0.589172 0.0397576 0.0562832 0.952576
13 0.130418 0.83567 0.023713 0.0763814 0.952514
24 0.408829 0.106903 0.0556471 0.0597809 0.952088
5 0.262199 0.349594 0.0378772 0.044111 0.951528
5 0.331834 0.26243 0.0376436 0.0397637 0.948201
7 0.344254 0.694799 0.0390855 0.0618442 0.947693
5 0.0255169 0.518645 0.0393116 0.0411956 0.947502
0 0.867336 0.0907857 0.0642135 0.0428211 0.946794
5 0.146805 0.348677 0.038541 0.0438524 0.946781
5 0.176385 0.600274 0.0350338 0.0417984 0.944072
5 0.517316 0.0179943 0.0408695 0.0357812 0.942969
23 0.0993025 0.936603 0.032889 0.0417893 0.942635
12 0.435055 0.512785 0.0328768 0.075815 0.942256
13 0.820965 0.74586 0.0274577 0.0670769 0.941024
5 0.254295 0.0208205 0.0433832 0.0415233 0.940896
10 0.403494 0.923576 0.0381672 0.0651212 0.939708
9 0.722862 0.175707 0.0366781 0.043385 0.939411
13 0.546213 0.920646 0.0269102 0.0695455 0.938847
6 0.372488 0.263132 0.0407069 0.0376859 0.937025
2 0.655303 0.510519 0.0285757 0.0405644 0.93611
0 0.270008 0.851255 0.0634473 0.0447483 0.935954
11 0.104713 0.340481 0.0370278 0.0650005 0.935549
0 0.379051 0.348385 0.0644198 0.045006 0.934619
8 0.874585 0.923116 0.0408655 0.0474572 0.933621
5 0.616396 0.678838 0.0342767 0.041718 0.933477
5 0.191062 0.181996 0.0431738 0.0420264 0.933064
5 0.80579 0.0923081 0.0387864 0.0424543 0.929909
2 0.421942 0.43156 0.0337137 0.0449487 0.928841
8 0.0988712 0.69217 0.0394057 0.042811 0.925937
9 0.514588 0.511591 0.0354854 0.0421067 0.925674
5 0.775431 0.426514 0.0352259 0.0430245 0.925385
7 0.601739 0.186517 0.0384036 0.0576332 0.919787
2 0.438028 0.0183772 0.0310361 0.0367353 0.918805
2 0.409434 0.261576 0.0312538 0.04118 0.916305
2 0.805645 0.257601 0.0314029 0.046572 0.916168
0 0.538501 0.850794 0.059962 0.0457066 0.915418
21 0.180637 0.780117 0.0377372 0.0571513 0.913493
8 0.618922 0.511486 0.0424035 0.0437718 0.913318
8 0.0619012 0.854851 0.040368 0.04152 0.911042
0 0.142693 0.0209176 0.0598234 0.0414406 0.908792
18 0.0999563 0.848336 0.0373844 0.0506196 0.90732
0 0.482096 0.0977561 0.0931396 0.0433241 0.907141
6 0.562796 0.178611 0.0379388 0.043671 0.905227
4 0.107303 0.0961498 0.0324123 0.0494501 0.902299
5 0.0695915 0.433013 0.0385191 0.0424705 0.901073
5 0.119282 0.437093 0.0351181 0.0391769 0.899536
0 0.894352 0.991821 0.0612555 0.0163578 0.897646
7 0.566031 0.355447 0.0550551 0.0647571 0.897357
13 0.296283 0.422086 0.0239557 0.0648448 0.895827
12 0.0332637 0.185298 0.0340589 0.0751999 0.894268
11 0.265183 0.421393 0.0338971 0.0634693 0.891445
2 0.0659507 0.182407 0.029475 0.0425197 0.889547
8 0.61451 0.343024 0.0426824 0.0425299 0.887356
6 0.836582 0.509545 0.0417068 0.0429016 0.885418
11 0.818339 0.162177 0.0362617 0.0664402 0.884796
8 0.423869 0.179524 0.0425442 0.0440632 0.884105
8 0.55301 0.430483 0.0380456 0.0415511 0.883883
5 0.377486 0.179625 0.050875 0.0431005 0.883027
13 0.292043 0.592582 0.0182444 0.0603642 0.882749
0 0.0753779 0.51868 0.0621741 0.0423367 0.879987
6 0.579179 0.678907 0.0385733 0.0440965 0.879309
8 0.503277 0.262458 0.0416738 0.0422127 0.878387
9 0.170389 0.517676 0.0370041 0.0429258 0.877952
0 0.283965 0.26594 0.0570399 0.0439559 0.877625
9 0.896971 0.8392 0.0395319 0.044131 0.877184
9 0.481651 0.679585 0.0359534 0.0439466 0.877131
0 0.280684 0.935669 0.0617957 0.045788 0.873046
14 0.213927 0.422132 0.0185993 0.0635694 0.868658
13 0.850976 0.160584 0.0259441 0.0751889 0.867177
9 0.383994 0.516015 0.0357766 0.0414113 0.86696
2 0.387723 0.0179826 0.0312762 0.0359651 0.862501
13 0.610472 0.087453 0.0229499 0.0669349 0.862264
13 0.333465 0.923533 0.0222486 0.0587199 0.854003
6 0.0141633 0.352744 0.0279681 0.0450639 0.853498
22 0.780076 0.592077 0.0325141 0.038223 0.852852
5 0.686311 0.175498 0.0387177 0.0442739 0.852374
6 0.907621 0.259807 0.0631117 0.0444024 0.85187
9 0.208753 0.849798 0.0373988 0.0443114 0.848423
13 0.930015 0.247524 0.0223274 0.0673923 0.847698
8 0.420092 0.767319 0.0416346 0.0433738 0.845027
14 0.618898 0.834744 0.0191731 0.0644344 0.843127
7 0.372943 0.776508 0.0558349 0.0635647 0.842808
4 0.242855 0.679422 0.0540242 0.0499165 0.836701
18 0.326257 0.427644 0.0377817 0.0508199 0.836679
14 0.0930292 0.173454 0.0201727 0.0633184 0.834745
7 0.363715 0.945815 0.0380385 0.0604913 0.834474
8 0.932901 0.178065 0.0428674 0.0468503 0.830867
18 0.688607 0.989953 0.0368176 0.0200932 0.826075
23 0.742802 0.925235 0.0343348 0.0404091 0.824346
18 0.664776 0.0165643 0.0548668 0.0330556 0.823035
6 0.220131 0.767265 0.0377921 0.0412257 0.819134
18 0.183335 0.260112 0.0532202 0.0557445 0.818844
18 0.796025 0.503801 0.0362308 0.050623 0.815839
4 0.553216 0.256776 0.0555255 0.0497101 0.814156
14 0.945153 0.327848 0.0212076 0.0654992 0.812529
2 0.469439 0.597429 0.0301932 0.0444899 0.80666
13 0.235163 0.422967 0.0223029 0.0637935 0.805941
11 0.221671 0.340272 0.0352104 0.066721 0.798302
10 0.648554 0.0846246 0.0349821 0.064946 0.798132
5 0.456318 0.263371 0.0514811 0.0423311 0.794394
8 0.474912 0.0192175 0.0411945 0.038435 0.788909
5 0.351701 0.0970798 0.0347621 0.0414427 0.788036
13 0.356476 0.502003 0.0179138 0.0654764 0.783241
8 0.522 0.179832 0.0422866 0.0458632 0.782695
5 0.230984 0.934134 0.0347204 0.0425818 0.77998
22 0.123569 0.265824 0.0351364 0.0404751 0.777883
0 0.51464 0.596417 0.0578575 0.0462997 0.773458
22 0.535881 0.764431 0.0538714 0.0468085 0.772916
23 0.384475 0.682551 0.0344507 0.0412275 0.763861
0 0.749749 0.992885 0.0815138 0.0142295 0.762117
0 0.375751 0.428046 0.054672 0.0527681 0.76148
21 0.0178868 0.100945 0.0357459 0.0474894 0.761442
2 0.723971 0.683112 0.0345588 0.0559127 0.756192
22 0.321421 0.851517 0.0346826 0.0426567 0.753468
13 0.271913 0.761835 0.0221972 0.064472 0.741899
1 0.851828 0.268502 0.0421054 0.0689938 0.739801
9 0.819983 0.588724 0.0371581 0.0431852 0.736625
10 0.891812 0.164712 0.0362139 0.0642924 0.731189
2 0.656444 0.427278 0.0318632 0.0446024 0.727891
6 0.195198 0.0206107 0.0434767 0.0412215 0.727786
5 0.609337 0.0183299 0.0520145 0.0366598 0.7186
6 0.192539 0.9328 0.0401496 0.0447741 0.718466
22 0.547379 0.0944697 0.0338326 0.0429232 0.718175
2 0.90125 0.0162369 0.0666728 0.0324738 0.717682
18 0.586441 0.9257 0.0540946 0.0546515 0.713224
13 0.0240963 0.927168 0.0236994 0.0671444 0.709392
14 0.186686 0.672709 0.0186425 0.0625134 0.70775
10 0.588901 0.41875 0.0289166 0.0634754 0.705371
10 0.701657 0.834597 0.0383049 0.0648427 0.704476
9 0.442468 0.933488 0.0371199 0.0450983 0.695415
1 0.86958 0.600676 0.0372562 0.064834 0.691255
13 0.369245 0.833779 0.0213662 0.0795975 0.682621
0 0.136595 0.181809 0.0653746 0.0393844 0.674099
10 0.291535 0.679715 0.0407453 0.0738783 0.668635
6 0.753875 0.339949 0.0371296 0.0414238 0.658567
14 0.667216 0.75045 0.019184 0.0637571 0.656754
23 0.183266 0.348785 0.0345784 0.0404269 0.653809
23 0.0788892 0.770816 0.0348248 0.0417469 0.652771
21 0.778409 0.854287 0.0400252 0.0559502 0.65141
8 0.303317 0.0211373 0.0397173 0.0422746 0.645777
13 0.0065771 0.926473 0.0131542 0.0706631 0.634605
21 0.830949 0.437791 0.0670369 0.0614758 0.633885
4 0.464481 0.4252 0.0333265 0.0547594 0.626547
6 0.913275 0.343716 0.0356858 0.0406511 0.615708
24 0.222578 0.610108 0.0530294 0.0640826 0.609058
4 0.56476 0.0176287 0.0324092 0.0352574 0.609003
8 0.693583 0.594544 0.0414732 0.0495714 0.608162
0 0.750244 0.981375 0.0821695 0.0372508 0.594524
13 0.205927 0.674814 0.0216153 0.0586894 0.592832
5 0.927705 0.415953 0.0395225 0.0612128 0.581293
6 0.776333 0.0157414 0.0565672 0.0314828 0.575622
18 0.632902 0.750938 0.0477803 0.0650663 0.571786
14 0.266511 0.506021 0.0211012 0.0670249 0.571327
12 0.353116 0.0291991 0.0355202 0.0583981 0.570083
6 0.923062 0.0914926 0.0436155 0.0564139 0.568381
6 0.815361 0.840054 0.037179 0.0422932 0.559337
6 0.0143953 0.0260979 0.0282151 0.0464048 0.542492
2 0.689553 0.509162 0.0363851 0.0418018 0.541107
0 0.0207174 0.270267 0.041299 0.0432137 0.521278
8 0.300386 0.180453 0.0360901 0.0452483 0.51791
2 0.582213 0.512839 0.0274099 0.0413876 0.512492
13 0.474642 0.507486 0.0392636 0.079681 0.500183
