27 0.744151 0.0457848 0.0510098 0.0915696 0.997285
1 0.177762 0.819261 0.0909891 0.134636 0.994124
1 0.626578 0.230138 0.0919327 0.140256 0.993226
18 0.48037 0.958468 0.0960369 0.0830631 0.993217
11 0.816557 0.772953 0.0911441 0.132666 0.992969
19 0.583518 0.798863 0.0676694 0.0902405 0.991549
1 0.175459 0.97581 0.0888529 0.0483803 0.989865
18 0.119436 0.576888 0.107632 0.138955 0.989373
5 0.847657 0.0226462 0.0819373 0.0452925 0.987969
1 0.668628 0.0461909 0.0854762 0.0923818 0.98524
19 0.466469 0.597728 0.0624701 0.0871797 0.984624
5 0.0881444 0.0229997 0.086305 0.0459994 0.983444
5 0.507926 0.022861 0.0842896 0.0457221 0.98337
2 0.0310096 0.601746 0.061892 0.0924305 0.98117
4 0.0742189 0.78222 0.0795593 0.113819 0.98084
2 0.732305 0.797763 0.0732487 0.0936782 0.980679
18 0.282125 0.777258 0.0935351 0.130465 0.980291
5 0.281695 0.0235229 0.087161 0.0470457 0.980014
4 0.779443 0.590649 0.0689306 0.0966086 0.979376
8 0.379776 0.600514 0.095697 0.0902098 0.978654
18 0.798657 0.385099 0.0919353 0.125656 0.978426
23 0.17125 0.205938 0.0702619 0.0852335 0.974476
4 0.550498 0.391596 0.0709116 0.112847 0.974124
9 0.0403594 0.97065 0.0807188 0.0587003 0.973778
5 0.0341375 0.402057 0.0681695 0.0909618 0.972297
6 0.729843 0.206257 0.0964253 0.0876319 0.970603
7 0.123922 0.426463 0.0995043 0.137738 0.969808
2 0.87602 0.973019 0.0663359 0.0539616 0.968756
5 0.701122 0.40568 0.0892705 0.0905135 0.968098
9 0.383534 0.0263277 0.0935956 0.0526555 0.967022
5 0.282307 0.401986 0.0945303 0.0906875 0.965471
6 0.279358 0.978993 0.105075 0.0419977 0.964061
13 0.195688 0.574161 0.0439235 0.13769 0.960961
22 0.379974 0.976628 0.0930308 0.0467433 0.960635
4 0.397584 0.79001 0.0743628 0.111218 0.958009
4 0.592791 0.0294869 0.0628438 0.0589737 0.955143
2 0.922293 0.402469 0.0732882 0.0916482 0.943221
7 0.65178 0.970614 0.146954 0.058706 0.942677
23 0.65744 0.796149 0.0702891 0.0853521 0.941917
2 0.270741 0.59833 0.0782419 0.0904567 0.934705
14 0.161831 0.0259754 0.0423043 0.0519508 0.933896
5 0.980135 0.40249 0.0397294 0.0910208 0.923823
5 0.481488 0.797704 0.0901569 0.0905471 0.914849
13 0.0154836 0.773598 0.0309672 0.138215 0.89099
6 0.934408 0.206713 0.112066 0.0870089 0.878889
38 0.935792 0.584472 0.128416 0.160837 0.831311
2 0.595442 0.598777 0.0722581 0.0976775 0.812345
14 0.210415 0.0246267 0.0414353 0.0492534 0.808393
4 0.779591 0.971386 0.101553 0.0572286 0.77205
5 0.830135 0.202077 0.0879377 0.0913849 0.743251
6 0.984852 0.20749 0.0302967 0.0849147 0.727324
8 0.959052 0.970481 0.0818957 0.0590379 0.72307
8 0.695071 0.575305 0.0928566 0.135669 0.713857
6 0.469217 0.403309 0.0873941 0.0897722 0.644093
4 0.400892 0.202098 0.0912414 0.103454 0.620178
27 0.521264 0.209075 0.054399 0.091037 0.620051
8 0.939952 0.0255141 0.0918723 0.0510283 0.508056
