1 0.963967 0.699452 0.0720661 0.133414 0.99757
21 0.609682 0.301816 0.0996106 0.127987 0.992888
16 0.27079 0.890577 0.103559 0.0921147 0.987278
9 0.137785 0.477157 0.0901603 0.0981772 0.986563
21 0.954313 0.492813 0.0913734 0.134798 0.986072
2 0.871072 0.469301 0.0710703 0.0913703 0.984166
23 0.0738923 0.888183 0.0721676 0.0885026 0.983033
23 0.469812 0.680647 0.0717909 0.0898314 0.982722
9 0.504168 0.470823 0.0863624 0.106071 0.980009
4 0.656607 0.877367 0.0746353 0.116326 0.979767
14 0.753148 0.451274 0.0474598 0.140072 0.978485
8 0.431998 0.0741374 0.0987228 0.0929377 0.978188
8 0.550131 0.0740836 0.0996659 0.0936667 0.976138
14 0.435415 0.25519 0.0418478 0.136293 0.975841
8 0.737646 0.676245 0.0980291 0.0900626 0.975784
6 0.404737 0.480814 0.0959579 0.0938551 0.972256
8 0.767485 0.273082 0.092257 0.0938259 0.970916
0 0.200484 0.686405 0.14394 0.0903305 0.970309
8 0.878514 0.878799 0.0962664 0.0945189 0.968472
14 0.445747 0.865931 0.0465922 0.137068 0.968275
7 0.812692 0.0938116 0.162962 0.129391 0.967582
22 0.154678 0.89058 0.0838623 0.0892762 0.967173
13 0.0446023 0.0627376 0.0407373 0.124292 0.966352
13 0.53111 0.259275 0.0472739 0.158469 0.966163
22 0.868558 0.271691 0.0849108 0.0886055 0.962423
22 0.967862 0.882676 0.0642753 0.0920205 0.962049
22 0.37356 0.884572 0.0873889 0.0921996 0.96179
14 0.8017 0.449533 0.0448687 0.136648 0.961458
22 0.651829 0.0749052 0.0867734 0.0892602 0.958493
14 0.946489 0.248981 0.045754 0.132595 0.957819
2 0.277456 0.479112 0.0702845 0.0938774 0.956318
22 0.83642 0.676532 0.0864143 0.0853987 0.955716
22 0.0409991 0.488508 0.0819981 0.0870781 0.951242
13 0.0366204 0.25989 0.0461071 0.149444 0.949654
19 0.0116625 0.0792464 0.0232882 0.0919091 0.938418
14 0.484405 0.259337 0.0448755 0.140972 0.938402
2 0.0173313 0.890387 0.034656 0.0871162 0.907714
4 0.102317 0.0730503 0.0711105 0.108 0.903989
2 0.393784 0.678123 0.0672235 0.0909531 0.883983
13 0.683238 0.248183 0.0441474 0.132507 0.872651
6 0.986695 0.268424 0.0266104 0.0906736 0.834785
38 0.309739 0.0765459 0.134944 0.153092 0.791101
19 0.206504 0.0580488 0.0681903 0.0642854 0.760676
6 0.544374 0.889983 0.150236 0.0927302 0.756117
4 0.32498 0.678649 0.0704571 0.099273 0.754692
7 0.146289 0.302358 0.160476 0.135493 0.754305
5 0.61832 0.68091 0.0987549 0.0909686 0.677146
4 0.951662 0.0639216 0.0935593 0.110603 0.646255
