7 0.54467 0.374473 0.0415212 0.0532874 0.988536
7 0.982003 0.359519 0.0359936 0.0567828 0.978455
6 0.548155 0.67566 0.0342202 0.0381329 0.975476
0 0.972168 0.275214 0.0556649 0.042197 0.971994
5 0.859474 0.0421914 0.0363047 0.0386609 0.970989
13 0.864377 0.264449 0.0219138 0.0627128 0.969606
2 0.584925 0.363749 0.0296714 0.0376283 0.968246
5 0.618335 0.206616 0.0358608 0.0380227 0.967507
0 0.625504 0.910404 0.0564644 0.0398529 0.965636
18 0.98376 0.893473 0.032372 0.0437009 0.964841
5 0.950954 0.585448 0.0381107 0.0403125 0.962941
0 0.499616 0.67708 0.0553694 0.0388511 0.96294
22 0.489716 0.0564304 0.0374647 0.039571 0.961058
2 0.681912 0.204681 0.031005 0.038586 0.958964
11 0.517679 0.199167 0.0353938 0.0625855 0.958925
5 0.885708 0.196834 0.0364411 0.0380783 0.958149
18 0.53857 0.434092 0.0425801 0.0609763 0.957275
22 0.640421 0.832363 0.0377142 0.0391161 0.956679
7 0.754481 0.369105 0.0419923 0.0517993 0.954138
2 0.643702 0.983427 0.0296757 0.03265 0.9538
2 0.533331 0.598723 0.0296159 0.0383835 0.953613
5 0.747948 0.123629 0.0359325 0.0372528 0.948222
5 0.466229 0.370516 0.0382397 0.0391445 0.946904
1 0.870109 0.907196 0.0370328 0.0563333 0.946099
5 0.76617 0.512365 0.036648 0.0361075 0.943589
7 0.422075 0.379626 0.0411643 0.0533317 0.942374
0 0.630579 0.362992 0.0551244 0.039113 0.941506
1 0.723266 0.287772 0.0366895 0.0532079 0.941239
7 0.574603 0.986112 0.0438681 0.027775 0.939223
0 0.426628 0.0585037 0.0557688 0.0402074 0.939056
13 0.804258 0.652641 0.018502 0.0651075 0.938639
5 0.947401 0.662322 0.0379097 0.0394019 0.938508
10 0.966951 0.96431 0.0344355 0.066519 0.938499
21 0.612322 0.449442 0.0518064 0.0549143 0.937296
8 0.786611 0.124283 0.0358071 0.0355616 0.933913
5 0.805496 0.980383 0.0365047 0.0383598 0.933365
18 0.42482 0.287122 0.0447991 0.0536582 0.932231
5 0.420008 0.216737 0.0373809 0.0374137 0.931297
13 0.853782 0.185849 0.0193875 0.0619903 0.931199
27 0.813756 0.909622 0.0262294 0.0535953 0.929649
2 0.818771 0.434949 0.030331 0.0372784 0.929149
5 0.590747 0.287677 0.0366119 0.0408098 0.929137
2 0.449605 0.525144 0.0271842 0.0376906 0.929038
2 0.719842 0.825768 0.0320227 0.0381775 0.926383
8 0.488632 0.915831 0.0348279 0.0430055 0.925182
22 0.789423 0.587009 0.0357692 0.0368743 0.925112
8 0.923391 0.197752 0.0367678 0.0400968 0.92419
9 0.968819 0.507086 0.0347083 0.0374556 0.924108
0 0.539172 0.0538684 0.0558071 0.0391755 0.922753
22 0.834575 0.278271 0.0368619 0.0390105 0.919377
8 0.776106 0.746353 0.0354152 0.0397067 0.918161
0 0.598922 0.0515626 0.0581688 0.0393516 0.915722
27 0.519844 0.300309 0.0259501 0.0554407 0.915113
5 0.487745 0.290296 0.0353279 0.0383694 0.911801
0 0.495275 0.757157 0.0560502 0.0394905 0.910192
13 0.459849 0.282957 0.0182885 0.0595193 0.908958
7 0.553868 0.761382 0.0402052 0.0529505 0.90882
0 0.494526 0.12776 0.0551506 0.0514303 0.905654
6 0.634278 0.752746 0.0358617 0.0394964 0.905357
4 0.566239 0.910185 0.0275217 0.0460074 0.904713
0 0.903327 0.27638 0.0557256 0.0396494 0.903674
5 0.860602 0.585203 0.0380464 0.0383226 0.897728
23 0.829105 0.82141 0.0399151 0.0398698 0.892153
9 0.933708 0.739745 0.0383902 0.039432 0.891678
5 0.781857 0.903708 0.0336435 0.0384523 0.889399
0 0.484859 0.448417 0.0556976 0.0397413 0.887323
4 0.826515 0.0359668 0.0292807 0.0484575 0.887297
13 0.801157 0.0309444 0.018373 0.0609514 0.886916
5 0.596056 0.754581 0.037432 0.0382171 0.885536
7 0.696089 0.600549 0.0634131 0.0571008 0.883097
5 0.83248 0.664002 0.0343317 0.0384525 0.882508
22 0.640391 0.127443 0.0354159 0.0402961 0.876126
10 0.414779 0.12618 0.0420092 0.0656235 0.87429
11 0.651033 0.0384172 0.0397928 0.0614756 0.873949
2 0.453764 0.914276 0.0309776 0.0386382 0.873133
14 0.856715 0.731127 0.0354867 0.0616981 0.871695
0 0.698338 0.126309 0.0578122 0.0404185 0.870928
10 0.564528 0.277569 0.0349101 0.063516 0.863308
9 0.584263 0.831733 0.0368235 0.0405458 0.862528
13 0.755998 0.891371 0.0228983 0.0625437 0.86166
9 0.585801 0.674355 0.0382096 0.0404001 0.855918
0 0.860647 0.979393 0.0531993 0.0387673 0.853839
24 0.557867 0.140806 0.0418251 0.0543469 0.852945
7 0.686681 0.758126 0.0582213 0.0545905 0.850661
0 0.752015 0.0464872 0.0800905 0.0389318 0.834828
3 0.907806 0.809726 0.0596777 0.0682297 0.828363
2 0.4406 0.134154 0.0304929 0.0383115 0.818442
6 0.922007 0.900368 0.0585166 0.042207 0.814372
13 0.973958 0.724973 0.0210893 0.072629 0.80912
5 0.448573 0.758297 0.0359226 0.0424638 0.800848
13 0.459874 0.972803 0.0170344 0.0540917 0.799423
8 0.748621 0.58893 0.038286 0.0364294 0.796254
13 0.574063 0.43139 0.0231161 0.0741963 0.795677
2 0.708004 0.359648 0.0332389 0.0369302 0.789969
0 0.468113 0.214257 0.0566537 0.0419083 0.782575
23 0.650793 0.205605 0.030019 0.03728 0.77459
23 0.612894 0.985608 0.0305378 0.0287834 0.771901
6 0.968229 0.817979 0.0562468 0.0423002 0.765023
4 0.974567 0.114947 0.0259695 0.0430063 0.752088
6 0.90782 0.661389 0.036767 0.0393531 0.747304
10 0.687643 0.350328 0.032342 0.0661035 0.706471
8 0.869452 0.661745 0.0376269 0.0391196 0.665151
6 0.684172 0.908251 0.0572735 0.0398314 0.664636
0 0.869844 0.351301 0.0876318 0.0453 0.660015
1 0.530621 0.52468 0.0390053 0.0560918 0.651039
10 0.978071 0.0305053 0.0426028 0.0610107 0.645791
18 0.438187 0.676828 0.0645319 0.0509384 0.627447
14 0.588807 0.197135 0.0167947 0.0571281 0.619313
2 0.689894 0.983139 0.0612271 0.0337224 0.614579
7 0.866267 0.439778 0.0611274 0.059639 0.609497
46 0.590891 0.515659 0.0659806 0.0471742 0.605969
12 0.74256 0.431119 0.0634011 0.0729209 0.602281
11 0.930901 0.107459 0.0552068 0.0620626 0.592821
19 0.984684 0.430669 0.029595 0.0402102 0.584903
6 0.756513 0.28096 0.0202599 0.0349557 0.581136
6 0.558459 0.20865 0.0388422 0.0400361 0.579257
4 0.669495 0.282051 0.025291 0.0422928 0.5746
23 0.731721 0.747431 0.0329437 0.0366433 0.565804
23 0.419371 0.523737 0.0327605 0.0394859 0.519624
14 0.793029 0.502331 0.018147 0.0559299 0.507111
