18 0.22672 0.0950435 0.11213 0.142319 0.984266
6 0.114281 0.120288 0.0916738 0.0922602 0.981721
4 0.0738611 0.913943 0.071824 0.112489 0.980563
9 0.448205 0.50892 0.093892 0.10085 0.980544
13 0.375943 0.691333 0.0459896 0.134848 0.979071
6 0.249101 0.509802 0.0986745 0.0881014 0.974488
19 0.370408 0.122695 0.0661744 0.0897895 0.972659
2 0.36247 0.315758 0.0677279 0.0860633 0.970508
23 0.293377 0.314807 0.0708082 0.0888047 0.968989
5 0.0970312 0.517702 0.0968783 0.0889157 0.962299
5 0.448778 0.121245 0.0872636 0.095062 0.962179
22 0.34988 0.519149 0.0829581 0.0861013 0.961462
22 0.451905 0.716136 0.088286 0.088172 0.955754
10 0.449468 0.290469 0.0916368 0.143434 0.944824
14 0.171808 0.488375 0.0521985 0.134187 0.943997
13 0.308246 0.100721 0.0445122 0.140242 0.937903
14 0.327014 0.89325 0.0505821 0.135526 0.932738
13 0.0415033 0.0971355 0.0491157 0.148719 0.923603
14 0.328031 0.68774 0.0485998 0.127136 0.896315
5 0.0792572 0.716341 0.0916304 0.0899773 0.884076
13 0.0151557 0.918182 0.0302678 0.163572 0.848077
6 0.455078 0.91793 0.0918188 0.0917466 0.820394
21 0.217639 0.736384 0.172274 0.134489 0.812543
10 0.0357401 0.495835 0.0709536 0.138857 0.683393
6 0.383498 0.919496 0.0489595 0.0825551 0.652972
2 0.26844 0.713375 0.0680564 0.091674 0.605462
13 0.845871 0.984786 0.0663424 0.0304288 0.563499
16 0.211344 0.920107 0.167143 0.0900339 0.548327
