1 0.601052 0.665767 0.09138 0.138091 0.99555
11 0.69925 0.427572 0.0879679 0.135413 0.99021
16 0.589833 0.0557676 0.0921299 0.0965633 0.987217
16 0.602775 0.844852 0.0951369 0.0891783 0.986266
22 0.694101 0.844385 0.0792012 0.0879316 0.983682
14 0.972616 0.416316 0.0491397 0.136994 0.981102
4 0.900539 0.0458724 0.0675397 0.0917448 0.979429
13 0.770527 0.420363 0.0461915 0.145234 0.977739
2 0.782165 0.64592 0.0702019 0.0839145 0.977236
6 0.698336 0.647718 0.0905907 0.0873717 0.976086
5 0.967333 0.0445892 0.0653337 0.0878488 0.97573
6 0.608297 0.444172 0.0907906 0.088553 0.97198
8 0.591284 0.26033 0.0901107 0.0953723 0.969339
6 0.819344 0.0476 0.0907812 0.090373 0.969122
19 0.847267 0.642507 0.0589707 0.088324 0.968716
4 0.961138 0.834288 0.0680915 0.106154 0.966079
14 0.752633 0.049244 0.0446706 0.0973749 0.965269
22 0.684126 0.057524 0.0803959 0.0912851 0.965008
13 0.924432 0.420255 0.0440836 0.142747 0.961988
14 0.762613 0.820425 0.0458333 0.137626 0.960176
6 0.857658 0.84458 0.136647 0.0921592 0.956483
2 0.849705 0.437184 0.0706707 0.0904961 0.955351
22 0.680871 0.249309 0.0759897 0.0884076 0.944082
6 0.920867 0.645264 0.0846949 0.0837077 0.939362
7 0.824798 0.267799 0.150778 0.13363 0.888712
4 0.955963 0.238208 0.0880454 0.101082 0.774742
0 0.982141 0.639028 0.0357177 0.0917959 0.771598
