18 0.960301 0.0974442 0.0793988 0.136338 0.990009
4 0.189406 0.512084 0.0645137 0.112448 0.98483
1 0.735957 0.939194 0.0983597 0.121612 0.983079
27 0.369693 0.341668 0.0540894 0.130558 0.982313
5 0.444745 0.31529 0.0867777 0.0970016 0.981513
9 0.343446 0.5168 0.0899348 0.0943896 0.980772
6 0.728034 0.715936 0.0900699 0.0915815 0.980169
4 0.517717 0.115126 0.0846312 0.104696 0.97965
2 0.644296 0.724084 0.0791202 0.0885041 0.97882
6 0.86438 0.120444 0.09179 0.0923241 0.977996
9 0.448847 0.923708 0.0893315 0.0926692 0.977866
6 0.974379 0.498169 0.051241 0.111583 0.977864
2 0.258567 0.515446 0.0715407 0.0947995 0.977082
8 0.105843 0.521713 0.0955705 0.0916479 0.976801
2 0.470073 0.514332 0.0747801 0.0950196 0.975745
22 0.550274 0.517264 0.0845963 0.0885984 0.974265
7 0.182879 0.34123 0.106889 0.138575 0.974072
14 0.249056 0.104807 0.0510037 0.14193 0.972187
9 0.0424646 0.726128 0.0849291 0.103218 0.972151
6 0.323066 0.124177 0.0971279 0.0908628 0.971941
9 0.654666 0.50628 0.091884 0.106233 0.971647
0 0.608097 0.925288 0.145287 0.0916364 0.971393
9 0.368645 0.714786 0.0911839 0.101988 0.970705
8 0.423487 0.122447 0.0979325 0.0912912 0.969399
0 0.512616 0.722955 0.142082 0.0922601 0.968412
2 0.0280175 0.529938 0.0560079 0.0935991 0.967521
4 0.296222 0.31223 0.0936219 0.101567 0.967469
8 0.536351 0.31361 0.0963095 0.0938542 0.967391
18 0.160731 0.715245 0.0928029 0.125932 0.967375
13 0.791823 0.0976533 0.0489728 0.147658 0.965008
4 0.823817 0.914362 0.0719533 0.109372 0.963322
5 0.847031 0.517685 0.0969692 0.0889309 0.962154
5 0.603479 0.118904 0.0840099 0.0967006 0.959814
6 0.0653744 0.928847 0.094319 0.0847893 0.959109
21 0.94055 0.737571 0.1189 0.134668 0.95818
5 0.0828271 0.320775 0.0831989 0.0930331 0.954011
14 0.921967 0.488501 0.0524288 0.134266 0.953542
11 0.0202429 0.297766 0.0404857 0.158019 0.943559
7 0.0181204 0.34545 0.0360534 0.122176 0.895225
2 0.358788 0.929574 0.0760684 0.0915163 0.891448
22 0.167223 0.927502 0.0849868 0.0851012 0.878343
5 0.829197 0.716639 0.091574 0.0905006 0.857437
8 0.262165 0.701074 0.0964453 0.145041 0.772939
4 0.699114 0.117277 0.0997584 0.0986575 0.721489
16 0.93913 0.921166 0.12174 0.088277 0.701465
4 0.264349 0.921356 0.0901421 0.0943416 0.609718
4 0.638655 0.300952 0.0982283 0.109958 0.534277
