11 0.217913 0.69554 0.096642 0.135925 0.996716
1 0.479142 0.134481 0.0909555 0.134593 0.981737
2 0.395534 0.318728 0.0776762 0.0944172 0.980027
8 0.484427 0.516349 0.102625 0.0933938 0.97581
16 0.13412 0.527971 0.102931 0.0923904 0.974803
8 0.485467 0.315193 0.101471 0.0910711 0.974518
4 0.512524 0.902698 0.0787971 0.11385 0.971021
13 0.326266 0.29891 0.0514206 0.144389 0.970928
16 0.386349 0.719345 0.101668 0.0832253 0.969522
7 0.24358 0.345112 0.10463 0.134902 0.967706
16 0.11215 0.730819 0.097791 0.100764 0.966271
6 0.382777 0.522382 0.0956309 0.0894437 0.961098
13 0.2896 0.702143 0.0416343 0.146818 0.960391
5 0.358293 0.113714 0.0917133 0.0932228 0.960101
22 0.49225 0.716853 0.08543 0.0897967 0.959798
22 0.235358 0.519927 0.087198 0.0874306 0.958192
13 0.286315 0.0952342 0.0510447 0.150244 0.953439
22 0.213032 0.115653 0.0869 0.088297 0.948065
14 0.308034 0.497807 0.0473375 0.134863 0.927395
0 0.0481272 0.324219 0.0962545 0.0933396 0.906887
10 0.141775 0.298272 0.0881905 0.141784 0.789083
