16 0.270713 0.140805 0.103221 0.0926221 0.989765
1 0.669452 0.764777 0.0891116 0.131216 0.989322
38 0.368513 0.31892 0.138411 0.144965 0.988488
23 0.0739593 0.138207 0.0721985 0.0887109 0.987734
9 0.634575 0.334629 0.0936184 0.0995164 0.984453
4 0.976205 0.923153 0.047591 0.116515 0.984249
23 0.91416 0.335981 0.0717636 0.0874919 0.983598
4 0.387766 0.535138 0.0765181 0.117458 0.983273
18 0.0957661 0.531464 0.0918767 0.12418 0.982817
0 0.764672 0.541958 0.136198 0.0923948 0.981008
4 0.656638 0.12737 0.0746459 0.116521 0.980726
13 0.138785 0.321491 0.0391131 0.136584 0.978337
16 0.884614 0.734224 0.104202 0.0876657 0.978012
13 0.169069 0.526105 0.0452206 0.142152 0.975052
2 0.2762 0.749114 0.0782027 0.092334 0.97473
19 0.229123 0.54724 0.0645674 0.0911837 0.974554
4 0.195522 0.346928 0.0663904 0.112604 0.973904
22 0.154722 0.140625 0.0839207 0.0893924 0.972786
14 0.445836 0.115902 0.0467386 0.137401 0.972151
5 0.887658 0.540205 0.091064 0.0922086 0.971831
2 0.0289286 0.348899 0.0577004 0.0868142 0.970112
19 0.0882606 0.344501 0.0597824 0.0870749 0.969657
8 0.878486 0.128779 0.0962465 0.0946409 0.969153
2 0.483514 0.943259 0.0797404 0.100163 0.968925
22 0.373577 0.134532 0.0873265 0.0920894 0.965363
6 0.179925 0.744206 0.0982935 0.0966408 0.964896
6 0.631347 0.54319 0.0926294 0.0886803 0.963645
22 0.967854 0.132672 0.0642927 0.0919215 0.961281
23 0.911452 0.936216 0.0722784 0.094094 0.959909
8 0.741581 0.943651 0.0994853 0.0988947 0.959565
2 0.838581 0.93741 0.0740921 0.0957559 0.958665
4 0.40599 0.730417 0.0727677 0.121449 0.958589
14 0.104474 0.723881 0.0504819 0.135262 0.953085
22 0.973561 0.731977 0.052879 0.090251 0.943589
22 0.0351551 0.750999 0.0702309 0.0881813 0.942883
23 0.974748 0.336733 0.0505035 0.0876619 0.941435
5 0.305448 0.547245 0.0824662 0.0914501 0.933328
2 0.0172615 0.140202 0.0345231 0.086444 0.922603
6 0.512242 0.344764 0.145114 0.0945632 0.886897
13 0.345032 0.723412 0.0463129 0.132457 0.873058
14 0.958814 0.516519 0.0485711 0.139574 0.867864
18 0.516595 0.535587 0.133977 0.120597 0.835891
4 0.0132229 0.554822 0.0263563 0.0996788 0.762353
6 0.544459 0.139921 0.150404 0.0929794 0.759422
8 0.0251465 0.949104 0.050198 0.095993 0.70671
7 0.252734 0.951844 0.168454 0.096204 0.65856
7 0.789377 0.35911 0.163747 0.133091 0.562136
