1 0.505916 0.620995 0.087677 0.13428 0.993456
11 0.0663269 0.772784 0.0915499 0.132231 0.99291
5 0.696298 0.0222323 0.0824018 0.0444645 0.989933
5 0.502093 0.025335 0.0859461 0.05067 0.989068
7 0.971535 0.623144 0.0569293 0.130037 0.988846
13 0.331739 0.573675 0.0485778 0.139351 0.988591
5 0.0977709 0.0227132 0.0819153 0.0454265 0.987001
19 0.823161 0.594998 0.0645196 0.0852133 0.985628
5 0.284203 0.0237197 0.0885707 0.0474394 0.985069
2 0.172567 0.402557 0.0737807 0.0917056 0.983886
9 0.31773 0.200944 0.093414 0.0964214 0.983496
7 0.887939 0.232894 0.0961144 0.123154 0.981419
18 0.0485512 0.385173 0.0921269 0.125746 0.975384
7 0.944468 0.429052 0.0973603 0.125558 0.974494
4 0.929858 0.967195 0.0749998 0.0656097 0.973534
5 0.896935 0.592846 0.0820031 0.0917671 0.973419
4 0.0321477 0.590999 0.063817 0.0974042 0.973282
22 0.402194 0.594907 0.0846733 0.0902231 0.972882
5 0.250687 0.405089 0.0802237 0.0885531 0.971806
4 0.337752 0.786222 0.0645525 0.10946 0.971653
5 0.442111 0.209151 0.0920119 0.086875 0.970452
9 0.384161 0.023738 0.0915297 0.047476 0.970156
2 0.126146 0.97297 0.0670366 0.0540608 0.969473
7 0.74184 0.976651 0.0956507 0.0466988 0.969429
9 0.322343 0.971102 0.0899773 0.0577958 0.968752
18 0.544665 0.188181 0.0912519 0.122538 0.964655
0 0.618024 0.974903 0.137128 0.0501947 0.962688
14 0.283854 0.578695 0.045198 0.12962 0.961333
22 0.414877 0.79608 0.087068 0.0915964 0.958719
4 0.957814 0.786757 0.0707395 0.105545 0.958127
8 0.602422 0.598092 0.0952744 0.0898192 0.950951
6 0.969851 0.204875 0.060297 0.0854577 0.947566
8 0.22067 0.970902 0.105149 0.0581955 0.941798
6 0.1982 0.206275 0.13778 0.0865391 0.935599
14 0.573508 0.0225314 0.0438279 0.0450628 0.907013
6 0.560833 0.79084 0.0845065 0.0900095 0.869418
10 0.717471 0.57136 0.0922315 0.137428 0.857294
18 0.475591 0.959231 0.136042 0.081538 0.808391
18 0.424762 0.381098 0.149865 0.139396 0.794297
18 0.848262 0.778777 0.134398 0.120885 0.792366
38 0.191118 0.591298 0.137089 0.174538 0.779486
2 0.00909303 0.797119 0.0181641 0.0889018 0.779386
14 0.622286 0.024026 0.0400938 0.048052 0.773805
1 0.573345 0.4246 0.134006 0.133507 0.719342
22 0.583297 0.329941 0.0591455 0.04352 0.712092
18 0.694704 0.201597 0.140323 0.0897912 0.674291
5 0.0800797 0.202152 0.0882948 0.0913528 0.631988
27 0.807661 0.203507 0.0563815 0.0868602 0.523929
