6 0.669163 0.787488 0.0417717 0.0428591 0.977836
12 0.648285 0.602263 0.0512557 0.0736169 0.976452
11 0.381174 0.778371 0.0433354 0.0635481 0.976067
18 0.490187 0.781423 0.0407419 0.0568726 0.973652
1 0.434536 0.887081 0.0425334 0.0622007 0.971553
2 0.817702 0.609824 0.0360388 0.0436054 0.9714
4 0.98667 0.874261 0.0264697 0.0546627 0.969798
0 0.328333 0.698163 0.0636333 0.0462961 0.966041
0 0.837562 0.879026 0.0606279 0.0421416 0.96458
0 0.819594 0.693419 0.0798223 0.0527878 0.964387
1 0.625371 0.797882 0.0402622 0.0612103 0.959117
1 0.397487 0.973795 0.0419433 0.0524091 0.958462
22 0.402697 0.606413 0.0409127 0.0428942 0.954654
6 0.540788 0.697471 0.0428766 0.042516 0.953921
5 0.382416 0.695974 0.0416522 0.0432494 0.953575
2 0.886331 0.877446 0.0320467 0.0421007 0.95041
18 0.560581 0.87065 0.0400852 0.0550376 0.948188
5 0.780804 0.788803 0.0413363 0.0445516 0.948075
2 0.61359 0.516837 0.0340784 0.0460217 0.947013
5 0.984312 0.702655 0.0313765 0.0393122 0.943348
5 0.942781 0.970809 0.0395479 0.042407 0.93816
0 0.455004 0.600629 0.0632786 0.056586 0.935913
19 0.774248 0.607758 0.0332072 0.0442572 0.93238
22 0.817544 0.513832 0.0381644 0.0460138 0.932223
8 0.612202 0.967941 0.0438839 0.0458808 0.930272
18 0.924115 0.87132 0.0390501 0.0599078 0.927673
8 0.823211 0.789096 0.0406678 0.0461316 0.925536
5 0.568581 0.968725 0.0398403 0.041539 0.924649
5 0.31487 0.969498 0.0403043 0.0521703 0.922909
9 0.591563 0.608448 0.0397201 0.0443361 0.92217
8 0.652507 0.698303 0.039593 0.0421844 0.919239
7 0.679462 0.887737 0.0412197 0.0585756 0.918681
5 0.540239 0.787762 0.0385411 0.0445801 0.917841
5 0.518698 0.88066 0.0385487 0.0450463 0.914678
5 0.446833 0.787814 0.04109 0.0463133 0.908344
18 0.496621 0.690246 0.0389544 0.0557753 0.907848
13 0.959217 0.865002 0.0225164 0.0718064 0.905782
6 0.637947 0.876233 0.0368584 0.0434804 0.905367
11 0.377174 0.868761 0.0461336 0.0656474 0.897055
8 0.478597 0.515728 0.043486 0.0450552 0.895588
14 0.571105 0.778012 0.0218108 0.061461 0.892707
2 0.710307 0.779858 0.035188 0.0624932 0.89139
13 0.73413 0.870424 0.0203536 0.0651824 0.890998
22 0.924757 0.790139 0.055954 0.042006 0.882633
14 0.873449 0.961494 0.0225763 0.0637021 0.879211
14 0.713307 0.867124 0.0180922 0.0607712 0.873831
0 0.935372 0.698437 0.0619421 0.0423245 0.865435
5 0.435672 0.514779 0.0366429 0.0461112 0.861411
8 0.735239 0.611785 0.0410905 0.0457742 0.861095
14 0.936595 0.600523 0.0254827 0.06612 0.847515
22 0.353084 0.51665 0.0384132 0.0432555 0.846271
10 0.541594 0.959412 0.035114 0.0651145 0.845405
13 0.593631 0.779766 0.0252395 0.0619869 0.844175
5 0.694078 0.60775 0.0364516 0.0413634 0.837344
7 0.9752 0.528289 0.0454602 0.0631469 0.835932
22 0.71397 0.970977 0.0383216 0.0450703 0.829209
22 0.337837 0.789472 0.0370408 0.0428696 0.821283
0 0.869608 0.508292 0.0605024 0.0660785 0.813952
6 0.774014 0.511372 0.0422575 0.0547626 0.810096
23 0.75461 0.698462 0.0340939 0.0427003 0.809533
5 0.59926 0.698076 0.0650613 0.0425787 0.797057
2 0.965665 0.612468 0.0320866 0.0429792 0.791647
8 0.981907 0.972078 0.0358276 0.0425646 0.779306
6 0.477183 0.879534 0.0361108 0.0435617 0.761644
23 0.428766 0.696284 0.0348461 0.0437264 0.750273
18 0.522198 0.503787 0.0405071 0.0581442 0.733229
18 0.318639 0.600569 0.0388092 0.0587862 0.726396
2 0.897465 0.610095 0.0324442 0.0406697 0.724812
13 0.30615 0.773735 0.0225676 0.0710344 0.716514
13 0.370269 0.951778 0.0224467 0.0726345 0.710654
10 0.880036 0.68728 0.0410247 0.0642285 0.68046
14 0.347498 0.955108 0.0229498 0.0646374 0.665488
6 0.973106 0.790043 0.0403323 0.0441463 0.657063
24 0.758733 0.972756 0.0503817 0.0542114 0.655264
5 0.923435 0.506176 0.0448775 0.0623784 0.648029
21 0.394686 0.523904 0.0431554 0.0672295 0.620464
1 0.728316 0.525682 0.0443401 0.0639127 0.613044
5 0.66457 0.957052 0.0528688 0.060921 0.59726
13 0.549117 0.597838 0.0365251 0.0688324 0.594675
4 0.480828 0.958418 0.0366958 0.0623529 0.578387
