1 0.159318 0.731241 0.0917861 0.135882 0.99388
1 0.322113 0.32589 0.0861334 0.128986 0.993853
27 0.390443 0.531328 0.0586112 0.1335 0.990757
1 0.897081 0.326898 0.0862086 0.138435 0.989666
0 0.180163 0.308182 0.141823 0.0931858 0.989079
4 0.977783 0.708244 0.0444337 0.104156 0.987614
8 0.132443 0.51308 0.091441 0.0892407 0.985449
1 0.310556 0.531321 0.0899239 0.136391 0.983316
2 0.222083 0.510185 0.0736036 0.0906899 0.982796
27 0.972046 0.327729 0.0549798 0.13372 0.981941
2 0.791872 0.505236 0.071291 0.0921372 0.980812
5 0.218952 0.907231 0.0980836 0.0955849 0.98043
0 0.512104 0.511944 0.140542 0.0890464 0.979901
2 0.356068 0.704746 0.0771191 0.0904565 0.978992
4 0.719757 0.497272 0.0711668 0.112452 0.978819
13 0.462679 0.0820689 0.0488034 0.144409 0.978555
13 0.290483 0.882519 0.0494748 0.141872 0.978208
8 0.0838518 0.107253 0.096023 0.0921453 0.976142
22 0.536327 0.106817 0.0839095 0.0897295 0.975856
6 0.631495 0.505993 0.0936768 0.0857587 0.974498
0 0.859136 0.712484 0.191311 0.0965567 0.972078
6 0.419185 0.303953 0.096984 0.0875488 0.971693
6 0.261162 0.707778 0.096463 0.0867473 0.97131
7 0.96726 0.135828 0.0654805 0.128778 0.970625
5 0.368294 0.903506 0.0916661 0.0971167 0.970508
5 0.343587 0.104655 0.0912043 0.0925432 0.970144
7 0.705295 0.728086 0.0988758 0.132499 0.965577
4 0.0519143 0.69866 0.0743646 0.113859 0.962369
14 0.414333 0.0859656 0.046025 0.134372 0.962335
4 0.872768 0.484206 0.0870252 0.142582 0.962163
14 0.529324 0.686178 0.046428 0.136687 0.961564
14 0.480137 0.679297 0.0491381 0.136712 0.958718
22 0.519406 0.302241 0.0848632 0.0856407 0.957395
4 0.0232899 0.89723 0.0465146 0.113324 0.940587
4 0.598602 0.894881 0.0674248 0.116485 0.910874
13 0.432484 0.688846 0.0472518 0.137836 0.877327
6 0.488701 0.909564 0.150423 0.0945888 0.870266
4 0.0257412 0.274811 0.0512059 0.137404 0.863082
6 0.0174931 0.108216 0.034913 0.0895712 0.831627
5 0.597417 0.704484 0.0823643 0.0904489 0.807333
6 0.770517 0.305227 0.148551 0.0923642 0.673417
1 0.20924 0.132718 0.133423 0.132386 0.643755
