2 0.816189 0.423957 0.0329299 0.0462685 0.98478
4 0.795648 0.985902 0.059777 0.0280561 0.981033
5 0.468762 0.419121 0.0381373 0.0414263 0.980099
2 0.780236 0.918187 0.0299046 0.0412931 0.97731
0 0.406947 0.582641 0.0586536 0.0400963 0.974859
2 0.662076 0.0143893 0.0325923 0.0287787 0.97425
14 0.788775 0.411805 0.0186627 0.0650252 0.974079
2 0.71349 0.671519 0.0315607 0.0435566 0.970887
5 0.957725 0.0158835 0.0398154 0.0317671 0.968833
0 0.701086 0.838165 0.0619123 0.0444232 0.966247
2 0.693118 0.339952 0.0268152 0.0408058 0.965922
11 0.51854 0.0742493 0.0364151 0.0601732 0.965026
7 0.834809 0.685597 0.0653722 0.0617771 0.964269
2 0.570595 0.668427 0.0319694 0.0440809 0.963227
11 0.402232 0.489547 0.0400488 0.0669301 0.95819
21 0.974946 0.85478 0.0416684 0.0575513 0.954487
11 0.857776 0.0793112 0.0359302 0.0628635 0.9533
12 0.729102 0.424054 0.0342541 0.0814447 0.951993
12 0.520626 0.336606 0.0336752 0.0771717 0.94983
13 0.48526 0.067728 0.0260311 0.0774136 0.948454
0 0.62345 0.839312 0.06159 0.0406399 0.948241
0 0.521338 0.754513 0.0577209 0.0449414 0.947991
2 0.891216 0.425121 0.0354035 0.0445911 0.946154
7 0.390428 0.841109 0.0423678 0.0648711 0.945414
8 0.531681 0.669175 0.0387228 0.0400261 0.943306
0 0.736104 0.173588 0.0577877 0.041479 0.942939
5 0.897159 0.0939241 0.0373176 0.0428946 0.942535
22 0.491896 0.668094 0.0347596 0.0412284 0.941203
8 0.408415 0.247892 0.0450209 0.047514 0.939858
4 0.504588 0.983004 0.0344082 0.0327559 0.938362
0 0.73088 0.506633 0.0649264 0.0464021 0.937884
2 0.494598 0.914321 0.0330299 0.0428903 0.937161
7 0.871002 0.267558 0.0636609 0.0612481 0.937128
0 0.730784 0.919207 0.0645669 0.0428507 0.936778
8 0.851659 0.425854 0.0370295 0.0434328 0.93646
5 0.653914 0.0882781 0.0395715 0.0422487 0.936237
8 0.59484 0.169952 0.0375782 0.038174 0.936056
2 0.45025 0.249208 0.0314999 0.0438282 0.934394
5 0.923158 0.840722 0.0399823 0.0389771 0.934205
4 0.744822 0.751775 0.0328459 0.053524 0.932647
6 0.559972 0.086607 0.0415189 0.0401394 0.930885
8 0.837428 0.760306 0.0436279 0.0431185 0.930848
10 0.566287 0.577389 0.0350466 0.0614202 0.930614
5 0.901254 0.92394 0.0369735 0.0427082 0.928827
0 0.666613 0.419376 0.0581076 0.0397168 0.924611
0 0.717557 0.99036 0.0590518 0.019275 0.921117
5 0.68872 0.171243 0.0387063 0.0422461 0.918218
18 0.609032 0.912891 0.0381916 0.0509214 0.914873
7 0.399155 0.923625 0.0695504 0.0619483 0.910553
18 0.613911 0.668883 0.036814 0.0515953 0.908857
0 0.743541 0.0883982 0.0617363 0.0433177 0.908203
13 0.572176 0.978049 0.0175493 0.0439024 0.907343
13 0.44958 0.324364 0.0224254 0.064949 0.906435
9 0.981788 0.924467 0.0334511 0.0403769 0.90518
8 0.812527 0.921438 0.0350221 0.0380386 0.903897
8 0.879532 0.839253 0.0432097 0.04196 0.903254
0 0.685855 0.756427 0.0555179 0.0422869 0.900042
18 0.76778 0.252643 0.0365272 0.0513758 0.899331
13 0.991198 0.167815 0.0176039 0.0585806 0.899108
22 0.790476 0.50714 0.0340645 0.0451111 0.899072
18 0.548199 0.414854 0.0370591 0.0505112 0.89849
5 0.753497 0.837943 0.039026 0.0407753 0.89839
18 0.690606 0.083696 0.0366797 0.051399 0.897939
11 0.59616 0.326914 0.0554887 0.0631863 0.895766
2 0.641774 0.505157 0.0317328 0.0448729 0.895501
9 0.90923 0.174912 0.0364151 0.0437021 0.894417
11 0.794295 0.330595 0.0512047 0.0662583 0.894161
5 0.638871 0.754805 0.0371971 0.0417147 0.893467
7 0.79263 0.604099 0.0361583 0.0613108 0.890345
5 0.973249 0.510877 0.0368202 0.0418801 0.889098
6 0.941547 0.923926 0.040517 0.0412804 0.887745
7 0.78545 0.184113 0.0389853 0.0592188 0.886939
18 0.747358 0.585608 0.0545769 0.0517303 0.885911
2 0.670475 0.918417 0.0347058 0.0413649 0.884767
5 0.848855 0.344215 0.0379584 0.0421031 0.881132
5 0.789529 0.759228 0.0506544 0.0413227 0.872371
2 0.846905 0.921153 0.0295382 0.0423198 0.870676
14 0.913782 0.249476 0.0191326 0.0625821 0.869029
22 0.64395 0.586625 0.0337968 0.041971 0.867806
7 0.477668 0.346195 0.0373064 0.0611225 0.866811
10 0.579241 0.742853 0.0326631 0.0657723 0.865259
6 0.67743 0.505722 0.0389202 0.0409557 0.865149
27 0.51896 0.263931 0.022925 0.05967 0.855811
5 0.44209 0.503345 0.0366981 0.0414022 0.849059
9 0.600149 0.0861945 0.0366771 0.0440833 0.846972
12 0.658214 0.337887 0.0342362 0.0771652 0.846775
13 0.894368 0.982044 0.0206791 0.0359123 0.843639
0 0.925034 0.50161 0.0574057 0.0603411 0.841753
8 0.509092 0.419738 0.0415417 0.0443497 0.830898
2 0.554297 0.336927 0.0286729 0.0437938 0.827226
7 0.450604 0.095135 0.0384009 0.0602187 0.823123
13 0.781196 0.665586 0.0248492 0.0652633 0.822311
2 0.888265 0.0162102 0.0324292 0.0324203 0.81784
10 0.61755 0.244653 0.0354927 0.0663815 0.817142
21 0.470778 0.179526 0.0473973 0.0604202 0.813691
6 0.430641 0.834552 0.0372726 0.0435882 0.81071
22 0.457077 0.584638 0.0342044 0.0437386 0.802995
13 0.641451 0.906595 0.0256869 0.0618286 0.802034
18 0.50468 0.575356 0.0553732 0.0587769 0.801965
11 0.830436 0.499694 0.0352508 0.0640835 0.800503
2 0.935037 0.343213 0.0493102 0.0446485 0.797653
11 0.469815 0.824432 0.0381038 0.063427 0.792911
18 0.411563 0.0829664 0.0363182 0.0463797 0.782594
10 0.986645 0.417939 0.0267103 0.0643271 0.780795
22 0.584818 0.0133564 0.0335317 0.0267128 0.767434
5 0.897509 0.591217 0.0528035 0.0414462 0.764454
12 0.60587 0.577602 0.0344239 0.0622013 0.761893
0 0.455168 0.979883 0.0634007 0.040233 0.749676
23 0.84208 0.840825 0.0282065 0.0404971 0.748869
18 0.944445 0.420847 0.0516196 0.0551119 0.747226
18 0.413097 0.329633 0.0573406 0.0541821 0.735368
14 0.872777 0.912282 0.0192392 0.0634551 0.726247
12 0.512944 0.826467 0.0359484 0.0621098 0.707901
7 0.976847 0.768842 0.0360373 0.0589287 0.697455
0 0.707896 0.0142163 0.054575 0.0284326 0.691518
22 0.558925 0.916695 0.0310082 0.03965 0.672442
23 0.418805 0.165104 0.057412 0.0431049 0.671858
5 0.942049 0.249946 0.0357687 0.061288 0.671584
2 0.858553 0.989763 0.04052 0.0204749 0.641118
6 0.562573 0.837491 0.0590671 0.0423065 0.64086
6 0.940255 0.760684 0.0391445 0.0404835 0.633466
4 0.938901 0.672271 0.0593624 0.0526223 0.626762
4 0.464393 0.748664 0.053607 0.0488318 0.616038
14 0.750342 0.661774 0.0362378 0.0648452 0.599035
6 0.599775 0.755385 0.037262 0.0435122 0.590931
8 0.624143 0.013479 0.0380781 0.026958 0.582769
5 0.585035 0.50151 0.057146 0.0443949 0.564443
7 0.828812 0.0241031 0.0359077 0.0482062 0.55539
6 0.73708 0.341265 0.0591427 0.0407081 0.542583
6 0.50552 0.167948 0.036451 0.0385662 0.514677
5 0.986058 0.984239 0.0278835 0.0298402 0.508215
2 0.415629 0.42107 0.0643563 0.0551261 0.500005
