4 0.1675 0.551662 0.0709055 0.115947 0.984606
9 0.337585 0.953521 0.0900505 0.0928365 0.979794
5 0.190075 0.354929 0.0960382 0.093411 0.979754
6 0.0822147 0.555853 0.0944518 0.0914686 0.976667
2 0.266978 0.554725 0.0738156 0.0952759 0.974138
23 0.16835 0.755138 0.0705824 0.0852246 0.968998
5 0.347662 0.556146 0.0845028 0.0983039 0.966993
4 0.0217687 0.341331 0.0435185 0.113151 0.966778
2 0.0772242 0.348704 0.0707633 0.0973678 0.962739
6 0.236348 0.955244 0.0932167 0.0844635 0.962629
5 0.339963 0.35404 0.089343 0.0987059 0.95769
7 0.137999 0.960783 0.0959002 0.0784333 0.95428
13 0.263355 0.333122 0.0547121 0.141733 0.95242
2 0.239655 0.751326 0.069967 0.0877602 0.950773
16 0.0577137 0.750291 0.115305 0.0906278 0.592157
