2 0.438149 0.76482 0.03148 0.0436976 0.991582
21 0.202884 0.533894 0.0375044 0.0555267 0.987609
2 0.849453 0.59314 0.0303835 0.0438014 0.985043
2 0.334316 0.929746 0.0305301 0.0448352 0.984202
11 0.774209 0.253481 0.0379639 0.0634327 0.980192
2 0.160395 0.686459 0.0332264 0.0444745 0.980037
11 0.0370265 0.681843 0.0368336 0.0637994 0.978649
2 0.773285 0.179056 0.03301 0.0472139 0.978591
18 0.917485 0.673729 0.0398097 0.0531255 0.974523
21 0.484241 0.529932 0.0406626 0.0557164 0.968838
22 0.73339 0.265575 0.0337737 0.041323 0.9676
9 0.259248 0.436655 0.0363231 0.0420796 0.967133
5 0.352657 0.100402 0.0349126 0.0412949 0.964706
7 0.312567 0.447341 0.0398413 0.0595629 0.963297
12 0.765244 0.597119 0.0355566 0.0784951 0.961449
5 0.0824533 0.437992 0.0389948 0.0427859 0.960679
7 0.153762 0.861057 0.0401927 0.056695 0.960059
1 0.269895 0.695104 0.0406082 0.0636866 0.958355
5 0.486801 0.0197408 0.0401316 0.0392418 0.957815
8 0.273736 0.519724 0.041874 0.0437897 0.95533
2 0.800635 0.59408 0.0288719 0.0442522 0.953638
0 0.755049 0.843051 0.0603888 0.0442581 0.953075
0 0.652179 0.181737 0.0631766 0.0446864 0.952895
13 0.710515 0.502227 0.0237652 0.0656755 0.95191
5 0.350937 0.684919 0.0344675 0.041672 0.95175
0 0.456466 0.433606 0.0591271 0.0420535 0.95158
0 0.379109 0.264951 0.0625957 0.0421851 0.95141
14 0.410956 0.755775 0.0210282 0.0631493 0.950801
8 0.409584 0.518986 0.0437953 0.0430335 0.95028
0 0.922039 0.181101 0.0651953 0.0468619 0.95002
24 0.408809 0.856912 0.0556358 0.0598022 0.946326
5 0.653958 0.59506 0.040099 0.0428543 0.945129
0 0.616112 0.350984 0.0644634 0.0468737 0.944591
5 0.191136 0.931904 0.0433193 0.0418539 0.944126
5 0.828635 0.180121 0.0405746 0.0447878 0.943986
0 0.867328 0.840798 0.0641997 0.0428538 0.943375
8 0.474798 0.7663 0.0401748 0.0437838 0.942355
5 0.147161 0.0202073 0.0399102 0.0404147 0.942156
4 0.097767 0.263262 0.0328628 0.0515695 0.941783
5 0.81431 0.264246 0.0398545 0.0444649 0.940501
2 0.424323 0.600209 0.0333834 0.0459771 0.940288
9 0.491423 0.348361 0.036139 0.044583 0.939286
9 0.722883 0.92574 0.0366733 0.0434389 0.938899
5 0.517908 0.765313 0.0407889 0.0408521 0.938474
2 0.044713 0.771289 0.0305914 0.0394971 0.937758
0 0.313017 0.184993 0.0575389 0.0414591 0.937488
4 0.924033 0.422992 0.0328975 0.0542737 0.936798
0 0.476648 0.101586 0.0778961 0.0438794 0.936165
6 0.496519 0.266568 0.041074 0.0394439 0.933304
0 0.577755 0.178396 0.0628341 0.0519635 0.93245
5 0.805821 0.842326 0.0388379 0.0425007 0.930197
0 0.44272 0.26811 0.0633912 0.0433592 0.929945
5 0.882234 0.0187985 0.0399001 0.037597 0.92872
5 0.876566 0.678113 0.0424892 0.0456175 0.928508
0 0.54883 0.266555 0.0636525 0.0440087 0.927788
22 0.279489 0.267243 0.0355847 0.0411334 0.927547
6 0.312218 0.686406 0.0396454 0.0424595 0.927178
5 0.408406 0.433784 0.0374627 0.040543 0.925
0 0.197785 0.0205248 0.0580442 0.0410495 0.922994
7 0.601926 0.935776 0.0390773 0.0566993 0.921692
2 0.448525 0.517391 0.0321369 0.0416619 0.920833
6 0.791547 0.429865 0.0407718 0.0425704 0.920014
8 0.391922 0.686461 0.043582 0.044994 0.919371
8 0.0601561 0.270876 0.0419281 0.043767 0.91843
4 0.10725 0.846196 0.0324853 0.0493758 0.918428
0 0.375205 0.603271 0.0631037 0.0450888 0.917596
9 0.591851 0.681738 0.0375652 0.044456 0.914259
0 0.721743 0.679777 0.0610559 0.0458515 0.912446
5 0.823314 0.677126 0.0427592 0.0434871 0.910808
13 0.212114 0.342107 0.0239167 0.0628541 0.910774
6 0.74351 0.019216 0.0629905 0.0384321 0.910526
11 0.818318 0.91215 0.0361948 0.0663737 0.910284
9 0.545262 0.433339 0.0366886 0.0428159 0.908747
0 0.672253 0.0994736 0.0578294 0.0448625 0.908594
22 0.66708 0.432846 0.0329859 0.0400661 0.907945
0 0.482084 0.847747 0.0931453 0.0433559 0.907473
8 0.423817 0.929542 0.0426069 0.0441736 0.907205
8 0.0363865 0.186975 0.0378813 0.0399473 0.907204
7 0.722144 0.109254 0.0397832 0.0592581 0.905923
12 0.353196 0.769041 0.0345137 0.0783267 0.905295
9 0.706614 0.43021 0.0390453 0.0428173 0.900432
0 0.703105 0.596133 0.0600642 0.0467738 0.900405
5 0.475461 0.182473 0.037073 0.0430764 0.899949
14 0.824978 0.584268 0.0187086 0.0651267 0.899705
13 0.378875 0.423997 0.0200512 0.0608159 0.898248
8 0.88289 0.595155 0.0360448 0.039465 0.897985
9 0.0649507 0.3538 0.0368024 0.0426155 0.896761
0 0.142888 0.770427 0.0593356 0.0423651 0.89659
2 0.919085 0.761699 0.0327464 0.0403585 0.896328
6 0.562746 0.928603 0.037986 0.0437276 0.893481
9 0.785311 0.346474 0.0370686 0.0459946 0.893092
0 0.133407 0.344271 0.0577229 0.0607122 0.891637
7 0.312432 0.113758 0.0403617 0.0647064 0.891153
5 0.164542 0.52183 0.0394452 0.0460742 0.890172
6 0.0589664 0.105063 0.0594278 0.0400044 0.889651
5 0.614862 0.265616 0.041069 0.0446833 0.889199
5 0.37754 0.929678 0.0509323 0.0431784 0.887919
23 0.131947 0.186411 0.0328996 0.0424432 0.887854
4 0.565003 0.760796 0.031116 0.0488484 0.886842
13 0.928747 0.982395 0.0205905 0.0348985 0.885986
2 0.784765 0.676658 0.0323582 0.0452203 0.885983
11 0.409327 0.341687 0.0331135 0.0618784 0.885704
2 0.0659747 0.932466 0.0294266 0.0426043 0.885635
8 0.854402 0.263837 0.0405252 0.0412478 0.885429
6 0.199574 0.269084 0.0414574 0.0403396 0.884922
6 0.869507 0.181216 0.0400374 0.045153 0.881966
23 0.908324 0.511684 0.0389874 0.0407077 0.881694
22 0.521818 0.515699 0.0332981 0.0384485 0.875745
6 0.450003 0.350702 0.0434872 0.0437429 0.875416
0 0.239212 0.605093 0.0813067 0.0424733 0.871468
22 0.49986 0.681642 0.0359715 0.0426385 0.867795
18 0.664921 0.75763 0.054404 0.0511162 0.865866
13 0.610534 0.837506 0.0230297 0.0669655 0.865587
46 0.0956344 0.604403 0.0641458 0.0399444 0.865454
12 0.0332479 0.941883 0.0341693 0.088376 0.861493
18 0.312811 0.513744 0.0386459 0.0513922 0.860306
5 0.686334 0.925618 0.0389056 0.0444099 0.860014
13 0.851092 0.912533 0.0260024 0.0700098 0.858184
18 0.181818 0.348269 0.0369006 0.0527405 0.851133
23 0.821943 0.759964 0.0362097 0.0416845 0.846896
12 0.446675 0.0299343 0.0356108 0.0598686 0.844351
5 0.077788 0.678539 0.0396269 0.0631962 0.842793
5 0.324524 0.341729 0.0390276 0.0645996 0.839936
0 0.312199 0.602737 0.0640435 0.0443478 0.838438
2 0.236537 0.520744 0.0315372 0.0438756 0.837057
14 0.0930349 0.923578 0.0202003 0.0635805 0.835255
9 0.514129 0.179753 0.0356896 0.045046 0.834827
5 0.11934 0.102148 0.0572521 0.0456077 0.83048
22 0.611382 0.515724 0.0343165 0.0407965 0.825858
14 0.800344 0.169882 0.0204959 0.0646812 0.823588
6 0.667855 0.350463 0.0399888 0.0438053 0.820401
14 0.755463 0.0880111 0.0215564 0.0666458 0.815548
14 0.698184 0.337317 0.0199122 0.0654943 0.813875
13 0.582975 0.506537 0.0195942 0.0622808 0.811835
14 0.100874 0.509559 0.0176015 0.0630255 0.811564
5 0.0622792 0.521375 0.0630745 0.0460302 0.809765
13 0.122862 0.50706 0.0244843 0.066582 0.80649
8 0.932932 0.928154 0.0429206 0.0469725 0.806066
2 0.626883 0.0983837 0.0327586 0.0473649 0.805564
8 0.883959 0.760747 0.0359414 0.0412641 0.804229
10 0.648571 0.834608 0.0349545 0.064981 0.801645
16 0.678341 0.51466 0.0383563 0.0445284 0.794393
5 0.351716 0.847113 0.0347663 0.0413918 0.792365
14 0.225821 0.172981 0.0219365 0.0634492 0.791343
5 0.253683 0.768714 0.0424151 0.0448952 0.788071
6 0.373288 0.183879 0.0591508 0.0403061 0.785372
0 0.386773 0.0195715 0.0571561 0.039143 0.78054
8 0.521971 0.929903 0.0422807 0.0462987 0.778704
13 0.682407 0.982126 0.0345535 0.0357474 0.770158
2 0.00827774 0.185188 0.0163486 0.047547 0.766891
13 0.64165 0.42281 0.0223024 0.0631169 0.761819
6 0.506388 0.430739 0.0360126 0.0470542 0.759799
0 0.757969 0.992375 0.0656091 0.0152495 0.748998
2 0.159913 0.60293 0.0535146 0.0402828 0.747188
8 0.157443 0.270911 0.0379037 0.0398915 0.746257
2 0.38569 0.763501 0.0269329 0.0444553 0.743397
22 0.328613 0.269184 0.035127 0.0411828 0.740852
8 0.121534 0.436618 0.0416945 0.044637 0.740711
21 0.017872 0.851166 0.0357281 0.0470321 0.739283
18 0.52281 0.595675 0.0382326 0.0523133 0.739218
22 0.547381 0.844498 0.0338799 0.0428247 0.727679
9 0.03083 0.440964 0.0350323 0.0465118 0.715615
0 0.136568 0.931835 0.0652898 0.0395365 0.714513
10 0.891836 0.914751 0.0362574 0.0643603 0.711192
13 0.332056 0.591988 0.0213529 0.0636481 0.706456
2 0.698052 0.182631 0.026145 0.0413645 0.699876
13 0.445047 0.172215 0.0180604 0.0633839 0.697196
6 0.209971 0.438744 0.057193 0.0415741 0.676803
22 0.830437 0.42916 0.0339055 0.0439546 0.670563
10 0.591953 0.422259 0.0353168 0.0634195 0.669233
6 0.794902 0.0191204 0.0381019 0.0382407 0.667373
19 0.303615 0.019662 0.0306867 0.0388952 0.667187
4 0.42008 0.0949477 0.0324078 0.0530329 0.661441
4 0.891117 0.342122 0.0317771 0.0570897 0.640855
6 0.340394 0.0191258 0.0376854 0.0382517 0.637208
0 0.316409 0.995458 0.059779 0.00908363 0.634605
10 0.303664 0.760587 0.038965 0.0640094 0.623967
7 0.664224 0.273669 0.0605516 0.0614747 0.622178
4 0.113789 0.681863 0.0325094 0.0505544 0.620186
6 0.0142185 0.776946 0.0282301 0.0467752 0.611021
5 0.924387 0.593262 0.0415828 0.0553619 0.608927
18 0.621643 0.98436 0.0773265 0.0311115 0.607225
2 0.0171698 0.0204002 0.0311095 0.0400858 0.59631
35 0.186494 0.185436 0.0538822 0.0846933 0.590078
21 0.243383 0.365515 0.0403161 0.0579555 0.590004
5 0.60862 0.76434 0.0531843 0.0444479 0.5697
18 0.74934 0.504074 0.0533859 0.0516633 0.563599
6 0.738511 0.346799 0.0602947 0.0525075 0.545945
18 0.925064 0.0178301 0.043849 0.0356603 0.542352
2 0.272593 0.0202305 0.0280585 0.0403056 0.535751
8 0.300288 0.930459 0.0360962 0.0453978 0.533663
13 0.0362947 0.346491 0.0218773 0.0625159 0.533401
6 0.923084 0.841499 0.043716 0.056531 0.532901
16 0.0907628 0.771536 0.0398158 0.042591 0.529694
13 0.268634 0.983859 0.0238274 0.0322086 0.527654
5 0.41055 0.995437 0.0335016 0.00912523 0.511491
13 0.722922 0.983547 0.0256952 0.0320268 0.507391
