1 0.242932 0.38182 0.0841015 0.132803 0.993729
11 0.139182 0.735801 0.0922633 0.137132 0.992791
27 0.317042 0.372492 0.052684 0.130191 0.988829
9 0.491262 0.951612 0.0899614 0.0946881 0.986919
19 0.512129 0.153532 0.0652161 0.0908392 0.986315
4 0.82617 0.539408 0.0768557 0.111261 0.985368
18 0.081038 0.537646 0.104984 0.141168 0.981097
2 0.967054 0.154614 0.0658916 0.0895884 0.980761
2 0.655549 0.152026 0.0706985 0.0904148 0.979895
13 0.956861 0.733308 0.0464588 0.13997 0.978665
8 0.565748 0.550827 0.0962406 0.0893487 0.978161
4 0.398664 0.346221 0.0689083 0.114477 0.977477
4 0.979974 0.948783 0.0400518 0.0955718 0.977053
0 0.275328 0.959389 0.132578 0.0811495 0.976606
23 0.455111 0.750711 0.0728095 0.0855193 0.976304
4 0.0764672 0.353397 0.0639808 0.105224 0.976191
5 0.855756 0.349884 0.0867914 0.0970418 0.975965
2 0.676356 0.345759 0.0718768 0.0915632 0.975802
23 0.537926 0.353432 0.0688312 0.0819974 0.975734
2 0.205101 0.160369 0.0675072 0.0906549 0.975645
5 0.836653 0.750636 0.0889541 0.0905869 0.974529
23 0.582592 0.155384 0.0679789 0.0839021 0.974373
0 0.701617 0.756798 0.139569 0.0923499 0.974031
13 0.0226796 0.339814 0.0450746 0.141361 0.973496
5 0.395703 0.948807 0.0893376 0.0943899 0.973145
6 0.271708 0.5581 0.0891691 0.0867678 0.973065
2 0.468341 0.352892 0.0720909 0.0922794 0.972485
8 0.761429 0.346107 0.0958915 0.0931573 0.972278
5 0.906426 0.54953 0.083796 0.0929905 0.96797
5 0.149853 0.359115 0.07943 0.0887461 0.965107
23 0.921243 0.955876 0.0700676 0.0854318 0.96317
5 0.182227 0.555436 0.0879812 0.0940206 0.962182
2 0.344959 0.155682 0.0673132 0.0904264 0.961559
14 0.909587 0.733035 0.0464025 0.138178 0.95966
0 0.965411 0.352674 0.0691779 0.088812 0.955179
23 0.277522 0.163922 0.065179 0.0858044 0.951412
5 0.049494 0.760808 0.0861667 0.0920568 0.948405
4 0.420536 0.147328 0.0704135 0.111102 0.943262
22 0.66707 0.550881 0.086617 0.0872841 0.93215
7 0.97011 0.0220855 0.0597801 0.044171 0.927643
23 0.89822 0.15419 0.0669762 0.0876839 0.926189
23 0.606694 0.346085 0.0665367 0.0906526 0.924658
2 0.363851 0.552889 0.0682983 0.0902119 0.91885
27 0.432308 0.550571 0.0551889 0.0898361 0.917133
12 0.0796734 0.933315 0.125532 0.133369 0.902763
27 0.178853 0.955123 0.052938 0.0891531 0.886302
5 0.992435 0.757489 0.0151306 0.095721 0.872342
2 0.802734 0.151295 0.123353 0.093266 0.860686
13 0.762306 0.531763 0.0473721 0.129592 0.848022
10 0.11756 0.136822 0.0900554 0.139246 0.831449
13 0.233293 0.728934 0.0900714 0.139467 0.721733
14 0.437085 0.0228688 0.0395935 0.0457376 0.720295
5 0.0104437 0.569883 0.0208873 0.0880258 0.661244
11 0.0251014 0.145335 0.0502029 0.156046 0.644499
1 0.617392 0.958625 0.132033 0.0827491 0.623932
6 0.350731 0.744999 0.133767 0.102812 0.608459
