12 0.983257 0.372708 0.0333964 0.0686083 0.979712
22 0.927291 0.309816 0.0385668 0.039556 0.975436
18 0.88257 0.297306 0.0443007 0.0611494 0.972197
1 0.435608 0.412662 0.0371875 0.0532345 0.971726
12 0.728478 0.383458 0.0688686 0.071007 0.9703
2 0.978826 0.303657 0.0303006 0.0405698 0.968452
0 0.625487 0.160378 0.0564616 0.0398418 0.966363
2 0.433955 0.246561 0.0328319 0.0359163 0.964968
7 0.574668 0.248298 0.0435259 0.0519497 0.96426
23 0.666429 0.392563 0.0326273 0.036958 0.963631
1 0.437609 0.331998 0.0405816 0.0548645 0.963512
18 0.983753 0.143444 0.0323942 0.0437392 0.962875
5 0.623966 0.474943 0.0387388 0.0438537 0.960583
2 0.562656 0.475228 0.0517266 0.0459719 0.959784
7 0.686722 0.0169429 0.0573055 0.0338857 0.957427
2 0.643338 0.237485 0.0294957 0.0401516 0.954819
5 0.596299 0.0127538 0.0387588 0.0255077 0.954791
22 0.493237 0.480407 0.0363953 0.0428114 0.954445
7 0.554137 0.0190426 0.0418808 0.0380853 0.952683
22 0.640429 0.0823562 0.0376668 0.039107 0.951592
2 0.89768 0.386493 0.0317991 0.0396235 0.951354
5 0.805248 0.23053 0.0356672 0.038597 0.950523
9 0.934974 0.385297 0.038044 0.0402969 0.948407
1 0.87008 0.157109 0.0369604 0.0561424 0.946705
10 0.967002 0.214339 0.0343754 0.0665516 0.941408
0 0.787201 0.309477 0.0586808 0.0422152 0.940925
9 0.970341 0.464945 0.0390958 0.0432809 0.940108
8 0.48866 0.165844 0.0347677 0.0429452 0.932837
0 0.793165 0.387869 0.0567448 0.0391192 0.93213
9 0.819027 0.468221 0.0380661 0.0449287 0.930047
0 0.559529 0.398026 0.0562398 0.0400908 0.929802
5 0.59581 0.316191 0.0360291 0.0391322 0.924697
2 0.719855 0.0757693 0.0320237 0.0381401 0.924504
27 0.813739 0.159614 0.0262032 0.0536082 0.922832
21 0.718964 0.479226 0.0771624 0.0621433 0.921539
7 0.555278 0.327616 0.0405482 0.0590876 0.903519
23 0.83172 0.0713927 0.0346348 0.0397286 0.889709
4 0.566215 0.160116 0.0275393 0.0460867 0.888029
5 0.78186 0.153703 0.0337222 0.0384359 0.886803
2 0.45376 0.164324 0.0310324 0.0386537 0.881122
5 0.44861 0.0149169 0.0380104 0.0298337 0.87855
9 0.584274 0.0818055 0.0368116 0.0405284 0.867012
13 0.755942 0.141362 0.0228729 0.0625473 0.857733
7 0.740369 0.240054 0.0370822 0.0549709 0.854559
9 0.528897 0.240758 0.0358083 0.0416424 0.853951
6 0.922005 0.150388 0.0585103 0.0420597 0.824442
8 0.659754 0.473512 0.0358136 0.0396035 0.817036
6 0.631815 0.316303 0.0344361 0.0384319 0.803459
0 0.496975 0.0127985 0.0549058 0.0255969 0.803084
6 0.968153 0.0683847 0.0561118 0.0414773 0.787291
0 0.861056 0.229088 0.0536134 0.0404053 0.778671
27 0.991936 0.0191876 0.0161273 0.0379443 0.77814
23 0.725726 0.311134 0.0351018 0.0382437 0.768417
13 0.787963 0.457109 0.0219235 0.0670543 0.724905
6 0.490197 0.32405 0.0610628 0.0400735 0.710661
6 0.488913 0.401171 0.0615104 0.0403399 0.6907
6 0.684174 0.15823 0.0572674 0.039795 0.664848
2 0.617693 0.394126 0.0563712 0.0415404 0.662418
5 0.63543 0.0105885 0.0339478 0.0211771 0.592888
13 0.512025 0.309069 0.0261238 0.0668842 0.592069
3 0.907804 0.059812 0.0595529 0.0680153 0.573775
27 0.980331 0.00649024 0.0292497 0.0129684 0.56996
7 0.679688 0.321674 0.0583215 0.0540351 0.559999
14 0.42956 0.156263 0.0354902 0.0655494 0.53951
8 0.776093 0.00810413 0.0414627 0.0160605 0.52429
