16 0.886817 0.428556 0.102447 0.084559 0.983924
2 0.0838642 0.84167 0.0716291 0.0880613 0.981202
4 0.400747 0.430392 0.0746009 0.111905 0.980695
38 0.498494 0.809326 0.129429 0.136385 0.979049
2 0.49521 0.232719 0.0743625 0.0964442 0.978951
2 0.907185 0.224877 0.0762627 0.0995336 0.978309
14 0.623454 0.412028 0.0460802 0.138195 0.977905
6 0.618938 0.835089 0.0975308 0.0864164 0.976355
5 0.763097 0.636882 0.0858368 0.0899396 0.975247
13 0.299393 0.799655 0.0417227 0.15516 0.974136
9 0.273272 0.223507 0.0909338 0.112795 0.973027
8 0.65664 0.635932 0.100662 0.0928285 0.971918
4 0.0234228 0.830632 0.0467951 0.113348 0.970972
5 0.558995 0.635954 0.0854048 0.0923367 0.969903
8 0.813204 0.837017 0.0951065 0.0899262 0.969466
12 0.341852 0.615689 0.115585 0.13577 0.967516
2 0.0756303 0.639967 0.0692142 0.0872171 0.966267
5 0.553005 0.436178 0.0920336 0.0922871 0.966121
23 0.566639 0.233179 0.0667071 0.0920812 0.965104
13 0.962996 0.398831 0.0435364 0.140528 0.963615
6 0.0789386 0.238468 0.0911962 0.0895821 0.962822
5 0.717959 0.835434 0.0902576 0.0928047 0.95767
22 0.177938 0.233181 0.0887378 0.0920483 0.9542
27 0.974691 0.651314 0.0497468 0.132778 0.952741
13 0.621594 0.206495 0.0419047 0.146022 0.932201
19 0.0321955 0.976602 0.0642807 0.0467955 0.930254
10 0.39942 0.205403 0.0970436 0.147574 0.908833
14 0.0139153 0.209959 0.0278265 0.139711 0.90115
22 0.094681 0.438791 0.0861994 0.0889496 0.891638
18 0.970925 0.97948 0.0575963 0.0410405 0.873523
23 0.166438 0.638947 0.105406 0.0870275 0.856446
6 0.721405 0.432212 0.14622 0.0957214 0.847018
6 0.310392 0.436537 0.0930046 0.0886981 0.842395
18 0.92915 0.81918 0.1417 0.127101 0.819529
0 0.974102 0.225292 0.0517968 0.0985315 0.799933
4 0.0151571 0.615774 0.0303142 0.142531 0.794944
13 0.202059 0.613035 0.0381495 0.139085 0.781775
10 0.213108 0.410075 0.0953467 0.1384 0.781598
6 0.452828 0.634735 0.088372 0.0900038 0.763507
19 0.395767 0.970798 0.0819 0.0584034 0.718329
18 0.213099 0.817028 0.132908 0.140378 0.650867
4 0.690107 0.986425 0.0638814 0.0271506 0.595473
0 0.021072 0.442533 0.0421308 0.0916346 0.57751
14 0.172463 0.97414 0.0788406 0.0517205 0.573061
13 0.311248 0.949162 0.0716844 0.101676 0.551283
