2 0.399869 0.190935 0.028862 0.0387894 0.983457
7 0.827361 0.734311 0.0420763 0.0525887 0.983168
11 0.805372 0.328436 0.0359893 0.0617618 0.979874
2 0.354349 0.1905 0.0322187 0.0389218 0.979219
2 0.576056 0.0279433 0.0291429 0.0391992 0.978514
2 0.350575 0.272205 0.0291976 0.0398467 0.978408
5 0.109501 0.0422423 0.0363087 0.0386778 0.971125
13 0.114386 0.264482 0.0219011 0.0627357 0.970256
2 0.958158 0.488674 0.0314741 0.0383244 0.967823
2 0.275983 0.657586 0.0305125 0.0366107 0.96727
7 0.818773 0.266283 0.0688519 0.0563205 0.967256
2 0.561928 0.807459 0.0285299 0.0381497 0.967018
5 0.0170664 0.512475 0.0339296 0.0368905 0.966385
5 0.708692 0.103791 0.0344204 0.0377799 0.965775
10 0.217102 0.96411 0.034584 0.0651489 0.963948
2 0.634743 0.419669 0.0309138 0.0365653 0.96256
0 0.591328 0.424585 0.0543749 0.0389762 0.961018
11 0.609957 0.0953092 0.0373065 0.0595011 0.960979
22 0.465752 0.811446 0.035534 0.0418053 0.959706
5 0.200832 0.585625 0.0375578 0.0401642 0.95855
0 0.905286 0.642014 0.0596764 0.0453391 0.958247
18 0.868376 0.483228 0.0450132 0.060147 0.957399
2 0.465514 0.111808 0.031442 0.0419228 0.956622
5 0.135721 0.196885 0.0364234 0.0381007 0.956337
2 0.826007 0.802336 0.028495 0.0374277 0.95589
8 0.256497 0.977424 0.0373828 0.0399646 0.954279
18 0.589431 0.641019 0.0432553 0.0605409 0.953896
5 0.869661 0.725918 0.0365158 0.0402812 0.953462
13 0.641535 0.1722 0.0190341 0.0672085 0.952346
9 0.596118 0.806995 0.0367913 0.0392792 0.951145
10 0.267391 0.103497 0.0357141 0.0660479 0.950524
7 0.233931 0.359541 0.0399032 0.0560566 0.950404
2 0.619492 0.341852 0.0293205 0.0363553 0.949688
0 0.493751 0.26762 0.0535823 0.0382968 0.949242
8 0.463656 0.888133 0.0365201 0.0373964 0.949135
22 0.273075 0.273741 0.0358543 0.0399178 0.949086
2 0.695772 0.418158 0.0280695 0.0384457 0.947158
1 0.903845 0.887119 0.036998 0.0549374 0.946794
1 0.120105 0.90718 0.037051 0.0563705 0.946571
2 0.954879 0.0972823 0.0331584 0.0387461 0.946057
0 0.223364 0.275117 0.0584499 0.0414977 0.944156
2 0.885152 0.338095 0.0291719 0.0376331 0.944085
5 0.826908 0.492076 0.0360243 0.0383252 0.943617
22 0.552931 0.188211 0.0365939 0.0412769 0.943354
9 0.219259 0.50701 0.0357403 0.0375083 0.940253
5 0.60893 0.964142 0.0354729 0.0387357 0.938971
22 0.0395162 0.586874 0.0356617 0.0369875 0.938946
0 0.671692 0.574585 0.0572479 0.0382164 0.938569
19 0.453906 0.653633 0.0271701 0.0354121 0.936889
5 0.941406 0.958195 0.0362236 0.0412276 0.936256
5 0.0318218 0.90367 0.0333661 0.0382566 0.934852
13 0.396115 0.0993017 0.0219342 0.0660442 0.93472
14 0.478092 0.639509 0.0169249 0.0590101 0.933056
2 0.737724 0.885829 0.030628 0.0382788 0.932803
8 0.17343 0.19782 0.0368226 0.04005 0.932235
8 0.646845 0.500136 0.0367055 0.0363803 0.931569
13 0.0542359 0.65269 0.0186002 0.0653636 0.930486
13 0.103886 0.185871 0.0195836 0.0620822 0.929694
2 0.949557 0.413671 0.0460778 0.0414569 0.927716
5 0.510023 0.652805 0.0371811 0.0389267 0.924744
8 0.0366101 0.124248 0.0358442 0.0356355 0.92335
2 0.274239 0.581555 0.0314546 0.0388477 0.922718
2 0.0687535 0.434974 0.0304076 0.0372714 0.922519
27 0.0637383 0.9096 0.0262324 0.0536892 0.922483
14 0.328299 0.180553 0.0166682 0.0605322 0.921522
3 0.739612 0.638462 0.060352 0.0669639 0.920652
0 0.438721 0.967795 0.0565529 0.0383154 0.920557
0 0.558587 0.107925 0.0560539 0.039058 0.919731
9 0.965959 0.720684 0.037147 0.0383891 0.919195
0 0.775711 0.569569 0.0542631 0.0371908 0.918395
0 0.534792 0.500639 0.0554014 0.0355902 0.91697
22 0.0845982 0.278313 0.0368469 0.0389851 0.913385
8 0.0260865 0.746374 0.0352228 0.0397856 0.911753
22 0.604864 0.574564 0.0362812 0.0381052 0.910485
8 0.645077 0.80892 0.0381418 0.0374746 0.909544
5 0.273946 0.350701 0.0358868 0.0422503 0.907788
5 0.0554903 0.980343 0.0366721 0.0383828 0.905778
4 0.721463 0.495943 0.0270375 0.0433334 0.904268
23 0.386569 0.968917 0.0308707 0.0362458 0.903907
18 0.524972 0.953201 0.0400863 0.0600016 0.903182
9 0.183732 0.739771 0.038419 0.0394981 0.903116
5 0.197347 0.662242 0.0377696 0.0392485 0.903
13 0.625465 0.639422 0.0218 0.0643206 0.901716
13 0.376055 0.875788 0.0205414 0.0712553 0.901336
2 0.48851 0.964808 0.0314335 0.0390451 0.899251
5 0.648646 0.263727 0.0360544 0.0377401 0.89792
11 0.323316 0.804083 0.0622023 0.0636654 0.896114
4 0.348393 0.347622 0.0263751 0.0455688 0.895706
13 0.556392 0.951939 0.018075 0.06835 0.895447
0 0.153356 0.276394 0.0557175 0.0396727 0.892871
23 0.0802793 0.82142 0.0375342 0.039863 0.892489
13 0.223983 0.727249 0.0211133 0.0663276 0.892172
0 0.332382 0.6521 0.0781804 0.0533924 0.891557
22 0.290407 0.893684 0.0359614 0.0399677 0.89147
9 0.368024 0.576021 0.036297 0.039296 0.890621
8 0.239429 0.663417 0.0378486 0.0404148 0.889891
2 0.404436 0.890622 0.0346487 0.038331 0.889348
5 0.110618 0.585201 0.0380348 0.0383141 0.888453
6 0.847155 0.337268 0.039602 0.0402735 0.887972
14 0.353092 0.0278137 0.0174681 0.0556038 0.887862
5 0.402754 0.732911 0.0332965 0.0357795 0.884749
14 0.106866 0.731161 0.0357653 0.0617162 0.88157
0 0.871642 0.565466 0.0596249 0.0422002 0.879978
9 0.704736 0.339599 0.0337527 0.0362633 0.879803
4 0.967755 0.0217936 0.0268493 0.0429994 0.878682
0 0.928059 0.252488 0.0794804 0.0498883 0.874015
0 0.539591 0.342042 0.0781231 0.0387465 0.872088
4 0.0765577 0.0359867 0.0293575 0.0484395 0.87202
18 0.341145 0.887707 0.044279 0.0548494 0.870562
22 0.763048 0.260165 0.0353136 0.0383862 0.868751
5 0.0824901 0.664024 0.0343425 0.0384376 0.867516
14 0.680946 0.0945841 0.017056 0.0608858 0.866227
13 0.286689 0.180145 0.0203519 0.0637967 0.866132
13 0.636389 0.562522 0.0241933 0.0588443 0.865354
9 0.920945 0.567535 0.0336362 0.0374438 0.864942
5 0.510405 0.109891 0.036702 0.0401689 0.862737
13 0.0511212 0.0309202 0.0184781 0.0609087 0.862276
7 0.462126 0.0401829 0.0395756 0.0531402 0.861425
0 0.896906 0.414222 0.0529456 0.0388741 0.85592
0 0.0208851 0.0457694 0.0415968 0.0402223 0.855116
0 0.399651 0.651239 0.0543556 0.0498691 0.853378
0 0.319516 0.58206 0.0564111 0.0437193 0.852591
0 0.110636 0.979401 0.0532064 0.0387762 0.850596
7 0.0127114 0.369513 0.0253518 0.0534807 0.847873
13 0.898123 0.168023 0.0195084 0.058957 0.846763
6 0.0338937 0.27954 0.0393046 0.0362681 0.840605
3 0.157775 0.809724 0.0596428 0.0682807 0.840306
6 0.335348 0.505292 0.033733 0.0355227 0.836014
8 0.895509 0.803218 0.0395899 0.0400921 0.833272
8 0.372976 0.813823 0.0363509 0.036929 0.830599
3 0.500463 0.71954 0.0614377 0.0682445 0.82896
19 0.500775 0.424658 0.0263202 0.0386026 0.827218
9 0.249098 0.193628 0.0359812 0.041147 0.826351
0 0.795556 0.884088 0.0838311 0.040314 0.825088
4 0.797726 0.0967769 0.0269011 0.0448461 0.820481
2 0.933578 0.803987 0.0319834 0.0391595 0.820446
4 0.224496 0.115102 0.0257556 0.0428982 0.818483
0 0.514693 0.807605 0.0548508 0.0427285 0.811765
8 0.305994 0.738531 0.0361038 0.0374211 0.807859
2 0.302196 0.506761 0.0277285 0.0354665 0.80686
6 0.650319 0.106986 0.0379097 0.0374318 0.802176
6 0.171983 0.900194 0.0585309 0.0425124 0.793516
13 0.0066765 0.891444 0.013353 0.0630484 0.79188
23 0.439882 0.267001 0.0311572 0.0406216 0.788737
2 0.301196 0.114132 0.0273957 0.0381896 0.774029
18 0.870611 0.0205773 0.0660492 0.0411546 0.773439
13 0.981157 0.236978 0.0254216 0.0849704 0.771657
6 0.334964 0.113782 0.0347941 0.038332 0.770937
1 0.710841 0.267498 0.0376468 0.0551242 0.76876
10 0.823458 0.166677 0.0300848 0.0629824 0.766595
14 0.0432609 0.501765 0.0183779 0.0575492 0.75627
6 0.218312 0.816972 0.0565118 0.0443726 0.752031
14 0.436695 0.0985531 0.0186239 0.0609997 0.744847
19 0.234053 0.430723 0.028539 0.0399217 0.744169
11 0.671668 0.173963 0.0373776 0.0628162 0.737781
23 0.666996 0.419753 0.0277529 0.0374852 0.737454
0 0.930156 0.333256 0.0546103 0.0484694 0.732595
21 0.860924 0.968086 0.0518184 0.0572189 0.728911
23 0.413189 0.350716 0.032173 0.0384381 0.726739
6 0.157815 0.661379 0.0367982 0.0393617 0.723855
6 0.486376 0.501779 0.0375458 0.0372408 0.71637
8 0.00891271 0.588633 0.0178254 0.0376652 0.715728
3 0.448276 0.567438 0.0610714 0.0666378 0.710888
13 0.883013 0.168542 0.0478697 0.0599397 0.707966
22 0.947552 0.179861 0.0433199 0.0363611 0.691313
8 0.119457 0.66175 0.0376163 0.0391417 0.680867
0 0.915017 0.719033 0.0557644 0.0554391 0.680476
6 0.824356 0.567523 0.0374967 0.0373833 0.677374
22 0.507418 0.887185 0.0356336 0.0395752 0.6754
1 0.777444 0.499547 0.0384114 0.0609128 0.656382
13 0.771733 0.0899704 0.0225776 0.065192 0.648576
0 0.729446 0.72689 0.0528075 0.0424273 0.647709
13 0.89227 0.0200448 0.0191798 0.0387045 0.646319
5 0.989642 0.488525 0.0207162 0.039262 0.641773
0 0.604012 0.262414 0.0456843 0.0395251 0.626774
2 0.296162 0.973567 0.0312706 0.0358903 0.621635
7 0.423221 0.498875 0.0864432 0.079611 0.61485
2 0.84234 0.177632 0.0305903 0.0399105 0.614772
11 0.180954 0.107505 0.05531 0.0620511 0.613299
0 0.119923 0.351356 0.0875193 0.0452489 0.608088
10 0.225345 0.0307736 0.0373296 0.0615471 0.604251
0 0.602359 0.176987 0.0576292 0.0587939 0.599872
4 0.367739 0.503071 0.0257017 0.0367006 0.596966
7 0.116314 0.43977 0.0611179 0.0597049 0.593985
6 0.5296 0.0294888 0.0363131 0.036748 0.587823
6 0.313312 0.271986 0.0388474 0.0398153 0.581068
14 0.226612 0.569501 0.0150949 0.0622535 0.580057
8 0.72908 0.420238 0.0363556 0.0366087 0.579765
18 0.929903 0.0211867 0.0468917 0.0410537 0.574868
13 0.827381 0.869541 0.0216721 0.0669249 0.571717
2 0.384197 0.0338913 0.0374179 0.0398944 0.565792
1 0.657462 0.895044 0.0595942 0.0538967 0.560131
23 0.655957 0.341322 0.0372024 0.0367979 0.559058
10 0.592919 0.489431 0.0333903 0.0646083 0.546622
38 0.728191 0.0241039 0.0723069 0.0482078 0.545805
13 0.566999 0.712427 0.0479648 0.0731063 0.545375
13 0.827018 0.851142 0.0203289 0.0304103 0.541824
23 0.327286 0.431591 0.0318404 0.0401007 0.541084
18 0.244977 0.893755 0.0552356 0.0444748 0.540976
13 0.891397 0.946155 0.016153 0.0613505 0.530405
2 0.611633 0.499132 0.032894 0.0374597 0.527171
2 0.967231 0.64112 0.0564718 0.0466664 0.520648
21 0.261053 0.744622 0.0503758 0.0579317 0.520491
19 0.26259 0.431118 0.0273608 0.0361853 0.515935
8 0.783088 0.177749 0.0406109 0.0411332 0.5157
6 0.800807 0.648339 0.0569272 0.0404885 0.51294
0 0.953855 0.881246 0.0596857 0.0414608 0.503211
