2 0.985293 0.400436 0.0289612 0.0421039 0.982519
18 0.71184 0.392961 0.0429387 0.0567337 0.981434
2 0.439558 0.403565 0.030651 0.0419906 0.977321
21 0.519286 0.0507303 0.0671436 0.0575625 0.975992
5 0.687358 0.310311 0.0335889 0.0408552 0.975599
5 0.688874 0.219299 0.0372754 0.0418935 0.975181
6 0.821727 0.311034 0.0390751 0.0404813 0.97109
5 0.470337 0.221783 0.0385075 0.0418659 0.970589
9 0.585476 0.129274 0.0366127 0.0431314 0.96605
18 0.683267 0.121446 0.0418448 0.0538311 0.96482
5 0.563995 0.491593 0.0381718 0.0437782 0.960301
7 0.406564 0.499368 0.0462954 0.0606304 0.958286
6 0.69105 0.491973 0.040962 0.0431911 0.956313
13 0.843812 0.209418 0.0218899 0.0674874 0.955224
1 0.777245 0.322395 0.0417078 0.0599254 0.955057
5 0.587993 0.578637 0.0412507 0.0427574 0.954079
5 0.737404 0.128826 0.0396104 0.0415554 0.95387
22 0.372569 0.127517 0.0383484 0.039101 0.952007
5 0.42165 0.04025 0.0395669 0.0418538 0.951446
22 0.787116 0.492447 0.0387048 0.0419278 0.951426
23 0.447861 0.490274 0.0340546 0.0442905 0.950035
4 0.312542 0.308355 0.03382 0.0508037 0.945764
8 0.800096 0.400802 0.0431056 0.0431743 0.945623
8 0.416654 0.311744 0.042391 0.0466015 0.942966
6 0.919226 0.223321 0.0417534 0.0438012 0.94259
7 0.711625 0.0536968 0.0740228 0.0601178 0.940654
1 0.866855 0.592192 0.0454626 0.0616388 0.939467
9 0.960062 0.222084 0.0395039 0.0456193 0.938896
9 0.637427 0.0410457 0.0403099 0.0428058 0.937193
0 0.899107 0.398894 0.0577548 0.0419306 0.936441
5 0.537293 0.405016 0.0409722 0.0428446 0.935024
22 0.757965 0.401419 0.0380685 0.0431854 0.934802
2 0.902777 0.131245 0.0318112 0.043131 0.934483
13 0.79378 0.0318778 0.0210515 0.0637556 0.933594
5 0.502615 0.313779 0.0422345 0.0435287 0.932691
5 0.862457 0.312771 0.0387409 0.0419372 0.931473
4 0.540495 0.577236 0.0314808 0.0551398 0.930745
9 0.732879 0.489282 0.0389769 0.0451907 0.929861
22 0.485125 0.491069 0.0381454 0.0424075 0.926507
18 0.45829 0.305425 0.0402117 0.0592797 0.924309
6 0.596927 0.221134 0.0409801 0.0423607 0.924228
5 0.639898 0.131621 0.0407841 0.0447842 0.920843
11 0.64437 0.481429 0.0395586 0.0609987 0.919815
5 0.94681 0.312531 0.0360534 0.0458108 0.918939
6 0.597552 0.0422223 0.0407338 0.040412 0.915839
9 0.638808 0.220216 0.0399826 0.0438388 0.90878
18 0.904083 0.302996 0.0417109 0.0594314 0.901874
8 0.46334 0.038897 0.0406695 0.0445051 0.900755
6 0.862596 0.131496 0.0411577 0.0422495 0.900197
21 0.480997 0.414732 0.0472565 0.0593892 0.894502
5 0.459969 0.577658 0.0411945 0.0460733 0.892419
6 0.845143 0.401578 0.0428481 0.0413888 0.892259
7 0.643292 0.588245 0.0699115 0.0615313 0.89193
18 0.912228 0.571627 0.0434375 0.0639329 0.885969
6 0.317618 0.490285 0.0454686 0.0454434 0.885161
0 0.651357 0.401479 0.060468 0.0425424 0.882631
7 0.585532 0.322616 0.0617629 0.0607774 0.882292
0 0.950136 0.131333 0.061506 0.0432643 0.875928
22 0.752066 0.580426 0.0372667 0.0431076 0.867757
4 0.415052 0.576885 0.0300688 0.0511551 0.86705
1 0.773729 0.225428 0.0377541 0.0628228 0.862265
2 0.824191 0.045692 0.0371858 0.0451022 0.861369
1 0.821509 0.139552 0.0406445 0.0560887 0.858647
13 0.741059 0.207047 0.0234048 0.0667213 0.855866
11 0.876706 0.21227 0.0402174 0.0653108 0.851776
2 0.324491 0.221495 0.0589983 0.0535745 0.812957
4 0.35359 0.48392 0.0281869 0.0562211 0.812435
13 0.788027 0.119317 0.0230936 0.0650377 0.811467
14 0.411626 0.391837 0.0217166 0.064187 0.805593
4 0.436229 0.217811 0.027316 0.0453728 0.803087
14 0.566658 0.0306113 0.0219158 0.0612227 0.783783
5 0.361952 0.310862 0.0626079 0.0429089 0.775305
4 0.53084 0.485613 0.0266418 0.0483239 0.766104
10 0.553246 0.301826 0.0397315 0.0659738 0.75765
6 0.816005 0.218961 0.041647 0.0440282 0.730502
14 0.594498 0.480652 0.0224912 0.0627524 0.721619
23 0.774071 0.0445678 0.0477176 0.0397171 0.721424
13 0.507956 0.392155 0.0180042 0.0593697 0.718771
0 0.982749 0.309003 0.034503 0.0441803 0.699993
6 0.368472 0.399598 0.0589061 0.0457875 0.69817
2 0.317292 0.037075 0.0402788 0.0462073 0.688823
8 0.378931 0.578512 0.0439435 0.045444 0.657005
7 0.842738 0.492309 0.067535 0.0857943 0.611792
14 0.767546 0.120498 0.0204861 0.0639645 0.60704
10 0.947795 0.0320584 0.0528293 0.0640826 0.590389
7 0.315418 0.400972 0.0460624 0.0816094 0.564836
23 0.954856 0.399077 0.0330081 0.0437646 0.561724
11 0.553565 0.211099 0.0394819 0.0618813 0.552162
5 0.970155 0.492412 0.0596898 0.0453292 0.534429
14 0.719415 0.209503 0.0209365 0.0605993 0.500412
