11 0.0353564 0.475205 0.07063 0.135817 0.996789
1 0.379995 0.12307 0.0920489 0.131092 0.993892
1 0.909402 0.731311 0.0919712 0.13603 0.992979
18 0.663765 0.682594 0.108011 0.136486 0.98926
5 0.0447213 0.0983784 0.0894425 0.0914469 0.987438
0 0.929612 0.307709 0.140775 0.0939682 0.985735
4 0.216132 0.288214 0.0683827 0.109977 0.985248
8 0.882502 0.5131 0.0914515 0.0892602 0.984138
5 0.960231 0.907629 0.0795379 0.0951934 0.983952
2 0.220136 0.904581 0.0719923 0.0896368 0.981031
9 0.393242 0.699928 0.090176 0.0933745 0.980543
5 0.478187 0.501643 0.0919617 0.0915017 0.980489
4 0.558613 0.497543 0.069968 0.11212 0.979454
16 0.437006 0.909148 0.10254 0.0953438 0.978086
4 0.762232 0.897116 0.0700185 0.112789 0.976783
4 0.125385 0.0902108 0.0642666 0.109013 0.976781
13 0.319086 0.680448 0.0452896 0.141664 0.976565
5 0.291039 0.298339 0.0854575 0.0908 0.976215
4 0.596047 0.293855 0.0702467 0.112354 0.975538
2 0.967618 0.50984 0.0647643 0.0915545 0.974489
13 0.739756 0.682678 0.0397339 0.133147 0.974485
2 0.575562 0.703982 0.0688798 0.0905775 0.974275
8 0.833848 0.10724 0.0959752 0.0921211 0.97412
4 0.15655 0.696735 0.0720982 0.108015 0.971941
18 0.372485 0.479808 0.104108 0.141585 0.971827
0 0.25651 0.106119 0.139824 0.0926379 0.971786
13 0.519874 0.890545 0.0454235 0.141175 0.971719
7 0.240627 0.729127 0.0994434 0.131223 0.97029
6 0.482415 0.106557 0.0941638 0.0883673 0.968919
23 0.506595 0.706233 0.0679181 0.0856531 0.968625
22 0.0355626 0.699769 0.0711252 0.0897033 0.968236
5 0.672281 0.304701 0.0846155 0.0929289 0.967916
6 0.981698 0.708314 0.0366045 0.0859413 0.965754
4 0.801294 0.699216 0.0736208 0.113587 0.96539
6 0.591592 0.907351 0.0929291 0.087809 0.964645
2 0.0183533 0.295404 0.0367066 0.093029 0.962802
0 0.109953 0.300557 0.138172 0.0878518 0.954616
5 0.727886 0.505745 0.0828794 0.0911322 0.953542
19 0.650293 0.504421 0.0681486 0.0912139 0.944277
23 0.148231 0.904146 0.0670106 0.087648 0.940009
2 0.685734 0.906158 0.0806925 0.0950141 0.919527
2 0.26397 0.503131 0.125122 0.0920539 0.900877
4 0.760115 0.274618 0.0843613 0.138276 0.889613
1 0.946159 0.132451 0.107682 0.134129 0.853317
4 0.2936 0.900207 0.0737308 0.111986 0.816592
6 0.125594 0.500024 0.0929775 0.0958287 0.742115
2 0.0575532 0.902056 0.114105 0.0926721 0.730634
5 0.582587 0.102673 0.0919149 0.0907777 0.649584
6 0.712055 0.106636 0.147927 0.0927778 0.584494
