16 0.386653 0.649322 0.102037 0.0917141 0.992241
7 0.237797 0.479805 0.0879688 0.133585 0.988653
4 0.533998 0.232012 0.0739905 0.120612 0.984256
2 0.542508 0.445875 0.0677738 0.0923233 0.984039
2 0.83377 0.841705 0.0717885 0.0879737 0.982877
6 0.39773 0.247576 0.0979698 0.0919988 0.982322
23 0.470556 0.448465 0.0753613 0.0874559 0.981893
16 0.293536 0.251945 0.102075 0.0914611 0.98179
2 0.0969632 0.260906 0.0687719 0.0967455 0.981218
9 0.622517 0.441365 0.0889022 0.0981262 0.981064
2 0.18185 0.86079 0.0725956 0.099478 0.980965
9 0.175339 0.25337 0.0852112 0.104519 0.978601
8 0.741881 0.443519 0.100051 0.0894922 0.976819
4 0.111415 0.860947 0.0684174 0.11583 0.974387
6 0.385843 0.451644 0.0884821 0.0908403 0.972394
4 0.625488 0.636017 0.0692271 0.107364 0.97177
4 0.60966 0.834713 0.0650772 0.110567 0.970576
6 0.17139 0.656595 0.0919073 0.0924568 0.968905
2 0.825612 0.639931 0.0691388 0.0871769 0.967593
4 0.763587 0.831622 0.0663261 0.109838 0.967164
14 0.563595 0.626606 0.0474501 0.135591 0.965725
14 0.473008 0.225152 0.0453879 0.138335 0.964137
6 0.491839 0.647241 0.094201 0.0913047 0.963615
22 0.927731 0.233573 0.0881251 0.0918975 0.961597
9 0.269288 0.652162 0.0838583 0.0964901 0.960798
14 0.753036 0.210622 0.0496879 0.139188 0.960056
14 0.312105 0.43062 0.0489391 0.136055 0.95783
6 0.82888 0.238604 0.0910223 0.0889195 0.955647
5 0.685267 0.83957 0.0869548 0.0934334 0.949796
14 0.0162232 0.442577 0.0324465 0.136523 0.94036
14 0.449824 0.830312 0.0477885 0.140285 0.93881
5 0.681953 0.242669 0.0927358 0.0924854 0.925998
18 0.948084 0.823072 0.103831 0.126388 0.91896
22 0.844623 0.438706 0.0862098 0.0890801 0.894037
19 0.777677 0.976599 0.0735245 0.0468016 0.880076
23 0.916422 0.638883 0.105422 0.0871547 0.872786
8 0.0389406 0.870807 0.0778812 0.105062 0.867096
10 0.95779 0.409554 0.0844197 0.139328 0.851544
8 0.0270698 0.261774 0.0541396 0.093516 0.823671
10 0.733251 0.616775 0.0930493 0.140954 0.778237
6 0.523099 0.847763 0.0939169 0.0882745 0.760807
13 0.952061 0.613154 0.0376955 0.139388 0.752386
18 0.0616174 0.646635 0.123235 0.125857 0.670001
6 0.94031 0.970065 0.110266 0.0598694 0.635733
4 0.381183 0.978052 0.076232 0.0434952 0.550138
