7 0.14893 0.149648 0.0620992 0.0641901 0.99438
18 0.154017 0.400764 0.0404885 0.0556198 0.975027
5 0.0855186 0.579254 0.0373923 0.0431278 0.971478
2 0.0332845 0.136917 0.0283192 0.0448315 0.971443
4 0.141475 0.0498381 0.0250853 0.043178 0.967038
2 0.196689 0.402709 0.0330616 0.0420419 0.96363
0 0.0314702 0.49457 0.0621359 0.0426216 0.961135
2 0.0941161 0.137558 0.033487 0.0403912 0.959983
4 0.178633 0.0475298 0.0302318 0.0516455 0.956854
23 0.244143 0.0513597 0.0375716 0.04289 0.947807
16 0.0204358 0.584513 0.040759 0.0470712 0.943858
7 0.0207356 0.236913 0.0414251 0.0612309 0.94023
2 0.247656 0.143481 0.0341267 0.0455125 0.931693
5 0.112114 0.408589 0.039415 0.0409163 0.930321
6 0.105434 0.0520985 0.0419184 0.0426609 0.928086
11 0.21077 0.568595 0.0367241 0.0638218 0.921073
22 0.0897001 0.230273 0.0389599 0.0404565 0.920757
9 0.0838105 0.319545 0.0417205 0.0435982 0.920526
8 0.208211 0.144993 0.0440761 0.0445407 0.907869
7 0.232937 0.235153 0.0647115 0.0623105 0.900144
0 0.161188 0.231654 0.0783828 0.0417399 0.894167
13 0.0538697 0.570176 0.0230454 0.0625253 0.845887
2 0.209548 0.0530928 0.0302524 0.0477606 0.835809
6 0.0167945 0.409158 0.0335889 0.0485106 0.808008
22 0.23467 0.40516 0.0404558 0.0409562 0.79938
2 0.135714 0.311551 0.0370212 0.0612271 0.723884
6 0.0421816 0.319093 0.0375307 0.0429592 0.692347
21 0.107883 0.501716 0.0687183 0.0619247 0.678174
27 0.244249 0.577061 0.0288394 0.0604798 0.667301
10 0.183642 0.308717 0.0392795 0.0689807 0.598198
