27 0.745454 0.775999 0.0541258 0.131182 0.997039
1 0.668665 0.775857 0.0833488 0.136651 0.9969
16 0.436995 0.157694 0.102595 0.092244 0.9913
4 0.451888 0.349681 0.0676553 0.104696 0.988629
9 0.383618 0.753492 0.0918968 0.0990753 0.987248
5 0.960243 0.157703 0.0795135 0.095271 0.985675
1 0.626727 0.955044 0.0913279 0.0899129 0.985317
2 0.65506 0.352046 0.077382 0.0945431 0.985245
0 0.248212 0.354036 0.136232 0.0915308 0.98447
4 0.07607 0.539379 0.0770469 0.111373 0.984006
9 0.739432 0.34743 0.0856423 0.100097 0.98298
4 0.590556 0.751139 0.071842 0.115024 0.982239
5 0.844252 0.751194 0.0879549 0.0888944 0.982082
23 0.50482 0.559203 0.0677278 0.0870728 0.981028
2 0.220082 0.154492 0.0719608 0.0894857 0.980944
2 0.874572 0.561208 0.0754904 0.0923204 0.980141
13 0.207278 0.731897 0.047424 0.136546 0.97806
5 0.505582 0.749949 0.0894524 0.091397 0.977002
5 0.367479 0.350177 0.091125 0.0913108 0.976892
5 0.105804 0.349901 0.0868488 0.0971556 0.975749
4 0.762325 0.14718 0.0701499 0.112832 0.975453
2 0.520467 0.352141 0.0710814 0.0936417 0.975291
5 0.0868643 0.750638 0.0887849 0.0907493 0.973829
6 0.729561 0.956143 0.0965505 0.0862999 0.971894
23 0.171508 0.955941 0.0704083 0.0853682 0.970648
13 0.519849 0.139672 0.0453873 0.139018 0.97047
2 0.575381 0.555369 0.0706055 0.0971115 0.969469
14 0.91588 0.731623 0.046819 0.136365 0.969088
5 0.279365 0.751928 0.0915084 0.0907683 0.96806
14 0.159613 0.732731 0.0464314 0.137496 0.967905
5 0.156457 0.549544 0.0838872 0.0929792 0.967867
6 0.591665 0.157349 0.0929968 0.0878939 0.967567
23 0.975492 0.557055 0.0490164 0.0883002 0.966948
13 0.964186 0.732568 0.0460696 0.139691 0.959332
23 0.148204 0.154144 0.0669663 0.0876463 0.923783
22 0.78034 0.561622 0.0881059 0.0899729 0.91525
23 0.273762 0.553459 0.0742598 0.0894616 0.91397
8 0.0296789 0.34569 0.0593577 0.0935777 0.912592
7 0.242857 0.0218516 0.105762 0.0437031 0.909483
2 0.346406 0.551723 0.0725064 0.0977457 0.891466
2 0.685718 0.156316 0.0808046 0.0948468 0.881858
6 0.933666 0.956745 0.110536 0.0863349 0.86085
27 0.521132 0.956719 0.0546227 0.086169 0.842807
4 0.293534 0.150143 0.0736855 0.111965 0.821228
18 0.977725 0.337501 0.0445509 0.130906 0.78963
6 0.967169 0.956812 0.0656627 0.0855374 0.728353
5 0.830386 0.951382 0.0893055 0.0919125 0.723859
1 0.865922 0.35264 0.0968797 0.189392 0.689377
4 0.40171 0.950194 0.0922373 0.0996114 0.661304
2 0.0575022 0.15197 0.114047 0.0927863 0.632534
