1 0.864098 0.137301 0.0873575 0.134619 0.993432
27 0.939985 0.126958 0.0475338 0.116885 0.986916
0 0.749135 0.338475 0.132491 0.12997 0.981922
5 0.497191 0.729701 0.0817891 0.0928169 0.980684
5 0.502163 0.529332 0.0825362 0.0920396 0.978675
2 0.878256 0.512102 0.0683903 0.093793 0.976954
5 0.925294 0.714332 0.0889542 0.0917988 0.976596
13 0.611057 0.506623 0.0433071 0.13489 0.976573
2 0.622911 0.723526 0.0643485 0.0871552 0.975609
14 0.785021 0.494429 0.0817419 0.135441 0.97494
6 0.581557 0.127921 0.0867329 0.0896173 0.973488
13 0.561583 0.712659 0.0489606 0.137689 0.973289
14 0.881175 0.286133 0.076643 0.136616 0.973275
6 0.497604 0.92305 0.0866057 0.0893531 0.973271
5 0.495797 0.132957 0.0804014 0.0930381 0.972694
4 0.57881 0.909458 0.0733901 0.116524 0.971421
14 0.567009 0.50998 0.0468819 0.130347 0.970375
5 0.638 0.320475 0.0897665 0.0943747 0.961189
2 0.956126 0.910581 0.0694507 0.091261 0.961107
12 0.728451 0.6968 0.104451 0.135288 0.94539
12 0.719779 0.89582 0.160718 0.142927 0.942724
6 0.834613 0.715171 0.088069 0.0896435 0.936524
11 0.539065 0.303715 0.0955146 0.136582 0.902743
10 0.867572 0.886982 0.0899813 0.139614 0.840806
0 0.960092 0.311669 0.0798155 0.092016 0.839083
6 0.678267 0.521925 0.0902159 0.0882488 0.822331
8 0.985872 0.71219 0.0282567 0.0957043 0.632262
4 0.941221 0.485726 0.0590198 0.14365 0.560576
