1 0.167514 0.687078 0.0923793 0.136609 0.996104
1 0.190305 0.293529 0.0880657 0.138234 0.995822
19 0.370889 0.068798 0.0650236 0.0920714 0.986252
18 0.22665 0.845278 0.112283 0.141919 0.984671
23 0.276112 0.0711519 0.0724176 0.089489 0.98397
6 0.114302 0.87037 0.091749 0.0920755 0.982795
0 0.421819 0.669001 0.140933 0.0984602 0.982255
9 0.20522 0.467035 0.0887965 0.0985001 0.981083
19 0.370384 0.872674 0.0661963 0.0896962 0.977641
8 0.348792 0.468961 0.102794 0.0941234 0.975981
5 0.450265 0.267719 0.0900445 0.0947595 0.974256
18 0.278098 0.644491 0.093748 0.137471 0.973369
13 0.133213 0.448247 0.0490322 0.14143 0.961643
5 0.448802 0.871255 0.0871921 0.0950706 0.960231
6 0.0279294 0.464374 0.0558589 0.0970425 0.958687
23 0.028149 0.0698271 0.056298 0.0950344 0.956044
5 0.45306 0.0665912 0.0922011 0.0970996 0.955754
13 0.0775536 0.0621777 0.0401947 0.124355 0.948457
13 0.308227 0.850585 0.0444795 0.139448 0.94082
4 0.0490966 0.262399 0.0683042 0.101372 0.936904
13 0.0414483 0.847729 0.0489889 0.147642 0.930879
5 0.0439665 0.665086 0.0872274 0.0932961 0.930583
14 0.0847936 0.452029 0.0496541 0.138953 0.919931
22 0.453143 0.467844 0.0890425 0.0911446 0.893712
6 0.318709 0.270354 0.147299 0.0956099 0.844769
13 0.367502 0.646714 0.0364114 0.136028 0.648305
1 0.45112 0.984102 0.0851179 0.0317967 0.583858
