12 0.539585 0.489514 0.0390548 0.0698224 0.986868
12 0.479532 0.959095 0.0391278 0.0738287 0.986321
2 0.535577 0.810702 0.031617 0.0372634 0.980053
2 0.384265 0.806929 0.0316781 0.0415175 0.978673
2 0.522949 0.57164 0.0329943 0.040736 0.975771
5 0.293287 0.0239637 0.036674 0.0403527 0.974149
2 0.498453 0.417799 0.0335251 0.0390385 0.970933
0 0.231959 0.0240543 0.0796544 0.0440141 0.968207
2 0.0222028 0.0267789 0.0290895 0.0412999 0.967959
18 0.503354 0.175734 0.0420806 0.0638899 0.96676
18 0.430297 0.41052 0.0434294 0.051446 0.966625
2 0.542861 0.031167 0.0358527 0.0382451 0.96315
2 0.0528182 0.262488 0.0319852 0.0365193 0.963008
21 0.3212 0.577924 0.0453622 0.0583625 0.960605
2 0.615791 0.731753 0.0334213 0.0390322 0.9601
22 0.617885 0.969911 0.0351968 0.0400527 0.960005
13 0.472646 0.175125 0.018178 0.0639156 0.958259
1 0.309675 0.8158 0.0357173 0.0524755 0.957704
5 0.310702 0.730315 0.0368779 0.0386283 0.955397
6 0.0482229 0.883425 0.0371924 0.0426481 0.954477
5 0.115676 0.338877 0.036172 0.0394909 0.953707
14 0.513895 0.0246602 0.0160811 0.0493203 0.953031
13 0.465229 0.406638 0.0220909 0.062288 0.949532
2 0.086403 0.880206 0.0326285 0.0432651 0.949386
0 0.477208 0.496569 0.0606843 0.0424807 0.945989
22 0.240102 0.490743 0.0361708 0.0394247 0.944138
2 0.596428 0.890702 0.0322717 0.0417352 0.943935
11 0.395045 0.094718 0.0366002 0.0603834 0.942944
1 0.406255 0.036988 0.0347884 0.0542227 0.94278
18 0.135014 0.877468 0.0433975 0.0550098 0.94246
23 0.318197 0.884832 0.0352403 0.0397774 0.939939
2 0.0130904 0.104454 0.0259897 0.0403989 0.939238
13 0.167321 0.169751 0.0204459 0.0685098 0.938573
5 0.262803 0.805539 0.0384745 0.0408618 0.936718
2 0.458753 0.72851 0.0544657 0.0431908 0.936634
1 0.0143118 0.89076 0.0286236 0.0558562 0.936276
5 0.243655 0.183081 0.0361385 0.0419251 0.93484
2 0.0250387 0.727654 0.0334476 0.0413015 0.9342
0 0.569193 0.970711 0.0551369 0.0434258 0.932557
2 0.203116 0.414324 0.031379 0.0378361 0.932322
5 0.104282 0.649256 0.0361005 0.0407643 0.930618
22 0.585687 0.42294 0.0378009 0.0380557 0.929692
2 0.537464 0.885999 0.0308133 0.0430475 0.928745
0 0.0798019 0.727584 0.0569712 0.039439 0.928687
2 0.360649 0.0246353 0.0311401 0.0415682 0.92864
22 0.194204 0.571385 0.0387154 0.0409198 0.926584
5 0.48479 0.0302664 0.0349966 0.0374394 0.926043
2 0.263296 0.644659 0.0295695 0.0395577 0.924215
2 0.537934 0.654709 0.0326157 0.0378486 0.923417
1 0.325406 0.271695 0.0351436 0.0520653 0.922607
22 0.0199488 0.491352 0.038204 0.0400316 0.920421
8 0.162652 0.80661 0.0384339 0.0416178 0.918759
5 0.579393 0.10984 0.0344388 0.0364618 0.918431
13 0.170932 0.872073 0.0191517 0.0665915 0.917465
0 0.481015 0.655033 0.0565282 0.0372717 0.916765
9 0.376514 0.649569 0.0345079 0.0371661 0.915945
18 0.0947027 0.951236 0.0446785 0.0624626 0.913939
2 0.112008 0.417446 0.0317171 0.036859 0.912909
7 0.4169 0.272856 0.0447438 0.0531303 0.912125
9 0.539683 0.344285 0.0357057 0.0392907 0.910798
8 0.544536 0.420515 0.0381243 0.0375645 0.910013
2 0.609153 0.497988 0.0334443 0.0377483 0.90975
23 0.403445 0.72892 0.0315827 0.0399933 0.909042
6 0.112244 0.104584 0.0369209 0.0399355 0.908485
8 0.57412 0.734346 0.0368466 0.0398004 0.90824
16 0.580697 0.810595 0.0483229 0.0460873 0.905624
2 0.362219 0.964475 0.0310907 0.0399429 0.904136
0 0.069764 0.340403 0.0507703 0.0394468 0.903338
18 0.247681 0.562928 0.0425788 0.0544748 0.901549
7 0.57442 0.662267 0.0398357 0.0513088 0.899361
2 0.658326 0.423246 0.0253968 0.037375 0.898885
5 0.0140132 0.804913 0.0277859 0.0415952 0.897474
13 0.0103542 0.398849 0.0207084 0.0807514 0.893152
9 0.382263 0.414697 0.0365143 0.0391724 0.890203
19 0.623935 0.42424 0.0319281 0.0393028 0.880636
6 0.369441 0.495132 0.0334319 0.0384378 0.880211
23 0.50447 0.809903 0.0293849 0.0383995 0.87871
22 0.137329 0.963744 0.0365519 0.0427659 0.874415
5 0.196888 0.184384 0.0378028 0.0399162 0.866709
2 0.362779 0.884606 0.0325075 0.0414445 0.852856
0 0.130117 0.558908 0.0784456 0.0559351 0.848808
13 0.174658 0.405491 0.021081 0.0607505 0.844879
9 0.0458943 0.803616 0.0357978 0.0383377 0.843768
19 0.315659 0.964717 0.0322536 0.0377984 0.839657
2 0.553055 0.576426 0.0283059 0.0376601 0.837926
1 0.0700109 0.110174 0.0357338 0.0520347 0.837632
9 0.344333 0.104031 0.0374265 0.0390182 0.836557
8 0.482603 0.57192 0.038151 0.043391 0.825436
2 0.397779 0.18382 0.0316383 0.0375591 0.807482
1 0.223315 0.348705 0.0394418 0.0568129 0.800565
13 0.34042 0.408663 0.0403336 0.0852983 0.793927
2 0.362071 0.183432 0.0348836 0.0380259 0.79041
13 0.284961 0.558633 0.0227029 0.0631816 0.788026
2 0.425204 0.651241 0.0335318 0.040199 0.783693
8 0.363911 0.572699 0.0341738 0.0391529 0.769009
12 0.106638 0.796715 0.0665966 0.0692263 0.768699
13 0.616546 0.798639 0.0206316 0.0680513 0.759639
4 0.14095 0.414453 0.0242569 0.0417601 0.75899
14 0.451489 0.330236 0.0181473 0.0612682 0.755945
5 0.416551 0.497155 0.0563004 0.0389237 0.721842
8 0.312551 0.338093 0.0460895 0.039709 0.716172
13 0.20928 0.480736 0.0199457 0.0636566 0.715523
18 0.262076 0.327178 0.0394347 0.0578125 0.708776
24 0.524711 0.737316 0.060255 0.058543 0.698378
21 0.223493 0.654162 0.0486938 0.0581917 0.691637
6 0.347474 0.803974 0.0368766 0.0481095 0.684734
6 0.614204 0.655827 0.0382614 0.0389919 0.678906
6 0.358352 0.727063 0.0547565 0.0422809 0.678773
8 0.236638 0.260921 0.036176 0.041047 0.678165
4 0.317506 0.180787 0.0253917 0.0450397 0.666078
2 0.377265 0.177002 0.0645444 0.0509852 0.649429
7 0.0647566 0.571892 0.0439205 0.0854483 0.643182
0 0.631676 0.11419 0.0636685 0.0394114 0.641458
18 0.109831 0.479934 0.0387552 0.0628798 0.639422
13 0.228896 0.0939991 0.0331044 0.0600772 0.635278
6 0.0540698 0.644664 0.0380588 0.0419266 0.623323
5 0.153806 0.102324 0.0393668 0.0461222 0.6207
13 0.155933 0.556645 0.0292122 0.0614227 0.619736
4 0.330005 0.0243296 0.0322985 0.0471019 0.60485
14 0.438856 0.330686 0.0251886 0.0618282 0.59002
16 0.437156 0.182665 0.0452149 0.044276 0.5811
8 0.295636 0.645613 0.034261 0.039598 0.578744
5 0.608639 0.574392 0.0641228 0.0453295 0.555229
19 0.336823 0.492632 0.0276942 0.0373418 0.548924
22 0.0156659 0.570139 0.0313318 0.0389874 0.543883
5 0.584317 0.189616 0.035732 0.0383847 0.535519
6 0.546766 0.187832 0.0380061 0.0390967 0.531848
13 0.413331 0.329992 0.0207813 0.0643745 0.531219
6 0.249505 0.415183 0.0558754 0.0373862 0.524975
13 0.143185 0.635613 0.0383236 0.0668032 0.515022
14 0.189816 0.479127 0.0167882 0.0604734 0.511508
6 0.522157 0.108736 0.0355548 0.0391378 0.503977
10 0.157488 0.481938 0.0381081 0.0599136 0.503473
