0 0.147234 0.256959 0.0659767 0.0473814 0.967614
2 0.164991 0.171595 0.0354947 0.0484194 0.967328
5 0.0318007 0.344646 0.0382498 0.0474505 0.951711
8 0.12458 0.173146 0.0408273 0.0475092 0.928692
5 0.098242 0.257081 0.0337081 0.0393863 0.913186
0 0.157412 0.340107 0.0602719 0.0608984 0.906197
9 0.146935 0.0891678 0.0395106 0.0441025 0.8741
6 0.152404 0.0152141 0.0655967 0.0303937 0.851685
13 0.00623 0.329288 0.01246 0.0645669 0.789181
0 0.0220634 0.246627 0.0439369 0.0676053 0.689418
21 0.0281981 0.104226 0.0398758 0.0563844 0.653402
8 0.0242077 0.0153606 0.0457795 0.0307213 0.642877
2 0.0054067 0.176805 0.01073 0.0450833 0.607808
6 0.065325 0.0899105 0.0370935 0.0422717 0.525172
