21 0.654789 0.870729 0.0989192 0.128194 0.996558
1 0.114011 0.887241 0.0878271 0.133851 0.994994
27 0.189913 0.87675 0.0475118 0.116872 0.987254
5 0.437922 0.263405 0.0894117 0.0925501 0.98551
5 0.794077 0.848492 0.0910842 0.0912564 0.984084
4 0.578058 0.447482 0.0651343 0.10829 0.9836
19 0.966582 0.458243 0.0662112 0.0887133 0.983174
4 0.875497 0.84031 0.0643985 0.108726 0.981647
13 0.962083 0.239399 0.0459552 0.142477 0.981251
2 0.836718 0.257573 0.0752189 0.0944266 0.980858
4 0.619449 0.255986 0.0733683 0.112044 0.980456
2 0.0759515 0.668691 0.0743141 0.0970976 0.979028
8 0.423315 0.658595 0.094384 0.0870011 0.978566
2 0.513279 0.655064 0.0728921 0.0904844 0.977383
13 0.770046 0.43598 0.0412731 0.138314 0.976037
7 0.737798 0.279604 0.0971535 0.124822 0.974232
18 0.300134 0.839676 0.0900778 0.122757 0.973832
14 0.71782 0.436302 0.0433764 0.134181 0.972479
8 0.320139 0.2641 0.0975667 0.0977939 0.972182
5 0.652392 0.454812 0.0834924 0.0894839 0.969187
23 0.142967 0.66695 0.0643086 0.0877906 0.968207
2 0.66729 0.647272 0.074825 0.095078 0.968022
13 0.375256 0.833454 0.0467733 0.137182 0.966114
0 0.338793 0.459484 0.135353 0.0853868 0.965961
1 0.186539 0.488722 0.0896624 0.13537 0.953533
23 0.589841 0.657246 0.0721817 0.0800698 0.943554
6 0.840569 0.463535 0.0921044 0.0933329 0.936777
6 0.548932 0.855539 0.0940504 0.0894036 0.926624
2 0.212856 0.664201 0.0736446 0.0951085 0.922552
22 0.973347 0.656884 0.0533054 0.09077 0.880357
5 0.0108084 0.871049 0.0216043 0.0893387 0.851028
0 0.968652 0.854689 0.062696 0.0991263 0.679399
11 0.135252 0.984111 0.072275 0.0317775 0.637852
6 0.533574 0.264241 0.0932367 0.092958 0.591181
14 0.687157 0.98118 0.0510831 0.0376403 0.575846
10 0.934139 0.633856 0.0995525 0.141889 0.507191
