4 0.0756839 0.444745 0.0268291 0.0460662 0.979945
5 0.20173 0.284163 0.0367641 0.0407594 0.965135
1 0.154113 0.453726 0.0403043 0.0582796 0.946557
1 0.15379 0.137083 0.036892 0.0548934 0.946526
24 0.107764 0.297598 0.0419473 0.0565305 0.941063
5 0.191315 0.207917 0.0360579 0.0411831 0.933881
2 0.0760405 0.0525693 0.0285248 0.0370195 0.931099
0 0.0449316 0.133881 0.0844036 0.0403549 0.8998
21 0.110385 0.217467 0.0507869 0.0567172 0.899439
7 0.0150433 0.297459 0.0300866 0.0579642 0.876042
4 0.234546 0.284255 0.029339 0.043636 0.861106
2 0.0708495 0.286452 0.0320056 0.0362364 0.850744
14 0.0428482 0.279094 0.0165185 0.0613741 0.831299
5 0.0439058 0.446961 0.0369865 0.0413369 0.824779
8 0.145581 0.0532033 0.0395272 0.0399044 0.818844
2 0.183348 0.0534705 0.0317348 0.0392018 0.795567
2 0.0126133 0.446122 0.0251306 0.0409442 0.790764
10 0.16131 0.277265 0.042357 0.0677438 0.770885
4 0.221593 0.201278 0.0258662 0.0437194 0.746632
22 0.0529143 0.212025 0.0611474 0.0388263 0.663923
5 0.218432 0.361428 0.0360864 0.0498192 0.65357
13 0.141124 0.195935 0.0165363 0.0608655 0.62356
13 0.0773401 0.119316 0.0216612 0.0667672 0.609636
13 0.00590799 0.0387689 0.011816 0.0691279 0.599403
13 0.0770172 0.100925 0.0202737 0.0301117 0.58215
13 0.0851094 0.360678 0.0293154 0.0577068 0.580396
0 0.203796 0.131063 0.0596177 0.0414204 0.56603
