1 0.37992 0.87312 0.0919132 0.131041 0.993962
23 0.716236 0.663077 0.0727997 0.090338 0.990059
5 0.0446827 0.848244 0.0893653 0.0912323 0.986535
0 0.860722 0.663558 0.140769 0.0938625 0.985078
4 0.276174 0.251313 0.0753838 0.115474 0.982823
19 0.216155 0.458624 0.0651081 0.0888324 0.982549
2 0.776535 0.261537 0.0747807 0.101728 0.981468
2 0.354031 0.460449 0.0730552 0.0965292 0.980551
4 0.624026 0.239902 0.0843785 0.141906 0.978654
2 0.0867002 0.257624 0.0753441 0.0944729 0.978614
8 0.833867 0.857208 0.0960082 0.0920241 0.976786
5 0.485166 0.66045 0.0912049 0.0923569 0.976777
4 0.125078 0.840257 0.0633548 0.108381 0.976697
0 0.256412 0.856263 0.139625 0.0922285 0.976313
6 0.385544 0.663161 0.0919892 0.0879297 0.974958
22 0.517837 0.267744 0.0870281 0.0898429 0.97268
23 0.912723 0.460757 0.0693438 0.0840254 0.972618
6 0.482304 0.856345 0.0941274 0.0879754 0.970706
5 0.957414 0.26188 0.0851713 0.0952505 0.968955
13 0.0201788 0.435492 0.0401093 0.1395 0.967045
14 0.31224 0.63469 0.0491274 0.134916 0.964816
23 0.702375 0.263385 0.0729833 0.0895023 0.961015
6 0.0905814 0.463656 0.0920628 0.0929011 0.956744
13 0.212501 0.239884 0.0466611 0.142138 0.954887
22 0.242036 0.65796 0.091229 0.0897664 0.953016
8 0.860383 0.262211 0.0959289 0.0971202 0.952297
22 0.974107 0.463295 0.0517868 0.091429 0.945334
5 0.432042 0.462445 0.0830711 0.0932029 0.930158
23 0.282841 0.4583 0.0677104 0.0828608 0.929109
19 0.756027 0.464301 0.0657902 0.090241 0.896116
5 0.833668 0.461273 0.0867072 0.093212 0.882344
5 0.582551 0.85246 0.0917461 0.0909078 0.845607
1 0.946163 0.88266 0.107673 0.133818 0.820345
22 0.979507 0.654958 0.0409857 0.0974295 0.817591
11 0.025095 0.231741 0.05019 0.154035 0.795846
4 0.530525 0.45121 0.0975858 0.109369 0.779493
27 0.652238 0.46326 0.0609375 0.0956811 0.770783
13 0.201456 0.988811 0.0374426 0.0223773 0.646026
22 0.0185483 0.262446 0.0369902 0.0920544 0.596903
6 0.712025 0.857912 0.147613 0.0901165 0.578652
7 0.0157656 0.0627004 0.0315134 0.125401 0.571553
2 0.0619073 0.657853 0.123159 0.089546 0.562654
13 0.203684 0.829065 0.0349502 0.151751 0.503965
