1 0.132487 0.572179 0.0847137 0.132923 0.996829
11 0.630094 0.311455 0.0889624 0.135038 0.989015
13 0.19232 0.724051 0.0409586 0.132895 0.98583
0 0.325461 0.154296 0.140509 0.0913613 0.984937
9 0.246483 0.946828 0.0848213 0.0990534 0.983033
23 0.380861 0.745386 0.0711709 0.0874269 0.982581
2 0.162129 0.351504 0.070002 0.0910729 0.981341
22 0.447023 0.144167 0.0861197 0.0865425 0.981272
9 0.778565 0.737759 0.0960643 0.102906 0.981137
2 0.825199 0.331965 0.0716969 0.0916417 0.97988
4 0.435149 0.337003 0.0679466 0.107908 0.97924
2 0.346989 0.343032 0.0680123 0.0924593 0.978286
7 0.567407 0.948894 0.098455 0.102212 0.977936
5 0.330431 0.542784 0.0940679 0.0949541 0.977623
0 0.421809 0.952613 0.186214 0.0913012 0.977307
13 0.64889 0.920474 0.0455098 0.146215 0.975592
18 0.116942 0.731505 0.0872229 0.119846 0.975131
14 0.1566 0.135302 0.0407611 0.13266 0.975064
8 0.426384 0.541592 0.0915504 0.0910797 0.974452
4 0.0310905 0.549972 0.0620679 0.111465 0.974007
8 0.912647 0.334005 0.099267 0.0933723 0.973249
4 0.886541 0.528024 0.0673509 0.10771 0.972757
2 0.453741 0.742047 0.0701677 0.0941099 0.969185
6 0.22888 0.54726 0.0948891 0.088859 0.969153
0 0.558089 0.748782 0.128923 0.0876276 0.968633
7 0.68225 0.563365 0.102184 0.136175 0.968173
6 0.729812 0.338717 0.0950093 0.0872936 0.967343
13 0.558936 0.312472 0.0480042 0.141398 0.966634
6 0.960344 0.939515 0.0793113 0.0905557 0.965723
6 0.675009 0.73616 0.0942309 0.0892839 0.963385
13 0.207811 0.129714 0.0427162 0.132505 0.961297
28 0.947745 0.708578 0.103651 0.13427 0.958924
2 0.971738 0.531509 0.0565238 0.0910473 0.956956
14 0.0817518 0.930427 0.0466391 0.136619 0.955157
6 0.0250499 0.358885 0.050013 0.0903846 0.951566
22 0.98574 0.338002 0.0285197 0.0823666 0.950769
2 0.283761 0.747668 0.120238 0.0896263 0.944901
14 0.0360188 0.93245 0.0472128 0.134159 0.933369
18 0.865607 0.918767 0.106807 0.13839 0.905686
5 0.746979 0.14004 0.0987182 0.0912616 0.893241
6 0.0353188 0.755437 0.0363862 0.0802593 0.893193
27 0.502673 0.340976 0.0632911 0.091295 0.799501
5 0.152158 0.947477 0.0857582 0.0899361 0.773343
6 0.067931 0.155738 0.126976 0.0977614 0.760868
4 0.525015 0.529902 0.102172 0.11061 0.716665
8 0.79316 0.511887 0.103029 0.142126 0.686438
5 0.718198 0.919167 0.0915709 0.140977 0.662286
2 0.00719948 0.754467 0.0142969 0.0777574 0.649705
6 0.566353 0.136205 0.137432 0.102255 0.58496
1 0.109908 0.0222862 0.0738732 0.0445723 0.578693
6 0.953749 0.113604 0.092501 0.135389 0.551853
