24 0.56878 0.10192 0.0389035 0.0470596 0.995993
7 0.518137 0.578365 0.0655408 0.0584221 0.985092
2 0.413321 0.727639 0.032125 0.0405797 0.983136
2 0.868414 0.0154368 0.0320359 0.0308736 0.979275
5 0.618363 0.956607 0.0358975 0.0379055 0.973114
5 0.658804 0.249521 0.0355583 0.0389233 0.972008
5 0.85949 0.792216 0.0361013 0.0385003 0.969118
5 0.608127 0.0187826 0.0364902 0.0375652 0.968817
35 0.609179 0.633804 0.0578594 0.0667696 0.967749
2 0.87769 0.402222 0.0303448 0.0377467 0.9668
5 0.839589 0.558884 0.0347116 0.0378072 0.962859
22 0.489679 0.80638 0.0374508 0.0397036 0.958299
8 0.413666 0.491687 0.0388734 0.0404688 0.954938
5 0.445906 0.64744 0.0345896 0.038415 0.952983
11 0.5177 0.949401 0.0354855 0.0630736 0.952001
9 0.861979 0.323923 0.0365798 0.0401421 0.951564
2 0.436718 0.256465 0.0322949 0.0399834 0.95117
13 0.658001 0.708921 0.0208348 0.0677133 0.950709
18 0.975702 0.228861 0.0425842 0.0625661 0.948465
2 0.966772 0.708046 0.0357529 0.0369968 0.948352
5 0.747931 0.873615 0.0359153 0.0372639 0.947915
9 0.809403 0.714873 0.0385869 0.0378544 0.944684
0 0.426646 0.807994 0.0559323 0.0411758 0.942181
5 0.885784 0.94645 0.0365179 0.0375167 0.941216
22 0.4554 0.412814 0.0373105 0.0382898 0.941003
9 0.607993 0.250452 0.0375028 0.0396784 0.936945
8 0.786609 0.874279 0.0358065 0.0355772 0.936407
22 0.973116 0.40011 0.0376797 0.0403034 0.935668
5 0.41992 0.967095 0.0373528 0.0384765 0.935411
0 0.598946 0.801809 0.0580416 0.0388229 0.934894
11 0.810433 0.159371 0.0376889 0.0592756 0.934803
4 0.986682 0.555291 0.0266351 0.0468719 0.934519
22 0.657119 0.486832 0.0381551 0.0400641 0.933498
3 0.531556 0.402435 0.0523254 0.0644607 0.92698
9 0.65898 0.564093 0.0380664 0.0394311 0.925166
22 0.564486 0.178015 0.0373144 0.0423347 0.92302
9 0.541154 0.0190087 0.0392671 0.0380174 0.922419
13 0.854043 0.935801 0.0198263 0.0621319 0.917258
0 0.5391 0.803768 0.0559256 0.0394235 0.913303
0 0.730795 0.330273 0.0788527 0.0406434 0.913065
21 0.574875 0.494534 0.0444089 0.0601021 0.911574
0 0.494503 0.878242 0.0550724 0.0504535 0.903934
21 0.479536 0.264192 0.0503752 0.0581906 0.900917
1 0.736728 0.254382 0.0383847 0.054816 0.90031
5 0.68786 0.722069 0.0364654 0.0392718 0.898769
5 0.955253 0.55668 0.0355079 0.0401895 0.897342
0 0.872454 0.47998 0.0565306 0.0391992 0.897013
6 0.618006 0.566369 0.0382271 0.039026 0.896019
6 0.975768 0.477106 0.0366954 0.0390987 0.895213
6 0.506804 0.650319 0.0353421 0.0399808 0.888159
11 0.659544 0.633489 0.0373564 0.0639615 0.887194
6 0.951928 0.164658 0.037833 0.0386954 0.88481
24 0.557861 0.890782 0.0418228 0.0543197 0.881914
8 0.92332 0.947773 0.0366533 0.0401148 0.880005
22 0.640379 0.877427 0.0354135 0.0402935 0.876833
0 0.698342 0.876287 0.0577797 0.040431 0.875565
10 0.414785 0.876175 0.0420343 0.0656352 0.8702
11 0.651118 0.788764 0.0402265 0.0608307 0.869991
8 0.745332 0.408017 0.0371175 0.0387937 0.867624
21 0.694169 0.101001 0.0524313 0.0573528 0.865952
2 0.682038 0.954742 0.0309546 0.0393666 0.862951
6 0.566838 0.253398 0.0394151 0.0391187 0.862615
22 0.487322 0.490913 0.0338743 0.0418271 0.846591
16 0.414845 0.0225783 0.0542263 0.044181 0.84543
13 0.609973 0.0845825 0.0355263 0.0652101 0.844663
9 0.986846 0.160503 0.0263085 0.0388976 0.843213
0 0.922406 0.401708 0.0555953 0.0416207 0.841772
6 0.765459 0.718417 0.0390011 0.0359846 0.840012
0 0.750448 0.796902 0.0832832 0.0400281 0.838415
8 0.726025 0.72243 0.0355217 0.0383077 0.837654
13 0.801398 0.780995 0.0187222 0.0607299 0.836672
2 0.44074 0.884245 0.0304356 0.0386834 0.829157
10 0.974354 0.776908 0.0349667 0.0682554 0.826825
13 0.901965 0.626657 0.0238893 0.0605886 0.820899
4 0.826386 0.786484 0.0289208 0.0476209 0.816294
9 0.484829 0.101771 0.0375285 0.0413012 0.813986
2 0.920014 0.323705 0.0263926 0.0373759 0.809987
8 0.914455 0.558511 0.0363412 0.0404437 0.809937
4 0.81028 0.640125 0.0267498 0.0443988 0.803752
0 0.467971 0.964617 0.056874 0.042361 0.803534
13 0.706737 0.239353 0.0208417 0.0655238 0.800846
21 0.417438 0.339882 0.0468616 0.0657847 0.79844
8 0.526844 0.258497 0.0375829 0.0397656 0.796257
5 0.717633 0.0170944 0.0578059 0.0341887 0.7961
8 0.617265 0.488681 0.0360813 0.0396955 0.792743
4 0.734621 0.644683 0.0276947 0.0421137 0.792198
8 0.837399 0.402652 0.0402732 0.0399715 0.774972
4 0.974529 0.864896 0.0259223 0.0429561 0.757248
2 0.413311 0.648822 0.0291554 0.0403938 0.743703
24 0.561552 0.721748 0.0796707 0.0786407 0.737771
2 0.87883 0.245166 0.0268511 0.0399559 0.730249
23 0.541191 0.644527 0.0327483 0.0398171 0.719387
13 0.894919 0.699815 0.0234995 0.0677471 0.703432
6 0.773598 0.172229 0.0363235 0.0370662 0.699973
4 0.758929 0.482288 0.0246985 0.0444807 0.692539
14 0.687423 0.240706 0.0164204 0.0593245 0.69118
2 0.53197 0.0986112 0.0333027 0.0433877 0.688908
11 0.693468 0.396706 0.0631462 0.0630922 0.688673
22 0.417637 0.182198 0.063169 0.0403059 0.685295
3 0.880569 0.0793445 0.0505533 0.0650512 0.682873
0 0.937574 0.0850034 0.0566804 0.0417267 0.669598
6 0.499343 0.0221889 0.0388311 0.0398575 0.666192
14 0.453866 0.0212769 0.0181277 0.0425537 0.663332
8 0.644043 0.0968743 0.0373477 0.0395874 0.660239
10 0.699709 0.633962 0.0349516 0.0672238 0.658636
6 0.777001 0.642487 0.0376868 0.0390739 0.647096
14 0.588776 0.947203 0.0167141 0.0572357 0.641519
10 0.403274 0.0911089 0.0390576 0.0672464 0.639858
13 0.990453 0.62288 0.0190935 0.0638754 0.638143
8 0.936237 0.480705 0.0376263 0.03801 0.634071
2 0.454744 0.488241 0.0315702 0.0439312 0.626872
23 0.534662 0.333654 0.0300977 0.0366844 0.613869
6 0.961357 0.322575 0.0535229 0.0390294 0.599271
23 0.650767 0.955554 0.0300906 0.0372076 0.596608
4 0.664098 0.171798 0.0254624 0.042522 0.59447
23 0.403054 0.257305 0.0323242 0.041242 0.570592
11 0.930904 0.857438 0.0552386 0.0620294 0.567755
2 0.859303 0.703529 0.0361271 0.0610056 0.563659
13 0.765311 0.080829 0.0225638 0.0617929 0.544817
13 0.452529 0.324953 0.0205502 0.065513 0.538435
7 0.983683 0.0863874 0.0326334 0.0387609 0.536053
18 0.874475 0.866748 0.0547149 0.0451512 0.508773
14 0.937584 0.70163 0.0179484 0.0568787 0.50217
