1 0.616585 0.925622 0.0898845 0.134335 0.993592
11 0.635891 0.279991 0.0918684 0.135665 0.99275
4 0.214925 0.0850533 0.0689113 0.111812 0.990569
4 0.979094 0.893814 0.0418113 0.0991986 0.990479
11 0.171048 0.274968 0.0853252 0.134343 0.989659
0 0.331659 0.727418 0.135838 0.131261 0.986831
7 0.959577 0.527985 0.0808458 0.136619 0.985966
23 0.0360503 0.0981689 0.0672206 0.0877185 0.985432
9 0.887149 0.30224 0.0946124 0.101027 0.984753
4 0.824824 0.0916783 0.0648056 0.110999 0.984507
5 0.0353513 0.697798 0.0705962 0.0908487 0.984454
27 0.244842 0.325405 0.0547256 0.131084 0.984334
0 0.062081 0.894717 0.123974 0.0890058 0.98398
5 0.218421 0.702036 0.088481 0.0899062 0.982817
0 0.832514 0.708322 0.135604 0.0867403 0.98228
5 0.813552 0.90217 0.0824416 0.0894966 0.981735
0 0.826496 0.509661 0.139704 0.0972083 0.980958
4 0.253924 0.895183 0.0696272 0.11698 0.980738
23 0.106408 0.0983014 0.0670604 0.0865828 0.979769
2 0.349569 0.503224 0.0660161 0.0903591 0.979142
2 0.5034 0.896962 0.0746613 0.0927534 0.978153
6 0.539049 0.301918 0.0939596 0.0861722 0.976394
13 0.707702 0.283904 0.0436766 0.139151 0.97509
14 0.46562 0.282333 0.0483171 0.139827 0.974811
14 0.759347 0.283268 0.0492542 0.139164 0.974037
2 0.322662 0.901552 0.0670199 0.090868 0.973823
0 0.332138 0.102707 0.136851 0.0915363 0.973499
23 0.419796 0.506866 0.0682892 0.0857391 0.970528
0 0.697891 0.106958 0.19401 0.094436 0.970347
8 0.907749 0.90389 0.100351 0.0908667 0.970244
6 0.719814 0.906241 0.0960006 0.0884098 0.968485
5 0.175883 0.899763 0.0829666 0.0895362 0.967836
4 0.283633 0.497847 0.0657156 0.109656 0.967063
16 0.961509 0.705407 0.0769817 0.0866113 0.964194
13 0.810836 0.280601 0.0413594 0.142489 0.960429
22 0.394205 0.304315 0.0851485 0.0880762 0.95786
14 0.119896 0.473603 0.0815586 0.135195 0.953795
5 0.71878 0.703581 0.0845451 0.0922219 0.951928
5 0.899743 0.102301 0.0852749 0.094153 0.945773
13 0.099788 0.270261 0.0444679 0.150179 0.939099
9 0.974202 0.0888365 0.0515966 0.123476 0.906394
4 0.0138665 0.505139 0.0277331 0.105424 0.872767
23 0.409108 0.904721 0.103919 0.0881181 0.870534
2 0.492913 0.501049 0.075745 0.0941199 0.853039
12 0.468149 0.0746449 0.12429 0.138907 0.789843
13 0.442568 0.875063 0.0399115 0.13969 0.730348
6 0.160652 0.0957033 0.0349559 0.0890674 0.728582
13 0.568967 0.0771935 0.0618509 0.13738 0.724104
6 0.601299 0.497277 0.136477 0.109328 0.683054
0 0.0395766 0.275779 0.0791533 0.138856 0.632718
2 0.642309 0.704106 0.0711602 0.0937465 0.622928
27 0.708906 0.502878 0.0577956 0.0902023 0.620145
