1 0.26371 0.7751 0.085889 0.12842 0.997024
1 0.111022 0.373498 0.0871066 0.131522 0.994493
27 0.187334 0.370953 0.0483177 0.128554 0.991993
23 0.824081 0.138195 0.0721695 0.0889443 0.988498
7 0.2961 0.575973 0.0821515 0.12601 0.987243
2 0.367807 0.144847 0.0723382 0.0858626 0.986534
1 0.183798 0.168694 0.0902858 0.131862 0.98647
16 0.67426 0.747553 0.101439 0.0900866 0.983638
4 0.945619 0.346931 0.0664538 0.11258 0.983291
9 0.550824 0.74367 0.0871249 0.0969992 0.983115
18 0.84585 0.531515 0.0918915 0.124144 0.983089
19 0.973421 0.547305 0.0531588 0.0912038 0.980834
13 0.888865 0.321559 0.0392027 0.136593 0.97862
7 0.958934 0.953019 0.082131 0.0939617 0.977538
18 0.449941 0.125467 0.0897037 0.120237 0.975373
9 0.147964 0.746441 0.0792767 0.0940254 0.975297
13 0.919083 0.526251 0.0451946 0.142259 0.974723
4 0.741786 0.545026 0.0752175 0.113907 0.974592
8 0.751396 0.949061 0.0977514 0.0969574 0.974575
5 0.456072 0.745044 0.089687 0.0913554 0.974094
22 0.776588 0.750703 0.0867319 0.0866978 0.972179
22 0.904848 0.140623 0.0841472 0.0894114 0.972131
19 0.83832 0.344562 0.0598533 0.0873433 0.97202
4 0.123686 0.937485 0.0887229 0.125031 0.97085
6 0.656017 0.550112 0.0960577 0.0867031 0.968279
2 0.0177095 0.9529 0.0353448 0.0941994 0.966388
13 0.372514 0.530048 0.0453657 0.141786 0.966161
6 0.359343 0.747587 0.0932733 0.0859611 0.964511
0 0.242758 0.954076 0.137335 0.0918473 0.963639
6 0.929952 0.744307 0.0983458 0.0968851 0.963505
8 0.530926 0.949617 0.0998021 0.0975469 0.962573
4 0.625322 0.33898 0.0605414 0.107252 0.962555
5 0.445242 0.550487 0.0852082 0.0855396 0.95972
6 0.277187 0.146924 0.0923745 0.0868244 0.959482
14 0.854481 0.723899 0.050529 0.135254 0.954007
2 0.0754981 0.754631 0.0649321 0.0926857 0.949086
4 0.529147 0.535919 0.0752885 0.11481 0.948598
4 0.0621834 0.141382 0.064566 0.104366 0.937431
14 0.427086 0.330327 0.0463806 0.13843 0.930428
4 0.0216335 0.742645 0.0429842 0.121356 0.919573
5 0.546397 0.142597 0.0865436 0.0899128 0.912342
11 0.40484 0.926306 0.147193 0.14063 0.890528
8 0.0319752 0.353942 0.0639505 0.0905883 0.874452
13 0.0111551 0.121683 0.022299 0.131491 0.818981
2 0.772234 0.348554 0.0703727 0.0862464 0.808033
6 0.546754 0.352794 0.0906925 0.0915399 0.803923
10 0.20464 0.530189 0.084359 0.139042 0.763433
18 0.0920796 0.538124 0.125543 0.125191 0.725267
12 0.745685 0.325215 0.123405 0.138119 0.691579
6 0.994 0.755811 0.0120006 0.0862875 0.561751
5 0.99092 0.35716 0.0181609 0.093841 0.527102
