1 0.608636 0.514999 0.0863985 0.135576 0.995395
27 0.683546 0.515583 0.051275 0.131405 0.991939
1 0.933054 0.922916 0.0883087 0.137011 0.98983
13 0.706142 0.272183 0.0413373 0.139282 0.989685
16 0.60274 0.0948495 0.0950418 0.08925 0.987738
9 0.873144 0.29227 0.0845523 0.0940938 0.985725
8 0.777825 0.492748 0.0889586 0.0926718 0.984002
22 0.6941 0.0942792 0.0791793 0.0882183 0.981066
22 0.773667 0.294875 0.0833324 0.0895788 0.977956
4 0.793875 0.686574 0.069973 0.113734 0.97604
19 0.710637 0.897631 0.0565909 0.0844438 0.97037
14 0.597894 0.673321 0.0490127 0.138776 0.968201
14 0.662712 0.27108 0.0451698 0.13989 0.965673
14 0.936238 0.471871 0.0454791 0.137138 0.963911
4 0.96145 0.0832774 0.068332 0.108546 0.960437
13 0.756889 0.872144 0.0319622 0.132354 0.95954
6 0.689366 0.697201 0.134574 0.0909047 0.958739
14 0.762642 0.0705719 0.0459144 0.137631 0.95845
6 0.85775 0.0945657 0.136823 0.0923837 0.95751
22 0.864218 0.49373 0.0804906 0.089695 0.957059
4 0.812255 0.891536 0.0645181 0.104452 0.93012
10 0.595415 0.271777 0.089839 0.143927 0.861797
13 0.9906 0.911697 0.0187998 0.167539 0.752139
10 0.616692 0.879837 0.10582 0.13912 0.725009
2 0.981945 0.483652 0.0361106 0.0948415 0.604972
10 0.972965 0.271651 0.0540706 0.13498 0.578965
1 0.943989 0.716607 0.112022 0.132538 0.502985
