4 0.150996 0.78934 0.0686581 0.10558 0.988929
4 0.303792 0.780391 0.06023 0.114825 0.988369
2 0.33643 0.970367 0.0708293 0.0592668 0.986386
4 0.529277 0.586666 0.0692561 0.0987402 0.986166
9 0.714167 0.387045 0.0891815 0.0950744 0.981447
8 0.698038 0.586491 0.0912182 0.0874556 0.981306
2 0.371457 0.789442 0.0717764 0.0950276 0.980955
7 0.567188 0.215098 0.0987639 0.133883 0.980606
0 0.558745 0.0206157 0.127546 0.0411583 0.98016
13 0.648392 0.169517 0.0445249 0.144243 0.979711
0 0.600157 0.790047 0.135247 0.0915029 0.978936
9 0.246415 0.196407 0.0843397 0.0961047 0.978935
19 0.749909 0.968793 0.0642576 0.0624146 0.978837
2 0.0748352 0.400931 0.0651639 0.0937701 0.974534
4 0.519865 0.96248 0.0799735 0.0750409 0.973115
22 0.627335 0.393591 0.0814185 0.087714 0.972687
0 0.421516 0.200954 0.185058 0.0884553 0.972216
6 0.960287 0.189126 0.0794268 0.0899689 0.970527
5 0.607154 0.585927 0.0822177 0.0939274 0.968524
5 0.227416 0.793215 0.0864663 0.0916545 0.96667
14 0.507685 0.373895 0.0504107 0.13582 0.96553
5 0.248475 0.396179 0.0817391 0.0891453 0.961833
14 0.111287 0.572963 0.0494194 0.135922 0.959808
22 0.0414307 0.602481 0.0776124 0.0843935 0.958706
18 0.960948 0.570985 0.0781038 0.121727 0.955423
2 0.336919 0.394902 0.0775992 0.0889088 0.954268
21 0.157408 0.419455 0.0963706 0.134138 0.953787
0 0.932458 0.788478 0.135083 0.0932043 0.952418
14 0.0816772 0.180734 0.0468062 0.1365 0.944685
13 0.557709 0.372426 0.0461662 0.141463 0.943437
7 0.954675 0.968093 0.0905377 0.0638138 0.942915
22 0.970934 0.392968 0.0581328 0.0884941 0.939791
14 0.035981 0.183662 0.0460983 0.136263 0.931707
23 0.406469 0.97223 0.0670303 0.0555401 0.926794
7 0.0793389 0.97497 0.154035 0.0500597 0.914536
19 0.384786 0.0194312 0.0641356 0.0388625 0.913783
23 0.0203982 0.404769 0.0406513 0.0834056 0.912811
10 0.717187 0.757992 0.0922129 0.141729 0.904757
18 0.865608 0.168163 0.106802 0.136151 0.900376
2 0.45447 0.0193306 0.0696688 0.0386612 0.89998
10 0.435135 0.370977 0.0906072 0.13799 0.893981
6 0.208936 0.594695 0.12901 0.0888356 0.886253
9 0.780126 0.019313 0.0825107 0.038626 0.881212
6 0.677609 0.0157099 0.087711 0.0314197 0.871677
4 0.205681 0.968831 0.0877585 0.0621839 0.869556
2 0.823573 0.965879 0.0768154 0.0682415 0.85273
6 0.0693512 0.798524 0.089899 0.0886859 0.84753
5 0.152107 0.197531 0.0856144 0.089505 0.829945
14 0.0121121 0.777013 0.0242143 0.139319 0.818234
1 0.823543 0.609047 0.134912 0.134313 0.818047
6 0.277141 0.975518 0.0376582 0.0489634 0.813314
13 0.419638 0.564704 0.0369496 0.139034 0.76644
14 0.19261 0.0197963 0.0384901 0.0395925 0.709481
5 0.718241 0.168657 0.0910832 0.138148 0.697561
5 0.990229 0.709263 0.0195427 0.0401568 0.682207
2 0.283137 0.0208454 0.122 0.0416288 0.670713
12 0.639154 0.943786 0.140416 0.112397 0.66798
5 0.00678104 0.0224836 0.0133542 0.0447187 0.666736
5 0.659219 0.967843 0.10089 0.0641121 0.585366
11 0.117491 0.0204822 0.0897751 0.0409643 0.545461
2 0.00491915 0.206629 0.00966947 0.0819665 0.523208
5 0.856158 0.0134139 0.0560149 0.0268279 0.50365
