7 0.184926 0.62712 0.0453878 0.0598938 0.9708
7 0.134374 0.80779 0.0723065 0.0587983 0.968197
21 0.0360101 0.896639 0.0618457 0.0592148 0.965303
18 0.243195 0.880157 0.0478301 0.0638795 0.964218
0 0.243468 0.707592 0.0653448 0.047792 0.962116
18 0.0693806 0.608117 0.0454636 0.0569987 0.960189
5 0.0248785 0.615532 0.0413441 0.0457994 0.958995
0 0.102926 0.969299 0.0848508 0.0612503 0.952408
23 0.148565 0.88994 0.0374525 0.0421703 0.950878
5 0.0180963 0.705505 0.0360717 0.0491967 0.935122
2 0.0707903 0.796495 0.0345625 0.0419242 0.931887
5 0.155645 0.521695 0.0356691 0.0480248 0.919995
9 0.248384 0.79525 0.0421418 0.0488751 0.915911
2 0.259296 0.616248 0.0342036 0.0468618 0.912555
2 0.0101529 0.796988 0.0203058 0.0526769 0.890544
2 0.211917 0.796743 0.0285759 0.043627 0.875904
5 0.197007 0.891148 0.0398795 0.0450475 0.857058
13 0.15262 0.967155 0.020917 0.0643551 0.835931
8 0.0728109 0.522477 0.0449873 0.0480688 0.805627
23 0.0418835 0.979413 0.0302022 0.0394368 0.704888
4 0.254411 0.515876 0.0341864 0.0525929 0.682689
11 0.0119554 0.972607 0.0239108 0.0526195 0.595022
2 0.198352 0.792367 0.0547219 0.0553989 0.594602
6 0.098878 0.887692 0.0614299 0.0465729 0.526239
