1 0.525364 0.12907 0.0889866 0.132439 0.992478
2 0.473591 0.704213 0.0718135 0.0902941 0.989047
4 0.512141 0.893639 0.0819273 0.10882 0.988037
4 0.0748027 0.0918688 0.0641814 0.110441 0.987823
0 0.302917 0.304589 0.143411 0.0906441 0.985893
9 0.137024 0.302071 0.0944387 0.10118 0.985381
7 0.21937 0.528712 0.102266 0.135544 0.984901
4 0.344671 0.891615 0.0768892 0.111137 0.983065
2 0.78891 0.897425 0.069046 0.0925603 0.982982
4 0.489996 0.289954 0.0629913 0.114194 0.982461
2 0.578512 0.499774 0.0730087 0.0919646 0.982313
5 0.0635726 0.902192 0.0823887 0.0896016 0.981707
23 0.711814 0.899251 0.0780251 0.0866085 0.981659
5 0.425088 0.900658 0.08789 0.0928202 0.981194
2 0.418011 0.302136 0.0763733 0.0911432 0.980311
0 0.0765714 0.509593 0.138858 0.0971956 0.980149
23 0.655563 0.503415 0.0687621 0.087378 0.980032
5 0.656744 0.702137 0.0888734 0.093769 0.979794
18 0.89522 0.0845933 0.0914278 0.127783 0.979282
5 0.964762 0.902018 0.0704752 0.0925674 0.978811
7 0.874613 0.927607 0.097605 0.129608 0.978186
9 0.242888 0.0994404 0.089228 0.101499 0.977951
13 0.0220303 0.0789874 0.0440607 0.146151 0.977828
14 0.35762 0.680126 0.0508116 0.136758 0.975527
4 0.550494 0.700611 0.0702466 0.105969 0.974601
13 0.730558 0.27633 0.0414386 0.137088 0.974384
5 0.861801 0.503291 0.0903326 0.0889775 0.974286
2 0.590291 0.900508 0.0707397 0.0931559 0.974279
0 0.0823093 0.708085 0.135573 0.0871048 0.974239
6 0.955218 0.499129 0.0893948 0.0896382 0.974219
6 0.326182 0.502635 0.0982498 0.0890088 0.972372
6 0.47636 0.503466 0.0994189 0.0875561 0.971002
8 0.157686 0.904165 0.100246 0.0910594 0.968727
6 0.950815 0.298118 0.0972096 0.0900904 0.967462
5 0.852345 0.304815 0.0889207 0.0892851 0.967004
5 0.56727 0.303946 0.0877943 0.0932221 0.964351
13 0.0607742 0.280372 0.0410833 0.142128 0.961712
14 0.401068 0.479436 0.0472068 0.136975 0.960816
5 0.79851 0.100177 0.0866953 0.0918984 0.95855
6 0.623783 0.105371 0.0960046 0.087797 0.956502
14 0.408659 0.683311 0.0425973 0.13378 0.952606
14 0.685459 0.278192 0.0411189 0.132484 0.947718
14 0.0166392 0.282341 0.0332784 0.142095 0.943059
5 0.149294 0.102216 0.0855587 0.0939941 0.942041
14 0.636098 0.28094 0.050519 0.138769 0.935212
4 0.818016 0.69553 0.0973015 0.105302 0.91542
4 0.256371 0.894557 0.0963261 0.100074 0.893353
2 0.716207 0.101232 0.0738621 0.0902838 0.878389
2 0.730378 0.497689 0.0777994 0.0923402 0.811106
