24 0.353051 0.551605 0.086255 0.11578 0.998548
2 0.23134 0.342627 0.0776494 0.0949069 0.979713
4 0.160316 0.32719 0.064218 0.110976 0.978533
4 0.276957 0.730663 0.0731048 0.112353 0.977293
0 0.24987 0.146486 0.141281 0.0926739 0.974788
4 0.363074 0.117542 0.0806729 0.139457 0.972005
13 0.217243 0.71864 0.047416 0.142446 0.971953
14 0.117134 0.121957 0.0455085 0.134789 0.968092
2 0.36059 0.342022 0.0784675 0.0938202 0.965131
2 0.034173 0.944624 0.0683005 0.0954242 0.963525
13 0.0665538 0.111964 0.0459392 0.159514 0.963065
5 0.357816 0.735601 0.0869045 0.0942347 0.960725
4 0.0803053 0.530439 0.0707257 0.105637 0.960576
5 0.0766109 0.336468 0.0924378 0.0960287 0.960217
6 0.160369 0.534329 0.0865144 0.0902636 0.951247
2 0.272882 0.532453 0.0734636 0.0925585 0.947078
4 0.103723 0.728532 0.0678702 0.108297 0.92844
11 0.0190743 0.526107 0.0381485 0.114783 0.908388
2 0.0359996 0.74304 0.0718397 0.0940993 0.715895
1 0.856758 0.015322 0.0853832 0.0306441 0.699962
7 0.158568 0.940324 0.143505 0.101806 0.637432
