19 0.63672 0.845021 0.0547823 0.0882882 0.996232
4 0.608033 0.249518 0.0634019 0.106438 0.992658
24 0.495249 0.278475 0.075452 0.125561 0.992186
4 0.964461 0.834872 0.068037 0.112141 0.991936
16 0.881583 0.250017 0.097914 0.0925333 0.990182
13 0.594282 0.62872 0.0438362 0.136961 0.984703
1 0.783226 0.978259 0.0828485 0.0434822 0.984571
19 0.578441 0.843147 0.0584135 0.0931287 0.983444
7 0.916995 0.0712185 0.104316 0.141062 0.982432
23 0.786036 0.848185 0.067364 0.0874499 0.9811
2 0.537334 0.454917 0.0708044 0.0902455 0.980178
9 0.646234 0.0517818 0.0838211 0.101342 0.979286
19 0.744364 0.0490839 0.066375 0.0909545 0.9788
23 0.85637 0.848258 0.0670779 0.0866117 0.97651
22 0.499508 0.841774 0.0780849 0.0884441 0.975315
6 0.707486 0.848141 0.0841005 0.0906234 0.975051
22 0.783903 0.650383 0.0827267 0.0904412 0.974759
22 0.761247 0.449909 0.0856528 0.089498 0.972738
6 0.556284 0.0560488 0.0876765 0.0927017 0.970389
14 0.48746 0.0526331 0.0487989 0.105266 0.967864
5 0.823015 0.0472593 0.08363 0.0920961 0.957998
13 0.986583 0.0520809 0.0268348 0.103315 0.942024
18 0.681914 0.63742 0.123426 0.123686 0.917629
0 0.921392 0.451394 0.152065 0.0921541 0.889359
14 0.900018 0.978613 0.046472 0.0427734 0.848515
13 0.695947 0.42701 0.0339479 0.1355 0.793204
6 0.910603 0.845675 0.0349983 0.0890465 0.747714
13 0.86634 0.427335 0.0435576 0.135909 0.688663
2 0.958383 0.647369 0.0674 0.0962942 0.679882
8 0.96864 0.245139 0.0627209 0.0963227 0.653476
13 0.553777 0.228825 0.0412002 0.14531 0.649718
10 0.771622 0.222284 0.0883753 0.140956 0.630514
13 0.628579 0.97832 0.0564587 0.043155 0.585499
14 0.490401 0.430318 0.0650959 0.140274 0.5595
