11 0.587802 0.532777 0.0950092 0.138713 0.997339
9 0.317536 0.950646 0.0931367 0.0957437 0.985027
5 0.218945 0.157288 0.0981335 0.0955502 0.982808
9 0.37967 0.749279 0.0923575 0.0968463 0.982117
4 0.917796 0.551648 0.0714464 0.116148 0.981656
5 0.0942804 0.751241 0.0880142 0.0889125 0.981012
5 0.500802 0.753147 0.0875867 0.0943826 0.980922
13 0.621333 0.730008 0.0452085 0.138137 0.98036
2 0.124514 0.561268 0.075443 0.092375 0.98006
5 0.940468 0.355339 0.096969 0.0941757 0.979534
5 0.69425 0.750533 0.0862513 0.0875041 0.979372
5 0.284644 0.752283 0.0868599 0.0900904 0.978635
18 0.252117 0.337061 0.0945723 0.129427 0.978229
13 0.29055 0.13263 0.0494973 0.141541 0.978169
6 0.832762 0.556057 0.0938485 0.0913932 0.977045
4 0.761279 0.343135 0.0644183 0.10768 0.976806
18 0.587707 0.328574 0.110381 0.142548 0.976207
2 0.304657 0.5564 0.0698898 0.0967188 0.974195
7 0.388107 0.584978 0.0977844 0.130958 0.974069
5 0.368282 0.153505 0.0917552 0.0970806 0.972757
14 0.57344 0.728142 0.0440834 0.133492 0.970445
14 0.16588 0.731683 0.0468259 0.136058 0.970032
13 0.330621 0.337228 0.0461388 0.139617 0.969761
5 0.488797 0.554436 0.0900267 0.0935714 0.966639
2 0.827247 0.348632 0.070753 0.0973129 0.964158
18 0.544709 0.937352 0.091161 0.121046 0.96158
5 0.441798 0.957719 0.0926309 0.084398 0.959971
13 0.215211 0.731635 0.0482801 0.141301 0.95914
4 0.681236 0.529488 0.0806661 0.142462 0.956097
23 0.235314 0.556831 0.0686938 0.088676 0.953036
6 0.970011 0.954124 0.0599771 0.0844123 0.946969
7 0.888216 0.960496 0.0960691 0.0790088 0.946929
23 0.918463 0.755254 0.0706165 0.0851536 0.937519
4 0.0233662 0.147297 0.0466561 0.113063 0.935854
2 0.977503 0.752151 0.0449944 0.087961 0.93516
9 0.0159649 0.343666 0.031891 0.114317 0.933481
2 0.469435 0.355003 0.124456 0.0915037 0.927491
2 0.688376 0.345503 0.0731462 0.0892137 0.915857
6 0.198405 0.955996 0.138355 0.0858474 0.895027
4 0.598928 0.144366 0.0672779 0.115976 0.88567
6 0.48875 0.159459 0.15055 0.0943525 0.882122
22 0.0375104 0.560591 0.0750209 0.0927982 0.772091
5 0.0802894 0.951828 0.0890214 0.0910203 0.744877
1 0.115764 0.35271 0.0952503 0.189074 0.688308
14 0.686749 0.0221042 0.0502956 0.0442084 0.568575
13 0.993637 0.33433 0.0127259 0.142997 0.551314
7 0.0158989 0.0322968 0.031371 0.0638994 0.546126
18 0.694507 0.951358 0.140481 0.08952 0.526845
