1 0.714061 0.207721 0.0902575 0.135806 0.99565
4 0.512265 0.178067 0.0702307 0.100862 0.989326
9 0.33215 0.3818 0.0886543 0.0998189 0.984962
8 0.787255 0.772891 0.0989547 0.0940158 0.984206
9 0.666826 0.771197 0.0916784 0.10094 0.983693
9 0.873502 0.571809 0.0860751 0.0969031 0.982871
4 0.353853 0.184375 0.0705481 0.106927 0.981523
0 0.793091 0.963487 0.137983 0.0723474 0.977916
7 0.490451 0.0372299 0.0944337 0.0744598 0.977639
27 0.281978 0.0357588 0.0528873 0.0714929 0.976566
13 0.330886 0.555584 0.0384034 0.140803 0.97631
14 0.804354 0.357339 0.0432227 0.132766 0.976051
14 0.546503 0.561347 0.0456753 0.138406 0.969708
4 0.358816 0.960459 0.0671831 0.0790814 0.96958
0 0.523073 0.782644 0.188727 0.0892462 0.968626
21 0.645471 0.402818 0.104282 0.130449 0.967359
14 0.859224 0.356645 0.0512757 0.141436 0.965008
2 0.43029 0.96502 0.0740035 0.0699596 0.964578
6 0.815269 0.178701 0.0945941 0.0845888 0.961644
5 0.739402 0.377551 0.083071 0.0875666 0.960812
0 0.942225 0.374784 0.11555 0.0978996 0.959815
5 0.78618 0.576115 0.0866603 0.0910459 0.952642
22 0.23542 0.39268 0.0869727 0.0886726 0.951427
22 0.890854 0.771204 0.0873721 0.0851724 0.948538
14 0.966579 0.746524 0.0523038 0.140638 0.948028
0 0.188222 0.789016 0.153122 0.092339 0.941091
5 0.432143 0.186606 0.0820708 0.0900282 0.931845
6 0.618701 0.581553 0.0952768 0.0867596 0.928946
0 0.343959 0.760929 0.1552 0.150328 0.92837
4 0.70828 0.570874 0.0695038 0.104186 0.92554
22 0.917104 0.177574 0.0845892 0.0852556 0.9243
18 0.115636 0.168252 0.106763 0.136175 0.917226
8 0.449124 0.364233 0.0930709 0.137129 0.824812
2 0.585409 0.18876 0.0711616 0.0865529 0.818434
6 0.244315 0.183998 0.148039 0.103322 0.815407
9 0.0358345 0.0195229 0.0713335 0.0390083 0.807369
2 0.072568 0.965701 0.0765003 0.0685973 0.805199
7 0.238868 0.965627 0.158329 0.0687469 0.789464
1 0.0732777 0.608845 0.135183 0.135074 0.789407
4 0.984692 0.169354 0.030617 0.0968227 0.770612
27 0.907266 0.944409 0.0798426 0.110523 0.760886
5 0.596981 0.0136367 0.0929549 0.0272734 0.700014
22 0.472582 0.579634 0.0855042 0.0876634 0.695464
5 0.393499 0.0140425 0.0887292 0.028085 0.687016
18 0.242165 0.570199 0.138899 0.123925 0.661667
6 0.0447395 0.78512 0.0548078 0.0869615 0.59416
22 0.913683 0.0143934 0.0925572 0.0287867 0.580678
22 0.977527 0.953367 0.0449455 0.0930996 0.559469
8 0.113984 0.380451 0.142071 0.115119 0.54957
22 0.796662 0.0144143 0.103891 0.0288287 0.542258
16 0.401004 0.581201 0.0957765 0.0836354 0.522435
