1 0.924814 0.265083 0.0907964 0.128157 0.995426
21 0.33964 0.266706 0.101031 0.136483 0.995206
1 0.928024 0.0692973 0.0915054 0.136154 0.991771
16 0.131417 0.250354 0.0976274 0.09257 0.98949
11 0.587237 0.220046 0.0924368 0.14035 0.989294
1 0.0376219 0.978341 0.0752439 0.043319 0.987613
9 0.423915 0.046627 0.0892123 0.0932539 0.987421
4 0.824664 0.841396 0.0646049 0.110652 0.987377
4 0.214952 0.834922 0.0689074 0.111977 0.987286
2 0.95044 0.650913 0.0800018 0.0943692 0.984689
23 0.036074 0.848226 0.0673285 0.0876846 0.983891
0 0.185946 0.45109 0.184466 0.0942491 0.982841
9 0.783321 0.240493 0.0912554 0.0982178 0.982301
23 0.410926 0.654001 0.068047 0.0874002 0.982204
7 0.167138 0.0712854 0.10448 0.141229 0.980292
2 0.554477 0.648957 0.0698162 0.0973969 0.979467
13 0.758359 0.0467144 0.0446892 0.0934289 0.978733
23 0.106458 0.848304 0.067058 0.0864995 0.977311
22 0.46207 0.45566 0.0864041 0.0925611 0.975923
23 0.482953 0.649964 0.0719404 0.0886979 0.975872
4 0.829705 0.0448063 0.0892146 0.0896126 0.974462
18 0.681025 0.0460231 0.0925519 0.0919906 0.972949
4 0.84264 0.441648 0.0670948 0.105295 0.972332
22 0.0270889 0.450385 0.0541094 0.0906838 0.972081
0 0.332118 0.852971 0.137015 0.0907257 0.971209
0 0.69754 0.856997 0.193336 0.0943459 0.970902
8 0.233722 0.244685 0.0925996 0.0916471 0.97076
8 0.859595 0.650344 0.0968182 0.0953062 0.966709
14 0.466062 0.981296 0.0445471 0.0374079 0.965563
22 0.0377385 0.650406 0.0753234 0.0907588 0.964087
0 0.345317 0.448916 0.133248 0.0925461 0.962633
5 0.0729031 0.0472239 0.0840072 0.0920692 0.961883
13 0.246295 0.0503902 0.046247 0.10078 0.960489
6 0.684553 0.243816 0.0991402 0.0949802 0.954083
23 0.528643 0.0456334 0.0752761 0.0908023 0.949556
5 0.899254 0.852211 0.0856162 0.0938377 0.945745
6 0.463076 0.246795 0.143958 0.0955201 0.94359
6 0.988831 0.253764 0.0223386 0.0888715 0.937112
5 0.91907 0.451838 0.0866215 0.091801 0.933262
2 0.600386 0.0448423 0.0681185 0.0885213 0.932329
18 0.582915 0.433998 0.130718 0.122401 0.917093
9 0.974165 0.843667 0.0516697 0.113093 0.913753
14 0.758819 0.981818 0.0369973 0.0363632 0.898399
14 0.150075 0.978675 0.0461899 0.0426508 0.865345
4 0.320086 0.0463561 0.102127 0.0927122 0.833929
11 0.621053 0.981144 0.0605401 0.0377114 0.833603
6 0.331508 0.65481 0.0835484 0.0903903 0.83306
12 0.468008 0.825356 0.124316 0.137084 0.785243
6 0.16061 0.845749 0.0351558 0.0893724 0.733483
2 0.20758 0.64754 0.0659176 0.096253 0.680101
19 0.0142417 0.0474014 0.0283402 0.0935968 0.677651
13 0.116551 0.427356 0.0438446 0.135896 0.670606
13 0.708768 0.982621 0.0489156 0.0343008 0.641733
22 0.758549 0.649845 0.0891469 0.0924797 0.626703
19 0.340479 0.980916 0.0792874 0.0381685 0.575562
13 0.811017 0.979844 0.0337546 0.0396458 0.530855
