11 0.0510424 0.562787 0.0403115 0.059315 0.985363
2 0.0500664 0.838738 0.0291806 0.0402722 0.978801
18 0.188569 0.398658 0.0438174 0.0568526 0.97694
2 0.113378 0.930229 0.0332033 0.0422416 0.975126
1 0.0791196 0.325501 0.0407183 0.0605872 0.974686
11 0.166054 0.653888 0.0392988 0.0607443 0.974247
7 0.134448 0.0579225 0.0723821 0.0587308 0.96581
18 0.0863526 0.74238 0.0408535 0.0557945 0.964782
18 0.243275 0.130287 0.0479215 0.0640049 0.963987
4 0.252237 0.921171 0.0284721 0.0473354 0.963511
1 0.110106 0.850561 0.0406918 0.0609117 0.960023
13 0.0550161 0.737301 0.0199016 0.0696883 0.957565
0 0.072376 0.402294 0.0607125 0.041146 0.956584
22 0.244719 0.48965 0.0423028 0.0422889 0.955499
21 0.0360667 0.146781 0.0619051 0.059445 0.952119
0 0.102109 0.219444 0.0830799 0.0619937 0.948703
23 0.148621 0.140051 0.0373869 0.0421709 0.946494
18 0.239119 0.316559 0.0417726 0.0527938 0.945043
5 0.199831 0.3183 0.0328217 0.0422553 0.944047
2 0.0164774 0.401728 0.0329548 0.0417628 0.94301
13 0.211642 0.479751 0.021991 0.0680805 0.940779
5 0.106637 0.4887 0.0358386 0.0417747 0.939423
6 0.124427 0.31854 0.0387052 0.0406086 0.939406
9 0.252945 0.665142 0.0423174 0.0452983 0.935105
4 0.0191983 0.311123 0.033182 0.0513575 0.933486
2 0.0709104 0.0469055 0.0347047 0.0421397 0.931355
11 0.204973 0.569014 0.0532696 0.0602267 0.924813
2 0.125418 0.752363 0.0319175 0.0417113 0.917813
0 0.13685 0.577472 0.0754798 0.0426834 0.915752
13 0.125839 0.65261 0.0388272 0.0650465 0.91113
9 0.248351 0.046079 0.0419835 0.0480048 0.909119
22 0.162869 0.752022 0.039176 0.0402212 0.889748
2 0.0102127 0.0471107 0.0204253 0.0525771 0.888034
2 0.0095262 0.659835 0.018911 0.0466635 0.875236
6 0.214827 0.93063 0.0417136 0.0423255 0.874367
24 0.041849 0.235437 0.0301718 0.0505255 0.869306
5 0.197119 0.141232 0.0399829 0.045064 0.867414
2 0.211962 0.0470521 0.0284576 0.0432638 0.861752
27 0.250845 0.580916 0.0286232 0.0621209 0.861053
2 0.130595 0.40492 0.050333 0.0392704 0.830734
13 0.185485 0.825846 0.0237796 0.0715075 0.784125
13 0.152622 0.216752 0.0208623 0.0640216 0.784119
2 0.232918 0.750797 0.0761877 0.049538 0.766314
6 0.208597 0.664366 0.0400508 0.0423477 0.7163
22 0.083964 0.662723 0.0381241 0.0429597 0.703875
6 0.154649 0.838953 0.0433617 0.0432541 0.660273
2 0.00865742 0.482985 0.0171824 0.0375741 0.636885
14 0.0864791 0.564247 0.0208312 0.0597914 0.617511
7 0.0119548 0.231463 0.0238103 0.0600263 0.596362
6 0.0989933 0.137778 0.0614997 0.0465307 0.534413
2 0.19339 0.229664 0.0573906 0.0404965 0.533153
11 0.0572278 0.476723 0.0614645 0.0621597 0.529158
