7 0.898938 0.899599 0.0621196 0.0641389 0.993892
18 0.100963 0.16398 0.0409921 0.0567529 0.986029
6 0.138379 0.0822897 0.0412325 0.0427519 0.985561
21 0.38172 0.535106 0.0407292 0.0578747 0.98351
11 0.168039 0.251007 0.0428919 0.0620628 0.982403
6 0.168914 0.97282 0.0417415 0.0427972 0.979168
2 0.834832 0.712268 0.0314242 0.0430992 0.977361
2 0.374863 0.974351 0.0272565 0.0412433 0.976952
2 0.863483 0.180288 0.0333604 0.0421613 0.976003
2 0.140287 0.174066 0.0287824 0.0410582 0.97384
2 0.73559 0.0868254 0.0322468 0.0423211 0.972249
2 0.800345 0.0888344 0.0296822 0.0398601 0.971698
2 0.614347 0.352469 0.0315254 0.0424553 0.969957
5 0.608823 0.799091 0.0380404 0.0433453 0.968926
18 0.291002 0.784119 0.0401869 0.0548046 0.967246
21 0.917322 0.632053 0.0437273 0.0563368 0.965922
18 0.383788 0.696434 0.0380367 0.0555596 0.963825
1 0.0316155 0.269559 0.0431721 0.0613834 0.963591
7 0.834355 0.452603 0.0454795 0.0561799 0.963509
5 0.178501 0.616393 0.0356626 0.0429953 0.963187
2 0.694213 0.888944 0.0321875 0.0440474 0.96225
1 0.860195 0.100676 0.0407298 0.0609444 0.962181
9 0.209932 0.971455 0.039207 0.044385 0.961846
2 0.8442 0.887586 0.0335805 0.0404032 0.961429
2 0.783311 0.887416 0.0285518 0.0438479 0.961325
22 0.247561 0.792663 0.0397242 0.040628 0.961102
1 0.0234425 0.972195 0.0382242 0.0556099 0.960106
7 0.691946 0.719139 0.0479403 0.060959 0.959156
0 0.0358737 0.706104 0.0657563 0.0455296 0.958625
22 0.694653 0.52893 0.0392767 0.0405674 0.958098
4 0.925209 0.267548 0.0315118 0.0464944 0.957578
10 0.341104 0.695259 0.0433055 0.0659695 0.956636
6 0.430315 0.706605 0.0421877 0.0426812 0.956089
5 0.517544 0.706628 0.0376921 0.0427654 0.955732
0 0.483779 0.261906 0.0581771 0.0388926 0.952304
22 0.443876 0.884755 0.0371884 0.0398277 0.952218
13 0.0936432 0.95962 0.0215921 0.0682507 0.952147
5 0.845395 0.26808 0.038012 0.0434321 0.95041
22 0.302843 0.17315 0.0365357 0.042554 0.950149
8 0.348987 0.884607 0.0450174 0.0433617 0.949951
7 0.251755 0.447823 0.0439587 0.0592895 0.946674
14 0.566125 0.605493 0.021337 0.0628715 0.945343
0 0.501288 0.0835692 0.0643841 0.0431897 0.94381
5 0.755513 0.709685 0.0394571 0.04491 0.943736
13 0.505961 0.514441 0.019151 0.0646698 0.943452
22 0.217667 0.167668 0.0378293 0.0411484 0.943092
6 0.536318 0.797723 0.0417435 0.0456603 0.943065
5 0.305784 0.8845 0.0400715 0.0402884 0.943037
4 0.891441 0.799848 0.0248663 0.0431859 0.942753
7 0.687317 0.274843 0.0435586 0.0584954 0.942401
13 0.509693 0.160565 0.0260215 0.0749703 0.9423
8 0.610799 0.884812 0.0430779 0.0461508 0.941737
1 0.0933132 0.0903447 0.0427389 0.0603413 0.941147
6 0.965045 0.180135 0.0417193 0.0426644 0.940096
9 0.780108 0.439531 0.0410194 0.0427285 0.940042
8 0.345343 0.174649 0.043265 0.0452103 0.939974
11 0.476126 0.164149 0.0395215 0.0615219 0.939836
2 0.152655 0.881233 0.0316263 0.0431969 0.939331
6 0.855522 0.802022 0.0419755 0.0428302 0.939189
5 0.118028 0.260999 0.0388826 0.042584 0.93863
5 0.249873 0.0824123 0.039118 0.0412122 0.937799
2 0.385475 0.174584 0.0326416 0.0448474 0.937663
8 0.191743 0.526126 0.0420299 0.0428438 0.937201
8 0.292513 0.0835714 0.0424954 0.0430313 0.936782
18 0.693299 0.43338 0.040812 0.0548024 0.936183
2 0.593699 0.527236 0.0319483 0.0408094 0.934974
0 0.300239 0.352047 0.0617927 0.0434466 0.933763
0 0.729975 0.175579 0.062757 0.0418283 0.93347
13 0.989581 0.348854 0.0208385 0.0672084 0.933217
6 0.0750823 0.260839 0.0395383 0.0413009 0.932628
1 0.0960533 0.717123 0.0428568 0.0631294 0.932067
2 0.449377 0.797337 0.0360024 0.0434198 0.931152
13 0.325961 0.784624 0.021856 0.0663123 0.93083
8 0.650063 0.439526 0.0394418 0.0405204 0.930323
2 0.252767 0.348173 0.0299341 0.0418926 0.930262
6 0.429668 0.260179 0.0405545 0.0425066 0.929248
0 0.131383 0.438153 0.0638713 0.0430393 0.929022
23 0.727933 0.88855 0.0326645 0.0434198 0.928627
18 0.40775 0.785859 0.0439055 0.0575284 0.928534
14 0.779297 0.344278 0.0218508 0.0615803 0.928516
18 0.15164 0.341313 0.0404327 0.0577633 0.928253
7 0.768472 0.978574 0.0461617 0.0423853 0.925386
5 0.989947 0.444726 0.0201069 0.043927 0.925025
14 0.795294 0.608405 0.0213504 0.063482 0.923463
2 0.594138 0.61712 0.0327661 0.0460392 0.922906
9 0.889289 0.531677 0.0385799 0.0423973 0.922859
2 0.903476 0.446901 0.0291793 0.0405775 0.921933
6 0.848309 0.533054 0.0394926 0.0416515 0.921868
0 0.970721 0.617089 0.0584049 0.0508587 0.921759
5 0.0121536 0.083625 0.0242826 0.0440037 0.920669
13 0.932163 0.522998 0.0200777 0.0638187 0.918049
7 0.48912 0.803707 0.0430635 0.0596392 0.91793
22 0.0666727 0.525935 0.0346334 0.0419165 0.915258
0 0.316167 0.614261 0.0827151 0.0528998 0.913687
6 0.447977 0.0832994 0.0391486 0.0430171 0.912878
6 0.17753 0.172095 0.040121 0.0433663 0.911639
22 0.839893 0.97968 0.0395192 0.0398245 0.91057
6 0.65377 0.888457 0.0422881 0.0421327 0.910387
0 0.911102 0.980467 0.0788686 0.0389423 0.910136
0 0.636741 0.70714 0.0628624 0.0440112 0.90737
5 0.608886 0.438775 0.0396165 0.0420938 0.906416
9 0.56243 0.350942 0.0413203 0.0460081 0.906347
5 0.448133 0.975389 0.0380991 0.0423169 0.906232
0 0.230203 0.615979 0.0614498 0.0428779 0.905607
0 0.129581 0.525622 0.0824158 0.0460639 0.905518
14 0.725864 0.967862 0.0211194 0.0622797 0.903668
2 0.587398 0.705198 0.0336689 0.0465965 0.903071
6 0.112546 0.881451 0.0411899 0.0422363 0.902576
21 0.675503 0.186734 0.0387275 0.0610646 0.902485
4 0.705846 0.0814291 0.0290511 0.0475761 0.90237
18 0.80597 0.521885 0.0441275 0.0584861 0.900222
14 0.349561 0.962093 0.0211636 0.0638202 0.899417
5 0.271419 0.706006 0.0670924 0.0422297 0.899207
5 0.210469 0.262394 0.0344532 0.0395749 0.898062
8 0.0258535 0.530219 0.0413188 0.0453414 0.897687
8 0.911951 0.711026 0.0396955 0.043047 0.896851
5 0.390334 0.615378 0.0657246 0.043366 0.896137
6 0.408837 0.971608 0.038583 0.04444 0.895923
2 0.640233 0.085013 0.0304413 0.0481776 0.89582
22 0.385945 0.0842608 0.0371525 0.0439493 0.895306
13 0.0434988 0.781504 0.0203906 0.0628406 0.89512
18 0.795775 0.701871 0.0373603 0.0551471 0.892609
13 0.569745 0.967783 0.0256753 0.0635669 0.890362
27 0.130925 0.717216 0.0236292 0.0606983 0.889929
11 0.316814 0.962876 0.0409684 0.0628771 0.889913
2 0.0740348 0.795532 0.0371546 0.0448645 0.889707
13 0.468466 0.600403 0.0221806 0.0721335 0.888293
6 0.601471 0.0841791 0.0384514 0.0447343 0.884407
0 0.376402 0.264766 0.061798 0.0425051 0.883012
23 0.0168072 0.794143 0.0330716 0.0397218 0.882456
8 0.958178 0.895148 0.0438437 0.044529 0.882262
7 0.25218 0.272974 0.0434272 0.0587818 0.880986
13 0.119407 0.6087 0.0197831 0.0636072 0.880823
9 0.533473 0.525013 0.0376956 0.0432813 0.880422
8 0.62943 0.17444 0.0441806 0.0439325 0.879333
6 0.886892 0.26981 0.0425453 0.0414018 0.879273
0 0.194284 0.707231 0.081613 0.0440578 0.878944
0 0.199616 0.881146 0.0616548 0.0430875 0.876593
1 0.0714323 0.889462 0.0404964 0.0560839 0.876553
0 0.204898 0.346329 0.0606327 0.0508537 0.875302
9 0.947763 0.359712 0.0396492 0.0446165 0.875152
2 0.959634 0.802981 0.0305228 0.0473006 0.874303
0 0.974621 0.258419 0.050759 0.0655579 0.872386
10 0.564937 0.696609 0.0337636 0.0655792 0.870128
18 0.954132 0.705239 0.0402312 0.056076 0.865179
0 0.285193 0.518048 0.0613185 0.0641563 0.864305
0 0.380941 0.436622 0.0857659 0.0442306 0.864139
8 0.488862 0.977237 0.0425231 0.0413632 0.863883
2 0.229613 0.527661 0.0301505 0.0401661 0.861685
13 0.0605101 0.071348 0.0208232 0.0653969 0.860047
2 0.179227 0.0715842 0.0352433 0.0646057 0.858638
2 0.827211 0.60986 0.0361996 0.0641017 0.85818
9 0.649936 0.352576 0.038306 0.0429194 0.854278
11 0.126482 0.962731 0.0405215 0.0664017 0.852731
4 0.928691 0.79927 0.0301414 0.0483218 0.851595
9 0.632193 0.616499 0.0426871 0.0452707 0.833646
14 0.048627 0.337957 0.0220034 0.0679667 0.808475
22 0.53283 0.615448 0.0395293 0.0443919 0.799443
9 0.714638 0.796838 0.0420561 0.0483997 0.79816
13 0.0379418 0.869169 0.0232015 0.0651364 0.797792
4 0.574289 0.793018 0.0297284 0.0554391 0.797108
0 0.436168 0.521561 0.0630252 0.0540727 0.782646
2 0.637972 0.263429 0.0547922 0.0434249 0.779179
14 0.0373487 0.0722981 0.0218278 0.0633929 0.773526
2 0.357384 0.795635 0.0367931 0.0405555 0.768142
18 0.534301 0.967009 0.0458119 0.0612402 0.753535
6 0.872442 0.71091 0.0397406 0.0437231 0.7399
13 0.220645 0.6945 0.0303051 0.0659025 0.730342
16 0.0860827 0.618532 0.0424241 0.0435569 0.72729
6 0.0776992 0.437127 0.0404731 0.0482982 0.706861
10 0.339888 0.514096 0.0407761 0.0654483 0.701669
22 0.912711 0.0103554 0.038505 0.0207107 0.675038
13 0.934418 0.0785018 0.0255848 0.0662253 0.668745
22 0.556908 0.886572 0.0625348 0.0421121 0.664941
4 0.145901 0.612753 0.030258 0.050885 0.664566
23 0.441022 0.615879 0.0310644 0.0422776 0.660892
46 0.73263 0.354296 0.0666893 0.0400251 0.64441
6 0.737163 0.435784 0.0411 0.0530595 0.643218
23 0.673288 0.0846018 0.0332308 0.046261 0.640066
14 0.28547 0.424818 0.0175594 0.062063 0.639116
10 0.278914 0.874148 0.0374249 0.0653615 0.636736
13 0.456664 0.499664 0.022157 0.0339678 0.633331
22 0.750378 0.61865 0.0610747 0.0429074 0.631699
7 0.975493 0.976964 0.0490133 0.0447417 0.628683
5 0.327059 0.00780506 0.040082 0.0155588 0.618081
5 0.050185 0.162474 0.0432319 0.0589716 0.606646
6 0.661988 0.795223 0.0615531 0.0501378 0.605891
13 0.881886 0.970124 0.0255187 0.059751 0.590435
6 0.911786 0.0887523 0.0577624 0.0434718 0.567442
22 0.835649 0.00990922 0.0398164 0.0198184 0.560345
14 0.0168975 0.870812 0.0208698 0.0651512 0.550936
6 0.510136 0.349842 0.0598993 0.0438033 0.55028
10 0.605873 0.250638 0.0382926 0.0639809 0.544737
2 0.567264 0.528183 0.0155194 0.0248566 0.523803
14 0.952812 0.524584 0.017977 0.0612092 0.51991
