24 0.61752 0.213957 0.0862279 0.127531 0.996803
0 0.666117 0.0202911 0.133529 0.0405822 0.981073
13 0.059944 0.172652 0.0466252 0.149308 0.978784
5 0.228131 0.197582 0.0907071 0.0951968 0.97569
2 0.781964 0.0197118 0.0817169 0.0394236 0.973781
4 0.121136 0.170523 0.0741505 0.145683 0.971846
2 0.428093 0.0209524 0.0695601 0.0419047 0.971649
6 0.554316 0.0218976 0.0812936 0.0437953 0.969165
5 0.256975 0.0183484 0.0923143 0.0366968 0.965728
23 0.31425 0.197092 0.0774907 0.0978203 0.960272
14 0.0175929 0.171631 0.0351858 0.140849 0.928086
18 0.749736 0.181208 0.138446 0.125678 0.827628
13 0.8284 0.984561 0.0341017 0.0308785 0.821336
4 0.395983 0.186303 0.0953919 0.10695 0.797186
4 0.172637 0.0237136 0.0756878 0.0474272 0.710153
13 0.484606 0.022437 0.0349538 0.0448741 0.615781
