11 0.639432 0.173698 0.0878316 0.135049 0.994371
1 0.0391911 0.217417 0.0783821 0.137924 0.990998
0 0.236846 0.196493 0.140661 0.0993898 0.988714
27 0.109994 0.21747 0.0576476 0.136454 0.987843
5 0.966618 0.196762 0.0667641 0.0946501 0.980508
13 0.809913 0.173007 0.0467725 0.149257 0.977298
2 0.349748 0.196364 0.0695454 0.0965647 0.974948
14 0.760321 0.172223 0.0498141 0.140376 0.971625
13 0.712314 0.172061 0.0459869 0.149137 0.968881
4 0.871104 0.170641 0.0742074 0.145885 0.967617
5 0.543369 0.197424 0.0903121 0.0969054 0.965147
2 0.538686 0.020205 0.0722121 0.0404099 0.953306
2 0.148674 0.0226127 0.0727583 0.0452253 0.94535
6 0.0596424 0.020969 0.0840331 0.041938 0.903377
5 0.264 0.0212137 0.1459 0.0424273 0.766579
4 0.922356 0.023718 0.0752304 0.0474361 0.683339
8 0.638559 0.019227 0.115055 0.0384539 0.651225
14 0.72028 0.0174634 0.0383031 0.0349268 0.624106
6 0.471753 0.021569 0.0612792 0.0428783 0.621759
13 0.698975 0.984821 0.0375007 0.0303588 0.580163
