2 0.359987 0.438247 0.0341855 0.0427587 0.983727
2 0.910393 0.68645 0.0332258 0.0444353 0.979292
11 0.787344 0.681652 0.0366161 0.0645287 0.978728
2 0.519257 0.773758 0.0334214 0.0461581 0.978542
2 0.653034 0.936751 0.0258651 0.0384724 0.977704
2 0.721082 0.270575 0.0317506 0.0461828 0.976069
5 0.453173 0.857444 0.0337024 0.0362365 0.975217
2 0.357046 0.520904 0.0327756 0.0439414 0.975082
0 0.633932 0.0214558 0.0629787 0.0426251 0.973639
21 0.952846 0.533868 0.0374486 0.0557039 0.973125
2 0.794773 0.771445 0.0304735 0.0395057 0.969313
11 0.697851 0.428839 0.0357177 0.0647568 0.963083
2 0.472828 0.773691 0.0331874 0.0459728 0.961171
0 0.380406 0.0225501 0.0825707 0.0443312 0.960851
1 0.71682 0.780243 0.041338 0.0642295 0.959892
12 0.783379 0.937458 0.0338808 0.079639 0.95907
7 0.903761 0.861065 0.0402012 0.0567256 0.95791
5 0.832461 0.437986 0.0389621 0.0427313 0.957497
2 0.591306 0.774294 0.0277076 0.0446522 0.957034
6 0.361098 0.77397 0.041842 0.0438366 0.955733
6 0.808933 0.105126 0.0592103 0.0397983 0.953751
5 0.357644 0.275247 0.0390394 0.0432546 0.950984
7 0.370798 0.366987 0.066996 0.0630127 0.950659
8 0.513447 0.691507 0.0383331 0.0405991 0.950146
0 0.974298 0.605659 0.051403 0.0413589 0.949794
13 0.702988 0.678175 0.0219434 0.0651555 0.945342
6 0.530645 0.524793 0.0399849 0.039139 0.944048
4 0.847775 0.263262 0.0328621 0.0516 0.94296
8 0.7861 0.186958 0.038527 0.0396647 0.942821
5 0.606328 0.85429 0.0393356 0.0416443 0.942652
5 0.897141 0.0201934 0.0398924 0.0403868 0.941934
10 0.421761 0.845702 0.0457307 0.0620055 0.940224
2 0.396644 0.772355 0.0272359 0.0436642 0.937959
6 0.616867 0.935895 0.0427254 0.0384142 0.936514
0 0.53487 0.355503 0.060816 0.043718 0.936276
9 0.591186 0.271811 0.0350213 0.0430367 0.936195
4 0.681996 0.0212885 0.0337324 0.0424488 0.933035
5 0.555533 0.273351 0.0349164 0.0395355 0.931814
0 0.459488 0.262836 0.0819182 0.0688165 0.929135
0 0.94776 0.0205189 0.058105 0.0410379 0.927312
13 0.448675 0.176578 0.0205618 0.0663204 0.926636
6 0.740038 0.440105 0.0406379 0.040634 0.925619
22 0.585813 0.356158 0.0345871 0.0415201 0.925329
8 0.810194 0.270912 0.0419834 0.0436226 0.925276
6 0.672347 0.605871 0.0633185 0.040432 0.920207
22 0.540806 0.855967 0.0355618 0.0399783 0.918077
18 0.396964 0.269578 0.0401533 0.0522466 0.917156
0 0.508499 0.937802 0.0580497 0.040553 0.915098
9 0.477154 0.187484 0.0364413 0.0445766 0.914589
5 0.941079 0.931946 0.0432746 0.0418208 0.911439
4 0.857259 0.846165 0.0324804 0.0494008 0.908427
22 0.390393 0.522294 0.0314965 0.0383248 0.907243
4 0.665637 0.767045 0.0332471 0.0534317 0.907143
14 0.693322 0.258464 0.0208149 0.0634677 0.905943
12 0.72856 0.030281 0.0341598 0.0605619 0.904308
6 0.758772 0.775854 0.0390244 0.0427349 0.903674
0 0.892884 0.770409 0.0593579 0.0424001 0.899291
0 0.883417 0.344297 0.0577459 0.060665 0.895964
9 0.815047 0.353811 0.0366418 0.0427101 0.893536
0 0.557734 0.10181 0.0605766 0.050384 0.893028
5 0.914465 0.521841 0.0392618 0.0459745 0.892168
1 0.57258 0.944005 0.0410227 0.0656624 0.888034
6 0.360862 0.10527 0.042344 0.0480037 0.8863
8 0.708252 0.352754 0.0409759 0.047132 0.88527
23 0.881938 0.186412 0.0328629 0.0424622 0.885053
2 0.815972 0.932364 0.0293301 0.0427893 0.879758
10 0.593144 0.177908 0.0269203 0.0659086 0.874532
46 0.845578 0.604439 0.0641869 0.0399972 0.874201
0 0.667899 0.855432 0.0823575 0.0413454 0.865327
6 0.949547 0.269049 0.0412964 0.0403286 0.863812
5 0.827792 0.678366 0.0395926 0.0634167 0.853098
13 0.370371 0.927005 0.0215753 0.0677071 0.851461
23 0.484162 0.856449 0.0288412 0.0395769 0.851279
13 0.961853 0.342258 0.023188 0.0634549 0.844783
6 0.43703 0.607186 0.0384926 0.0385447 0.843121
23 0.750547 0.521112 0.0355821 0.0404687 0.842646
13 0.51161 0.845762 0.0221866 0.0602727 0.838021
5 0.869309 0.102191 0.0572855 0.045489 0.837428
18 0.931794 0.348191 0.036887 0.0527565 0.834606
14 0.843029 0.923532 0.0201755 0.0634983 0.834179
1 0.486772 0.529762 0.0417368 0.0624955 0.833957
2 0.61355 0.188776 0.0275552 0.0434886 0.823544
8 0.629186 0.774914 0.0431304 0.0437732 0.808031
14 0.850845 0.509534 0.017446 0.0629909 0.80731
5 0.68609 0.189719 0.052326 0.0422527 0.805491
5 0.81234 0.521305 0.0633845 0.046083 0.803919
13 0.872862 0.507157 0.0244532 0.0663442 0.801995
18 0.65306 0.265641 0.0569155 0.0589223 0.801361
2 0.396852 0.937318 0.0288022 0.0403001 0.799366
6 0.560929 0.440592 0.0569725 0.0417153 0.78196
5 0.693008 0.102149 0.0608307 0.0463085 0.771901
8 0.907465 0.270907 0.0379157 0.0398743 0.749474
24 0.546981 0.199127 0.0644407 0.0596794 0.735814
0 0.886585 0.931849 0.0653536 0.0395596 0.735364
8 0.871543 0.436597 0.0416622 0.0445755 0.734478
2 0.642661 0.18831 0.030206 0.0425136 0.73138
13 0.78605 0.347115 0.0213833 0.0621808 0.730555
2 0.90987 0.602878 0.0534627 0.0404778 0.72875
22 0.474227 0.690271 0.0325833 0.0429163 0.727707
9 0.780666 0.441292 0.0357167 0.0468876 0.692809
21 0.985651 0.520808 0.0286974 0.0435902 0.685005
2 0.401769 0.104582 0.03494 0.0433094 0.672828
2 0.7676 0.0205913 0.0308748 0.0402989 0.669591
18 0.589805 0.517198 0.03759 0.054119 0.667699
4 0.863788 0.681849 0.03249 0.0505388 0.663769
13 0.695055 0.591861 0.0250111 0.0668209 0.658924
23 0.365917 0.68939 0.055953 0.0428779 0.657127
2 0.367331 0.854375 0.0609992 0.0427312 0.652514
14 0.974137 0.173321 0.0186461 0.063821 0.650345
4 0.608852 0.683796 0.042372 0.0519756 0.64353
35 0.936458 0.185637 0.0541565 0.0854974 0.642261
12 0.665325 0.682781 0.0478792 0.0630356 0.63415
4 0.980527 0.0969298 0.0367154 0.0557571 0.631294
10 0.414443 0.679086 0.0359297 0.0690372 0.618142
6 0.485808 0.103439 0.0590491 0.0470948 0.615326
4 0.66 0.430238 0.0312471 0.0647387 0.603398
6 0.654024 0.355044 0.0665419 0.0416566 0.594317
0 0.446341 0.937257 0.0648848 0.0418003 0.587028
13 0.488247 0.595433 0.0245414 0.0635962 0.566597
18 0.741516 0.685428 0.0520711 0.0525007 0.549361
6 0.960038 0.437034 0.0541663 0.0406396 0.546008
24 0.50565 0.987492 0.0573669 0.0231414 0.541946
8 0.779427 0.596044 0.0452914 0.0614523 0.534387
14 0.347563 0.928969 0.0250965 0.0648187 0.532504
16 0.840758 0.771523 0.0398374 0.0425694 0.528799
0 0.95678 0.679195 0.0599396 0.0618874 0.526421
4 0.72355 0.851824 0.0261598 0.0449729 0.521964
16 0.73505 0.602671 0.0378973 0.0462068 0.509838
