21 0.596191 0.456543 0.0957031 0.130859 0.996582
2 0.585449 0.831055 0.0722656 0.103516 0.991211
2 0.913086 0.639648 0.0673828 0.0898438 0.988281
38 0.386963 0.808594 0.123535 0.160156 0.983398
8 0.693848 0.432617 0.0947266 0.0976562 0.980469
6 0.494141 0.829102 0.0869141 0.0898438 0.978027
0 0.850586 0.23938 0.140625 0.0915527 0.977539
0 0.381592 0.242432 0.133301 0.0922852 0.976562
4 0.365723 0.616211 0.0683594 0.115234 0.97168
4 0.894043 0.983398 0.0703125 0.0332031 0.966309
22 0.82373 0.0422974 0.0869141 0.0845947 0.96582
6 0.792969 0.435059 0.09375 0.0957031 0.947266
11 0.759277 0.970703 0.0791016 0.0585938 0.945801
2 0.963867 0.23645 0.0722656 0.0891113 0.942383
6 0.801758 0.633789 0.09375 0.09375 0.924805
13 0.827148 0.969727 0.0429688 0.0605469 0.919434
2 0.675781 0.991211 0.0683594 0.0175781 0.878906
11 0.579102 0.609375 0.146484 0.142578 0.876465
22 0.601074 0.231567 0.078125 0.0925293 0.871582
8 0.580078 0.990234 0.0849609 0.0195312 0.85791
2 0.976562 0.634766 0.046875 0.09375 0.851074
6 0.984863 0.833984 0.0302734 0.0898438 0.839844
8 0.94043 0.411133 0.0927734 0.140137 0.813965
27 0.525879 0.0397034 0.0664062 0.0792847 0.795898
13 0.680664 0.0422058 0.0078125 0.0829468 0.78125
10 0.498535 0.207275 0.0839844 0.143066 0.770508
10 0.688477 0.807617 0.0917969 0.138672 0.750488
5 0.489014 0.989258 0.0795898 0.0214844 0.637207
6 0.73584 0.238525 0.0859375 0.0908203 0.581543
