1 0.806641 0.277344 0.0898438 0.135254 0.996582
1 0.92041 0.475586 0.0869141 0.132812 0.995605
1 0.640625 0.883789 0.0898438 0.134766 0.994141
16 0.253967 0.860352 0.102417 0.0917969 0.986328
4 0.53418 0.856934 0.0703125 0.114258 0.98291
8 0.0878296 0.861816 0.0970459 0.0917969 0.982422
19 0.876465 0.0567017 0.0683594 0.0910645 0.980957
9 0.29541 0.256287 0.0913086 0.100708 0.979004
5 0.626953 0.657227 0.0917969 0.09375 0.978027
6 0.199219 0.257324 0.0952148 0.0878906 0.97168
9 0.884766 0.849609 0.0898438 0.0966797 0.969238
5 0.981445 0.250488 0.0371094 0.097168 0.962402
4 0.756348 0.648438 0.0712891 0.104492 0.960449
2 0.0180969 0.859863 0.0361938 0.0878906 0.960449
6 0.908203 0.254639 0.0966797 0.0893555 0.958984
13 0.162109 0.839355 0.0463867 0.137695 0.958008
23 0.578125 0.456543 0.0742188 0.0888672 0.956055
13 0.695801 0.632812 0.0449219 0.138672 0.955566
28 0.90918 0.65625 0.109375 0.199219 0.953125
18 0.428711 0.849609 0.133789 0.123047 0.950195
2 0.65332 0.455566 0.0761719 0.0957031 0.946777
6 0.984863 0.452148 0.0302734 0.0888672 0.946289
18 0.53125 0.245117 0.133789 0.120117 0.931152
13 0.333252 0.834961 0.0473633 0.144531 0.928711
13 0.322998 0.0536194 0.0483398 0.107239 0.915039
7 0.98291 0.678711 0.0341797 0.132812 0.910645
6 0.742188 0.0567017 0.15332 0.0932617 0.905273
6 0.786133 0.85791 0.0849609 0.0917969 0.872559
6 0.804688 0.45166 0.0878906 0.0947266 0.856934
7 0.12854 0.682617 0.1604 0.133789 0.848145
2 0.201416 0.0597229 0.078125 0.0925903 0.845703
19 0.266846 0.0563049 0.0605469 0.0988159 0.812988
5 0.0198975 0.660156 0.0396118 0.0878906 0.811523
23 0.95459 0.0537109 0.0908203 0.101318 0.773438
6 0.830078 0.453125 0.0390625 0.0917969 0.764648
10 0.40918 0.232666 0.0947266 0.144043 0.70752
24 0.0762939 0.484863 0.121826 0.142578 0.656738
18 0.959961 0.977539 0.0800781 0.0449219 0.600098
11 0.441895 0.983398 0.117188 0.0332031 0.588867
13 0.808105 0.834961 0.0498047 0.142578 0.575684
4 0.00827789 0.248901 0.0165558 0.125244 0.521484
