24 0.350098 0.267334 0.0405273 0.0615234 0.992188
24 0.630859 0.268066 0.0410156 0.0629883 0.989258
2 0.427246 0.0931396 0.0283203 0.0395508 0.98877
12 0.418945 0.855469 0.0332031 0.0800781 0.986816
12 0.202393 0.938477 0.0356445 0.0820312 0.984863
9 0.923828 0.0938721 0.0371094 0.0444336 0.981934
21 0.708984 0.612305 0.0429688 0.0605469 0.976074
6 0.370605 0.511719 0.0410156 0.0419922 0.973633
2 0.519043 0.853516 0.0322266 0.0449219 0.972168
5 0.729492 0.853516 0.0390625 0.0419922 0.971191
24 0.386719 0.183716 0.0390625 0.0627441 0.969238
2 0.0917969 0.680664 0.0333252 0.0478516 0.96875
14 0.557129 0.0820923 0.0166016 0.0605469 0.965332
7 0.315918 0.693359 0.059082 0.0625 0.964844
0 0.703613 0.346924 0.0800781 0.0424805 0.964355
24 0.525879 0.436768 0.0361328 0.0600586 0.964355
2 0.591797 0.768555 0.0332031 0.0458984 0.963379
24 0.666016 0.104736 0.0585938 0.0578613 0.958008
2 0.434082 0.681641 0.0322266 0.0458984 0.958008
18 0.042717 0.760742 0.0390778 0.0498047 0.95752
5 0.732422 0.769531 0.0361328 0.0449219 0.956055
24 0.807617 0.183838 0.0371094 0.0610352 0.954102
9 0.920898 0.515137 0.0390625 0.0478516 0.954102
2 0.600098 0.174805 0.0302734 0.0454102 0.953125
24 0.0891724 0.352295 0.0545654 0.0654297 0.952637
13 0.740234 0.586914 0.0205078 0.0625 0.951172
24 0.575684 0.692383 0.0673828 0.0664062 0.950195
6 0.804688 0.346191 0.0390625 0.0419922 0.947266
24 0.575195 0.608398 0.0439453 0.0644531 0.946289
7 0.77002 0.780273 0.0380859 0.0625 0.946289
0 0.418701 0.595703 0.0581055 0.0488281 0.945801
6 0.32959 0.0938721 0.0419922 0.039917 0.943359
6 0.460938 0.345703 0.0400391 0.0419922 0.94043
8 0.189453 0.510254 0.0424805 0.0458984 0.94043
2 0.0254822 0.936523 0.0339966 0.0458984 0.94043
24 0.35791 0.181519 0.0234375 0.0458984 0.939941
18 0.716309 0.423828 0.0566406 0.0585938 0.939941
7 0.687988 0.862305 0.0371094 0.0566406 0.938965
24 0.0441971 0.351807 0.0390472 0.0605469 0.938477
6 0.197998 0.0957642 0.0385742 0.041748 0.937012
6 0.0154877 0.600586 0.0307922 0.0449219 0.937012
7 0.407959 0.35083 0.0610352 0.0644531 0.936523
8 0.310059 0.342773 0.0429688 0.0483398 0.935547
24 0.0579834 0.947266 0.036499 0.0644531 0.93457
4 0.0180664 0.671875 0.0343018 0.0605469 0.933594
0 0.87793 0.170654 0.0820312 0.0632324 0.933105
7 0.106812 0.946289 0.0400391 0.0566406 0.932617
9 0.768555 0.598633 0.0351562 0.0429688 0.932129
11 0.126587 0.41626 0.0324707 0.0644531 0.931641
22 0.418945 0.769531 0.0351562 0.0429688 0.931641
5 0.886719 0.0974121 0.0371094 0.0415039 0.931152
2 0.824219 0.427246 0.0302734 0.0449219 0.931152
5 0.724609 0.683105 0.0371094 0.0400391 0.930664
0 0.333008 0.768555 0.0566406 0.0429688 0.930176
6 0.271484 0.514526 0.0380859 0.045166 0.927734
6 0.511719 0.257568 0.0390625 0.043457 0.927734
22 0.830078 0.852539 0.0351562 0.0429688 0.926758
5 0.863281 0.599121 0.0371094 0.0439453 0.925781
5 0.0836182 0.766113 0.0371094 0.0449219 0.925781
24 0.611816 0.437256 0.0644531 0.0625 0.925293
19 0.866211 0.851562 0.0292969 0.0449219 0.922852
6 0.107971 0.0938721 0.0579834 0.0422363 0.921387
9 0.410156 0.513794 0.0371094 0.0466309 0.920898
2 0.527832 0.172607 0.0292969 0.0454102 0.917969
5 0.0597839 0.0949097 0.0383911 0.0440674 0.91748
24 0.273438 0.608398 0.0375977 0.0625 0.91748
6 0.582031 0.94043 0.0390625 0.0429688 0.91748
12 0.807129 0.0956879 0.0341797 0.0796204 0.915039
7 0.764648 0.35498 0.0390625 0.0605469 0.913574
0 0.702148 0.0180664 0.0625 0.0361328 0.908691
6 0.0664673 0.174683 0.041748 0.041748 0.906738
14 0.157227 0.669922 0.0214844 0.0664062 0.906738
5 0.380371 0.770508 0.0375977 0.0429688 0.905762
8 0.157959 0.173096 0.0366211 0.0419922 0.903809
24 0.14624 0.860352 0.0400391 0.0644531 0.901855
13 0.247925 0.836914 0.0280762 0.0742188 0.900391
13 0.130371 0.0821533 0.0195312 0.0653076 0.898438
11 0.460205 0.757812 0.0371094 0.0664062 0.896973
24 0.562012 0.440186 0.0380859 0.0605469 0.896484
5 0.231567 0.510864 0.0393066 0.0446777 0.896484
22 0.701172 0.260498 0.0351562 0.043457 0.893066
5 0.771484 0.682617 0.0566406 0.0449219 0.892578
7 0.0601196 0.0272827 0.0687256 0.0545654 0.888672
24 0.584473 0.102356 0.0400391 0.0570068 0.888672
5 0.0317383 0.427734 0.0361328 0.0458984 0.88623
5 0.267334 0.939453 0.0385742 0.0449219 0.88623
6 0.292969 0.429443 0.0361328 0.0444336 0.885742
5 0.923828 0.261658 0.0410156 0.0469971 0.883301
5 0.869141 0.683594 0.0332031 0.0429688 0.883301
5 0.370117 0.94043 0.0332031 0.0429688 0.881836
8 0.878418 0.261169 0.0449219 0.0499268 0.876465
7 0.882812 0.0256958 0.0371094 0.0513916 0.875977
2 0.465332 0.59668 0.0322266 0.046875 0.875977
8 0.541992 0.939941 0.0429688 0.0458984 0.874023
0 0.340332 0.427246 0.0566406 0.0439453 0.872559
6 0.143555 0.59375 0.0441895 0.046875 0.870605
2 0.825195 0.935547 0.03125 0.0429688 0.869629
2 0.477051 0.256409 0.0268555 0.0447998 0.867188
22 0.491699 0.0943604 0.0322266 0.0380859 0.86084
8 0.858398 0.431885 0.0371094 0.0405273 0.85791
2 0.751465 0.0180206 0.03125 0.0360413 0.855957
4 0.764648 0.849609 0.0332031 0.0488281 0.854004
35 0.245117 0.256104 0.0576172 0.0820312 0.853027
24 0.853516 0.526367 0.0400391 0.0605469 0.853027
0 0.776855 0.429199 0.0595703 0.0439453 0.851074
6 0.407471 0.938965 0.0405273 0.0429688 0.850098
2 0.0132675 0.343262 0.0246735 0.0283203 0.84375
13 0.432129 0.246704 0.0205078 0.0661621 0.839844
8 0.462646 0.511719 0.0454102 0.0498047 0.837402
6 0.165894 0.426758 0.041748 0.0458984 0.835449
23 0.416504 0.428711 0.0322266 0.0419922 0.835449
14 0.703125 0.757812 0.0195312 0.0664062 0.834473
8 0.332031 0.938477 0.0405273 0.0429688 0.833496
5 0.499512 0.769531 0.0380859 0.0449219 0.829102
6 0.197998 0.174316 0.0400391 0.0415039 0.827637
6 0.519531 0.0162201 0.0419922 0.0324402 0.825684
29 0.760742 0.941406 0.0927734 0.0917969 0.824219
2 0.773438 0.175781 0.0332031 0.046875 0.818848
11 0.330078 0.5 0.0371094 0.0634766 0.817383
5 0.314453 0.257812 0.0341797 0.043457 0.810547
24 0.700195 0.52356 0.0410156 0.0661621 0.810547
24 0.217285 0.861816 0.0361328 0.0605469 0.808105
7 0.858398 0.949219 0.0361328 0.0634766 0.803223
22 0.0728912 0.850098 0.0348816 0.0429688 0.79834
8 0.830078 0.682617 0.0410156 0.0458984 0.792969
24 0.50293 0.437012 0.0419922 0.0537109 0.790527
24 0.649414 0.525513 0.0693359 0.0661621 0.786621
7 0.151489 0.026123 0.0427246 0.0522461 0.78418
14 0.453125 0.247437 0.0175781 0.0646973 0.782715
22 0.451172 0.427734 0.0341797 0.0419922 0.779785
13 0.793945 0.250488 0.0195312 0.0620117 0.777344
8 0.240601 0.0158997 0.036377 0.0317993 0.774414
8 0.824219 0.601562 0.0410156 0.046875 0.771973
13 0.133423 0.751465 0.0253906 0.0712891 0.771973
13 0.0983887 0.415039 0.0251465 0.0732422 0.770508
14 0.304199 0.586426 0.0205078 0.0673828 0.769043
13 0.13916 0.925781 0.0263672 0.0683594 0.762207
6 0.916992 0.674805 0.0605469 0.0664062 0.749023
13 0.0737305 0.598633 0.00891113 0.0449219 0.744629
24 0.620117 0.101929 0.0332031 0.0576172 0.743164
22 0.402832 0.25824 0.0341797 0.0440674 0.740234
8 0.5625 0.175171 0.0390625 0.0463867 0.737305
11 0.468262 0.927734 0.0361328 0.0644531 0.712402
13 0.52832 0.986816 0.015625 0.0263672 0.704102
13 0.234375 0.925293 0.0273438 0.0664062 0.702637
2 0.385254 0.427734 0.0292969 0.0429688 0.699219
14 0.893555 0.84082 0.0214844 0.0644531 0.699219
10 0.626953 0.586914 0.0371094 0.0693359 0.697754
22 0.847656 0.0915527 0.0332031 0.0402832 0.692871
2 0.893066 0.430664 0.0302734 0.0454102 0.692871
7 0.00968933 0.777344 0.0191956 0.0605469 0.684082
14 0.810547 0.505981 0.0175781 0.064209 0.682617
6 0.425781 0.0163727 0.0664062 0.0327454 0.673828
5 0.0723877 0.257324 0.0247803 0.0292969 0.673828
22 0.540039 0.511719 0.03125 0.0400391 0.666992
22 0.32666 0.173828 0.0322266 0.0419922 0.663574
13 0.302734 0.502075 0.0258789 0.0700684 0.662109
5 0.1875 0.679688 0.0419922 0.046875 0.662109
13 0.188232 0.754883 0.0205078 0.0673828 0.660156
13 0.0629272 0.988281 0.0180664 0.0234375 0.656738
6 0.283203 0.0158234 0.0429688 0.0315857 0.631836
2 0.887695 0.516602 0.0253906 0.0410156 0.631836
5 0.672852 0.769531 0.0351562 0.0410156 0.625977
6 0.504883 0.511719 0.0400391 0.0419922 0.616699
13 0.118774 0.244873 0.0217285 0.0761719 0.613281
24 0.180786 0.861816 0.0371094 0.0615234 0.607422
2 0.853516 0.0158691 0.0244141 0.0300903 0.605957
13 0.932617 0.168213 0.0253906 0.0664062 0.605957
11 0.79834 0.0169067 0.0595703 0.0338135 0.604004
4 0.263672 0.762695 0.059082 0.0527344 0.604004
24 0.117371 0.351562 0.038208 0.0639648 0.594727
10 0.861328 0.758789 0.0351562 0.0605469 0.565918
23 0.768555 0.26123 0.03125 0.0410156 0.562012
14 0.0985107 0.242065 0.0192871 0.0744629 0.550781
13 0.338623 0.981934 0.0200195 0.0351562 0.550781
14 0.481445 0.842773 0.0351562 0.0644531 0.544922
9 0.841797 0.346924 0.0351562 0.0449219 0.539062
13 0.439209 0.928711 0.0219727 0.0644531 0.535156
2 0.254944 0.685547 0.0379639 0.0488281 0.527344
12 0.428223 0.165771 0.0400391 0.0627441 0.523438
6 0.0376053 0.849121 0.0375824 0.0488281 0.521484
