1 0.522339 0.925293 0.092041 0.142578 0.99707
2 0.786621 0.699219 0.0732422 0.0966797 0.989258
12 0.55127 0.0836182 0.169922 0.155518 0.986816
2 0.874512 0.901367 0.0791016 0.102539 0.985352
8 0.882812 0.0994263 0.101562 0.10144 0.980469
22 0.695312 0.302734 0.0859375 0.090332 0.97998
2 0.969238 0.101318 0.0615234 0.0964355 0.979492
4 0.911621 0.496338 0.0712891 0.109863 0.979492
5 0.730469 0.897461 0.09375 0.0957031 0.976562
5 0.926758 0.699219 0.0898438 0.0976562 0.976074
0 0.736328 0.101685 0.193359 0.106689 0.976074
6 0.626953 0.900391 0.0996094 0.09375 0.970215
9 0.938477 0.294922 0.0917969 0.101074 0.969727
7 0.967773 0.925781 0.0644531 0.147461 0.964844
27 0.710938 0.701172 0.0585938 0.09375 0.958984
14 0.802734 0.876465 0.0507812 0.139648 0.953125
23 0.669922 0.502808 0.0859375 0.092041 0.938965
2 0.813477 0.299072 0.0742188 0.0961914 0.930664
6 0.98877 0.696777 0.0224609 0.0986328 0.882324
13 0.803223 0.0770264 0.0634766 0.145996 0.858887
8 0.983398 0.49707 0.0332031 0.0957031 0.507812
6 0.55188 0.509766 0.1521 0.0957031 0.505859
