1 0.0906372 0.788086 0.0943604 0.140625 0.995117
19 0.118286 0.957031 0.0612793 0.0859375 0.98877
0 0.381592 0.768555 0.137695 0.0996094 0.986816
23 0.751953 0.375488 0.0722656 0.0908203 0.984375
5 0.850586 0.176147 0.0859375 0.0974121 0.983887
4 0.824219 0.364746 0.0703125 0.113281 0.983887
0 0.24292 0.955078 0.137207 0.0898438 0.983887
18 0.945312 0.940918 0.0957031 0.118164 0.983398
9 0.74707 0.760742 0.0947266 0.100586 0.980957
6 0.843262 0.956543 0.0996094 0.0869141 0.97998
22 0.508789 0.957031 0.0908203 0.0859375 0.978516
6 0.943359 0.17688 0.0957031 0.0942383 0.978027
6 0.650391 0.763672 0.0957031 0.09375 0.977539
5 0.651367 0.958008 0.09375 0.0839844 0.977051
2 0.863281 0.763672 0.0761719 0.0996094 0.975098
14 0.84082 0.547363 0.046875 0.143555 0.971191
5 0.504028 0.764648 0.0935059 0.09375 0.970703
5 0.904297 0.373535 0.0878906 0.0957031 0.970215
13 0.888672 0.543945 0.0449219 0.147461 0.969727
5 0.360596 0.956055 0.0932617 0.0878906 0.966309
5 0.768066 0.568359 0.0947266 0.0976562 0.965332
13 0.770996 0.932129 0.0458984 0.135742 0.964355
2 0.655762 0.373047 0.124023 0.0947266 0.955078
22 0.036438 0.957031 0.0727539 0.0859375 0.953125
14 0.723633 0.933594 0.0507812 0.131836 0.952148
6 0.956055 0.569336 0.0878906 0.09375 0.951172
14 0.575684 0.742188 0.0488281 0.145508 0.950684
14 0.435059 0.934082 0.0498047 0.131836 0.950195
0 0.891602 0.014946 0.144531 0.029892 0.945801
2 0.0827637 0.56543 0.128906 0.0996094 0.931152
12 0.343262 0.352051 0.115723 0.139648 0.90918
7 0.0167236 0.0651245 0.0334473 0.130249 0.874023
6 0.221069 0.768555 0.153564 0.0976562 0.817383
14 0.991211 0.397217 0.0175781 0.141113 0.759277
23 0.444336 0.350586 0.0742188 0.136719 0.73877
8 0.638672 0.0143661 0.09375 0.0287323 0.658203
2 0.0087738 0.77002 0.0175476 0.0888672 0.609375
4 0.273193 0.555664 0.11084 0.114258 0.544922
6 0.539551 0.0123825 0.0869141 0.024765 0.541016
