19 0.403809 0.866211 0.0693359 0.0917969 0.996582
1 0.507324 0.890625 0.09375 0.140625 0.995117
19 0.293457 0.259827 0.0703125 0.0946045 0.992676
19 0.408936 0.263123 0.0693359 0.0958252 0.990234
18 0.118896 0.439453 0.118164 0.144531 0.984863
5 0.830078 0.671875 0.0976562 0.0957031 0.983398
4 0.9375 0.259338 0.0761719 0.125854 0.982422
23 0.481445 0.263184 0.0712891 0.0888672 0.982422
6 0.614258 0.872559 0.0976562 0.0947266 0.980469
18 0.646484 0.241211 0.109375 0.141602 0.979004
5 0.959961 0.673828 0.0800781 0.0957031 0.977051
12 0.215454 0.837891 0.112549 0.136719 0.977051
2 0.875977 0.468262 0.0751953 0.09375 0.976562
2 0.554688 0.26001 0.0742188 0.0996094 0.976074
2 0.708984 0.869141 0.0742188 0.0957031 0.976074
6 0.750977 0.268311 0.0957031 0.09375 0.973633
5 0.317139 0.859375 0.0854492 0.09375 0.972656
8 0.849609 0.262634 0.0976562 0.103638 0.969727
7 0.0252991 0.68457 0.050293 0.132812 0.901855
6 0.162567 0.669922 0.0923462 0.0878906 0.884766
12 0.162628 0.238892 0.164978 0.148682 0.877441
14 0.807617 0.451416 0.0488281 0.141113 0.869629
18 0.0663452 0.845703 0.13269 0.125 0.851074
11 0.366943 0.438477 0.149414 0.146484 0.84375
13 0.662598 0.439453 0.0527344 0.163086 0.834473
13 0.0341187 0.237305 0.0662842 0.150391 0.819824
6 0.629883 0.470459 0.0996094 0.0961914 0.769043
5 0.313965 0.660645 0.0996094 0.0927734 0.73877
11 0.0267181 0.616211 0.0534363 0.210938 0.713867
18 0.502441 0.987305 0.0908203 0.0253906 0.638672
4 0.958008 0.467285 0.0839844 0.0996094 0.613281
