18 0.790039 0.476807 0.109375 0.140137 0.993164
7 0.945801 0.325195 0.108398 0.130859 0.983887
1 0.826172 0.90332 0.0908203 0.128906 0.977539
0 0.682129 0.890137 0.139648 0.0927734 0.976074
7 0.834961 0.127472 0.103516 0.137634 0.975098
0 0.884766 0.693359 0.188477 0.0898438 0.970703
5 0.84375 0.29834 0.0839844 0.090332 0.967285
2 0.892578 0.496582 0.0703125 0.09375 0.963379
5 0.9375 0.10231 0.0839844 0.0922546 0.958496
6 0.341797 0.303467 0.147461 0.0961914 0.954102
7 0.560547 0.710938 0.161133 0.134766 0.908203
16 0.349121 0.896484 0.162109 0.0957031 0.875
5 0.994141 0.699219 0.0117188 0.0917969 0.866211
23 0.963867 0.496826 0.0722656 0.0874023 0.850098
11 0.939941 0.85791 0.120117 0.133789 0.746094
13 0.388428 0.278259 0.0561523 0.139771 0.740234
4 0.320801 0.0982056 0.108398 0.109253 0.533203
