21 0.233154 0.758789 0.0395508 0.0566406 0.990723
5 0.435547 0.40332 0.0371094 0.0454102 0.987793
8 0.525391 0.492676 0.0429688 0.0449219 0.982422
18 0.564941 0.980957 0.0400391 0.0380859 0.969727
0 0.342285 0.987305 0.0546875 0.0253906 0.966797
9 0.606445 0.910156 0.0371094 0.046875 0.959961
4 0.433594 0.824707 0.0332031 0.0537109 0.958984
24 0.178467 0.499268 0.0371094 0.0620117 0.953125
21 0.574219 0.839844 0.0390625 0.0546875 0.94873
24 0.178711 0.583008 0.0356445 0.0566406 0.946777
2 0.145752 0.574219 0.0336914 0.0449219 0.937988
2 0.158936 0.403076 0.0302734 0.0473633 0.92627
5 0.536133 0.828125 0.0371094 0.0439453 0.924316
5 0.0548096 0.744141 0.0324707 0.0429688 0.922852
0 0.431152 0.740234 0.0615234 0.0527344 0.919434
18 0.0993042 0.822754 0.0367432 0.0537109 0.915039
5 0.328125 0.406006 0.0380859 0.0454102 0.910645
0 0.45166 0.567383 0.0595703 0.0576172 0.907227
5 0.161133 0.74707 0.0375977 0.0439453 0.903809
13 0.300293 0.567383 0.0224609 0.0683594 0.898926
13 0.299561 0.391113 0.0229492 0.0673828 0.895508
5 0.505005 0.743652 0.0563965 0.0458984 0.891113
7 0.458008 0.671875 0.0380859 0.0615234 0.890137
2 0.213135 0.490723 0.03125 0.0458984 0.888184
24 0.085083 0.986816 0.0351562 0.0253906 0.884277
8 0.242676 0.830566 0.0395508 0.0439453 0.869629
8 0.290039 0.663086 0.0419922 0.0498047 0.863281
4 0.38623 0.655273 0.0302734 0.0566406 0.862305
5 0.612305 0.826172 0.0410156 0.046875 0.859863
18 0.0762329 0.658203 0.0385742 0.0498047 0.854004
24 0.391602 0.919922 0.0371094 0.0644531 0.853027
2 0.146973 0.488281 0.0292969 0.0429688 0.837402
4 0.621094 0.655273 0.0371094 0.0546875 0.836426
13 0.514648 0.899414 0.0214844 0.0742188 0.816406
13 0.131348 0.392578 0.0214844 0.0654297 0.811523
5 0.479004 0.82666 0.0537109 0.0527344 0.809082
4 0.283203 0.824219 0.0400391 0.0507812 0.799316
13 0.383057 0.979492 0.0209961 0.0410156 0.790527
18 0.10376 0.395996 0.0461426 0.0585938 0.778809
2 0.00911713 0.577148 0.0180817 0.0429688 0.770508
8 0.397705 0.826172 0.0424805 0.0507812 0.770508
2 0.621094 0.567871 0.0332031 0.0546875 0.769043
5 0.24353 0.660645 0.0515137 0.046875 0.764648
5 0.0507812 0.40918 0.0375977 0.0395508 0.759277
23 0.24231 0.577148 0.0344238 0.0429688 0.759277
22 0.518555 0.660156 0.0351562 0.0419922 0.757812
13 0.161865 0.649414 0.0244141 0.0664062 0.743164
6 0.284912 0.74707 0.0576172 0.0390625 0.740234
0 0.0205841 0.492676 0.0398865 0.0410156 0.737305
10 0.134888 0.976074 0.0341797 0.0478516 0.726562
1 0.0728149 0.583984 0.0361328 0.0664062 0.70752
22 0.473145 0.491699 0.0546875 0.0458984 0.70752
18 0.557617 0.654297 0.0371094 0.0537109 0.705566
0 0.37793 0.394043 0.0615234 0.0703125 0.6875
23 0.0364075 0.576172 0.0319214 0.0390625 0.673828
14 0.423096 0.975586 0.0175781 0.0488281 0.67041
6 0.141968 0.826172 0.0439453 0.0507812 0.666992
2 0.369629 0.743164 0.0375977 0.046875 0.666992
18 0.331055 0.739746 0.0351562 0.0517578 0.649414
10 0.326416 0.651367 0.0297852 0.0683594 0.644043
13 0.288086 0.568359 0.0439453 0.0712891 0.642578
12 0.482422 0.390625 0.0546875 0.0703125 0.637207
22 0.0573425 0.489258 0.0331421 0.0410156 0.631836
5 0.604004 0.743652 0.0537109 0.046875 0.629883
2 0.441162 0.907227 0.0625 0.0449219 0.629883
2 0.146484 0.660645 0.0466309 0.0439453 0.624512
2 0.209961 0.573242 0.0292969 0.046875 0.604004
18 0.0365295 0.90918 0.050415 0.046875 0.604004
2 0.0673828 0.830566 0.0264893 0.0410156 0.588867
6 0.340332 0.573242 0.0595703 0.0498047 0.571777
13 0.589844 0.646484 0.0253906 0.0664062 0.563965
22 0.268555 0.40332 0.0341797 0.0449219 0.546875
23 0.242554 0.911133 0.0358887 0.0429688 0.537109
5 0.423828 0.662598 0.0268555 0.0302734 0.533203
0 0.0403671 0.985352 0.0528107 0.0292969 0.525391
