11 0.40918 0.733887 0.0395508 0.0625 0.991211
29 0.0184174 0.913086 0.0367737 0.0644531 0.986328
5 0.296387 0.219971 0.0380859 0.0439453 0.984375
2 0.255859 0.924805 0.0307617 0.0429688 0.979004
2 0.459229 0.13208 0.0288086 0.0439453 0.976074
5 0.159912 0.306641 0.0380859 0.0419922 0.975586
5 0.600586 0.134735 0.0380859 0.0430298 0.974121
6 0.357178 0.660645 0.0415039 0.0429688 0.97168
5 0.124146 0.47998 0.0407715 0.0390625 0.965332
2 0.071167 0.655762 0.0285645 0.0449219 0.965332
11 0.374512 0.0325012 0.0410156 0.0621948 0.963379
5 0.0480957 0.0412064 0.0371094 0.0431976 0.960449
2 0.0755768 0.826172 0.0314636 0.0449219 0.960449
22 0.0543213 0.922852 0.0368652 0.0410156 0.95752
23 0.0418091 0.825195 0.0324707 0.0439453 0.955566
5 0.304932 0.742188 0.0415039 0.0449219 0.953125
0 0.615723 0.401367 0.0673828 0.0463867 0.952637
22 0.446289 0.930664 0.0371094 0.0400391 0.950195
5 0.536133 0.931152 0.0390625 0.0429688 0.94873
9 0.486816 0.928711 0.0400391 0.0458984 0.946777
5 0.366455 0.830078 0.0371094 0.0458984 0.944824
6 0.187866 0.923828 0.0422363 0.0429688 0.941406
0 0.316406 0.82959 0.0585938 0.0439453 0.94043
0 0.416504 0.832031 0.0595703 0.0410156 0.939453
5 0.132294 0.127563 0.0376587 0.0441895 0.938477
7 0.575195 0.234009 0.046875 0.0612793 0.9375
2 0.632812 0.492188 0.0351562 0.0410156 0.937012
5 0.113037 0.739258 0.0358887 0.0439453 0.933105
10 0.105103 0.646484 0.0366211 0.0664062 0.930176
0 0.122131 0.826172 0.0596924 0.0449219 0.928223
2 0.215332 0.0415039 0.0283203 0.041748 0.924805
6 0.614746 0.757812 0.0449219 0.0429688 0.924805
5 0.147217 0.922852 0.0371094 0.0429688 0.920898
0 0.302246 0.926758 0.0615234 0.0429688 0.916016
2 0.170288 0.218262 0.0300293 0.043457 0.913086
13 0.239502 0.207642 0.0185547 0.064209 0.912598
13 0.16394 0.726562 0.026123 0.0683594 0.90918
0 0.0438232 0.728027 0.0859375 0.0595703 0.908691
4 0.12674 0.303955 0.027771 0.046875 0.901855
22 0.381348 0.221191 0.0390625 0.046875 0.890137
11 0.527832 0.655273 0.0390625 0.0625 0.888672
13 0.632812 0.0428467 0.0214844 0.067749 0.888184
0 0.275635 0.481201 0.090332 0.0415039 0.88623
18 0.603516 0.0330811 0.0488281 0.0625 0.885742
14 0.156494 0.472168 0.0200195 0.0595703 0.882324
1 0.269043 0.575684 0.0415039 0.0615234 0.881836
24 0.261963 0.986328 0.0776367 0.0273438 0.880859
18 0.418701 0.477051 0.0419922 0.0556641 0.878418
4 0.635254 0.130127 0.0302734 0.0529785 0.872559
13 0.541016 0.564941 0.0214844 0.0576172 0.869629
13 0.0538025 0.120056 0.0252075 0.0662842 0.865234
7 0.253845 0.0523605 0.0450439 0.0606842 0.862305
22 0.33374 0.0411377 0.0390625 0.0429688 0.861328
18 0.0199585 0.385742 0.0397949 0.0585938 0.861328
18 0.575195 0.924316 0.0390625 0.0546875 0.859863
22 0.226807 0.56543 0.0375977 0.0410156 0.858887
14 0.259277 0.817383 0.0195312 0.0644531 0.85791
2 0.555664 0.491699 0.03125 0.0419922 0.856934
10 0.602539 0.827637 0.0488281 0.0634766 0.853027
10 0.419922 0.120483 0.0429688 0.0666504 0.839844
9 0.233643 0.738281 0.0390625 0.0449219 0.831055
16 0.499512 0.569336 0.0595703 0.0488281 0.823242
5 0.470215 0.826172 0.0429688 0.0605469 0.81543
13 0.0535889 0.294678 0.0178223 0.0649414 0.813965
16 0.224365 0.129669 0.0449219 0.0438843 0.808105
14 0.195801 0.553711 0.0205078 0.0625 0.803223
22 0.0208282 0.130249 0.0381775 0.0461426 0.795898
18 0.205811 0.208008 0.0397949 0.0595703 0.795898
13 0.463867 0.736328 0.0214844 0.0605469 0.791992
9 0.493896 0.748047 0.0405273 0.0410156 0.790527
0 0.49585 0.393799 0.0581055 0.0566406 0.774414
13 0.114014 0.0311127 0.0297852 0.0622253 0.764648
4 0.263672 0.214844 0.0268555 0.0473633 0.756348
14 0.336426 0.731934 0.0200195 0.0634766 0.756348
24 0.406738 0.987305 0.0595703 0.0253906 0.754883
23 0.184692 0.0415649 0.0317383 0.0437012 0.750488
5 0.0741577 0.563477 0.0635986 0.0429688 0.710449
23 0.0930176 0.0381546 0.0493164 0.0489349 0.704102
5 0.619141 0.929688 0.0410156 0.0566406 0.700684
4 0.226074 0.919922 0.0302734 0.0527344 0.692871
13 0.417969 0.918945 0.0224609 0.0664062 0.67041
9 0.0933838 0.921875 0.0375977 0.046875 0.668945
2 0.597168 0.991211 0.0341797 0.0175781 0.629883
10 0.0965576 0.470215 0.0344238 0.0595703 0.625977
24 0.24585 0.383057 0.0415039 0.0625 0.605957
6 0.384521 0.566406 0.0615234 0.0449219 0.605957
13 0.511719 0.988281 0.0283203 0.0234375 0.586914
13 0.0375366 0.29541 0.0499268 0.0644531 0.581543
10 0.27832 0.732422 0.0351562 0.0644531 0.567871
16 0.440918 0.400391 0.0439453 0.0429688 0.552734
14 0.142334 0.727539 0.0195312 0.0654297 0.541016
2 0.541992 0.834961 0.0488281 0.0449219 0.529297
10 0.526855 0.12262 0.0371094 0.0682373 0.521484
6 0.609375 0.670898 0.0556641 0.0429688 0.507812
