4 0.981445 0.740234 0.0371094 0.104492 0.988281
9 0.819336 0.942383 0.0820312 0.0957031 0.987793
2 0.506836 0.548828 0.0761719 0.0917969 0.98584
19 0.928223 0.948242 0.0566406 0.0917969 0.98584
9 0.589355 0.54541 0.0898438 0.09375 0.984863
19 0.694336 0.548828 0.0585938 0.0859375 0.983887
2 0.818848 0.549805 0.0644531 0.0898438 0.980957
6 0.731445 0.945801 0.0859375 0.0869141 0.980469
0 0.616211 0.948242 0.132812 0.0917969 0.979492
0 0.383301 0.949219 0.135742 0.0976562 0.979492
7 0.775879 0.179932 0.117188 0.132568 0.978027
2 0.0856323 0.349609 0.0734863 0.0957031 0.977051
2 0.781738 0.35498 0.0683594 0.0917969 0.974121
0 0.878418 0.360107 0.117188 0.0893555 0.973145
8 0.919434 0.74707 0.0859375 0.0878906 0.972656
4 0.0254364 0.336426 0.0507507 0.108887 0.970215
5 0.265686 0.947266 0.0877686 0.0917969 0.967773
18 0.892578 0.535278 0.0800781 0.118896 0.966797
0 0.359375 0.155396 0.138672 0.0861816 0.964355
5 0.833984 0.744629 0.0791016 0.0917969 0.961914
5 0.500977 0.945312 0.0859375 0.09375 0.960449
14 0.98584 0.139526 0.0283203 0.125244 0.936035
23 0.754883 0.545898 0.0625 0.0839844 0.932129
1 0.974609 0.384277 0.0507812 0.142578 0.921875
18 0.907227 0.146942 0.123047 0.117249 0.884766
18 0.110352 0.140259 0.135742 0.118164 0.865234
6 0.97168 0.548828 0.0566406 0.0859375 0.799316
23 0.980469 0.944336 0.0390625 0.0878906 0.778809
13 0.01828 0.122925 0.0365601 0.138916 0.751953
18 0.0658569 0.532227 0.126587 0.120117 0.680664
21 0.149384 0.951172 0.0855103 0.0898438 0.565918
