11 0.746094 0.9375 0.0859375 0.125 0.994629
27 0.275879 0.0343933 0.0478516 0.0687866 0.992188
4 0.913574 0.956055 0.0732422 0.0878906 0.990723
21 0.810547 0.601562 0.0976562 0.134766 0.98877
23 0.732422 0.189331 0.0703125 0.0891113 0.986328
4 0.68457 0.763184 0.0625 0.0996094 0.98584
2 0.113037 0.170135 0.0712891 0.093811 0.984375
5 0.657715 0.959961 0.0859375 0.0800781 0.983887
13 0.754395 0.363525 0.0439453 0.144043 0.983398
23 0.727539 0.578613 0.0664062 0.0888672 0.983398
13 0.566406 0.935059 0.0507812 0.129883 0.97998
13 0.342773 0.544067 0.0498047 0.142334 0.978516
23 0.307129 0.762695 0.0693359 0.0878906 0.978027
8 0.341309 0.953125 0.0888672 0.09375 0.975586
2 0.533081 0.765625 0.0686035 0.0878906 0.973145
22 0.807617 0.195557 0.078125 0.0893555 0.971191
6 0.820312 0.390137 0.0859375 0.0869141 0.970703
2 0.660156 0.575195 0.0683594 0.0917969 0.970703
5 0.755859 0.773438 0.078125 0.0898438 0.96875
2 0.107178 0.559082 0.0749512 0.0917969 0.966797
23 0.0349121 0.55957 0.067627 0.0878906 0.966797
28 0.261963 0.546753 0.101562 0.152588 0.963379
23 0.0419617 0.173218 0.0722046 0.0874023 0.961426
2 0.896973 0.196045 0.0712891 0.0922852 0.961426
5 0.0754395 0.954102 0.0957031 0.0917969 0.960449
22 0.901367 0.583008 0.0839844 0.0859375 0.956543
14 0.695312 0.0224915 0.0410156 0.0449829 0.949707
2 0.26123 0.955078 0.0664062 0.0878906 0.946777
2 0.632812 0.0210266 0.0722656 0.0419312 0.937012
10 0.354248 0.153076 0.090332 0.141602 0.921875
14 0.739746 0.0215759 0.0380859 0.0431519 0.911621
2 0.209106 0.758789 0.121826 0.0917969 0.880859
6 0.444824 0.574219 0.141602 0.0888672 0.872559
10 0.833984 0.9375 0.0839844 0.125 0.859863
19 0.917969 0.0238495 0.0605469 0.047699 0.799316
2 0.912109 0.38623 0.0751953 0.0952148 0.762207
2 0.822266 0.0230255 0.115234 0.046051 0.728027
7 0.0155792 0.39209 0.0308228 0.15332 0.728027
5 0.0753784 0.759277 0.092041 0.0947266 0.723145
2 0.251526 0.173584 0.0750732 0.0913086 0.65332
13 0.0114746 0.734375 0.0229492 0.139648 0.611328
6 0.483643 0.370117 0.128418 0.102051 0.604004
6 0.411621 0.757812 0.130859 0.104492 0.59082
4 0.436035 0.954102 0.0947266 0.0917969 0.519531
