29 0.0519714 0.755859 0.0574341 0.078125 0.994141
11 0.619141 0.881836 0.0371094 0.0615234 0.992188
2 0.148438 0.754883 0.0332031 0.0380859 0.982422
18 0.914551 0.866211 0.0429688 0.0605469 0.982422
5 0.445312 0.585938 0.0332031 0.0380859 0.974609
2 0.899414 0.72168 0.0341797 0.0390625 0.974121
5 0.760742 0.887695 0.0351562 0.0371094 0.972168
18 0.186279 0.900391 0.0410156 0.0625 0.969727
9 0.519531 0.972656 0.0351562 0.0380859 0.96875
0 0.0910034 0.915527 0.0578613 0.0400391 0.963867
5 0.140381 0.599609 0.0356445 0.0390625 0.958008
9 0.739258 0.65332 0.0371094 0.0400391 0.95752
13 0.515625 0.804688 0.0185547 0.0703125 0.956055
9 0.710938 0.810059 0.0371094 0.0390625 0.953125
22 0.100525 0.679688 0.0355225 0.0380859 0.95166
13 0.0828247 0.824219 0.0196533 0.0644531 0.94873
0 0.300293 0.830078 0.0566406 0.0390625 0.943848
18 0.279297 0.902832 0.0419922 0.0478516 0.940918
2 0.04599 0.986328 0.0343628 0.0273438 0.940918
22 0.193359 0.836914 0.0375977 0.0429688 0.934082
22 0.230591 0.910156 0.0373535 0.0390625 0.931152
5 0.260498 0.984375 0.0375977 0.03125 0.930176
8 0.217041 0.672852 0.0385742 0.0380859 0.927246
3 0.779297 0.561523 0.0605469 0.0683594 0.92627
12 0.719727 0.878906 0.0390625 0.0644531 0.925293
35 0.571289 0.885742 0.0566406 0.0683594 0.924316
8 0.398438 0.904297 0.034668 0.0390625 0.921387
1 0.869141 0.886719 0.0390625 0.0527344 0.918457
0 0.106384 0.986328 0.05896 0.0273438 0.917969
5 0.437012 0.901367 0.0366211 0.0390625 0.911621
2 0.154419 0.985352 0.0314941 0.0292969 0.911133
13 0.0125198 0.826172 0.0181732 0.0605469 0.907227
13 0.312012 0.734863 0.0214844 0.0634766 0.906738
13 0.824219 0.710449 0.015625 0.0732422 0.894043
14 0.351562 0.734375 0.0185547 0.0605469 0.891602
19 0.391113 0.981445 0.0244141 0.0332031 0.889648
13 0.679688 0.799316 0.0214844 0.0644531 0.888184
22 0.888184 0.645508 0.0351562 0.0400391 0.885742
0 0.796875 0.799805 0.0546875 0.0556641 0.885742
0 0.805176 0.882324 0.0546875 0.0400391 0.880859
7 0.787109 0.65625 0.0410156 0.0517578 0.868164
13 0.454102 0.810547 0.019043 0.0664062 0.853027
22 0.107239 0.759766 0.0372314 0.0390625 0.852051
10 0.266602 0.580078 0.0322266 0.0664062 0.830078
5 0.572266 0.583984 0.0605469 0.0390625 0.824219
2 0.362305 0.979492 0.0283203 0.0371094 0.809082
6 0.391113 0.59082 0.0351562 0.0390625 0.805664
13 0.0121002 0.974609 0.0242004 0.0507812 0.805664
7 0.036377 0.69043 0.0383911 0.0507812 0.799316
18 0.3125 0.666504 0.0556641 0.0458984 0.79834
14 0.0713501 0.670898 0.0189209 0.0625 0.775879
2 0.663574 0.574219 0.0302734 0.0351562 0.775879
7 0.486328 0.830078 0.0380859 0.0507812 0.749023
13 0.912109 0.785645 0.0214844 0.0673828 0.737305
6 0.482178 0.979004 0.034668 0.0361328 0.710449
16 0.874023 0.797852 0.0498047 0.0419922 0.708984
22 0.359131 0.666992 0.0341797 0.0400391 0.697754
4 0.107788 0.834961 0.0266113 0.0429688 0.695801
14 0.170288 0.584961 0.0217285 0.0625 0.67041
6 0.77002 0.966309 0.0341797 0.0351562 0.668945
8 0.148315 0.836914 0.0373535 0.0371094 0.637207
24 0.707031 0.561523 0.0546875 0.0625 0.62793
22 0.487549 0.900391 0.059082 0.0390625 0.613281
5 0.817383 0.961914 0.0566406 0.0371094 0.605957
4 0.424561 0.812988 0.0258789 0.0615234 0.598145
6 0.391113 0.825195 0.0371094 0.0371094 0.594727
5 0.322754 0.895508 0.0361328 0.0566406 0.588867
6 0.540039 0.740234 0.0361328 0.0390625 0.583008
7 0.360352 0.911621 0.0400391 0.0537109 0.581543
2 0.0692291 0.602539 0.0549011 0.0410156 0.563965
13 0.208374 0.974121 0.017334 0.0517578 0.548828
6 0.139404 0.90918 0.0375977 0.0449219 0.535156
0 0.424805 0.666992 0.0595703 0.0390625 0.515625
