12 0.952148 0.938477 0.0351562 0.0820312 0.991211
2 0.655273 0.341309 0.0292969 0.0458984 0.987305
24 0.43457 0.437988 0.0395508 0.0625 0.984863
12 0.803223 0.681641 0.0341797 0.0820312 0.984375
24 0.580566 0.102051 0.0419922 0.0639648 0.983887
2 0.713867 0.256348 0.0302734 0.0444336 0.981445
2 0.395996 0.0950928 0.0307617 0.0427246 0.979004
2 0.3125 0.849609 0.0390625 0.0488281 0.974609
11 0.774414 0.163818 0.0361328 0.0634766 0.970703
2 0.387695 0.175415 0.0341797 0.043457 0.963867
7 0.808594 0.0270386 0.0664062 0.0539551 0.962891
5 0.499023 0.425781 0.0576172 0.0454102 0.960938
2 0.841797 0.680664 0.0332031 0.0478516 0.958984
2 0.619629 0.511841 0.0302734 0.0446777 0.95752
6 0.760742 0.599609 0.0390625 0.0449219 0.955078
24 0.56543 0.776367 0.0371094 0.0625 0.954102
13 0.421875 0.246948 0.0214844 0.0651855 0.953613
8 0.768555 0.0944824 0.0371094 0.0419922 0.952637
8 0.580078 0.510254 0.0429688 0.0458984 0.952637
2 0.775391 0.936523 0.0332031 0.0458984 0.952637
2 0.69043 0.426758 0.03125 0.0439453 0.949707
2 0.542969 0.0924072 0.0332031 0.0441895 0.94873
7 0.641602 0.0245361 0.0400391 0.0490723 0.947754
6 0.602539 0.852051 0.0390625 0.0419922 0.946777
24 0.807617 0.948242 0.0371094 0.0673828 0.946289
8 0.386719 0.681641 0.0419922 0.0449219 0.945801
6 0.554199 0.342285 0.0419922 0.0410156 0.944824
5 0.980469 0.510742 0.0371094 0.0449219 0.944824
4 0.422363 0.169434 0.0322266 0.0483398 0.943848
6 0.816406 0.174561 0.0400391 0.0415039 0.942871
2 0.452148 0.51062 0.0302734 0.045166 0.942871
6 0.857422 0.0938721 0.0566406 0.0421143 0.939453
5 0.833496 0.766113 0.0371094 0.0449219 0.937988
22 0.733887 0.681641 0.0341797 0.0429688 0.9375
18 0.792969 0.760742 0.0390625 0.0507812 0.9375
8 0.578125 0.59668 0.0371094 0.0419922 0.934082
24 0.839844 0.352539 0.0546875 0.0654297 0.931152
7 0.856934 0.946777 0.0400391 0.0566406 0.931152
6 0.624023 0.258301 0.0400391 0.0439453 0.930664
2 0.401855 0.427734 0.0302734 0.0429688 0.928711
8 0.939453 0.51062 0.0429688 0.045166 0.928223
6 0.947266 0.0957031 0.0371094 0.0412598 0.925293
11 0.876953 0.416504 0.0332031 0.0644531 0.923828
22 0.539062 0.510254 0.0332031 0.0439453 0.922852
5 0.810059 0.0950928 0.0380859 0.0441895 0.922363
13 0.404297 0.841797 0.0205078 0.0634766 0.921875
9 0.798828 0.597656 0.0351562 0.0449219 0.921387
5 0.617188 0.592773 0.0380859 0.0449219 0.918457
9 0.984375 0.0941772 0.03125 0.0444336 0.916504
6 0.893066 0.592773 0.0449219 0.046875 0.916504
11 0.907227 0.0830078 0.0371094 0.0626221 0.915527
8 0.848633 0.598145 0.0449219 0.0488281 0.915039
20 0.685547 0.763672 0.0859375 0.0839844 0.915039
24 0.793945 0.352051 0.0390625 0.0610352 0.912598
6 0.42749 0.766602 0.0371094 0.0429688 0.912598
0 0.655273 0.935059 0.0625 0.0429688 0.911621
13 0.634277 0.838379 0.0234375 0.0742188 0.904785
24 0.896484 0.860352 0.0390625 0.0644531 0.904785
14 0.907227 0.669922 0.0214844 0.0664062 0.903809
6 0.48877 0.257385 0.0361328 0.0418701 0.90332
0 0.410645 0.935547 0.0791016 0.0449219 0.90332
0 0.52832 0.938477 0.0791016 0.0449219 0.898926
13 0.688965 0.584961 0.0253906 0.0712891 0.898438
6 0.39209 0.257568 0.0351562 0.0419922 0.894043
24 0.348633 0.603516 0.0380859 0.0625 0.894043
5 0.439453 0.59668 0.0507812 0.0449219 0.889648
13 0.510742 0.501099 0.0175781 0.0603027 0.887207
13 0.548828 0.164429 0.0263672 0.0644531 0.875
24 0.573242 0.690918 0.0625 0.0615234 0.872559
6 0.734375 0.0178833 0.0625 0.0357056 0.868652
9 0.953125 0.428223 0.0351562 0.0449219 0.864258
6 0.947754 0.174072 0.0390625 0.0419922 0.859863
24 0.32666 0.184326 0.0654297 0.0578613 0.856934
22 0.823242 0.850098 0.0332031 0.0419922 0.84082
8 0.908203 0.172852 0.0371094 0.0415039 0.839844
11 0.703125 0.929199 0.03125 0.0546875 0.838867
0 0.983887 0.171265 0.0322266 0.0490723 0.833496
6 0.915039 0.427002 0.0390625 0.0449219 0.832031
11 0.451416 0.247437 0.0351562 0.064209 0.829102
8 0.523438 0.849609 0.0390625 0.0429688 0.825684
8 0.388184 0.766602 0.0405273 0.0419922 0.824219
13 0.992188 0.84082 0.015625 0.0664062 0.819824
9 0.527832 0.257812 0.0371094 0.0444336 0.817383
2 0.763672 0.343262 0.0244141 0.0283203 0.817383
4 0.39502 0.589844 0.0332031 0.0507812 0.81543
2 0.607422 0.0137634 0.0253906 0.0275269 0.805664
6 0.65625 0.594727 0.0390625 0.046875 0.803223
13 0.438965 0.926758 0.0224609 0.0605469 0.803223
24 0.967285 0.861816 0.0361328 0.0595703 0.799316
6 0.709473 0.174927 0.0371094 0.0410156 0.791992
9 0.855469 0.174072 0.0371094 0.0439453 0.790527
8 0.65625 0.427734 0.0351562 0.0415039 0.790527
6 0.3125 0.343262 0.0410156 0.0517578 0.788086
4 0.54248 0.0156555 0.0341797 0.031311 0.778809
22 0.716797 0.0938721 0.0351562 0.0415039 0.775879
13 0.88916 0.925781 0.0263672 0.0683594 0.774414
8 0.74707 0.853027 0.0449219 0.0439453 0.771973
7 0.901367 0.0244751 0.0400391 0.0489502 0.766113
13 0.848633 0.415039 0.0253906 0.0732422 0.764648
2 0.536133 0.764648 0.0253906 0.0273438 0.760742
13 0.883789 0.751953 0.0253906 0.0703125 0.750488
22 0.779297 0.257812 0.0332031 0.0410156 0.73584
22 0.468506 0.0939941 0.0322266 0.0424805 0.732422
22 0.421875 0.988281 0.03125 0.0234375 0.732422
5 0.78125 0.427979 0.0371094 0.0463867 0.730957
13 0.00505066 0.0806885 0.00987244 0.161377 0.712402
14 0.524414 0.162476 0.0214844 0.0632324 0.712402
22 0.720215 0.342285 0.0322266 0.0395508 0.710449
5 0.563477 0.849609 0.0371094 0.0449219 0.695801
24 0.717773 0.520508 0.0683594 0.0673828 0.690918
22 0.493408 0.176758 0.0336914 0.0371094 0.689453
22 0.500488 0.681641 0.0322266 0.0429688 0.686035
5 0.822266 0.257324 0.0253906 0.0292969 0.684082
11 0.311279 0.669922 0.0385742 0.0644531 0.677246
6 0.864746 0.0159912 0.0371094 0.0319824 0.673828
8 0.985352 0.0158234 0.0253906 0.0312805 0.673828
24 0.930664 0.862305 0.0371094 0.0615234 0.651367
4 0.330811 0.507935 0.0595703 0.048584 0.644043
4 0.768555 0.675293 0.0332031 0.0556641 0.642578
13 0.8125 0.988281 0.0175781 0.0224609 0.640625
5 0.938477 0.679199 0.0429688 0.046875 0.638672
13 0.868164 0.247314 0.0214844 0.0698242 0.62793
14 0.848633 0.245361 0.0195312 0.0678711 0.609375
18 0.608398 0.421875 0.0566406 0.0615234 0.602051
13 0.984375 0.924805 0.0273438 0.0722656 0.581543
7 0.00505066 0.556152 0.00997925 0.0712891 0.57373
12 0.381836 0.332275 0.0375977 0.0668945 0.548828
24 0.867676 0.351562 0.0380859 0.0639648 0.542969
11 0.317139 0.987305 0.046875 0.0253906 0.541016
13 0.70459 0.668945 0.0253906 0.0683594 0.539062
9 0.652832 0.510254 0.0351562 0.046875 0.537109
35 0.983398 0.256592 0.0332031 0.0830078 0.533203
22 0.964844 0.596191 0.03125 0.0410156 0.515625
13 0.937988 0.754883 0.0195312 0.0664062 0.515625
8 0.991211 0.428467 0.0175781 0.0449219 0.509766
