1 0.209961 0.917969 0.0908203 0.135742 0.993652
18 0.905273 0.0706787 0.0917969 0.123779 0.987793
5 0.897461 0.486328 0.0859375 0.0917969 0.984863
0 0.710938 0.892578 0.141602 0.0898438 0.983887
18 0.93457 0.863281 0.0917969 0.123047 0.980957
18 0.798828 0.472168 0.09375 0.121094 0.979004
0 0.45874 0.500854 0.191895 0.092041 0.978516
13 0.601562 0.669922 0.0429688 0.142578 0.975098
6 0.312012 0.894531 0.0976562 0.0859375 0.974609
5 0.484375 0.896484 0.0878906 0.0917969 0.973633
22 0.833008 0.889648 0.0869141 0.0888672 0.969727
23 0.536621 0.292969 0.0703125 0.0874023 0.967285
23 0.486816 0.09552 0.0771484 0.0882568 0.965332
2 0.40332 0.896484 0.0693359 0.0917969 0.962891
13 0.915039 0.664062 0.0429688 0.140625 0.958984
12 0.829102 0.668945 0.115234 0.136719 0.958496
22 0.935059 0.286682 0.0839844 0.0897217 0.95166
21 0.790039 0.306641 0.105469 0.134277 0.95166
13 0.287109 0.0708008 0.0400391 0.138672 0.947754
6 0.785156 0.0932617 0.142578 0.0917969 0.937988
2 0.611328 0.293945 0.0761719 0.0976562 0.931641
14 0.66748 0.268494 0.0419922 0.141724 0.900391
18 0.583984 0.870117 0.0898438 0.126953 0.878906
13 0.139893 0.688965 0.0200195 0.101562 0.81543
4 0.549805 0.687988 0.0585938 0.106445 0.744629
13 0.865723 0.263428 0.0400391 0.13916 0.677246
6 0.567383 0.0912476 0.0351562 0.0458984 0.656738
4 0.35791 0.0876465 0.0957031 0.105469 0.629883
2 0.988281 0.479492 0.0234375 0.09375 0.625977
5 0.013176 0.49707 0.0262604 0.09375 0.577637
29 0.0597534 0.866211 0.119507 0.140625 0.523438
