19 0.654297 0.892578 0.0683594 0.0917969 0.993652
13 0.0687103 0.876465 0.0432434 0.145508 0.991699
13 0.921875 0.265381 0.046875 0.145996 0.98584
8 0.80957 0.493164 0.0917969 0.0986328 0.984863
5 0.570312 0.890625 0.0878906 0.09375 0.984375
13 0.758789 0.0709229 0.0507812 0.141846 0.98291
7 0.782227 0.314453 0.101562 0.143555 0.979004
2 0.22998 0.898438 0.0708008 0.0976562 0.975586
6 0.139404 0.899414 0.092041 0.0927734 0.973633
2 0.568848 0.498047 0.121094 0.0927734 0.97168
8 0.141571 0.50769 0.0962524 0.0939941 0.97168
5 0.174072 0.30835 0.0893555 0.0917969 0.96875
4 0.666992 0.488525 0.0703125 0.11084 0.968262
14 0.243896 0.281311 0.043457 0.139526 0.967773
13 0.0187225 0.68457 0.0374451 0.143555 0.96582
22 0.960938 0.0880127 0.078125 0.0932617 0.965332
6 0.0897217 0.705566 0.0944824 0.0898438 0.961914
7 0.787598 0.919922 0.100586 0.134766 0.961914
22 0.904297 0.490967 0.0859375 0.0942383 0.956543
6 0.974121 0.280701 0.0517578 0.102661 0.95459
19 0.978516 0.487793 0.0429688 0.0917969 0.943848
12 0.931641 0.867676 0.136719 0.143555 0.938965
18 0.854004 0.0792236 0.125 0.125 0.934082
4 0.0186768 0.507324 0.0373535 0.109375 0.907227
27 0.732422 0.496826 0.0605469 0.097168 0.885742
27 0.435059 0.892578 0.0556641 0.0957031 0.85498
1 0.0120544 0.333984 0.0240479 0.131836 0.812988
4 0.764648 0.687988 0.101562 0.110352 0.774414
1 0.422852 0.720703 0.136719 0.142578 0.753418
13 0.620117 0.696289 0.0107422 0.0957031 0.749023
1 0.641602 0.31781 0.139648 0.143677 0.741699
6 0.397461 0.305908 0.151367 0.0966797 0.730957
6 0.337158 0.885742 0.134277 0.105469 0.686035
13 0.702148 0.0618286 0.046875 0.123657 0.673828
2 0.0665894 0.508301 0.0380859 0.0449219 0.649414
