13 0.414062 0.16748 0.0224609 0.0698242 0.973145
18 0.539062 0.25824 0.0390625 0.0557861 0.956543
9 0.952148 0.256104 0.0380859 0.0488281 0.954102
8 0.925293 0.171387 0.0410156 0.0478516 0.942871
24 0.898438 0.266541 0.0488281 0.0655518 0.9375
0 0.827637 0.0878906 0.0585938 0.0444336 0.933105
9 0.711914 0.172974 0.0371094 0.0439453 0.927246
13 0.476807 0.164062 0.027832 0.0725098 0.918457
5 0.609375 0.173828 0.0371094 0.0444336 0.91748
0 0.673828 0.0895386 0.0625 0.0447998 0.914062
12 0.857422 0.246948 0.0371094 0.0666504 0.913574
6 0.524902 0.0146637 0.0390625 0.0293274 0.901855
13 0.922852 0.247437 0.0214844 0.067627 0.897461
13 0.991211 0.156982 0.0175781 0.0668945 0.892578
22 0.721191 0.0892334 0.0322266 0.0415039 0.891602
13 0.572266 0.249512 0.0273438 0.0708008 0.891602
14 0.411621 0.0828705 0.0205078 0.0671692 0.868164
21 0.967285 0.183105 0.0419922 0.0600586 0.864258
6 0.439941 0.015686 0.0439453 0.0313721 0.848145
10 0.552734 0.165771 0.0351562 0.0703125 0.831055
7 0.875 0.0216827 0.0371094 0.0433655 0.825684
14 0.856445 0.160034 0.0214844 0.0666504 0.824219
5 0.385742 0.0155792 0.0625 0.0311584 0.806641
21 0.611328 0.265869 0.0546875 0.0742188 0.805664
9 0.70166 0.258545 0.0351562 0.0463867 0.792969
2 0.629395 0.090332 0.0263672 0.0397949 0.766113
14 0.581543 0.163086 0.0185547 0.0668945 0.759277
22 0.885254 0.17041 0.0351562 0.0439453 0.759277
6 0.65918 0.173828 0.0634766 0.0473633 0.729492
5 0.452148 0.0921021 0.0585938 0.0466309 0.712402
13 0.447266 0.252686 0.0390625 0.0664062 0.697754
9 0.487305 0.263916 0.0371094 0.0522461 0.692871
10 0.564453 0.0789795 0.0371094 0.065918 0.682617
22 0.483643 0.0143051 0.0375977 0.0286102 0.662109
7 0.755859 0.26947 0.0400391 0.0655518 0.658203
22 0.597168 0.0894775 0.0332031 0.0415039 0.65332
10 0.759766 0.0769043 0.0390625 0.0678711 0.640625
24 0.825195 0.0209351 0.0429688 0.0418091 0.592773
0 0.711426 0.0145798 0.0546875 0.0289764 0.505859
13 0.680176 0.162109 0.0205078 0.064209 0.505859
