1 0.0264435 0.830078 0.052887 0.136719 0.991211
19 0.945801 0.21228 0.0576172 0.0949707 0.98877
18 0.264709 0.790527 0.0916748 0.12793 0.984375
0 0.571289 0.807129 0.146484 0.100586 0.981445
8 0.519531 0.402588 0.0986328 0.0976562 0.979492
6 0.983398 0.612305 0.0332031 0.0859375 0.978027
2 0.90918 0.810547 0.0722656 0.0917969 0.978027
4 0.933105 0.40625 0.0595703 0.111328 0.977539
9 0.708984 0.40918 0.0859375 0.100586 0.977051
6 0.92627 0.0325012 0.0849609 0.0648804 0.975098
14 0.990234 0.192749 0.0195312 0.13501 0.975098
5 0.836914 0.606934 0.0810547 0.09375 0.972656
32 0.85498 0.443848 0.0800781 0.170898 0.972168
0 0.84375 0.217041 0.132812 0.09375 0.97168
2 0.0837402 0.404297 0.0769043 0.0947266 0.967773
14 0.900391 0.588379 0.0429688 0.135742 0.962402
6 0.138062 0.80957 0.14917 0.0996094 0.961914
19 0.13269 0.0298004 0.0703125 0.0596008 0.958984
13 0.455566 0.957031 0.0424805 0.0859375 0.951172
13 0.944336 0.589844 0.0429688 0.142578 0.947266
11 0.416992 0.783203 0.147461 0.138672 0.943359
4 0.572266 0.198608 0.0957031 0.102539 0.941406
11 0.392578 0.38208 0.150879 0.141113 0.9375
0 0.276611 0.981445 0.135254 0.0371094 0.936523
13 0.185059 0.955078 0.050293 0.0898438 0.930664
10 0.691406 0.184204 0.0859375 0.137451 0.927246
1 0.973633 0.833008 0.0527344 0.144531 0.922852
13 0.848145 0.955566 0.0458984 0.0888672 0.892578
14 0.858398 0.0314331 0.0410156 0.0628662 0.839844
14 0.811523 0.0328674 0.0429688 0.0654907 0.78125
22 0.989258 0.0322876 0.0214844 0.0645752 0.762207
11 0.548828 0.957031 0.136719 0.0859375 0.760742
1 0.471191 0.0301208 0.0898438 0.0602417 0.746094
7 0.688477 0.980469 0.136719 0.0390625 0.729492
18 0.307373 0.0298462 0.126953 0.0596924 0.708984
23 0.794922 0.979492 0.0644531 0.0410156 0.615234
19 0.206543 0.0270996 0.0678711 0.0541992 0.596191
14 0.409668 0.957031 0.0527344 0.0859375 0.567871
13 0.400146 0.0298157 0.0498047 0.0596313 0.525391
