27 0.652344 0.147217 0.0507812 0.135742 0.993652
27 0.882812 0.553711 0.0527344 0.132812 0.989746
1 0.806152 0.554565 0.0820312 0.131104 0.989258
7 0.527344 0.931641 0.0820312 0.128906 0.988281
8 0.8125 0.331543 0.0917969 0.09375 0.986816
4 0.610352 0.895508 0.0742188 0.142578 0.986816
0 0.829102 0.729492 0.134766 0.0957031 0.983887
1 0.970215 0.359375 0.0595703 0.142578 0.98291
0 0.766602 0.134735 0.130859 0.0947876 0.982422
22 0.880859 0.136719 0.0839844 0.0895996 0.981934
7 0.422852 0.93457 0.112305 0.129883 0.980957
2 0.529419 0.713379 0.0681152 0.0908203 0.974609
14 0.953125 0.114685 0.0449219 0.137573 0.973145
13 0.933594 0.703613 0.0449219 0.143555 0.963379
2 0.900391 0.336426 0.0722656 0.0908203 0.946777
14 0.988281 0.121826 0.0234375 0.140137 0.945312
10 0.707031 0.892578 0.0878906 0.142578 0.936523
4 0.609863 0.712891 0.0927734 0.0996094 0.936035
23 0.975586 0.537109 0.0488281 0.0878906 0.929199
13 0.452881 0.686523 0.0429688 0.136719 0.92041
6 0.45752 0.322266 0.0791016 0.0859375 0.893066
14 0.980469 0.707031 0.0390625 0.140625 0.890137
2 0.414307 0.705078 0.0893555 0.0917969 0.883301
23 0.564453 0.320801 0.129883 0.0908203 0.800781
10 0.49707 0.494141 0.0839844 0.137695 0.666992
10 0.403809 0.294983 0.0800781 0.140503 0.616699
24 0.700195 0.651367 0.0771484 0.0507812 0.503906
