13 0.249878 0.48291 0.0505371 0.146484 0.986328
7 0.927734 0.914062 0.144531 0.135742 0.986328
2 0.204956 0.698242 0.0773926 0.100586 0.984863
9 0.678223 0.889648 0.0878906 0.0976562 0.98291
2 0.121582 0.902344 0.0771484 0.101562 0.981445
5 0.803711 0.89209 0.0917969 0.09375 0.979004
7 0.87207 0.328125 0.0996094 0.132324 0.974121
9 0.830078 0.101868 0.0917969 0.100464 0.973145
23 0.0370483 0.295898 0.0740967 0.0908203 0.971191
13 0.950195 0.274902 0.0449219 0.138184 0.970703
7 0.96582 0.72168 0.0683594 0.136719 0.963867
5 0.438965 0.895508 0.0849609 0.0976562 0.956055
7 0.931641 0.522949 0.109375 0.141602 0.947754
2 0.197388 0.900391 0.0734863 0.0996094 0.943848
6 0.708008 0.105103 0.148438 0.0979004 0.92627
27 0.133759 0.699219 0.0586548 0.0996094 0.92627
4 0.0273132 0.898438 0.0545654 0.107422 0.913086
4 0.172089 0.0966949 0.103088 0.105927 0.875
5 0.791504 0.699707 0.0908203 0.0947266 0.868652
9 0.987305 0.303223 0.0253906 0.0908203 0.844727
10 0.166138 0.280823 0.0749512 0.142456 0.832031
10 0.944336 0.0819702 0.09375 0.140991 0.72168
6 0.556641 0.884766 0.140625 0.107422 0.710449
6 0.448975 0.30127 0.103027 0.0947266 0.662109
10 0.0339966 0.477051 0.0672607 0.144531 0.658203
13 0.755859 0.0805054 0.0546875 0.15271 0.596191
