21 0.599121 0.425293 0.0429688 0.0595703 0.996094
24 0.179932 0.421875 0.0366211 0.0634766 0.993164
7 0.258057 0.3396 0.0356445 0.0581055 0.988281
2 0.299072 0.746094 0.0307617 0.0410156 0.981934
2 0.228516 0.74707 0.0263672 0.0410156 0.979492
6 0.219238 0.831055 0.0405273 0.0390625 0.976562
2 0.521484 0.493652 0.0332031 0.0429688 0.975098
13 0.450195 0.483887 0.0234375 0.0673828 0.967773
2 0.0717773 0.0801392 0.0275879 0.0391846 0.964355
5 0.256287 0.496094 0.0411377 0.0439453 0.962402
11 0.126831 0.153198 0.0373535 0.0632324 0.959961
0 0.03302 0.160889 0.065918 0.0458984 0.958008
18 0.44458 0.323242 0.0415039 0.0517578 0.958008
2 0.299805 0.914062 0.0288086 0.0439453 0.958008
5 0.327148 0.0806885 0.0400391 0.0415039 0.957031
2 0.518555 0.162842 0.0273438 0.0410156 0.954102
0 0.549805 0.0767212 0.0585938 0.0499268 0.94873
7 0.17688 0.842773 0.0388184 0.0605469 0.944824
2 0.071167 0.916016 0.0317383 0.0429688 0.944336
7 0.513184 0.419922 0.0410156 0.0615234 0.94043
5 0.0526428 0.75 0.0368042 0.0410156 0.938965
4 0.600586 0.155273 0.0351562 0.0498047 0.936523
5 0.600586 0.079895 0.0410156 0.0443115 0.935059
5 0.295654 0.665039 0.0332031 0.0410156 0.935059
2 0.171631 0.580078 0.0317383 0.0527344 0.93457
6 0.147217 0.0818939 0.034668 0.0400696 0.932617
18 0.464844 0.574219 0.0390625 0.0488281 0.931152
22 0.270752 0.243408 0.0351562 0.0410156 0.922363
2 0.494629 0.326172 0.0302734 0.0449219 0.92041
8 0.262207 0.749023 0.0380859 0.0410156 0.919434
22 0.340576 0.580078 0.0361328 0.0410156 0.917969
2 0.102661 0.664062 0.0297852 0.0429688 0.913086
0 0.0230408 0.246094 0.0460815 0.0405273 0.912598
8 0.434082 0.666016 0.0341797 0.0390625 0.905762
2 0.291504 0.325439 0.027832 0.0405273 0.903809
4 0.464844 0.908691 0.0322266 0.0537109 0.90332
9 0.424805 0.75 0.0341797 0.0449219 0.896973
0 0.44458 0.160156 0.0791016 0.0390625 0.891602
5 0.351562 0.747559 0.0351562 0.0419922 0.891113
18 0.444336 0.824707 0.0371094 0.0498047 0.889648
9 0.598633 0.580078 0.0390625 0.0429688 0.888672
14 0.32373 0.737793 0.0175781 0.0625 0.885742
2 0.0333557 0.32666 0.0321655 0.0478516 0.884766
5 0.109131 0.494385 0.0368652 0.0424805 0.883301
18 0.449707 0.0757446 0.0527344 0.0523682 0.878418
6 0.482422 0.831543 0.0361328 0.0410156 0.873047
13 0.170166 0.154175 0.0212402 0.0646973 0.870605
2 0.549805 0.830078 0.0253906 0.0429688 0.869629
8 0.263428 0.916016 0.0410156 0.0429688 0.867188
23 0.605469 0.911133 0.0390625 0.0419922 0.861328
13 0.306396 0.977539 0.0205078 0.0449219 0.845703
5 0.403076 0.328369 0.0366211 0.0410156 0.842773
2 0.0299988 0.916992 0.0269165 0.0429688 0.84082
5 0.335938 0.822266 0.0400391 0.0585938 0.835449
24 0.104431 0.915039 0.0339355 0.0546875 0.817383
7 0.230713 0.419434 0.0615234 0.0625 0.81543
7 0.396973 0.842773 0.0546875 0.0605469 0.811523
13 0.130859 0.824219 0.0258789 0.0644531 0.810547
7 0.402832 0.253662 0.0615234 0.0600586 0.809082
6 0.505859 0.579102 0.0380859 0.0429688 0.808105
6 0.387939 0.746094 0.0351562 0.0410156 0.803223
22 0.0880127 0.161499 0.0339355 0.0422363 0.790527
4 0.567383 0.658203 0.0292969 0.0507812 0.782715
13 0.0810547 0.486084 0.0217285 0.0649414 0.775879
13 0.472656 0.150116 0.0205078 0.0610962 0.769043
2 0.147705 0.411133 0.0292969 0.0449219 0.767578
9 0.1875 0.0811768 0.0368652 0.0408936 0.766113
7 0.55957 0.922363 0.0546875 0.0576172 0.756348
2 0.434082 0.0096283 0.0253906 0.0192566 0.746094
18 0.201538 0.156494 0.0383301 0.0488281 0.743164
22 0.383789 0.160645 0.0332031 0.0419922 0.73584
21 0.259277 0.843262 0.0395508 0.0605469 0.732422
19 0.520508 0.829102 0.0292969 0.0439453 0.720215
18 0.201172 0.657227 0.0524902 0.0556641 0.702637
13 0.228027 0.31543 0.0209961 0.0654297 0.695801
22 0.248291 0.581055 0.0366211 0.0429688 0.690918
21 0.0416336 0.595703 0.0406342 0.0585938 0.689453
2 0.378662 0.572266 0.0302734 0.0527344 0.684082
24 0.499756 0.253967 0.043457 0.0594482 0.675781
24 0.601562 0.232178 0.0410156 0.0664062 0.672363
6 0.32373 0.411621 0.0361328 0.0410156 0.662109
24 0.602539 0.209717 0.0371094 0.0214844 0.658203
5 0.608398 0.829102 0.0273438 0.03125 0.656738
16 0.59082 0.325195 0.0625 0.0527344 0.654785
2 0.507324 0.00926208 0.0292969 0.0185242 0.644043
4 0.35498 0.910156 0.0307617 0.0566406 0.637207
2 0.427734 0.412842 0.0546875 0.0454102 0.618652
12 0.253418 0.654785 0.0522461 0.0664062 0.616699
13 0.541016 0.65332 0.0195312 0.0644531 0.616699
12 0.00926971 0.569824 0.0185394 0.0644531 0.59082
2 0.0976562 0.988281 0.0280762 0.0234375 0.57373
14 0.522461 0.651855 0.0214844 0.0644531 0.563965
14 0.449707 0.233154 0.0185547 0.0644531 0.560059
13 0.470703 0.233887 0.0244141 0.0673828 0.548828
14 0.474121 0.977539 0.03125 0.0449219 0.542969
22 0.386719 0.664551 0.0546875 0.0439453 0.542969
24 0.566895 0.237305 0.0302734 0.0551758 0.541016
1 0.350342 0.336914 0.0375977 0.0673828 0.541016
24 0.0204163 0.466309 0.0405884 0.0244141 0.529297
18 0.0252228 0.824219 0.0462341 0.0644531 0.529297
19 0.603516 0.494385 0.03125 0.0424805 0.525391
14 0.481445 0.483154 0.0341797 0.0629883 0.517578
6 0.140167 0.665039 0.0448608 0.0429688 0.511719
13 0.00682449 0.0326233 0.0135422 0.0646362 0.507812
