1 0.217285 0.951172 0.0952148 0.0976562 0.991699
19 0.731445 0.75293 0.0644531 0.0917969 0.98584
2 0.235229 0.75 0.0754395 0.101562 0.98584
9 0.617676 0.749023 0.0957031 0.0996094 0.984863
4 0.0716553 0.942383 0.0709229 0.115234 0.983887
18 0.859375 0.339111 0.109375 0.141602 0.981445
0 0.939453 0.761719 0.121094 0.0957031 0.980957
4 0.464844 0.74707 0.0712891 0.105469 0.979004
21 0.475098 0.578125 0.101562 0.134766 0.977539
2 0.769531 0.355225 0.0742188 0.0961914 0.977051
0 0.561646 0.956055 0.148193 0.0878906 0.977051
6 0.143677 0.749023 0.0893555 0.0957031 0.975586
2 0.535645 0.755859 0.0722656 0.100586 0.972168
6 0.320801 0.953613 0.0976562 0.0927734 0.972168
13 0.220825 0.52832 0.0415039 0.146484 0.96875
13 0.858398 0.735352 0.0390625 0.144531 0.966309
23 0.804199 0.759766 0.0664062 0.0888672 0.964844
8 0.574707 0.554199 0.0976562 0.0966797 0.960449
2 0.0588379 0.749023 0.0766602 0.09375 0.959961
8 0.938477 0.955078 0.0898438 0.0898438 0.950195
14 0.700195 0.336426 0.0488281 0.137695 0.94873
21 0.839844 0.958008 0.103516 0.0839844 0.945312
13 0.938477 0.340088 0.0449219 0.140137 0.943359
18 0.132812 0.537109 0.134033 0.128906 0.92627
2 0.753906 0.95166 0.0703125 0.0966797 0.916504
4 0.0159912 0.924805 0.0319824 0.148438 0.887207
6 0.987305 0.167603 0.0253906 0.0930176 0.878906
7 0.822266 0.583008 0.164062 0.132812 0.845703
23 0.684082 0.955078 0.0722656 0.0898438 0.790527
6 0.984863 0.369141 0.0302734 0.0869141 0.788086
6 0.381104 0.163055 0.153809 0.0928345 0.764648
13 0.00984955 0.330078 0.0196075 0.155273 0.637207
22 0.421387 0.955078 0.0908203 0.0898438 0.539062
