18 0.0500488 0.476562 0.100098 0.139648 0.987305
23 0.873047 0.101929 0.0742188 0.0927734 0.985352
18 0.700195 0.469727 0.107422 0.142578 0.985352
4 0.979492 0.295349 0.0410156 0.119263 0.983398
7 0.821289 0.522949 0.0976562 0.132812 0.982422
2 0.350586 0.881836 0.0742188 0.0976562 0.982422
2 0.795898 0.105972 0.0800781 0.0956726 0.980469
4 0.586914 0.876953 0.0722656 0.111328 0.980469
9 0.875488 0.684082 0.0888672 0.101562 0.979492
1 0.0761108 0.90332 0.0908203 0.12793 0.979492
23 0.948242 0.104187 0.0742188 0.088501 0.978027
0 0.136353 0.692871 0.19165 0.0898438 0.970703
6 0.768555 0.6875 0.0996094 0.09375 0.967285
2 0.28833 0.494141 0.0722656 0.0957031 0.964844
22 0.967773 0.494141 0.0644531 0.0917969 0.963379
0 0.532227 0.695312 0.196289 0.0957031 0.961426
5 0.984375 0.874023 0.03125 0.117188 0.956543
7 0.909668 0.90625 0.104492 0.132812 0.950684
11 0.655762 0.0782471 0.146484 0.138916 0.943848
7 0.880371 0.321289 0.149414 0.135742 0.936035
23 0.214111 0.496094 0.0742188 0.0878906 0.925293
7 0.222534 0.323975 0.162354 0.133301 0.91748
4 0.530762 0.0929565 0.0986328 0.107788 0.912598
2 0.00904083 0.687012 0.0180817 0.0957031 0.836426
22 0.993652 0.102417 0.0126953 0.0749512 0.794434
13 0.271912 0.0743408 0.0782471 0.148682 0.786621
13 0.973633 0.669434 0.0527344 0.147461 0.607422
4 0.0275574 0.285889 0.0551147 0.115723 0.583008
22 0.714844 0.883789 0.140625 0.09375 0.552734
11 0.204346 0.858398 0.146484 0.132812 0.519531
