1 0.945312 0.414062 0.0800781 0.135742 0.991699
11 0.901367 0.765625 0.0820312 0.134766 0.991699
7 0.660156 0.812988 0.0957031 0.139648 0.989746
2 0.621582 0.972656 0.0693359 0.0546875 0.98877
19 0.928223 0.196045 0.0566406 0.0878906 0.988281
9 0.819336 0.19165 0.0810547 0.09375 0.986328
1 0.253845 0.973145 0.0831299 0.0537109 0.984863
16 0.0487671 0.976562 0.0955811 0.046875 0.983398
2 0.863281 0.96875 0.0683594 0.0625 0.978516
5 0.973633 0.78418 0.0527344 0.0898438 0.978027
6 0.730957 0.195312 0.0869141 0.0859375 0.977539
5 0.620117 0.020874 0.0800781 0.041748 0.976562
7 0.555664 0.812988 0.101562 0.138672 0.976074
4 0.700195 0.381348 0.0683594 0.109375 0.975586
23 0.832031 0.390137 0.0703125 0.0859375 0.974609
8 0.955078 0.96875 0.0820312 0.0625 0.974609
5 0.459961 0.792969 0.0820312 0.0908203 0.974121
2 0.762695 0.390381 0.0605469 0.0864258 0.973633
22 0.829102 0.589844 0.0800781 0.0898438 0.967285
22 0.813965 0.787109 0.078125 0.0859375 0.966797
0 0.9375 0.590332 0.119141 0.0927734 0.962891
0 0.726562 0.0183716 0.12207 0.0367432 0.957031
8 0.921875 0.0207367 0.0830078 0.0414734 0.943359
8 0.213379 0.0204926 0.0898438 0.0409851 0.935547
13 0.526367 0.559448 0.0507812 0.150635 0.935059
5 0.490723 0.0209351 0.107422 0.0418701 0.924316
5 0.835938 0.0199738 0.0751953 0.0399475 0.923828
8 0.531128 0.972656 0.0881348 0.0546875 0.918457
27 0.326172 0.97168 0.0556641 0.0566406 0.91748
23 0.741699 0.788574 0.0664062 0.0878906 0.908691
23 0.980469 0.191772 0.0390625 0.0822754 0.895508
7 0.773438 0.974609 0.0917969 0.0507812 0.875
2 0.388428 0.799316 0.0356445 0.0400391 0.839844
9 0.0201416 0.592773 0.0402832 0.101562 0.838867
4 0.297852 0.0238647 0.0625 0.0477295 0.822266
5 0.107056 0.0213165 0.109619 0.0426331 0.750488
4 0.147583 0.969727 0.0874023 0.0605469 0.743164
27 0.330078 0.794922 0.0527344 0.0917969 0.672363
