24 0.46167 0.742188 0.0385742 0.046875 0.997559
2 0.601074 0.420654 0.0302734 0.0366211 0.981934
5 0.546875 0.80957 0.0351562 0.0371094 0.981934
13 0.833008 0.0892944 0.0214844 0.0666504 0.980469
2 0.435547 0.345215 0.0283203 0.0366211 0.980469
2 0.496094 0.346924 0.0292969 0.0390625 0.977051
18 0.976562 0.784668 0.0429688 0.0595703 0.975586
5 0.979004 0.0183716 0.0380859 0.0367432 0.973633
7 0.59082 0.740723 0.0410156 0.0507812 0.973145
12 0.743652 0.875 0.0585938 0.0664062 0.97168
0 0.970703 0.171143 0.0527344 0.0358887 0.966309
0 0.541016 0.736328 0.0527344 0.0351562 0.96582
18 0.919922 0.168701 0.0410156 0.0510254 0.963867
22 0.833984 0.335938 0.0371094 0.0410156 0.963379
7 0.78125 0.964844 0.0380859 0.0546875 0.962891
7 0.78418 0.658203 0.0410156 0.0546875 0.961914
0 0.732422 0.959473 0.0546875 0.0361328 0.961914
5 0.906738 0.0207214 0.0361328 0.039856 0.955078
7 0.430664 0.973633 0.043457 0.0507812 0.954102
7 0.744141 0.808594 0.0410156 0.0507812 0.952637
7 0.490234 0.588867 0.0400391 0.0527344 0.95166
0 0.65332 0.805176 0.0566406 0.0390625 0.949219
5 0.811523 0.876953 0.0341797 0.0371094 0.945312
7 0.574219 0.507812 0.0410156 0.0517578 0.944824
7 0.898926 0.962891 0.0390625 0.0556641 0.942871
22 0.617188 0.498047 0.0351562 0.0380859 0.941406
13 0.987305 0.0821381 0.0214844 0.0683899 0.938965
0 0.47168 0.498535 0.0566406 0.0517578 0.938965
2 0.44751 0.887695 0.0297852 0.0371094 0.937988
5 0.492676 0.966309 0.0361328 0.0400391 0.937012
18 0.677734 0.0238342 0.0449219 0.0473022 0.936523
9 0.915527 0.487793 0.0351562 0.0390625 0.936523
2 0.786133 0.724121 0.0292969 0.0341797 0.936523
5 0.785156 0.180664 0.0351562 0.0400391 0.932617
13 0.938477 0.78418 0.0214844 0.0644531 0.928711
5 0.445068 0.269775 0.0336914 0.0385742 0.927734
2 0.541016 0.0314865 0.0322266 0.0387115 0.926758
5 0.590332 0.34375 0.0380859 0.0371094 0.92627
18 0.823242 0.713379 0.0449219 0.0556641 0.924316
11 0.957031 0.0858154 0.0351562 0.0617676 0.922363
2 0.770508 0.572266 0.03125 0.0390625 0.918457
6 0.880859 0.643555 0.0351562 0.0371094 0.914062
2 0.910156 0.719238 0.0322266 0.0361328 0.913086
32 0.483887 0.108704 0.0429688 0.0792236 0.911133
6 0.533203 0.579102 0.0390625 0.0371094 0.911133
7 0.666992 0.89209 0.0849609 0.0595703 0.911133
2 0.567383 0.107117 0.03125 0.0372314 0.907227
2 0.720703 0.1026 0.0292969 0.0378418 0.905273
5 0.540039 0.267029 0.0361328 0.0391846 0.905273
1 0.806641 0.0302124 0.0371094 0.0532227 0.899902
14 0.463623 0.957031 0.0131836 0.0566406 0.896484
9 0.546875 0.887695 0.0351562 0.0351562 0.89502
2 0.84668 0.567383 0.0332031 0.0390625 0.893066
9 0.920898 0.644043 0.0371094 0.0390625 0.885742
5 0.958008 0.95166 0.0371094 0.0371094 0.885742
5 0.594727 0.963867 0.0332031 0.0371094 0.882324
13 0.814453 0.635254 0.0195312 0.0664062 0.879883
5 0.959961 0.717773 0.0371094 0.0371094 0.876465
4 0.516602 0.808594 0.0253906 0.0390625 0.874023
9 0.670898 0.729492 0.0380859 0.0380859 0.869629
5 0.881836 0.25531 0.0351562 0.0401611 0.865234
6 0.481934 0.267822 0.0380859 0.0361328 0.864258
13 0.641602 0.717285 0.0214844 0.0644531 0.864258
7 0.435791 0.589844 0.065918 0.0556641 0.863281
22 0.876953 0.489258 0.0351562 0.0390625 0.849121
13 0.750977 0.0243835 0.0224609 0.0427856 0.811523
5 0.790039 0.799316 0.0380859 0.0400391 0.810547
6 0.675293 0.262756 0.0361328 0.0379639 0.808105
22 0.789062 0.41626 0.0371094 0.0405273 0.799316
46 0.911133 0.563477 0.0839844 0.0429688 0.782715
8 0.48291 0.811523 0.0361328 0.0361328 0.78125
9 0.833984 0.259216 0.0351562 0.0401611 0.777344
24 0.853516 0.882812 0.046875 0.0527344 0.775879
2 0.961426 0.486328 0.0302734 0.0371094 0.771973
7 0.801758 0.109497 0.0380859 0.0541992 0.759277
7 0.616699 0.663086 0.0664062 0.0527344 0.757812
2 0.425537 0.738281 0.0336914 0.0371094 0.73877
7 0.975098 0.650391 0.0498047 0.0546875 0.728027
18 0.894531 0.328369 0.0644531 0.0493164 0.720215
4 0.458496 0.423828 0.0273438 0.0439453 0.713867
4 0.62793 0.960938 0.0273438 0.046875 0.713867
4 0.731445 0.492188 0.0234375 0.0449219 0.710449
13 0.975586 0.551758 0.0195312 0.0644531 0.710449
11 0.842773 0.634277 0.0332031 0.0585938 0.70752
2 0.465332 0.344727 0.0302734 0.0380859 0.705566
22 0.989258 0.40332 0.0214844 0.0400391 0.702637
8 0.874023 0.72168 0.0371094 0.0390625 0.700684
21 0.485352 0.896484 0.0400391 0.0537109 0.697754
4 0.691406 0.105347 0.0292969 0.0400391 0.672363
10 0.415527 0.335449 0.0351562 0.0615234 0.662109
14 0.929688 0.939453 0.0175781 0.0576172 0.660156
2 0.650391 0.185547 0.0292969 0.0390625 0.654785
13 0.991211 0.875977 0.0175781 0.0625 0.622559
2 0.687012 0.960938 0.03125 0.0400391 0.613281
14 0.455078 0.179688 0.0214844 0.0612793 0.611328
14 0.958008 0.553223 0.0175781 0.0595703 0.604004
4 0.817383 0.179688 0.0253906 0.0424805 0.59082
1 0.420898 0.510254 0.0371094 0.0576172 0.59082
13 0.852539 0.786133 0.0371094 0.0576172 0.581543
6 0.490234 0.424316 0.0361328 0.0385742 0.577637
46 0.960938 0.332031 0.0605469 0.0400391 0.575684
9 0.623535 0.0299377 0.0371094 0.0397339 0.57373
18 0.417969 0.180542 0.046875 0.0634766 0.571777
6 0.848145 0.0223694 0.0380859 0.0387573 0.565918
