19 0.216064 0.962891 0.0644531 0.0742188 0.996094
8 0.370117 0.777832 0.0976562 0.0996094 0.974121
8 0.169647 0.772461 0.0982056 0.09375 0.969727
13 0.386719 0.94043 0.0517578 0.119141 0.965332
22 0.271729 0.776367 0.0878906 0.0908203 0.958984
13 0.156738 0.937988 0.0507812 0.124023 0.954102
0 0.350586 0.0152512 0.139648 0.0305023 0.950195
12 0.303711 0.939941 0.10791 0.120117 0.940918
2 0.391602 0.584961 0.0429688 0.046875 0.90918
2 0.0129166 0.768555 0.0258026 0.0869141 0.889648
2 0.0691986 0.573242 0.0698547 0.0917969 0.825684
2 0.0701294 0.779297 0.0419922 0.0507812 0.773438
11 0.253845 0.55127 0.0919189 0.137695 0.743164
4 0.157227 0.569824 0.0996094 0.105469 0.70752
22 0.22998 0.0142822 0.0834961 0.0285645 0.697754
5 0.01651 0.572754 0.03302 0.0927734 0.690918
38 0.0651245 0.9375 0.130249 0.125 0.618652
