11 0.943848 0.268555 0.0927734 0.138672 0.993652
19 0.789062 0.0910797 0.0683594 0.0900574 0.991699
0 0.539551 0.898438 0.138672 0.0898438 0.987793
13 0.864258 0.0737305 0.0449219 0.142334 0.983398
0 0.901855 0.493652 0.132812 0.0908203 0.980957
2 0.685547 0.89209 0.0761719 0.0927734 0.978027
8 0.319336 0.893066 0.0976562 0.0927734 0.977539
6 0.849121 0.294006 0.0898438 0.0916748 0.975098
8 0.871094 0.692383 0.0957031 0.0917969 0.975098
11 0.742188 0.667969 0.150391 0.135742 0.972656
6 0.418457 0.895508 0.0991211 0.0888672 0.972168
7 0.939453 0.120117 0.107422 0.13501 0.96875
8 0.62207 0.0887299 0.103516 0.0964661 0.968262
2 0.238281 0.49292 0.0771484 0.0981445 0.968262
0 0.321289 0.0981445 0.192383 0.0944824 0.965332
6 0.961426 0.692871 0.0771484 0.0888672 0.963867
14 0.011673 0.465332 0.0232544 0.140625 0.946777
3 0.967773 0.879883 0.0644531 0.173828 0.939941
5 0.987793 0.480957 0.0244141 0.114258 0.9375
11 0.101807 0.665527 0.149414 0.137695 0.930176
11 0.190063 0.869141 0.150146 0.136719 0.90332
6 0.177734 0.0991058 0.0869141 0.0845032 0.854004
0 0.580078 0.270996 0.152344 0.141113 0.845703
7 0.413574 0.315369 0.166992 0.132935 0.838867
6 0.331299 0.694824 0.0966797 0.0908203 0.823242
0 0.0404053 0.890625 0.0805664 0.0927734 0.680664
13 0.395508 0.071167 0.0458984 0.140869 0.602051
22 0.0401306 0.0909424 0.0779419 0.090332 0.562012
