11 0.858398 0.912109 0.0917969 0.138672 0.993164
1 0.781738 0.364258 0.0927734 0.139648 0.991211
27 0.859375 0.358398 0.0556641 0.137695 0.991211
18 0.754395 0.514648 0.110352 0.140625 0.990723
13 0.53125 0.920898 0.0449219 0.150391 0.98291
7 0.890137 0.168091 0.0927734 0.131104 0.97998
9 0.94043 0.537109 0.0888672 0.100586 0.979004
2 0.699219 0.338379 0.0722656 0.0981445 0.975098
2 0.38916 0.734375 0.0771484 0.0957031 0.973145
8 0.603516 0.336914 0.0976562 0.0976562 0.972656
2 0.85791 0.538574 0.0732422 0.09375 0.971191
6 0.450195 0.340332 0.0976562 0.0957031 0.970703
7 0.0697632 0.564575 0.139526 0.140381 0.970703
22 0.771484 0.737793 0.0898438 0.0898438 0.962891
9 0.774902 0.136261 0.0927734 0.105896 0.958008
5 0.601562 0.937012 0.0898438 0.0996094 0.957031
22 0.300781 0.935547 0.0820312 0.0898438 0.946777
14 0.32251 0.714355 0.0429688 0.138672 0.938965
14 0.370117 0.916992 0.0449219 0.137695 0.9375
10 0.640625 0.513184 0.0957031 0.144531 0.932617
4 0.00798035 0.119751 0.0159607 0.150635 0.880859
5 0.972656 0.142609 0.0546875 0.0956421 0.868164
6 0.439941 0.936523 0.0932617 0.0957031 0.836426
12 0.340332 0.314392 0.11084 0.140747 0.78125
18 0.12915 0.132446 0.133789 0.129639 0.773438
11 0.935059 0.712891 0.129883 0.136719 0.704102
7 0.0648193 0.946777 0.129639 0.106445 0.577637
