5 0.945312 0.232056 0.0380859 0.0524902 0.984375
2 0.400635 0.154785 0.0327148 0.0454102 0.98291
11 0.837891 0.0541077 0.0371094 0.0631714 0.974609
21 0.700684 0.0776978 0.0390625 0.0584717 0.972656
2 0.961914 0.144073 0.0273438 0.0404663 0.969727
0 0.320557 0.0714264 0.0644531 0.0473328 0.962402
10 0.317383 0.229858 0.0322266 0.0695801 0.95752
21 0.1604 0.258301 0.0458984 0.0673828 0.953125
5 0.344727 0.154785 0.0380859 0.043457 0.95166
0 0.43457 0.0600586 0.0634766 0.0625 0.943848
11 0.748047 0.137177 0.0361328 0.0635376 0.940918
2 0.182373 0.0723267 0.0322266 0.0435791 0.931152
0 0.541016 0.1521 0.0576172 0.0458984 0.930664
5 0.898926 0.0622559 0.0351562 0.0413818 0.926758
0 0.496582 0.0697021 0.0605469 0.0466309 0.91748
7 0.666992 0.159424 0.0527344 0.0629883 0.908203
13 0.155518 0.0633698 0.0214844 0.0636902 0.897461
6 0.191284 0.156128 0.036377 0.0424805 0.893066
21 0.763672 0.227783 0.0546875 0.0688477 0.890137
4 0.837891 0.141876 0.0341797 0.0526733 0.88623
7 0.124878 0.0807495 0.0375977 0.0629883 0.867188
8 0.220215 0.072876 0.0415039 0.0465088 0.861328
5 0.124451 0.241577 0.036499 0.048584 0.858887
8 0.437012 0.15625 0.0380859 0.0405273 0.834473
14 0.869141 0.0521851 0.0214844 0.0644531 0.819824
8 0.936035 0.0623779 0.0351562 0.0374756 0.818848
5 0.106689 0.156372 0.0505371 0.0427246 0.81543
2 0.495117 0.240479 0.0517578 0.0512695 0.79834
10 0.0613403 0.0645752 0.0394287 0.0744629 0.795898
22 0.782227 0.0630035 0.0371094 0.0417175 0.788086
14 0.375977 0.1427 0.0185547 0.0671387 0.788086
23 0.538086 0.236938 0.0351562 0.0466309 0.764648
16 0.305908 0.153931 0.0385742 0.0427246 0.750488
23 0.710449 0.148682 0.0341797 0.0419922 0.744629
18 0.978027 0.0547791 0.0439453 0.0558472 0.737305
22 0.350342 0.242798 0.0322266 0.0471191 0.715332
6 0.788574 0.139191 0.0429688 0.0595093 0.710449
5 0.0863037 0.0696411 0.0385742 0.0543213 0.708984
7 0.902344 0.243408 0.0429688 0.0639648 0.702637
22 0.547852 0.0702515 0.0390625 0.0444336 0.651367
13 0.895996 0.135742 0.0195312 0.0683594 0.560059
4 0.484375 0.150879 0.0537109 0.0488281 0.517578
13 0.995117 0.2229 0.00976562 0.0771484 0.515625
