19 0.541016 0.870117 0.0625 0.0917969 0.994629
19 0.853516 0.486572 0.0703125 0.090332 0.992188
18 0.949219 0.0691528 0.101562 0.138306 0.98877
2 0.302246 0.864258 0.0771484 0.0917969 0.985352
2 0.859863 0.0909576 0.0791016 0.102753 0.983398
19 0.602539 0.87207 0.0585938 0.0917969 0.98291
0 0.75293 0.292236 0.138672 0.0957031 0.982422
22 0.0671997 0.861328 0.0889893 0.0898438 0.980957
4 0.420898 0.082016 0.0683594 0.117706 0.977051
4 0.348877 0.0806274 0.074707 0.116089 0.969727
2 0.866211 0.288574 0.0732422 0.0893555 0.969727
2 0.491699 0.0857544 0.0712891 0.0960693 0.966309
23 0.561035 0.0865326 0.0673828 0.0884094 0.959961
7 0.434814 0.891602 0.148926 0.134766 0.95166
2 0.0141678 0.269531 0.0283356 0.0839844 0.941895
5 0.672852 0.874023 0.0859375 0.09375 0.940918
4 0.950195 0.285889 0.09375 0.105957 0.930176
12 0.724121 0.459961 0.168945 0.141602 0.927734
23 0.784668 0.0882721 0.0693359 0.0871277 0.916504
0 0.184692 0.865234 0.142334 0.09375 0.858887
2 0.0108948 0.0789185 0.0216675 0.0877686 0.824219
8 0.186279 0.448975 0.0957031 0.137207 0.774414
0 0.972168 0.695312 0.0556641 0.103516 0.733887
2 0.0925293 0.983398 0.0888672 0.0332031 0.730957
6 0.848633 0.684082 0.148438 0.09375 0.673828
4 0.949219 0.463623 0.0957031 0.141113 0.592773
8 0.145782 0.0828705 0.0492554 0.085968 0.59082
