18 0.974121 0.190674 0.0517578 0.124512 0.988281
19 0.875977 0.806641 0.0683594 0.0917969 0.98584
1 0.807617 0.979492 0.0898438 0.0410156 0.980957
2 0.104736 0.416992 0.0673828 0.0917969 0.975098
23 0.913086 0.212769 0.0722656 0.0905762 0.974609
13 0.359863 0.599609 0.0458984 0.158203 0.974609
6 0.344482 0.80957 0.0913086 0.09375 0.969727
6 0.107239 0.811523 0.0941162 0.0898438 0.965332
14 0.986328 0.588867 0.0273438 0.136719 0.962891
1 0.0245056 0.831055 0.0490112 0.138672 0.961914
6 0.198242 0.982422 0.0932617 0.0351562 0.959961
6 0.907227 0.980469 0.09375 0.0390625 0.954102
8 0.439453 0.80957 0.0996094 0.0917969 0.953125
0 0.0799561 0.983887 0.139893 0.0322266 0.948242
4 0.00854492 0.214355 0.0170898 0.10498 0.925781
9 0.294983 0.978027 0.0906982 0.0439453 0.925293
0 0.661133 0.984375 0.132812 0.03125 0.922363
7 0.460205 0.634766 0.125488 0.128906 0.901855
6 0.742188 0.806152 0.154297 0.0947266 0.896973
22 0.927734 0.609375 0.078125 0.0878906 0.877441
6 0.733398 0.40332 0.136719 0.103516 0.855957
23 0.95459 0.806152 0.0908203 0.0966797 0.850098
5 0.981445 0.974609 0.0371094 0.0507812 0.848145
11 0.00862885 0.593262 0.0172577 0.121094 0.839844
2 0.201904 0.810059 0.0771484 0.0917969 0.81543
22 0.805664 0.612305 0.0878906 0.0859375 0.811523
16 0.973633 0.351807 0.0527344 0.0507812 0.769043
18 0.530762 0.967773 0.131836 0.0644531 0.715332
18 0.240723 0.207886 0.138672 0.128174 0.705566
19 0.266846 0.810059 0.0605469 0.0917969 0.704102
8 0.806641 0.192261 0.134766 0.140869 0.647949
1 0.56543 0.83252 0.138672 0.135742 0.602051
6 0.385254 0.211182 0.136719 0.105957 0.537109
27 0.303711 0.61377 0.0571289 0.0888672 0.529297
22 0.00891113 0.42334 0.0178223 0.0751953 0.527344
