19 0.353516 0.870117 0.0639648 0.09375 0.996094
11 0.759277 0.25708 0.0878906 0.130859 0.993164
8 0.802734 0.676758 0.0996094 0.0976562 0.992676
2 0.585449 0.081192 0.0722656 0.103729 0.990234
2 0.576172 0.879883 0.0761719 0.0976562 0.984375
8 0.663574 0.875 0.0957031 0.0976562 0.981934
13 0.826172 0.259521 0.0410156 0.141113 0.978027
7 0.938477 0.503906 0.103516 0.130859 0.977051
6 0.900391 0.677734 0.0917969 0.0898438 0.976074
4 0.89209 0.273865 0.0722656 0.11438 0.975586
9 0.768555 0.878906 0.0917969 0.09375 0.975586
6 0.494141 0.0781403 0.0869141 0.0907898 0.96875
5 0.429688 0.872559 0.0839844 0.0976562 0.956543
14 0.974609 0.663086 0.0478516 0.134766 0.95459
3 0.811523 0.462891 0.121094 0.151367 0.931152
0 0.94873 0.882812 0.102539 0.0927734 0.888184
6 0.984863 0.0842896 0.0302734 0.09021 0.876465
13 0.447266 0.277771 0.00976562 0.0977783 0.697754
8 0.991699 0.282959 0.0166016 0.0922852 0.607422
