5 0.0218811 0.713867 0.0437622 0.0957031 0.98877
0 0.282227 0.147675 0.115234 0.132385 0.979492
7 0.0426025 0.931641 0.0852051 0.132812 0.978516
4 0.12854 0.111694 0.065918 0.108643 0.973145
2 0.191406 0.121338 0.0585938 0.0871582 0.961914
2 0.311279 0.522461 0.0683594 0.0927734 0.958496
18 0.156708 0.897461 0.123108 0.117188 0.888672
5 0.0307617 0.515625 0.0615234 0.0888672 0.888184
0 0.300293 0.346191 0.0810547 0.128906 0.829102
14 0.990234 0.761719 0.0195312 0.144531 0.805664
14 0.991699 0.946289 0.0166016 0.107422 0.800781
4 0.0849609 0.309082 0.0935059 0.10498 0.728027
8 0.0166931 0.31543 0.0332642 0.0917969 0.584961
18 0.277771 0.703125 0.124146 0.123047 0.527344
8 0.986328 0.0150299 0.0253906 0.0300598 0.517578
