11 0.151489 0.765625 0.0812988 0.134766 0.991699
9 0.069397 0.19165 0.0810547 0.0942383 0.98584
4 0.306641 0.774414 0.0639648 0.109375 0.984863
8 0.206421 0.969238 0.0847168 0.0615234 0.980957
5 0.234375 0.78418 0.0761719 0.0898438 0.97998
2 0.113342 0.96875 0.0687256 0.0625 0.979492
2 0.0210724 0.390381 0.0421448 0.0864258 0.973145
23 0.0817871 0.390137 0.0693359 0.0859375 0.969238
22 0.0639496 0.787109 0.0781555 0.0859375 0.966797
22 0.296387 0.970703 0.0791016 0.0585938 0.966797
0 0.189087 0.589844 0.123291 0.0927734 0.960449
23 0.242188 0.191284 0.0629883 0.0827637 0.95166
8 0.172241 0.0206909 0.0837402 0.0413818 0.947754
2 0.304688 0.189697 0.0600586 0.0883789 0.943848
4 0.02005 0.571289 0.039978 0.128906 0.939453
5 0.0859375 0.0199738 0.0753174 0.0399475 0.921875
19 0.248169 0.0209656 0.0534668 0.0419312 0.774414
5 0.0121689 0.196533 0.0243378 0.0898438 0.73584
14 0.989746 0.0635986 0.0195312 0.127197 0.686035
11 0.0349731 0.947754 0.0699463 0.104492 0.622559
