46 0.834961 0.407227 0.0761719 0.0449219 0.987793
9 0.956055 0.404785 0.0380859 0.0410156 0.981934
24 0.911133 0.335449 0.0380859 0.0488281 0.973145
2 0.542969 0.497559 0.03125 0.0400391 0.972656
11 0.894531 0.39502 0.0351562 0.0605469 0.970703
0 0.823242 0.489258 0.0585938 0.0449219 0.963379
0 0.643555 0.416504 0.0605469 0.0410156 0.962402
13 0.724121 0.479248 0.0224609 0.0688477 0.960449
6 0.693359 0.178711 0.0390625 0.0390625 0.958496
0 0.695312 0.25824 0.0546875 0.0352783 0.95752
5 0.47168 0.107117 0.0351562 0.0374756 0.95459
5 0.567871 0.184204 0.0361328 0.0395508 0.949219
3 0.772461 0.321289 0.0605469 0.0693359 0.949219
5 0.771484 0.409668 0.0371094 0.0390625 0.945312
5 0.974609 0.169312 0.0361328 0.0388184 0.943848
9 0.607422 0.18042 0.0371094 0.0380859 0.942383
2 0.556641 0.415527 0.0292969 0.0351562 0.932617
5 0.614746 0.497314 0.0361328 0.0395508 0.932129
2 0.597656 0.0222473 0.0449219 0.0431519 0.929199
7 0.807129 0.0252991 0.0390625 0.0505981 0.928223
5 0.873047 0.488037 0.0390625 0.0415039 0.92627
8 0.910156 0.488281 0.0371094 0.0410156 0.925781
0 0.674805 0.102173 0.0585938 0.0395508 0.925293
22 0.922852 0.172974 0.0371094 0.0388184 0.925293
21 0.525391 0.191895 0.0488281 0.059082 0.92041
6 0.797363 0.0949097 0.0361328 0.0383301 0.918457
5 0.828125 0.171387 0.0371094 0.0400391 0.910645
9 0.839844 0.0931396 0.0371094 0.0385742 0.90918
1 0.954102 0.020752 0.0371094 0.0415039 0.907227
5 0.53125 0.260254 0.0361328 0.043457 0.901855
2 0.874023 0.328857 0.0322266 0.0375977 0.900391
22 0.679199 0.0219116 0.0380859 0.039856 0.897461
11 0.592285 0.0919342 0.0341797 0.0624695 0.894043
7 0.786133 0.18042 0.0410156 0.0524902 0.894043
24 0.577148 0.506348 0.0390625 0.0537109 0.855957
5 0.478027 0.420898 0.0292969 0.0380859 0.854004
2 0.755371 0.0193787 0.03125 0.0385742 0.845703
13 0.924805 0.393555 0.0214844 0.0678711 0.84375
4 0.439453 0.107788 0.0283203 0.0407715 0.842773
10 0.449707 0.332764 0.0361328 0.0644531 0.827637
6 0.490723 0.262207 0.0361328 0.0385742 0.812988
7 0.844238 0.260498 0.0400391 0.0537109 0.812988
6 0.650391 0.49707 0.0371094 0.0380859 0.801758
14 0.894531 0.1604 0.0175781 0.0605469 0.791992
6 0.743164 0.25592 0.0361328 0.0379639 0.740234
6 0.866211 0.173828 0.0371094 0.0405273 0.73877
13 0.524902 0.32959 0.0175781 0.0644531 0.730957
13 0.628906 0.0886383 0.0332031 0.0695496 0.726562
7 0.551758 0.345703 0.0371094 0.0507812 0.726562
8 0.758789 0.0971069 0.0332031 0.036499 0.651367
14 0.772949 0.241211 0.0175781 0.0625 0.644043
13 0.837891 0.0155563 0.0185547 0.0311127 0.624512
18 0.874023 0.0173035 0.0429688 0.0346069 0.596191
2 0.98877 0.486328 0.0224609 0.0439453 0.571777
