7 0.0994873 0.116333 0.0456543 0.0546875 0.978516
2 0.699219 0.335693 0.03125 0.0390625 0.97168
2 0.287109 0.339355 0.0302734 0.0390625 0.964844
18 0.942383 0.166992 0.0429688 0.0634766 0.964355
7 0.392578 0.188477 0.0419922 0.0541992 0.961914
2 0.980469 0.257385 0.0302734 0.0379639 0.960938
5 0.907227 0.0223389 0.0351562 0.0396729 0.960449
2 0.763672 0.258545 0.0332031 0.0400391 0.957031
18 0.845215 0.403076 0.0439453 0.0625 0.953125
18 0.282959 0.248779 0.0444336 0.0620117 0.952637
21 0.5625 0.108215 0.0566406 0.0582275 0.949219
2 0.186157 0.342041 0.0327148 0.0371094 0.945312
0 0.347168 0.102051 0.0566406 0.0407715 0.943359
9 0.714844 0.259277 0.0390625 0.0400391 0.934082
24 0.667969 0.106201 0.0507812 0.0554199 0.932129
0 0.851562 0.179932 0.0546875 0.0400391 0.931641
22 0.327148 0.262207 0.0371094 0.0390625 0.928223
9 0.947266 0.0217438 0.0371094 0.0420837 0.925293
9 0.629883 0.416016 0.0351562 0.0424805 0.923828
18 0.807617 0.325439 0.0429688 0.0610352 0.922363
24 0.448242 0.343506 0.0390625 0.0498047 0.922363
13 0.508789 0.169434 0.0205078 0.0678711 0.916016
6 0.803223 0.417969 0.0380859 0.0390625 0.914062
7 0.758301 0.426514 0.0419922 0.0571289 0.914062
9 0.258301 0.180908 0.0366211 0.0390625 0.913574
0 0.239502 0.342285 0.0576172 0.0410156 0.913086
13 0.52002 0.326172 0.0214844 0.0654297 0.911621
0 0.331543 0.183105 0.0761719 0.0429688 0.911133
21 0.447266 0.109863 0.0673828 0.0605469 0.908691
6 0.6875 0.179688 0.0371094 0.0410156 0.905273
0 0.894043 0.249268 0.0595703 0.0532227 0.905273
0 0.783691 0.181763 0.0761719 0.0424805 0.902832
5 0.393799 0.103271 0.0375977 0.0410156 0.899902
9 0.974121 0.41748 0.0371094 0.0390625 0.884277
18 0.475586 0.169434 0.0449219 0.0625 0.877441
1 0.0999146 0.271729 0.0393066 0.0507812 0.877441
8 0.499268 0.260742 0.0375977 0.0400391 0.875977
32 0.107666 0.336426 0.0476074 0.0800781 0.875977
2 0.680664 0.256348 0.0302734 0.0488281 0.868164
13 0.842773 0.324951 0.0253906 0.0668945 0.867188
8 0.585938 0.337891 0.0351562 0.0390625 0.863281
18 0.201782 0.408691 0.0424805 0.0615234 0.858887
2 0.220825 0.105042 0.0305176 0.0408936 0.853027
2 0.986328 0.100464 0.0273438 0.0368652 0.852051
23 0.948242 0.259338 0.03125 0.0379639 0.850098
5 0.549316 0.337646 0.0361328 0.0410156 0.849121
22 0.100891 0.184814 0.0407715 0.0400391 0.84375
9 0.500977 0.101074 0.0380859 0.0415039 0.832031
19 0.944824 0.100098 0.0322266 0.0366211 0.829102
14 0.358887 0.249268 0.0175781 0.0625 0.82666
22 0.539551 0.26123 0.0361328 0.0400391 0.817383
12 0.599121 0.251038 0.0625 0.0731201 0.816406
2 0.758789 0.101807 0.0273438 0.0366211 0.799316
12 0.890625 0.0930023 0.0664062 0.066925 0.789062
13 0.670898 0.0230408 0.0195312 0.0460815 0.786621
22 0.377686 0.0235443 0.0351562 0.0420837 0.782715
2 0.700195 0.41748 0.0546875 0.0458984 0.764648
1 0.417236 0.03228 0.0361328 0.0572662 0.760742
13 0.599609 0.405762 0.0234375 0.0664062 0.750488
13 0.344238 0.327881 0.0185547 0.0625 0.749023
6 0.511597 0.0237122 0.0393066 0.0402222 0.744629
13 0.87793 0.402344 0.0214844 0.0664062 0.737305
13 0.473389 0.0910645 0.0175781 0.0683594 0.73584
6 0.935059 0.415039 0.0351562 0.0415039 0.723145
14 0.831543 0.0206299 0.0253906 0.0412598 0.716797
14 0.150635 0.329102 0.0332031 0.0625 0.708984
4 0.162964 0.0253143 0.0249023 0.0453796 0.702637
6 0.130829 0.0272827 0.0366821 0.0424805 0.702637
2 0.189209 0.25531 0.0332031 0.0479736 0.695801
4 0.929688 0.334961 0.0234375 0.0449219 0.631836
22 0.157471 0.424805 0.0375977 0.046875 0.622559
7 0.488037 0.346924 0.0385742 0.0551758 0.620605
4 0.841797 0.259033 0.0253906 0.0415039 0.618652
18 0.138214 0.248535 0.0404663 0.059082 0.605957
0 0.462891 0.0237122 0.0546875 0.0390015 0.602051
22 0.388184 0.254395 0.0351562 0.0507812 0.581543
13 0.238281 0.405518 0.0234375 0.0664062 0.581543
4 0.262451 0.414062 0.0283203 0.0488281 0.575684
14 0.195068 0.0243835 0.0195312 0.0487671 0.563965
6 0.601074 0.0206909 0.0390625 0.0389404 0.554688
0 0.785156 0.0225067 0.078125 0.0420227 0.548828
13 0.176514 0.182495 0.00976562 0.041748 0.544922
14 0.286621 0.0231628 0.0166016 0.0463257 0.542969
18 0.699219 0.0225067 0.0292969 0.0409241 0.527344
