1 0.845703 0.84082 0.0839844 0.132812 0.995605
16 0.833008 0.0438538 0.0917969 0.0873413 0.994141
1 0.290283 0.839844 0.0898438 0.134766 0.993164
27 0.916992 0.833008 0.0507812 0.134766 0.991211
2 0.735352 0.621582 0.0703125 0.0927734 0.980957
18 0.352539 0.967285 0.0898438 0.0654297 0.979492
23 0.910156 0.429199 0.0722656 0.0869141 0.979004
5 0.833008 0.431152 0.0839844 0.09375 0.977051
8 0.753906 0.817383 0.0820312 0.0859375 0.975586
4 0.0193329 0.221436 0.0386658 0.115234 0.974121
2 0.90625 0.981445 0.0742188 0.0371094 0.97168
2 0.0742798 0.227417 0.0731201 0.0974121 0.971191
5 0.90625 0.244019 0.0878906 0.0979004 0.969727
6 0.823242 0.983887 0.0859375 0.0322266 0.961914
27 0.59668 0.641602 0.046875 0.128906 0.959961
1 0.735352 0.983398 0.078125 0.0332031 0.956543
18 0.0463257 0.794922 0.0914307 0.134766 0.952637
8 0.385254 0.816406 0.0913086 0.0898438 0.94873
14 0.793945 0.214355 0.0371094 0.132324 0.941895
0 0.0521545 0.985352 0.104309 0.0292969 0.941406
27 0.202148 0.0432434 0.0556641 0.0864868 0.930664
5 0.249939 0.984375 0.0860596 0.03125 0.920898
4 0.540527 0.614746 0.0654297 0.112305 0.918945
6 0.835938 0.625 0.128906 0.0947266 0.896484
14 0.926758 0.0438232 0.0859375 0.0876465 0.880859
6 0.276794 0.224121 0.135864 0.111328 0.866211
18 0.48877 0.96875 0.129883 0.0625 0.861328
6 0.102295 0.0419312 0.141113 0.0838623 0.834473
13 0.44873 0.0423584 0.0205078 0.0844727 0.809082
6 0.640625 0.818359 0.136719 0.0927734 0.777344
5 0.727539 0.234253 0.0917969 0.0915527 0.764648
8 0.576172 0.249939 0.0839844 0.115356 0.723145
22 0.154419 0.96582 0.0749512 0.0683594 0.682617
27 0.526245 0.362061 0.0646973 0.0512695 0.624512
10 0.948242 0.601074 0.0898438 0.139648 0.581543
10 0.852539 0.219727 0.0703125 0.13916 0.57959
13 0.765137 0.0326538 0.0400391 0.0648193 0.515625
