21 0.558105 0.927246 0.0400391 0.0527344 0.992676
15 0.921875 0.0648804 0.0742188 0.0673828 0.991211
2 0.759277 0.494141 0.0322266 0.0458984 0.979004
2 0.86377 0.581055 0.0322266 0.0488281 0.976074
24 0.979004 0.419434 0.0361328 0.0634766 0.969727
5 0.341309 0.158447 0.0380859 0.0463867 0.966797
2 0.308594 0.578125 0.0327148 0.0478516 0.965332
2 0.633789 0.413086 0.0273438 0.0478516 0.960938
2 0.672852 0.583984 0.0488281 0.0449219 0.958984
11 0.882812 0.900879 0.0351562 0.0585938 0.958984
13 0.342041 0.977539 0.0249023 0.0449219 0.953613
0 0.380859 0.660156 0.0629883 0.0527344 0.953125
0 0.804688 0.581055 0.0625 0.046875 0.951172
8 0.821777 0.243896 0.0439453 0.0463867 0.949707
8 0.905273 0.158447 0.0410156 0.0419922 0.94873
8 0.791016 0.412109 0.0429688 0.0488281 0.94873
18 0.309082 0.983398 0.0419922 0.0332031 0.94873
10 0.315186 0.0658112 0.0424805 0.0680847 0.948242
4 0.510742 0.914062 0.0292969 0.046875 0.945312
5 0.878906 0.325195 0.0390625 0.0439453 0.944824
5 0.900391 0.580078 0.0351562 0.0449219 0.943848
0 0.959473 0.579102 0.0644531 0.0488281 0.943359
0 0.815918 0.325684 0.0576172 0.0419922 0.942383
10 0.852539 0.976074 0.0351562 0.0478516 0.941895
2 0.983887 0.072876 0.0322266 0.0435791 0.94043
5 0.92334 0.664062 0.0371094 0.0449219 0.9375
8 0.597656 0.833496 0.0429688 0.0458984 0.9375
5 0.639648 0.832031 0.0371094 0.046875 0.936523
5 0.592773 0.985352 0.0380859 0.0292969 0.935059
0 0.967773 0.325684 0.0556641 0.0498047 0.934082
6 0.951172 0.750977 0.0351562 0.0400391 0.934082
8 0.567383 0.749023 0.0390625 0.046875 0.932617
4 0.84375 0.152588 0.03125 0.0546875 0.931641
2 0.523438 0.241455 0.03125 0.0454102 0.930664
4 0.401855 0.828613 0.0336914 0.0537109 0.927246
5 0.708984 0.325684 0.0371094 0.0458984 0.92627
18 0.735352 0.660156 0.0371094 0.0546875 0.922363
21 0.447021 0.84668 0.0419922 0.0585938 0.921875
0 0.90332 0.985352 0.0625 0.0292969 0.921387
5 0.833008 0.411133 0.0390625 0.0478516 0.92041
0 0.904297 0.750977 0.0605469 0.0439453 0.918945
9 0.429443 0.577148 0.0390625 0.046875 0.918457
0 0.829102 0.911133 0.0644531 0.0439453 0.916504
6 0.771484 0.833984 0.0390625 0.0429688 0.913086
8 0.438232 0.158203 0.0405273 0.0488281 0.910645
5 0.651367 0.496582 0.0351562 0.0419922 0.908203
12 0.956055 0.977051 0.0351562 0.0458984 0.907227
0 0.493164 0.568359 0.0625 0.0673828 0.90332
10 0.632812 0.570312 0.046875 0.0664062 0.902832
21 0.729492 0.255432 0.0410156 0.0594482 0.901367
4 0.603516 0.322266 0.03125 0.0566406 0.899902
0 0.880859 0.494141 0.078125 0.0478516 0.897461
18 0.665039 0.0673676 0.0527344 0.056427 0.896484
13 0.768555 0.655273 0.0263672 0.0654297 0.896484
2 0.947266 0.4104 0.0332031 0.046875 0.895508
5 0.75 0.0738678 0.0371094 0.0448914 0.89502
6 0.90332 0.242554 0.0410156 0.0432129 0.89502
4 0.816406 0.74707 0.0292969 0.0507812 0.893066
18 0.918945 0.322754 0.0390625 0.0537109 0.891113
22 0.495605 0.410156 0.0380859 0.0483398 0.888184
8 0.344238 0.581543 0.0371094 0.0429688 0.88623
10 0.775391 0.905762 0.0351562 0.0625 0.879883
9 0.734375 0.985352 0.0410156 0.0292969 0.879883
0 0.556641 0.325439 0.0625 0.0493164 0.878418
5 0.369629 0.323975 0.0380859 0.046875 0.877441
6 0.986328 0.986328 0.0195312 0.0273438 0.876465
23 0.84668 0.0731354 0.0341797 0.0422058 0.873047
9 0.669922 0.409912 0.0380859 0.0473633 0.872559
4 0.856445 0.657227 0.0332031 0.0566406 0.871582
5 0.86377 0.241333 0.0380859 0.045166 0.868652
5 0.316406 0.915039 0.0585938 0.0449219 0.868652
9 0.356445 0.0740356 0.0380859 0.0452881 0.864258
18 0.654297 0.742676 0.0546875 0.0556641 0.861328
8 0.36377 0.833008 0.0410156 0.0507812 0.859863
2 0.476074 0.157959 0.0332031 0.0454102 0.856934
21 0.320312 0.336426 0.0615234 0.0644531 0.856934
11 0.730957 0.823242 0.0361328 0.0664062 0.853027
10 0.606934 0.740234 0.0371094 0.0673828 0.852051
0 0.37915 0.408936 0.0566406 0.0556641 0.850098
22 0.944824 0.159546 0.0341797 0.0422363 0.848145
6 0.805664 0.665039 0.046875 0.0439453 0.845703
8 0.570312 0.494385 0.0371094 0.0444336 0.842773
6 0.693848 0.833984 0.0429688 0.0429688 0.837402
8 0.493408 0.492188 0.0405273 0.0517578 0.817383
13 0.777344 0.315674 0.0175781 0.0649414 0.81543
18 0.321289 0.405762 0.0566406 0.0566406 0.792969
5 0.540527 0.0653076 0.0371094 0.0616455 0.785156
14 0.369629 0.231445 0.0185547 0.0668945 0.774414
14 0.894043 0.654297 0.0205078 0.0644531 0.773438
10 0.437256 0.654297 0.046875 0.0703125 0.767578
18 0.730469 0.405273 0.0546875 0.0551758 0.763672
4 0.398926 0.910645 0.03125 0.0517578 0.754883
6 0.885254 0.408691 0.0634766 0.0488281 0.753418
1 0.491455 0.0147552 0.0512695 0.0295105 0.751953
0 0.672363 0.985352 0.0703125 0.0292969 0.751953
8 0.36499 0.91748 0.0375977 0.0380859 0.746094
8 0.807617 0.158325 0.0429688 0.0480957 0.73877
5 0.582031 0.577148 0.0507812 0.0478516 0.71875
13 0.833008 0.652832 0.0175781 0.0654297 0.712402
6 0.768555 0.751953 0.0625 0.0478516 0.700684
10 0.487549 0.976562 0.043457 0.046875 0.6875
6 0.754883 0.326904 0.0527344 0.0415039 0.682617
5 0.709961 0.750977 0.0527344 0.0458984 0.668945
46 0.324707 0.243042 0.0664062 0.0471191 0.666992
0 0.984863 0.747559 0.0302734 0.0429688 0.647949
16 0.865234 0.831055 0.0390625 0.0488281 0.645996
4 0.314453 0.490479 0.0488281 0.0532227 0.645996
21 0.425781 0.509766 0.0454102 0.0605469 0.642578
9 0.592773 0.243896 0.0322266 0.0454102 0.631836
22 0.556641 0.241699 0.0332031 0.0444336 0.622559
5 0.947266 0.493896 0.0537109 0.0463867 0.609375
13 0.708008 0.141846 0.0244141 0.081543 0.602051
22 0.540527 0.00593185 0.0341797 0.0118637 0.600098
13 0.701172 0.963867 0.0195312 0.0556641 0.600098
4 0.381836 0.980469 0.0473633 0.0390625 0.57959
0 0.981445 0.1604 0.0371094 0.0410156 0.571777
0 0.437744 0.243652 0.0424805 0.0493164 0.567871
6 0.398438 0.244995 0.0390625 0.0446777 0.560059
10 0.535156 0.976074 0.0410156 0.0478516 0.544922
8 0.987793 0.49707 0.0234375 0.0488281 0.539062
4 0.365234 0.493896 0.0288086 0.043457 0.537109
9 0.810547 0.834473 0.0371094 0.0458984 0.507812
