16 0.642578 0.76123 0.106445 0.0878906 0.991699
2 0.885742 0.757324 0.0732422 0.0966797 0.985352
18 0.494141 0.344727 0.115234 0.139648 0.983398
9 0.513184 0.760742 0.0908203 0.0986328 0.981445
8 0.817383 0.172241 0.0957031 0.0939941 0.97998
6 0.794434 0.76123 0.0947266 0.0908203 0.975586
22 0.413574 0.76123 0.0820312 0.0888672 0.975586
4 0.916504 0.165253 0.0966797 0.106506 0.972656
23 0.711914 0.956055 0.0751953 0.0839844 0.96875
4 0.789551 0.941895 0.0761719 0.116211 0.967773
8 0.315918 0.760742 0.0917969 0.0917969 0.964355
23 0.961426 0.757812 0.0722656 0.0869141 0.94873
2 0.611328 0.955078 0.124023 0.0898438 0.90918
19 0.981445 0.369141 0.0371094 0.0878906 0.908203
2 0.985352 0.174438 0.0292969 0.088623 0.894043
5 0.870605 0.95166 0.0839844 0.0927734 0.884277
4 0.776367 0.359863 0.0957031 0.101562 0.817383
5 0.832031 0.0128632 0.09375 0.0257263 0.710449
7 0.885742 0.584961 0.167969 0.132812 0.708984
6 0.42041 0.563965 0.0908203 0.0878906 0.704102
8 0.948242 0.0141525 0.0917969 0.0283051 0.644043
13 0.988281 0.55957 0.0234375 0.12207 0.622559
6 0.737305 0.0132523 0.0917969 0.026474 0.513672
