1 0.483887 0.918945 0.0917969 0.140625 0.994629
18 0.49707 0.481934 0.0908203 0.12793 0.984863
2 0.1875 0.896484 0.0749512 0.0957031 0.984375
14 0.802734 0.280762 0.046875 0.146484 0.981934
13 0.406738 0.878418 0.046875 0.144531 0.980957
18 0.741211 0.881836 0.0917969 0.123047 0.980469
5 0.289062 0.893555 0.0942383 0.0966797 0.979004
6 0.0413208 0.893555 0.0823975 0.09375 0.978027
8 0.873047 0.500977 0.0996094 0.0927734 0.977539
0 0.2724 0.5 0.198364 0.0976562 0.976562
13 0.271484 0.0701294 0.0400391 0.139038 0.975586
2 0.212036 0.0998688 0.0783691 0.0954285 0.975098
6 0.961914 0.506836 0.0761719 0.0908203 0.974609
22 0.594727 0.498535 0.0869141 0.0917969 0.974609
2 0.754883 0.696777 0.0742188 0.0957031 0.974609
7 0.95166 0.124634 0.0957031 0.137695 0.972168
14 0.849609 0.279053 0.0507812 0.14209 0.955566
22 0.923828 0.302246 0.0839844 0.0878906 0.954102
14 0.359619 0.879395 0.0478516 0.145508 0.953613
11 0.924805 0.682129 0.148438 0.140625 0.950195
13 0.816895 0.672852 0.0439453 0.146484 0.931152
13 0.984375 0.282715 0.03125 0.144043 0.930664
11 0.743652 0.476318 0.147461 0.141113 0.919434
2 0.00947571 0.0912476 0.0188293 0.0762939 0.897461
23 0.703125 0.103256 0.0742188 0.091095 0.893066
6 0.616699 0.899414 0.147461 0.09375 0.884766
8 0.489014 0.275818 0.0991211 0.136841 0.864258
27 0.247681 0.697266 0.0632324 0.09375 0.836426
7 0.0142212 0.72998 0.0284424 0.166016 0.824219
6 0.853516 0.101318 0.0917969 0.0976562 0.778809
13 0.662109 0.875977 0.0546875 0.144531 0.710449
0 0.979492 0.913574 0.0410156 0.105469 0.613281
4 0.123657 0.0706787 0.0637207 0.136475 0.550781
