13 0.818359 0.126221 0.0429688 0.145508 0.990234
2 0.972168 0.148651 0.0556641 0.0977173 0.983398
23 0.710938 0.742188 0.0722656 0.0917969 0.981934
13 0.948242 0.320801 0.046875 0.140625 0.97998
2 0.461914 0.349121 0.0820312 0.0893555 0.97998
7 0.947266 0.766113 0.09375 0.133789 0.979004
19 0.973633 0.942871 0.0527344 0.0976562 0.976074
2 0.560547 0.935547 0.0742188 0.0917969 0.975586
4 0.635254 0.923828 0.0693359 0.109375 0.975586
6 0.889648 0.149536 0.0917969 0.0930176 0.97168
2 0.90625 0.943359 0.0712891 0.0996094 0.96875
8 0.814941 0.945312 0.0947266 0.09375 0.968262
5 0.988281 0.347168 0.0234375 0.0898438 0.962402
23 0.875977 0.539917 0.0644531 0.092041 0.960938
4 0.674805 0.344971 0.0703125 0.116699 0.928711
8 0.469727 0.93457 0.0898438 0.0917969 0.916016
6 0.978516 0.541016 0.0361328 0.0917969 0.853027
10 0.375488 0.908203 0.0859375 0.143555 0.804199
6 0.953125 0.542114 0.0859375 0.095459 0.757812
27 0.761719 0.151611 0.0644531 0.0935059 0.729492
27 0.810547 0.520996 0.0585938 0.139648 0.625977
23 0.783203 0.741699 0.0703125 0.0878906 0.546875
