1 0.574707 0.917969 0.0898438 0.134766 0.99707
16 0.908203 0.701172 0.103516 0.0859375 0.988281
13 0.862305 0.290955 0.0419922 0.1427 0.987305
18 0.677734 0.871094 0.0917969 0.130859 0.983398
4 0.466309 0.889648 0.0668945 0.0996094 0.982422
9 0.931641 0.312988 0.0917969 0.100098 0.979492
2 0.891602 0.891602 0.0703125 0.0917969 0.978516
2 0.77832 0.701172 0.0683594 0.0898438 0.972656
8 0.78125 0.509277 0.0976562 0.0917969 0.970703
8 0.800293 0.889648 0.0957031 0.0898438 0.969238
8 0.419922 0.701172 0.0986328 0.0917969 0.935059
13 0.982422 0.672852 0.0351562 0.152344 0.916504
10 0.963867 0.871582 0.0722656 0.137695 0.820801
6 0.658203 0.510254 0.113281 0.0927734 0.795898
4 0.521606 0.697266 0.101318 0.0976562 0.725098
