21 0.930664 0.741211 0.0410156 0.0585938 0.995117
2 0.825684 0.145508 0.0273438 0.0405273 0.993164
21 0.96875 0.320312 0.0371094 0.0576172 0.993164
5 0.946289 0.977539 0.0390625 0.0449219 0.987305
2 0.400635 0.904297 0.0327148 0.0449219 0.986816
11 0.195312 0.642578 0.0415039 0.0644531 0.986328
2 0.398926 0.150391 0.0307617 0.0458984 0.98291
18 0.156738 0.401611 0.0361328 0.0512695 0.978027
11 0.748047 0.887207 0.0361328 0.0634766 0.977051
11 0.837891 0.804688 0.0371094 0.0644531 0.974609
2 0.961914 0.894043 0.0273438 0.0400391 0.969727
20 0.929688 0.39209 0.0820312 0.0878906 0.966309
5 0.67627 0.731445 0.0380859 0.0410156 0.958008
0 0.320312 0.821289 0.0639648 0.046875 0.956055
0 0.241699 0.90625 0.0625 0.0458984 0.956055
5 0.383301 0.821289 0.0395508 0.0439453 0.954102
5 0.898926 0.8125 0.0351562 0.0410156 0.949219
5 0.617188 0.732422 0.0380859 0.0439453 0.94873
0 0.0751953 0.984375 0.0603027 0.03125 0.94873
15 0.622559 0.0588684 0.0712891 0.0630493 0.947754
0 0.610352 0.819336 0.0644531 0.0488281 0.947754
0 0.76709 0.0651245 0.0605469 0.0402832 0.946777
5 0.344727 0.905273 0.0380859 0.0429688 0.946777
0 0.964844 0.139862 0.0585938 0.0459595 0.946289
5 0.709473 0.146362 0.0380859 0.0480957 0.946289
7 0.151825 0.167358 0.0645142 0.0612793 0.943359
2 0.811523 0.0659332 0.0273438 0.0395203 0.942383
5 0.739746 0.563477 0.0361328 0.0429688 0.941895
8 0.362305 0.152588 0.0385742 0.0419922 0.94043
2 0.769043 0.728516 0.0302734 0.0449219 0.936523
0 0.885742 0.47876 0.0625 0.0444336 0.936035
5 0.889648 0.226074 0.0371094 0.0444336 0.935059
21 0.775879 0.579102 0.0380859 0.0566406 0.933105
5 0.620117 0.316895 0.0341797 0.0463867 0.932617
0 0.541016 0.902344 0.0576172 0.0458984 0.930664
2 0.182373 0.822266 0.0322266 0.0439453 0.930176
10 0.317383 0.972656 0.0322266 0.0546875 0.930176
5 0.107788 0.23999 0.0375977 0.0444336 0.92627
0 0.116272 0.0727692 0.0616455 0.0468445 0.924316
0 0.496582 0.820312 0.0605469 0.046875 0.924316
8 0.861328 0.730469 0.0449219 0.0449219 0.922363
5 0.662598 0.815918 0.0371094 0.0429688 0.921387
7 0.848633 0.237793 0.0371094 0.0625 0.920898
8 0.928711 0.308838 0.0410156 0.0458984 0.92041
8 0.639648 0.647461 0.0371094 0.0410156 0.918457
0 0.325684 0.238525 0.0810547 0.0478516 0.915039
18 0.219727 0.400146 0.0361328 0.0498047 0.914062
7 0.130249 0.749023 0.0534668 0.0625 0.913086
5 0.630859 0.230957 0.0566406 0.0454102 0.90918
7 0.666992 0.90918 0.0527344 0.0644531 0.901855
22 0.205566 0.319824 0.0336914 0.0449219 0.900391
21 0.763672 0.971191 0.0546875 0.0576172 0.900391
8 0.371338 0.404785 0.0439453 0.0439453 0.898926
13 0.945312 0.552246 0.0195312 0.0615234 0.896973
0 0.224976 0.569336 0.0671387 0.0449219 0.895508
6 0.332031 0.488037 0.0380859 0.0424805 0.893066
6 0.751465 0.145874 0.0410156 0.0422363 0.891602
14 0.646484 0.72168 0.0195312 0.0644531 0.891602
0 0.797363 0.218994 0.0585938 0.0610352 0.890137
13 0.155762 0.8125 0.0209961 0.0644531 0.890137
21 0.699219 0.828125 0.0371094 0.0585938 0.890137
14 0.86084 0.299805 0.0205078 0.0668945 0.888672
6 0.577148 0.147583 0.0390625 0.045166 0.88623
6 0.456055 0.65332 0.0371094 0.0429688 0.88623
8 0.787598 0.397461 0.0410156 0.0439453 0.885742
4 0.837891 0.891602 0.0351562 0.0527344 0.885742
8 0.457031 0.318604 0.0415039 0.043457 0.884766
8 0.220215 0.823242 0.0415039 0.046875 0.882324
7 0.324219 0.0817871 0.0341797 0.0565186 0.875977
8 0.935547 0.8125 0.0351562 0.0371094 0.875977
0 0.576172 0.56543 0.0595703 0.0458984 0.875
2 0.38208 0.0722656 0.0327148 0.0455322 0.873047
2 0.132935 0.321289 0.029541 0.043457 0.872559
5 0.12439 0.983398 0.036377 0.0332031 0.872559
7 0.124756 0.830078 0.0373535 0.0625 0.871582
18 0.811523 0.724609 0.0507812 0.0527344 0.866211
14 0.869141 0.801758 0.0214844 0.0644531 0.85791
22 0.782227 0.47998 0.0351562 0.0380859 0.854004
0 0.434326 0.80957 0.0639648 0.0644531 0.854004
22 0.293457 0.738281 0.0336914 0.0429688 0.850098
5 0.484863 0.401367 0.0351562 0.0449219 0.847168
18 0.159058 0.484375 0.0393066 0.0556641 0.844727
8 0.854492 0.645508 0.0429688 0.0449219 0.844727
14 0.375977 0.892578 0.0185547 0.0673828 0.84082
8 0.437012 0.90625 0.0380859 0.0410156 0.839844
18 0.777344 0.644531 0.0439453 0.0507812 0.838867
7 0.412109 0.580078 0.0361328 0.0605469 0.834473
22 0.888672 0.310547 0.0332031 0.0419922 0.832031
6 0.19104 0.90625 0.036377 0.0429688 0.831055
14 0.754883 0.467285 0.0224609 0.0654297 0.830078
18 0.977539 0.804688 0.0449219 0.0566406 0.823242
22 0.979492 0.0632477 0.0341797 0.0414734 0.820801
5 0.106689 0.90625 0.0505371 0.0429688 0.816406
2 0.969727 0.224609 0.03125 0.0473633 0.81543
11 0.591309 0.638184 0.0566406 0.0634766 0.81543
5 0.0686646 0.572266 0.0567627 0.0507812 0.795898
4 0.0499268 0.241577 0.0336914 0.0490723 0.790527
10 0.947754 0.0510559 0.0341797 0.0641479 0.786621
46 0.714355 0.478516 0.0585938 0.0400391 0.782715
22 0.547852 0.820312 0.0380859 0.0449219 0.779785
8 0.993164 0.224609 0.0136719 0.0454102 0.778809
18 0.740234 0.391602 0.0527344 0.0566406 0.778809
2 0.377441 0.568359 0.0302734 0.046875 0.769043
22 0.78125 0.812012 0.0371094 0.0400391 0.767578
8 0.740234 0.814453 0.0419922 0.0429688 0.766113
10 0.0612793 0.814453 0.0395508 0.0742188 0.760742
12 0.680176 0.220459 0.0361328 0.0615234 0.757812
22 0.206787 0.237915 0.0341797 0.0412598 0.754883
0 0.676758 0.396973 0.0683594 0.0449219 0.754883
12 0.256104 0.726562 0.0371094 0.0644531 0.754883
8 0.579102 0.315918 0.0429688 0.0478516 0.753418
22 0.472168 0.14917 0.0332031 0.0419922 0.751953
13 0.191406 0.470703 0.0283203 0.0849609 0.751953
21 0.818359 0.970703 0.0546875 0.0585938 0.751953
5 0.0863647 0.819336 0.0384521 0.0546875 0.750488
6 0.0842285 0.737793 0.0383301 0.0429688 0.747559
22 0.350586 0.984375 0.0322266 0.03125 0.73877
23 0.538086 0.981445 0.0351562 0.0371094 0.729492
8 0.418457 0.0722656 0.0419922 0.0421143 0.729492
22 0.890625 0.144897 0.0332031 0.0432129 0.726562
13 0.106079 0.143036 0.0236816 0.0635376 0.725098
12 0.448242 0.391846 0.0351562 0.0639648 0.723145
6 0.351318 0.738281 0.0380859 0.0449219 0.72168
11 0.709961 0.898438 0.0341797 0.0429688 0.72168
18 0.95459 0.477051 0.0527344 0.0458984 0.71875
24 0.259766 0.37207 0.0449219 0.0239258 0.716797
14 0.361572 0.476074 0.0205078 0.0654297 0.708984
8 0.900879 0.0667725 0.0390625 0.0410156 0.684082
14 0.60791 0.135864 0.0195312 0.0668945 0.672363
6 0.400391 0.484375 0.0566406 0.0478516 0.666992
18 0.853516 0.05896 0.0537109 0.0501709 0.662109
5 0.0659332 0.40625 0.0597839 0.0537109 0.662109
8 0.200684 0.986328 0.03125 0.0273438 0.662109
6 0.788574 0.891602 0.0429688 0.0546875 0.651367
14 0.719238 0.301758 0.0205078 0.0644531 0.637207
21 0.495117 0.982422 0.0517578 0.0351562 0.629883
8 0.992188 0.475342 0.015625 0.0449219 0.624512
2 0.397949 0.235107 0.0566406 0.0463867 0.616699
6 0.648438 0.141388 0.0566406 0.0570679 0.607422
22 0.988281 0.642578 0.0234375 0.0429688 0.596191
5 0.0693359 0.491211 0.0605469 0.0488281 0.596191
6 0.266113 0.239258 0.0375977 0.0410156 0.594727
13 0.895996 0.885742 0.0195312 0.0683594 0.592773
18 0.726562 0.221313 0.0566406 0.0588379 0.59082
14 0.483398 0.640625 0.0205078 0.0683594 0.586914
22 0.320312 0.404785 0.0546875 0.0458984 0.586914
4 0.0583496 0.0726929 0.0551758 0.0540771 0.57373
8 0.135864 0.00808716 0.0246582 0.0161133 0.556641
10 0.259338 0.0597839 0.0311279 0.0648804 0.544922
22 0.647461 0.982422 0.0410156 0.0351562 0.541016
5 0.285645 0.069809 0.0410156 0.0432434 0.539062
8 0.81543 0.563477 0.0390625 0.0410156 0.537109
21 0.664062 0.0144882 0.0390625 0.0289764 0.525391
4 0.484375 0.900879 0.0537109 0.0488281 0.515625
2 0.456055 0.233887 0.0537109 0.046875 0.513672
24 0.570312 0.366699 0.0390625 0.0283203 0.501953
