21 0.916016 0.811523 0.101562 0.134766 0.993652
16 0.31958 0.969727 0.104004 0.0605469 0.991699
18 0.550293 0.769531 0.0898438 0.121094 0.984863
11 0.587891 0.571289 0.0966797 0.132812 0.984375
2 0.355713 0.787598 0.078125 0.0908203 0.97998
8 0.445801 0.785156 0.0976562 0.09375 0.979004
23 0.48291 0.970703 0.0693359 0.0585938 0.979004
4 0.789551 0.191406 0.0761719 0.115723 0.978027
4 0.411621 0.959961 0.0688477 0.0800781 0.970703
0 0.678711 0.967773 0.138672 0.0644531 0.970215
9 0.510864 0.0297394 0.0915527 0.0594788 0.966309
7 0.938965 0.415527 0.12207 0.126953 0.966309
6 0.795898 0.0281677 0.0908203 0.0563354 0.963867
5 0.81543 0.396484 0.0898438 0.0839844 0.963379
2 0.885254 0.0276031 0.0742188 0.0552063 0.95752
7 0.660156 0.421875 0.105469 0.131348 0.95752
2 0.831055 0.787598 0.0703125 0.0947266 0.949707
2 0.611816 0.204834 0.125 0.0891113 0.9375
5 0.975586 0.598633 0.0488281 0.105469 0.92627
29 0.330566 0.593262 0.124023 0.169922 0.905762
23 0.759766 0.789062 0.0722656 0.09375 0.898926
5 0.870117 0.201904 0.0849609 0.09375 0.874023
6 0.654297 0.788086 0.0957031 0.0917969 0.834473
6 0.563965 0.96875 0.0898438 0.0625 0.830078
23 0.969727 0.97168 0.0605469 0.0566406 0.818848
14 0.719727 0.0303497 0.046875 0.0606995 0.809082
22 0.411865 0.0282135 0.0849609 0.056427 0.804199
10 0.963867 0.177734 0.0722656 0.137207 0.682617
18 0.858887 0.569336 0.152344 0.144531 0.638672
1 0.31543 0.0282288 0.0917969 0.0563965 0.624512
