19 0.506836 0.904297 0.0634766 0.0917969 0.98584
5 0.0352478 0.510742 0.0703735 0.0917969 0.984375
1 0.0179901 0.935059 0.0359802 0.125977 0.983887
8 0.0887451 0.111816 0.101807 0.0922852 0.983398
18 0.364258 0.890625 0.0917969 0.12207 0.981445
18 0.241577 0.898926 0.092041 0.131836 0.980957
0 0.337891 0.702148 0.146484 0.0976562 0.977051
2 0.765137 0.502075 0.0742188 0.0915527 0.976074
14 0.671875 0.681641 0.0449219 0.134766 0.974121
23 0.839844 0.503052 0.0673828 0.0856934 0.973633
13 0.621094 0.672852 0.0527344 0.15625 0.970703
9 0.804199 0.303955 0.0927734 0.104004 0.969238
6 0.96582 0.702148 0.0683594 0.0878906 0.966309
5 0.582031 0.904297 0.0820312 0.09375 0.964355
5 0.78418 0.703613 0.0917969 0.0878906 0.963867
3 0.543945 0.489746 0.129883 0.15332 0.960938
13 0.90332 0.677734 0.046875 0.139648 0.958984
21 0.925781 0.520996 0.105469 0.132812 0.956543
13 0.441406 0.881348 0.0449219 0.143555 0.952148
9 0.885742 0.0997314 0.0898438 0.0969238 0.950684
0 0.695312 0.90625 0.132812 0.0878906 0.941406
14 0.85498 0.678223 0.0517578 0.137695 0.925293
18 0.429688 0.0993042 0.137695 0.123169 0.915039
6 0.117432 0.913574 0.148193 0.0966797 0.882324
13 0.808594 0.0827637 0.0507812 0.142822 0.824219
10 0.871094 0.876465 0.0957031 0.138672 0.770508
7 0.982422 0.328369 0.0351562 0.126953 0.759277
8 0.960938 0.90332 0.078125 0.09375 0.741699
6 0.786621 0.107971 0.0849609 0.0916748 0.607422
10 0.956055 0.278381 0.0878906 0.143433 0.565918
2 0.226807 0.708984 0.0390625 0.046875 0.527344
13 0.162354 0.886719 0.0600586 0.148438 0.521484
