2 0.0411682 0.879883 0.0341187 0.0478516 0.962891
7 0.144409 0.886719 0.0454102 0.0585938 0.956055
5 0.112793 0.966797 0.0405273 0.0449219 0.955078
18 0.0657959 0.782715 0.0424805 0.0605469 0.953613
5 0.104492 0.515625 0.0412598 0.046875 0.944824
0 0.232178 0.96582 0.0615234 0.0439453 0.939453
18 0.274902 0.6875 0.0493164 0.0644531 0.938965
13 0.230835 0.866211 0.0209961 0.0703125 0.928711
12 0.194824 0.869141 0.0507812 0.0751953 0.92627
5 0.178467 0.607422 0.0361328 0.0429688 0.915527
22 0.286865 0.875 0.0429688 0.046875 0.907227
9 0.038765 0.604492 0.042099 0.046875 0.876465
7 0.134888 0.614258 0.0488281 0.0585938 0.865234
9 0.283691 0.519043 0.0478516 0.0458984 0.852051
5 0.286133 0.962891 0.0424805 0.0488281 0.820801
14 0.253662 0.866211 0.0229492 0.0683594 0.801758
4 0.0981445 0.601562 0.0283203 0.0488281 0.799316
10 0.0264893 0.511719 0.0430908 0.0742188 0.756348
13 0.231079 0.594727 0.0212402 0.078125 0.728027
13 0.0321655 0.780273 0.0230103 0.0664062 0.725098
7 0.0105057 0.79541 0.0209198 0.0595703 0.690918
5 0.130005 0.789062 0.0717773 0.046875 0.656738
13 0.250549 0.510254 0.0233154 0.0615234 0.649414
13 0.25415 0.771484 0.0249023 0.0722656 0.588867
9 0.695312 0.240479 0.0341797 0.0512695 0.548828
8 0.220703 0.5177 0.0444336 0.0466309 0.53125
