24 0.774414 0.920898 0.0898438 0.126953 0.998047
18 0.508789 0.676758 0.119141 0.142578 0.990723
0 0.671387 0.507812 0.145508 0.0966797 0.98877
7 0.868652 0.927734 0.104492 0.141602 0.98291
7 0.140259 0.918945 0.0930176 0.132812 0.981445
9 0.586914 0.900391 0.0917969 0.103516 0.980469
23 0.288513 0.10231 0.0831299 0.0966492 0.979004
6 0.48877 0.900391 0.09375 0.0898438 0.979004
5 0.238159 0.893555 0.0856934 0.0976562 0.976074
6 0.307129 0.496338 0.101562 0.0952148 0.970703
6 0.940918 0.712891 0.0957031 0.09375 0.970703
2 0.696289 0.898926 0.0761719 0.0986328 0.970703
9 0.069397 0.492188 0.0926514 0.100586 0.970215
6 0.336182 0.894531 0.0996094 0.0917969 0.969238
22 0.954102 0.51062 0.0878906 0.092041 0.961914
14 0.415039 0.879883 0.0478516 0.150391 0.958008
14 0.864746 0.6875 0.0488281 0.141602 0.956543
5 0.790527 0.713867 0.09375 0.101562 0.951172
10 0.394043 0.671387 0.0947266 0.145508 0.944336
12 0.95459 0.0878296 0.0908203 0.136841 0.935547
9 0.0360718 0.889648 0.0721436 0.110352 0.907227
6 0.206543 0.30249 0.101562 0.0991211 0.896973
18 0.841309 0.498535 0.131836 0.125 0.877441
18 0.8125 0.0953217 0.140625 0.124298 0.875
29 0.0487061 0.0986328 0.0974121 0.197266 0.861328
10 0.680664 0.280701 0.0957031 0.143677 0.855957
18 0.80957 0.296631 0.138672 0.128906 0.763672
6 0.963379 0.904297 0.0732422 0.105469 0.725098
18 0.5448 0.290283 0.13501 0.129395 0.65332
6 0.052948 0.297363 0.104553 0.0947266 0.649414
4 0.405762 0.473389 0.0898438 0.140137 0.565918
6 0.526489 0.496094 0.138428 0.103516 0.529297
