2 0.883789 0.453857 0.0742188 0.0952148 0.989258
18 0.654297 0.230957 0.109375 0.144531 0.987793
2 0.226807 0.851074 0.0766602 0.0976562 0.985352
8 0.48877 0.847168 0.0966797 0.0996094 0.985352
2 0.333496 0.0598755 0.0771484 0.10144 0.984375
8 0.820801 0.849121 0.09375 0.0957031 0.984375
13 0.593262 0.62793 0.0488281 0.142578 0.98291
8 0.132782 0.849121 0.101135 0.101562 0.981445
2 0.583984 0.852539 0.078125 0.100586 0.980469
23 0.410156 0.05896 0.0751953 0.0957031 0.979004
2 0.529297 0.652344 0.0761719 0.103516 0.976562
9 0.84668 0.25293 0.0839844 0.10498 0.974609
2 0.730469 0.854492 0.0771484 0.0947266 0.972656
16 0.973633 0.456543 0.0527344 0.0869141 0.969727
8 0.788574 0.45459 0.0976562 0.0957031 0.96875
0 0.838379 0.655273 0.135742 0.09375 0.967285
9 0.76709 0.0534058 0.0927734 0.103394 0.966309
22 0.958008 0.651367 0.0839844 0.0957031 0.963867
6 0.668945 0.651367 0.0996094 0.09375 0.958496
0 0.908691 0.0681152 0.139648 0.1073 0.958008
13 0.0516663 0.828125 0.0617065 0.144531 0.940918
12 0.104858 0.0583496 0.180908 0.116699 0.916504
0 0.964844 0.256592 0.0703125 0.0942383 0.90332
5 0.991211 0.0640259 0.0175781 0.122925 0.887207
19 0.921875 0.979492 0.0683594 0.0410156 0.854004
4 0.919922 0.84668 0.0976562 0.105469 0.835449
6 0.0241089 0.261475 0.0482178 0.0991211 0.825684
10 0.540039 0.231201 0.0927734 0.142578 0.73877
4 0.318848 0.642578 0.10498 0.104492 0.702637
27 0.646484 0.0539856 0.0625 0.107971 0.673828
11 0.365723 0.824707 0.139648 0.132812 0.631836
3 0.240601 0.433105 0.0861816 0.150391 0.57959
13 0.753906 0.253174 0.0917969 0.187012 0.554688
4 0.987305 0.842773 0.0253906 0.123047 0.505859
