2 0.213623 0.980469 0.0727539 0.0390625 0.987305
27 0.425781 0.220337 0.0566406 0.122803 0.983398
7 0.390137 0.430664 0.105469 0.138184 0.979004
4 0.336426 0.799316 0.0737305 0.110352 0.973633
14 0.22583 0.583008 0.0476074 0.134766 0.961914
14 0.176514 0.581055 0.0463867 0.136719 0.953613
7 0.209106 0.829102 0.164307 0.130859 0.935547
22 0.0547485 0.80957 0.0892334 0.0888672 0.856934
7 0.200439 0.226562 0.157715 0.130371 0.775879
22 0.148438 0.402344 0.0825195 0.0927734 0.757812
13 0.0548706 0.601562 0.0100708 0.0859375 0.725098
