1 0.223145 0.923828 0.0405273 0.0585938 0.993652
29 0.758789 0.916016 0.0585938 0.0722656 0.992676
21 0.199707 0.834473 0.043457 0.0566406 0.987305
7 0.532227 0.749023 0.046875 0.0605469 0.986328
1 0.655273 0.402344 0.0429688 0.0585938 0.980957
18 0.353516 0.816895 0.0410156 0.0576172 0.978027
11 0.920898 0.118286 0.0390625 0.0639648 0.977539
7 0.485596 0.65918 0.0708008 0.0605469 0.977051
2 0.0905151 0.647949 0.0318604 0.0478516 0.976074
4 0.0171814 0.818359 0.0333862 0.0507812 0.976074
5 0.624023 0.218262 0.0371094 0.0419922 0.974121
2 0.283691 0.560059 0.03125 0.0449219 0.974121
2 0.122253 0.114746 0.0518799 0.045166 0.973633
5 0.0682373 0.294678 0.038208 0.0458984 0.972656
18 0.755371 0.0306702 0.0419922 0.0588989 0.97168
13 0.801758 0.384766 0.0234375 0.0625 0.971191
10 0.2771 0.10791 0.0429688 0.0644531 0.970215
10 0.481934 0.293457 0.0371094 0.0644531 0.969727
11 0.641602 0.0298462 0.0390625 0.0596924 0.96875
18 0.600586 0.387207 0.0410156 0.0556641 0.967773
5 0.570801 0.649414 0.0361328 0.0449219 0.96582
18 0.702148 0.382324 0.0429688 0.0585938 0.964844
5 0.393555 0.478271 0.0390625 0.0405273 0.963867
5 0.49292 0.218506 0.0395508 0.0439453 0.963379
5 0.261963 0.648438 0.0415039 0.046875 0.962402
18 0.35791 0.90625 0.0644531 0.0585938 0.962402
5 0.874023 0.479492 0.0410156 0.0400391 0.959961
11 0.303223 0.637695 0.0415039 0.0644531 0.959473
2 0.821289 0.655762 0.0292969 0.0449219 0.959473
18 0.364746 0.382812 0.0458984 0.0576172 0.958984
14 0.123291 0.813477 0.020752 0.0644531 0.958984
22 0.804199 0.922852 0.0371094 0.0410156 0.958984
6 0.345215 0.651367 0.0390625 0.0410156 0.958008
7 0.601562 0.0479431 0.0410156 0.0601196 0.95752
2 0.630371 0.921875 0.03125 0.0449219 0.95752
2 0.825684 0.826172 0.03125 0.0449219 0.956543
0 0.59668 0.472168 0.0820312 0.0556641 0.955078
2 0.109924 0.987305 0.0330811 0.0253906 0.955078
5 0.909668 0.306396 0.0380859 0.0424805 0.95459
18 0.601562 0.118408 0.0390625 0.0563965 0.954102
13 0.802734 0.120117 0.0234375 0.065918 0.954102
22 0.399658 0.216064 0.0385742 0.0415039 0.953125
4 0.0426102 0.0225677 0.0337982 0.0451355 0.95166
5 0.79834 0.0411682 0.0371094 0.0435181 0.950684
2 0.445801 0.305664 0.0351562 0.0458984 0.950195
6 0.937988 0.923828 0.0419922 0.0429688 0.949219
5 0.944336 0.73877 0.0351562 0.0410156 0.94873
8 0.128418 0.647949 0.0405273 0.0478516 0.948242
2 0.45459 0.478516 0.0322266 0.0429688 0.947266
13 0.16333 0.0967865 0.0209961 0.0837708 0.945801
7 0.668457 0.831543 0.0419922 0.0585938 0.945312
0 0.345703 0.294922 0.0810547 0.0644531 0.943848
22 0.348145 0.211914 0.0410156 0.0419922 0.943359
13 0.895508 0.0321045 0.0263672 0.0637207 0.942871
5 0.182373 0.735352 0.0375977 0.0429688 0.942383
5 0.563477 0.829102 0.0400391 0.0449219 0.942383
8 0.949219 0.305664 0.0410156 0.0449219 0.94043
5 0.863281 0.739258 0.0351562 0.0439453 0.939453
10 0.456543 0.549805 0.0371094 0.0585938 0.938965
9 0.833984 0.127228 0.0371094 0.0463257 0.9375
5 0.881836 0.127808 0.0371094 0.0449219 0.937012
5 0.249023 0.737305 0.0361328 0.0439453 0.936523
22 0.754883 0.826172 0.0390625 0.0410156 0.936035
0 0.498047 0.917969 0.0585938 0.0410156 0.935547
13 0.990234 0.207275 0.0195312 0.0661621 0.933594
10 0.855469 0.646484 0.0371094 0.0664062 0.932129
2 0.162231 0.823242 0.0332031 0.0429688 0.931152
0 0.616211 0.824219 0.0605469 0.0429688 0.930176
0 0.501099 0.831055 0.0603027 0.046875 0.929199
5 0.693359 0.127441 0.0371094 0.0456543 0.927246
24 0.460449 0.125519 0.0400391 0.0536499 0.926758
5 0.897461 0.922852 0.0371094 0.0429688 0.926758
0 0.105469 0.912109 0.0581055 0.0429688 0.92627
13 0.335449 0.466553 0.0224609 0.0600586 0.925781
5 0.307617 0.905273 0.0390625 0.0605469 0.925781
0 0.87207 0.826172 0.0595703 0.0449219 0.925293
2 0.0601807 0.913086 0.0297852 0.0410156 0.924805
0 0.675781 0.920898 0.0566406 0.0429688 0.924316
2 0.564453 0.124268 0.0292969 0.0424805 0.923828
2 0.454346 0.825684 0.0322266 0.0458984 0.923828
2 0.96582 0.0415039 0.0292969 0.0419922 0.922363
6 0.148193 0.298584 0.0441895 0.043457 0.92041
4 0.876953 0.303955 0.0273438 0.046875 0.92041
23 0.791992 0.825195 0.0322266 0.0429688 0.919434
18 0.227783 0.0248566 0.0600586 0.0497131 0.917969
13 0.262451 0.806152 0.0209961 0.0791016 0.91748
11 0.299072 0.725098 0.0634766 0.0634766 0.916504
2 0.92041 0.218506 0.0302734 0.0439453 0.916016
22 0.31543 0.121887 0.0371094 0.0413818 0.913086
12 0.5177 0.474609 0.0739746 0.0761719 0.913086
2 0.546387 0.304688 0.0332031 0.0463867 0.912598
0 0.667969 0.46875 0.0605469 0.0576172 0.912598
5 0.365723 0.737305 0.0639648 0.0439453 0.908203
13 0.633301 0.111572 0.0205078 0.0744629 0.906738
9 0.80957 0.214844 0.0410156 0.0454102 0.904785
6 0.410645 0.392822 0.0380859 0.0415039 0.899902
16 0.73291 0.737305 0.0429688 0.0449219 0.899902
22 0.976562 0.566406 0.0371094 0.0410156 0.896973
0 0.796875 0.732422 0.0800781 0.0498047 0.891602
4 0.658691 0.121094 0.0292969 0.0541992 0.888672
0 0.891602 0.394531 0.0585938 0.0410156 0.880859
10 0.74707 0.206665 0.0332031 0.060791 0.878906
5 0.672852 0.549805 0.0410156 0.0576172 0.878418
18 0.767578 0.384277 0.0410156 0.0566406 0.877441
4 0.36084 0.471191 0.0273438 0.0522461 0.875977
7 0.751953 0.664062 0.0449219 0.0605469 0.875
9 0.982422 0.73877 0.0351562 0.0429688 0.874023
13 0.347168 0.111694 0.0239258 0.0627441 0.867188
2 0.426758 0.123291 0.0332031 0.0500488 0.867188
19 0.765625 0.560059 0.0351562 0.0419922 0.864258
5 0.0909424 0.734863 0.0634766 0.0429688 0.864258
14 0.703125 0.814941 0.0195312 0.0625 0.863281
18 0.302246 0.467041 0.0390625 0.0527344 0.859863
24 0.213257 0.65332 0.0354004 0.0527344 0.858887
19 0.240967 0.558594 0.0302734 0.0410156 0.853027
23 0.839355 0.0396118 0.0419922 0.0458984 0.838867
13 0.860352 0.0315247 0.0214844 0.0630493 0.837402
0 0.871582 0.21521 0.0585938 0.0449219 0.837402
1 0.424316 0.92627 0.0615234 0.0615234 0.831055
2 0.171265 0.913086 0.0405273 0.0429688 0.830078
16 0.283691 0.302979 0.0429688 0.043457 0.829102
14 0.206055 0.106628 0.0195312 0.0655518 0.822266
10 0.84668 0.470215 0.0341797 0.0595703 0.819824
1 0.78418 0.485107 0.0644531 0.059082 0.816406
10 0.144745 0.725586 0.0396118 0.0644531 0.806641
14 0.945312 0.553711 0.0205078 0.0625 0.804199
22 0.193115 0.474609 0.0385742 0.0390625 0.801758
23 0.412109 0.305176 0.0332031 0.0429688 0.799316
6 0.635742 0.305664 0.0410156 0.0429688 0.794434
13 0.913086 0.726562 0.0244141 0.0673828 0.790527
13 0.654785 0.983887 0.0214844 0.0322266 0.789062
7 0.564453 0.573242 0.0410156 0.0585938 0.788086
0 0.404785 0.822266 0.0566406 0.0507812 0.788086
16 0.974609 0.130005 0.0449219 0.0432129 0.785156
13 0.724609 0.806641 0.0224609 0.0800781 0.778809
10 0.727539 0.552734 0.0410156 0.0605469 0.777344
13 0.535645 0.549805 0.0185547 0.0605469 0.777344
6 0.628906 0.73584 0.0625 0.0498047 0.775879
24 0.0924072 0.178345 0.0344238 0.0263672 0.766113
9 0.720215 0.474609 0.0419922 0.0439453 0.766113
13 0.803223 0.294678 0.0185547 0.0654297 0.757812
22 0.771484 0.129639 0.0351562 0.0458984 0.753418
2 0.382324 0.991699 0.0410156 0.0166016 0.747559
13 0.165283 0.466309 0.0214844 0.0595703 0.746094
5 0.824219 0.562988 0.0644531 0.0419922 0.746094
18 0.956055 0.208008 0.0390625 0.0595703 0.741699
24 0.706055 0.0105286 0.0410156 0.0210571 0.730957
13 0.0849609 0.104248 0.0205078 0.0634766 0.729492
22 0.00648117 0.913086 0.0127945 0.0488281 0.729492
5 0.291016 0.029892 0.0625 0.0470886 0.725098
5 0.243896 0.213867 0.0625 0.0424805 0.712402
13 0.691895 0.985352 0.0478516 0.0292969 0.695801
23 0.933594 0.0412064 0.0332031 0.0428314 0.694336
5 0.989746 0.47998 0.0205078 0.0419922 0.692871
10 0.203125 0.548828 0.0402832 0.0605469 0.686035
6 0.301025 0.823242 0.0600586 0.0449219 0.680664
4 0.601562 0.914551 0.0253906 0.0478516 0.677246
6 0.266357 0.909668 0.0395508 0.0527344 0.673828
27 0.445801 0.925781 0.0224609 0.0605469 0.658203
22 0.38623 0.0306396 0.0390625 0.0450439 0.654785
10 0.133911 0.199585 0.0400391 0.064209 0.654785
4 0.977539 0.92041 0.0332031 0.0507812 0.654785
13 0.0848389 0.0249023 0.0241699 0.0441284 0.65332
9 0.84375 0.921875 0.0371094 0.046875 0.645996
23 0.509888 0.563477 0.0290527 0.0390625 0.644043
0 0.984375 0.65918 0.03125 0.0488281 0.640625
22 0.558594 0.917969 0.0537109 0.0400391 0.625977
5 0.759766 0.993652 0.0351562 0.0126953 0.609375
7 0.270996 0.988281 0.0610352 0.0234375 0.600098
13 0.733398 0.114258 0.0390625 0.0678711 0.575684
9 0.0611267 0.988281 0.0405884 0.0234375 0.563965
2 0.148804 0.990234 0.0397949 0.0195312 0.552734
23 0.237549 0.824219 0.0268555 0.0429688 0.542969
24 0.543945 0.983398 0.0546875 0.03125 0.533203
10 0.693359 0.295166 0.0527344 0.0610352 0.53125
19 0.645508 0.649414 0.0292969 0.0449219 0.523438
24 0.705566 0.0297546 0.0419922 0.0595093 0.519531
13 0.786621 0.29541 0.0517578 0.0654297 0.519531
14 0.892578 0.727539 0.0195312 0.0644531 0.515625
23 0.791016 0.656738 0.03125 0.0439453 0.513672
