5 0.213623 0.306396 0.0351562 0.0385742 0.985352
10 0.137573 0.216187 0.0351562 0.0690918 0.964844
2 0.0595703 0.151367 0.0322266 0.0378418 0.958008
2 0.0299683 0.46875 0.0324707 0.0410156 0.946777
2 0.106445 0.463379 0.0349121 0.0400391 0.941895
9 0.223755 0.383301 0.0373535 0.0419922 0.926758
5 0.114502 0.310059 0.0354004 0.0380859 0.90918
14 0.00608063 0.456543 0.0119781 0.0654297 0.90918
4 0.250488 0.462402 0.0283203 0.046875 0.908203
8 0.065979 0.466797 0.0404053 0.0410156 0.900391
9 0.0493164 0.309082 0.03479 0.0390625 0.883301
8 0.215698 0.464355 0.0368652 0.0410156 0.883301
23 0.0803223 0.233643 0.0300293 0.0361328 0.82666
24 0.11792 0.355957 0.0419922 0.0263672 0.638672
6 0.206543 0.228394 0.0332031 0.0373535 0.624512
19 0.174316 0.226685 0.0302734 0.0380859 0.583008
13 0.148926 0.29541 0.0361328 0.0664062 0.550781
2 0.172852 0.386475 0.0629883 0.0390625 0.533203
5 0.0122375 0.151611 0.0242615 0.0385742 0.501953
