24 0.397949 0.719727 0.0419922 0.0507812 0.986816
24 0.500977 0.561035 0.0400391 0.0546875 0.985352
24 0.333008 0.877441 0.0410156 0.0527344 0.983887
10 0.243896 0.543945 0.034668 0.0693359 0.983398
5 0.430176 0.868164 0.0351562 0.0390625 0.970215
2 0.554688 0.867676 0.0292969 0.0390625 0.970215
2 0.978516 0.551758 0.0400391 0.0371094 0.969727
5 0.521484 0.947266 0.0351562 0.0410156 0.959961
18 0.714844 0.541016 0.0429688 0.0605469 0.958984
13 0.911621 0.69873 0.0224609 0.0683594 0.956543
0 0.661133 0.869629 0.0761719 0.0429688 0.953613
2 0.842773 0.708008 0.03125 0.0400391 0.952637
7 0.718262 0.79541 0.0380859 0.0566406 0.952637
2 0.668457 0.630859 0.0302734 0.0390625 0.952148
0 0.165771 0.712891 0.0776367 0.0429688 0.949707
5 0.14917 0.95166 0.0358887 0.0371094 0.945312
13 0.232788 0.781738 0.0241699 0.0664062 0.943848
5 0.291504 0.948242 0.0341797 0.0371094 0.940918
9 0.263916 0.793457 0.0366211 0.0400391 0.938965
13 0.399902 0.855957 0.0175781 0.0634766 0.938965
10 0.460938 0.622559 0.0537109 0.0605469 0.933594
2 0.501953 0.632812 0.0302734 0.0410156 0.933105
11 0.0865479 0.94043 0.0388184 0.0625 0.932617
0 0.560547 0.554688 0.078125 0.0410156 0.932129
5 0.42334 0.791016 0.0371094 0.0400391 0.932129
14 0.118591 0.938477 0.0164795 0.0625 0.929199
5 0.307129 0.552246 0.0341797 0.0419922 0.927734
14 0.550781 0.935547 0.0175781 0.0625 0.927734
7 0.861328 0.95752 0.0605469 0.0566406 0.923828
2 0.777344 0.628906 0.03125 0.0390625 0.920898
8 0.186768 0.951172 0.0366211 0.0371094 0.920898
5 0.213379 0.870117 0.0349121 0.0390625 0.918945
8 0.542969 0.711426 0.0351562 0.0371094 0.913574
22 0.808594 0.948242 0.0351562 0.0390625 0.913574
5 0.504883 0.710938 0.0371094 0.0400391 0.910645
18 0.257263 0.623535 0.0421143 0.0605469 0.909668
9 0.861328 0.629883 0.0361328 0.0429688 0.908203
2 0.76123 0.948242 0.0341797 0.0390625 0.907227
2 0.69043 0.947266 0.0322266 0.0380859 0.905762
18 0.878906 0.699219 0.0410156 0.0605469 0.897461
18 0.669922 0.544922 0.0371094 0.0527344 0.894043
8 0.935547 0.554688 0.0380859 0.0410156 0.894043
13 0.263672 0.936523 0.0244141 0.0664062 0.892578
6 0.742188 0.628906 0.0351562 0.0371094 0.891113
5 0.785156 0.789062 0.0390625 0.0410156 0.890137
13 0.47168 0.699707 0.0214844 0.0605469 0.883301
18 0.22998 0.938965 0.0439453 0.0625 0.879883
2 0.71875 0.867188 0.0292969 0.0380859 0.877441
5 0.119385 0.869141 0.0368652 0.0429688 0.874023
7 0.59668 0.645996 0.0634766 0.0673828 0.870605
0 0.470703 0.790527 0.0556641 0.0400391 0.870605
13 0.29126 0.620117 0.0224609 0.0722656 0.85791
9 0.379395 0.947266 0.0385742 0.0410156 0.852051
9 0.752441 0.866699 0.0341797 0.0400391 0.841797
5 0.98877 0.949219 0.0224609 0.0390625 0.833496
0 0.0959473 0.712891 0.0588379 0.0429688 0.831055
8 0.467285 0.868164 0.0371094 0.0410156 0.831055
9 0.942383 0.709473 0.0390625 0.0419922 0.820801
19 0.829102 0.788086 0.03125 0.0429688 0.81543
1 0.44458 0.959961 0.0371094 0.0644531 0.804199
6 0.48291 0.94873 0.0371094 0.0380859 0.803223
6 0.156738 0.870117 0.0380859 0.0380859 0.786621
22 0.947266 0.870117 0.0380859 0.0410156 0.78418
2 0.0849609 0.873535 0.0327148 0.0371094 0.78418
13 0.123413 0.988281 0.015625 0.0234375 0.78418
2 0.925781 0.630371 0.0292969 0.0361328 0.773438
7 0.44043 0.720703 0.0405273 0.0546875 0.750488
9 0.776855 0.551758 0.0361328 0.0410156 0.749023
2 0.697754 0.990723 0.0429688 0.0185547 0.744629
2 0.385254 0.630859 0.0307617 0.0371094 0.730957
2 0.904297 0.950195 0.0234375 0.0371094 0.712402
8 0.344727 0.554199 0.0375977 0.0380859 0.697754
4 0.0799561 0.556152 0.0273438 0.0449219 0.690918
13 0.978516 0.619141 0.0371094 0.0664062 0.686035
14 0.977539 0.858398 0.0166016 0.0634766 0.65332
2 0.329834 0.711914 0.034668 0.0429688 0.645996
2 0.738281 0.708008 0.0332031 0.0371094 0.640625
2 0.519531 0.777832 0.0332031 0.0615234 0.635254
4 0.356934 0.708008 0.0224609 0.0429688 0.625977
13 0.748047 0.540039 0.0205078 0.0683594 0.598145
2 0.578125 0.946289 0.0332031 0.0429688 0.594727
6 0.581055 0.709961 0.0390625 0.0410156 0.592773
4 0.412598 0.630859 0.0224609 0.046875 0.581543
13 0.821289 0.619141 0.0410156 0.0654297 0.57373
6 0.508667 0.866211 0.0373535 0.0410156 0.563965
19 0.238892 0.714355 0.0290527 0.0380859 0.558105
13 0.633789 0.832031 0.0195312 0.0273438 0.548828
8 0.333008 0.950684 0.046875 0.0390625 0.511719
