24 0.415527 0.30542 0.0761719 0.115723 0.993652
11 0.749512 0.644531 0.0849609 0.136719 0.991699
4 0.912598 0.637695 0.0751953 0.144531 0.98877
19 0.225952 0.875 0.0627441 0.0917969 0.986816
19 0.516479 0.0950317 0.0705566 0.0916748 0.984375
4 0.530273 0.665039 0.0654297 0.107422 0.98291
5 0.433594 0.0973511 0.0859375 0.0909424 0.982422
0 0.881836 0.860352 0.128906 0.0957031 0.982422
4 0.814453 0.467773 0.0566406 0.111328 0.980957
22 0.0942993 0.879883 0.0845947 0.09375 0.978516
5 0.900391 0.470703 0.0761719 0.0898438 0.978027
4 0.620117 0.474609 0.0722656 0.108398 0.977051
6 0.736816 0.47998 0.0859375 0.0878906 0.975098
9 0.921875 0.275635 0.0839844 0.0986328 0.973145
5 0.834961 0.665039 0.0761719 0.09375 0.973145
5 0.835938 0.283447 0.0771484 0.0893555 0.970703
4 0.372314 0.862305 0.0732422 0.119141 0.970703
5 0.757812 0.0906982 0.0820312 0.0930176 0.959961
0 0.490723 0.871094 0.130859 0.0966797 0.95752
13 0.472168 0.265198 0.0380859 0.143433 0.941895
10 0.602539 0.844727 0.0898438 0.142578 0.930664
0 0.701172 0.292053 0.174805 0.0897217 0.92041
6 0.209229 0.48584 0.090332 0.0908203 0.845703
2 0.296387 0.870117 0.0751953 0.0976562 0.834473
18 0.886719 0.0759125 0.125 0.120148 0.819824
19 0.0151901 0.485352 0.0303802 0.0917969 0.782715
6 0.745117 0.861328 0.135742 0.0957031 0.716797
13 0.29248 0.294922 0.0214844 0.0927734 0.684082
0 0.021698 0.874512 0.043396 0.0947266 0.622559
14 0.189819 0.267822 0.0686035 0.141113 0.594727
5 0.632812 0.673828 0.136719 0.0898438 0.527344
18 0.0687866 0.269592 0.137085 0.13855 0.509766
