18 0.0958252 0.402832 0.0439453 0.0644531 0.983398
18 0.192383 0.167725 0.0441895 0.0610352 0.977051
18 0.414551 0.0210876 0.0439453 0.0420532 0.965332
6 0.0163879 0.337402 0.0327759 0.0410156 0.961426
5 0.158691 0.0221252 0.0385742 0.0402222 0.956055
2 0.498291 0.0243988 0.034668 0.0423279 0.944824
2 0.515625 0.260742 0.0302734 0.0375977 0.939453
9 0.223877 0.417236 0.0361328 0.0395508 0.936523
18 0.0576782 0.325195 0.0430908 0.0605469 0.935547
2 0.237549 0.100342 0.03125 0.036499 0.93457
2 0.22998 0.256592 0.0292969 0.0366211 0.927246
0 0.619141 0.41748 0.0566406 0.0415039 0.924316
2 0.0153198 0.25885 0.0305176 0.0408936 0.92041
9 0.618652 0.18042 0.0380859 0.0400391 0.918945
0 0.144257 0.250916 0.0596313 0.0499268 0.918945
23 0.198608 0.259277 0.0314941 0.0375977 0.91748
24 0.398193 0.273438 0.0507812 0.0693359 0.914062
5 0.312988 0.101746 0.0351562 0.0389404 0.901855
4 0.544922 0.256897 0.0234375 0.0438232 0.882324
2 0.733398 0.407227 0.0429688 0.0615234 0.873047
2 0.4104 0.101074 0.0317383 0.0454102 0.868652
1 0.50293 0.426025 0.0371094 0.0522461 0.868652
13 0.0929565 0.324951 0.0245361 0.0664062 0.864258
6 0.359375 0.18042 0.0380859 0.0375977 0.85498
2 0.602539 0.337402 0.0263672 0.0351562 0.827637
0 0.0380859 0.182129 0.0721436 0.0424805 0.817383
6 0.185059 0.415283 0.0351562 0.0410156 0.788086
10 0.387451 0.0906982 0.0332031 0.0678711 0.759277
12 0.467773 0.409668 0.0341797 0.0742188 0.740234
6 0.287598 0.0203552 0.0400391 0.0390015 0.73584
12 0.142212 0.0929565 0.0695801 0.0670166 0.705566
7 0.619141 0.111938 0.0625 0.0546875 0.704102
7 0.446777 0.262756 0.0390625 0.0672607 0.700684
24 0.234253 0.151123 0.0314941 0.0268555 0.677246
1 0.236084 0.342773 0.0415039 0.0625 0.677246
6 0.553223 0.416016 0.0576172 0.0400391 0.666992
14 0.0795898 0.0206299 0.029541 0.0412598 0.663574
4 0.17981 0.334961 0.0236816 0.0449219 0.65332
0 0.0385132 0.0223083 0.0770264 0.0425415 0.616699
4 0.0919189 0.259033 0.0246582 0.0415039 0.611328
7 0.386719 0.345947 0.0410156 0.0541992 0.600098
12 0.300781 0.330322 0.0639648 0.0727539 0.565918
2 0.01194 0.101562 0.0237885 0.0366211 0.533203
