5 0.321777 0.250488 0.0410156 0.0439453 0.986328
9 0.663086 0.243408 0.0371094 0.0439453 0.978516
4 0.580078 0.661133 0.0332031 0.0507812 0.977539
18 0.681641 0.831055 0.0390625 0.0537109 0.975586
7 0.603516 0.930664 0.0546875 0.0664062 0.973633
5 0.82666 0.412598 0.0371094 0.0449219 0.970703
2 0.444336 0.838867 0.03125 0.0429688 0.969238
5 0.882812 0.241455 0.0351562 0.0439453 0.968262
5 0.762695 0.746094 0.0390625 0.0419922 0.967773
21 0.897461 0.0837555 0.0390625 0.0683289 0.964355
4 0.702637 0.915039 0.0332031 0.0507812 0.963379
4 0.892578 0.985352 0.0322266 0.0292969 0.963379
7 0.786621 0.419922 0.0380859 0.0625 0.962402
11 0.93457 0.902344 0.0380859 0.0673828 0.958984
5 0.975098 0.239136 0.0371094 0.0441895 0.958008
0 0.328125 0.0861816 0.0615234 0.0458984 0.95752
0 0.873047 0.157959 0.0664062 0.0439453 0.956055
18 0.986328 0.319336 0.0273438 0.0527344 0.955078
0 0.536621 0.922363 0.0810547 0.046875 0.955078
18 0.571289 0.240723 0.0390625 0.0498047 0.951172
5 0.523438 0.667969 0.0351562 0.0410156 0.951172
5 0.562012 0.414062 0.0371094 0.0429688 0.950684
5 0.577148 0.581543 0.0390625 0.046875 0.950195
13 0.712891 0.822266 0.0253906 0.0742188 0.949219
0 0.882812 0.915039 0.0644531 0.0449219 0.946777
6 0.576172 0.0831299 0.0410156 0.0411377 0.940918
6 0.757812 0.245361 0.0371094 0.0400391 0.940918
0 0.391602 0.753418 0.0595703 0.0458984 0.936523
7 0.453613 0.763672 0.0664062 0.0644531 0.936523
1 0.406982 0.255127 0.043457 0.0644531 0.935059
2 0.547852 0.165283 0.0332031 0.0429688 0.932617
4 0.433594 0.327637 0.03125 0.0527344 0.932617
5 0.85791 0.0782471 0.0380859 0.0411377 0.932129
5 0.367676 0.839355 0.0351562 0.0449219 0.930176
13 0.360107 0.912109 0.0273438 0.0664062 0.928711
0 0.583008 0.750977 0.0605469 0.0449219 0.927734
0 0.974609 0.0753174 0.0488281 0.0405273 0.921875
8 0.461914 0.0859985 0.0439453 0.0457764 0.92041
18 0.45752 0.98877 0.0410156 0.0224609 0.919434
8 0.326172 0.841309 0.0449219 0.0478516 0.918945
0 0.974609 0.826172 0.0507812 0.0429688 0.917969
2 0.708496 0.749023 0.0302734 0.0429688 0.916016
5 0.929688 0.82959 0.0371094 0.0429688 0.914062
13 0.676758 0.654297 0.0234375 0.0625 0.913086
6 0.671875 0.748047 0.0410156 0.0439453 0.911133
6 0.406494 0.839844 0.0405273 0.0439453 0.911133
5 0.935547 0.0779877 0.0292969 0.0359192 0.910645
5 0.661133 0.0834961 0.0371094 0.0429688 0.90918
4 0.836914 0.32251 0.0322266 0.0522461 0.908691
2 0.679199 0.40918 0.03125 0.0458984 0.908691
4 0.526367 0.241089 0.0332031 0.0529785 0.905762
2 0.946289 0.493408 0.0537109 0.0454102 0.900391
0 0.541016 0.828125 0.0595703 0.0634766 0.900391
10 0.380859 0.658691 0.0390625 0.0654297 0.899902
6 0.977539 0.915039 0.0410156 0.0429688 0.896973
10 0.592773 0.487061 0.0332031 0.0678711 0.895508
18 0.326904 0.919922 0.0400391 0.0527344 0.895508
5 0.535645 0.0834351 0.0400391 0.0449219 0.89502
13 0.669922 0.979492 0.0253906 0.0410156 0.894043
4 0.696289 0.0767212 0.0332031 0.0489502 0.890137
2 0.351074 0.170288 0.0253906 0.0375977 0.889648
2 0.400146 0.926758 0.0522461 0.0449219 0.884766
22 0.645996 0.665527 0.0332031 0.0419922 0.883301
7 0.761719 0.171143 0.0371094 0.0585938 0.882324
7 0.845703 0.505981 0.0625 0.0622559 0.882324
6 0.675781 0.581055 0.0410156 0.0429688 0.880859
22 0.490234 0.247314 0.0351562 0.0415039 0.878906
0 0.821289 0.916016 0.0546875 0.0439453 0.878906
2 0.338867 0.586914 0.0263672 0.0478516 0.878418
2 0.756836 0.839844 0.0234375 0.0273438 0.873047
10 0.654297 0.485596 0.0419922 0.0649414 0.872559
1 0.583984 0.336914 0.0419922 0.0654297 0.870605
6 0.942383 0.576172 0.0410156 0.0429688 0.870605
0 0.981934 0.577148 0.0361328 0.0429688 0.867188
16 0.317871 0.422852 0.0429688 0.0527344 0.864258
13 0.733398 0.739258 0.0214844 0.0605469 0.862305
5 0.320801 0.0123444 0.0400391 0.0246887 0.86084
13 0.899414 0.813477 0.0195312 0.0761719 0.86084
8 0.962402 0.663086 0.0410156 0.0410156 0.859863
24 0.333496 0.342285 0.0712891 0.0625 0.852051
18 0.630859 0.74707 0.0371094 0.0537109 0.852051
13 0.493164 0.658203 0.0214844 0.0625 0.848145
18 0.331543 0.665039 0.0600586 0.0546875 0.845703
20 0.810547 0.830078 0.0839844 0.0898438 0.844727
9 0.480469 0.836914 0.0390625 0.0449219 0.84375
18 0.381836 0.414551 0.0361328 0.0507812 0.839844
5 0.958984 0.155518 0.0390625 0.0458984 0.833496
4 0.907227 0.397949 0.0566406 0.0698242 0.824219
13 0.410645 0.405762 0.0214844 0.0703125 0.813965
8 0.645508 0.836914 0.0351562 0.0429688 0.812988
21 0.797852 0.255615 0.0380859 0.0556641 0.806641
8 0.446289 0.502075 0.0361328 0.0407715 0.805664
0 0.759766 0.652344 0.0644531 0.0683594 0.805664
7 0.986328 0.501099 0.0273438 0.064209 0.791992
7 0.978516 0.753906 0.0429688 0.0625 0.791992
8 0.804199 0.0800934 0.0449219 0.0429382 0.785156
19 0.380371 0.166748 0.03125 0.0410156 0.777344
13 0.607422 0.977539 0.0175781 0.0449219 0.777344
13 0.591797 0.4021 0.0214844 0.0644531 0.774414
4 0.613281 0.666016 0.03125 0.0429688 0.769043
18 0.427246 0.668945 0.0537109 0.0488281 0.769043
10 0.861816 0.569336 0.0361328 0.0664062 0.763672
8 0.824219 0.580078 0.0390625 0.0449219 0.760742
13 0.48999 0.31958 0.0161133 0.065918 0.753418
27 0.546387 0.511719 0.0263672 0.0625 0.741699
10 0.317139 0.580078 0.0322266 0.0683594 0.740234
5 0.507324 0.992188 0.0400391 0.015625 0.740234
5 0.70752 0.664062 0.0371094 0.0429688 0.73877
4 0.449707 0.410156 0.0566406 0.0537109 0.720215
5 0.822266 0.00829315 0.0371094 0.0164642 0.697754
13 0.547852 0.575195 0.0195312 0.0625 0.692871
13 0.602539 0.236572 0.0205078 0.0566406 0.6875
4 0.922363 0.230347 0.0429688 0.067627 0.684082
2 0.477539 0.500977 0.0258789 0.0410156 0.682617
9 0.803711 0.741699 0.0371094 0.0439453 0.663574
5 0.65918 0.919922 0.0488281 0.0449219 0.660156
6 0.519531 0.326904 0.0458984 0.0517578 0.65332
11 0.991211 0.655273 0.0175781 0.0546875 0.651367
2 0.628906 0.242188 0.0302734 0.0444336 0.645996
2 0.453369 0.922852 0.0561523 0.046875 0.640625
7 0.975098 0.978027 0.0498047 0.0439453 0.62793
5 0.687988 0.00973511 0.0361328 0.0194702 0.616699
6 0.990234 0.157593 0.0195312 0.0422363 0.602051
4 0.792969 0.983398 0.0332031 0.0332031 0.596191
2 0.377441 0.500977 0.0532227 0.0439453 0.594727
10 0.901855 0.480957 0.0458984 0.0693359 0.592773
18 0.920898 0.743164 0.0429688 0.0507812 0.59082
2 0.599609 0.835449 0.0527344 0.0439453 0.59082
1 0.511719 0.506348 0.0400391 0.0664062 0.575684
6 0.887695 0.32373 0.0625 0.046875 0.567871
2 0.415527 0.504395 0.0249023 0.0273438 0.552734
23 0.860352 0.411133 0.03125 0.0449219 0.535156
12 0.902344 0.569336 0.0380859 0.0664062 0.523438
