19 0.951172 0.365479 0.0644531 0.090332 0.989258
16 0.0958252 0.5625 0.106201 0.0908203 0.988281
1 0.179932 0.955566 0.0883789 0.0888672 0.987793
0 0.84668 0.364746 0.136719 0.0947266 0.987793
23 0.556641 0.560547 0.0742188 0.0888672 0.984375
2 0.863281 0.17038 0.0722656 0.093811 0.983887
23 0.79248 0.17334 0.0712891 0.0869141 0.98291
2 0.480469 0.560547 0.0742188 0.09375 0.982422
2 0.633789 0.759766 0.0722656 0.0927734 0.978516
8 0.599609 0.953125 0.0976562 0.0927734 0.973633
23 0.785156 0.560547 0.0683594 0.0859375 0.972168
22 0.700684 0.954102 0.0888672 0.0898438 0.970703
2 0.857422 0.55957 0.0742188 0.0917969 0.966309
5 0.825684 0.953613 0.0947266 0.0917969 0.961426
23 0.0560303 0.366211 0.0697021 0.0839844 0.958008
5 0.0604858 0.953125 0.0882568 0.09375 0.956055
4 0.00820923 0.945801 0.0164185 0.107422 0.955078
23 0.327637 0.760742 0.0683594 0.0898438 0.952637
13 0.352539 0.929199 0.0556641 0.141602 0.937988
6 0.410156 0.757812 0.0927734 0.09375 0.887207
6 0.0679932 0.758789 0.0979004 0.0947266 0.868652
11 0.45752 0.929688 0.144531 0.138672 0.867188
23 0.950195 0.173096 0.0996094 0.0898438 0.86084
6 0.281494 0.955078 0.0976562 0.0878906 0.845703
6 0.274475 0.561035 0.141479 0.0957031 0.834473
4 0.723145 0.746094 0.0917969 0.117188 0.823242
28 0.980957 0.559448 0.0380859 0.172119 0.808105
13 0.321289 0.539551 0.0488281 0.136719 0.78418
5 0.825195 0.759766 0.09375 0.09375 0.774414
2 0.94873 0.757812 0.102539 0.09375 0.769043
2 0.0109634 0.345215 0.0217133 0.125977 0.677246
6 0.112 0.0143738 0.0899658 0.0287476 0.663574
14 0.681641 0.0113831 0.0371094 0.0227661 0.662109
6 0.399414 0.0127792 0.0996094 0.0255585 0.645996
11 0.0275726 0.140991 0.0551453 0.153809 0.609375
