11 0.552734 0.963867 0.0869141 0.0722656 0.99707
11 0.849609 0.40918 0.0917969 0.138672 0.996582
4 0.937012 0.432373 0.0654297 0.115723 0.987793
27 0.678711 0.0400696 0.0556641 0.0801392 0.986816
19 0.795898 0.635742 0.0664062 0.0878906 0.981934
8 0.807617 0.830078 0.0917969 0.0917969 0.981934
4 0.879883 0.626953 0.0664062 0.111328 0.980957
6 0.483887 0.825195 0.078125 0.0957031 0.980469
2 0.899414 0.835938 0.0742188 0.0976562 0.979004
2 0.416992 0.626953 0.0664062 0.0917969 0.977539
2 0.411133 0.824219 0.0664062 0.0976562 0.976074
22 0.643555 0.974121 0.0761719 0.0517578 0.976074
4 0.754883 0.428711 0.0683594 0.118164 0.974609
23 0.841797 0.233765 0.0683594 0.0861816 0.974121
13 0.921875 0.212524 0.0449219 0.138428 0.973633
7 0.737305 0.257568 0.139648 0.141113 0.973145
4 0.580078 0.618164 0.0625 0.119141 0.972656
23 0.481445 0.626465 0.0595703 0.0898438 0.97168
0 0.591797 0.830078 0.125 0.0976562 0.966309
6 0.95459 0.0393677 0.0898438 0.0787354 0.964355
22 0.978516 0.835938 0.0429688 0.0947266 0.960449
5 0.858398 0.0415649 0.0859375 0.0831299 0.938477
10 0.709961 0.616211 0.0917969 0.139648 0.85791
21 0.976074 0.259766 0.0478516 0.135742 0.841797
8 0.71875 0.811035 0.0878906 0.143555 0.808105
8 0.956055 0.65918 0.0830078 0.135742 0.769043
10 0.426758 0.204834 0.0976562 0.142578 0.586914
7 0.438965 0.986328 0.125977 0.0273438 0.533203
13 0.989746 0.411865 0.0205078 0.152832 0.525391
