11 0.280273 0.954102 0.0966797 0.0917969 0.998047
7 0.972656 0.630859 0.0546875 0.132812 0.990723
19 0.229736 0.811035 0.0688477 0.09375 0.990723
7 0.955078 0.431641 0.0898438 0.139648 0.989746
5 0.613281 0.404785 0.0917969 0.10498 0.986328
2 0.333496 0.810547 0.0776367 0.100586 0.986328
23 0.483154 0.807617 0.0688477 0.0898438 0.983398
23 0.408691 0.810547 0.0722656 0.09375 0.983398
4 0.0843506 0.972168 0.0739746 0.0556641 0.981445
9 0.765625 0.804688 0.0917969 0.101562 0.980957
6 0.842773 0.211426 0.0976562 0.0961914 0.976562
2 0.0322876 0.407959 0.0644531 0.0927734 0.976562
0 0.908691 0.818848 0.140625 0.104492 0.973633
18 0.945312 0.195312 0.0957031 0.127441 0.972656
1 0.843262 0.432129 0.0917969 0.128906 0.971191
13 0.801758 0.582031 0.0488281 0.147461 0.971191
12 0.323242 0.388672 0.174805 0.148926 0.970215
22 0.562012 0.810547 0.0849609 0.0917969 0.968262
13 0.771484 0.181763 0.0449219 0.156982 0.967773
13 0.69873 0.784668 0.0410156 0.145508 0.96582
5 0.50293 0.0311584 0.0947266 0.0623169 0.964844
18 0.656738 0.954102 0.113281 0.0917969 0.953125
0 0.42334 0.978516 0.139648 0.0429688 0.94873
2 0.862305 0.0321655 0.0839844 0.0643311 0.941895
9 0.84668 0.97168 0.0839844 0.0566406 0.927246
12 0.0990601 0.793945 0.168091 0.148438 0.925781
14 0.683594 0.380615 0.046875 0.14209 0.922363
6 0.224609 0.034729 0.151367 0.069458 0.92041
22 0.0371399 0.213257 0.0742798 0.0993652 0.918945
5 0.179199 0.977539 0.0908203 0.0449219 0.907227
5 0.874512 0.605469 0.0898438 0.0957031 0.896484
5 0.991699 0.820312 0.0166016 0.109375 0.850098
14 0.579102 0.0318604 0.0488281 0.0635986 0.842773
13 0.755859 0.955078 0.0957031 0.0898438 0.747559
0 0.964844 0.97998 0.0703125 0.0400391 0.710449
13 0.286865 0.585449 0.046875 0.140625 0.656738
13 0.644531 0.790039 0.0566406 0.139648 0.609375
8 0.955078 0.0288391 0.0898438 0.0576782 0.596191
7 0.336914 0.607422 0.146484 0.181641 0.53125
