29 0.833008 0.460449 0.0634766 0.0791016 0.988281
5 0.606445 0.0770874 0.0332031 0.0380859 0.982422
5 0.953125 0.138794 0.0361328 0.0373535 0.973633
2 0.829102 0.146484 0.0292969 0.0371094 0.970703
11 0.978516 0.206787 0.0410156 0.0629883 0.969238
2 0.490723 0.0808105 0.0332031 0.0390625 0.963867
2 0.948242 0.376465 0.03125 0.0380859 0.963379
2 0.524414 0.158936 0.03125 0.0375977 0.95752
7 0.97998 0.0686646 0.0390625 0.0548096 0.946777
0 0.446289 0.241943 0.0791016 0.0395508 0.940918
13 0.801758 0.294922 0.0214844 0.0644531 0.938477
2 0.885742 0.380127 0.03125 0.0356445 0.932617
7 0.64502 0.0819702 0.0390625 0.0537109 0.923828
6 0.729004 0.0704193 0.0390625 0.0383606 0.920898
5 0.943359 0.0620117 0.0351562 0.0379639 0.915039
8 0.488037 0.398438 0.034668 0.0390625 0.913086
13 0.692383 0.139893 0.0195312 0.067627 0.906738
11 0.986328 0.125732 0.0273438 0.0617676 0.904785
5 0.609863 0.154541 0.0361328 0.0371094 0.903809
24 0.475342 0.487793 0.0551758 0.0537109 0.898926
13 0.580566 0.145508 0.0185547 0.0671387 0.884766
2 0.613281 0.390625 0.0292969 0.0375977 0.874023
5 0.896484 0.213623 0.0371094 0.050293 0.855957
0 0.847656 0.220337 0.0546875 0.048584 0.841797
22 0.922363 0.460938 0.0351562 0.0390625 0.84082
23 0.5625 0.237915 0.03125 0.0378418 0.838867
8 0.633789 0.474609 0.0410156 0.0380859 0.827637
21 0.620117 0.314941 0.0527344 0.0703125 0.812988
4 0.864258 0.0629883 0.0263672 0.0400391 0.804199
21 0.655273 0.396729 0.0527344 0.0629883 0.79834
2 0.530273 0.238892 0.0302734 0.0378418 0.790527
14 0.923828 0.129639 0.0175781 0.0578613 0.782715
10 0.460449 0.0722809 0.0498047 0.0671082 0.778809
6 0.831055 0.0661774 0.0371094 0.0382996 0.778809
2 0.434814 0.480469 0.0341797 0.0400391 0.762207
2 0.577148 0.312988 0.0292969 0.0351562 0.751953
18 0.657227 0.148071 0.0429688 0.0498047 0.729492
2 0.980469 0.294678 0.0341797 0.0429688 0.710449
4 0.769531 0.464844 0.0263672 0.0444336 0.699219
9 0.836426 0.304688 0.0361328 0.0390625 0.695801
0 0.445312 0.157715 0.0800781 0.0507812 0.679199
2 0.90918 0.0618896 0.03125 0.0368652 0.663574
0 0.920898 0.299805 0.0429688 0.0400391 0.662109
13 0.493164 0.462402 0.0205078 0.0683594 0.65332
13 0.46582 0.311035 0.0385742 0.0634766 0.645996
6 0.545898 0.47583 0.0371094 0.0410156 0.616699
24 0.53125 0.0809174 0.046875 0.0393372 0.598145
10 0.503784 0.147827 0.0314941 0.0646973 0.556641
23 0.916504 0.381836 0.0302734 0.0390625 0.554688
21 0.770508 0.239258 0.0507812 0.0673828 0.554688
4 0.857422 0.143585 0.0253906 0.0409546 0.501953
