6 0.169189 0.887695 0.0351562 0.0371094 0.98291
18 0.433105 0.954102 0.0439453 0.0605469 0.981934
5 0.59375 0.887695 0.0332031 0.0371094 0.978516
2 0.188965 0.969727 0.0327148 0.0410156 0.977539
5 0.363525 0.808594 0.0341797 0.0390625 0.974609
0 0.548828 0.963867 0.0546875 0.0371094 0.974121
2 0.429199 0.806641 0.0351562 0.0410156 0.973633
2 0.0737305 0.967773 0.0299072 0.0371094 0.97168
12 0.0353394 0.958008 0.0390015 0.0683594 0.970703
7 0.259277 0.89502 0.0439453 0.0566406 0.969238
2 0.32373 0.964844 0.0307617 0.0371094 0.966309
9 0.270752 0.645508 0.0380859 0.0390625 0.96582
8 0.231201 0.966309 0.0375977 0.0371094 0.963867
2 0.465332 0.649414 0.0302734 0.0380859 0.958496
0 0.0487747 0.884766 0.0572357 0.0410156 0.957031
2 0.378906 0.729004 0.03125 0.0390625 0.955566
0 0.614746 0.570312 0.0751953 0.0400391 0.95459
2 0.0743408 0.571289 0.0324707 0.0390625 0.952148
13 0.540039 0.874023 0.0195312 0.0664062 0.939941
2 0.244873 0.806152 0.0307617 0.0351562 0.933594
5 0.671875 0.568848 0.0341797 0.0380859 0.931641
10 0.406982 0.638672 0.0351562 0.0605469 0.925293
13 0.585938 0.716309 0.0195312 0.0654297 0.924805
5 0.0967407 0.887207 0.036499 0.0371094 0.924316
9 0.365723 0.888184 0.0371094 0.0380859 0.923828
18 0.552246 0.715332 0.0419922 0.0595703 0.92041
5 0.391113 0.96582 0.0351562 0.0371094 0.919434
8 0.319092 0.647949 0.0405273 0.0400391 0.918945
13 0.51123 0.55957 0.015625 0.0566406 0.905273
9 0.0689545 0.649414 0.037384 0.0410156 0.900391
13 0.597656 0.635254 0.0214844 0.0673828 0.896484
10 0.216675 0.555664 0.0351562 0.0664062 0.888672
2 0.195068 0.723145 0.0317383 0.0390625 0.888184
2 0.470703 0.966309 0.0283203 0.0380859 0.883301
13 0.330566 0.711914 0.0224609 0.0664062 0.873047
22 0.682617 0.806152 0.0371094 0.0419922 0.866211
22 0.168457 0.569824 0.0361328 0.0400391 0.859863
5 0.648438 0.648438 0.0332031 0.0371094 0.855957
2 0.613281 0.727051 0.0302734 0.0361328 0.85498
12 0.433105 0.878906 0.0668945 0.0664062 0.849121
8 0.0350342 0.570312 0.0379639 0.0390625 0.841797
8 0.108887 0.970703 0.034668 0.0410156 0.84082
13 0.0392456 0.632812 0.019043 0.0742188 0.837402
8 0.148926 0.96582 0.0366211 0.0371094 0.823242
21 0.282715 0.813477 0.0458984 0.0546875 0.79834
13 0.645508 0.873047 0.0224609 0.0683594 0.79834
24 0.469727 0.571289 0.0654297 0.046875 0.78418
7 0.0432739 0.817383 0.0638428 0.0527344 0.777344
8 0.132202 0.888672 0.0351562 0.0371094 0.775879
9 0.677734 0.885742 0.0371094 0.0390625 0.764648
6 0.356934 0.964844 0.0341797 0.0390625 0.754883
22 0.475586 0.730469 0.0615234 0.0371094 0.746094
8 0.419434 0.727051 0.0449219 0.0390625 0.715332
9 0.208252 0.881836 0.0375977 0.0410156 0.695801
13 0.494141 0.637695 0.0214844 0.0664062 0.692871
11 0.137085 0.63623 0.0651855 0.0654297 0.6875
8 0.664062 0.964355 0.0371094 0.0371094 0.686035
7 0.508301 0.897461 0.0380859 0.0507812 0.644043
8 0.325684 0.806641 0.0351562 0.0390625 0.638672
6 0.314941 0.888184 0.0556641 0.0371094 0.635254
13 0.603516 0.794922 0.0195312 0.0664062 0.620605
4 0.518555 0.650391 0.0234375 0.0410156 0.604004
23 0.213135 0.803711 0.0302734 0.0390625 0.567871
13 0.0221252 0.714844 0.0405884 0.0703125 0.552734
2 0.703125 0.572754 0.0263672 0.0361328 0.537109
2 0.613281 0.966797 0.0625 0.0371094 0.521484
14 0.623047 0.876953 0.0205078 0.0625 0.501953
