19 0.320801 0.889648 0.0634766 0.0917969 0.994629
18 0.868164 0.477539 0.0957031 0.128906 0.986816
5 0.765625 0.495361 0.0957031 0.0981445 0.985352
23 0.471924 0.695312 0.0737305 0.0917969 0.983887
2 0.937012 0.896484 0.0742188 0.0957031 0.98291
13 0.797852 0.670898 0.0449219 0.149414 0.981934
4 0.654785 0.485107 0.0703125 0.11084 0.981445
8 0.537598 0.891113 0.100586 0.0947266 0.97998
2 0.961426 0.100098 0.0771484 0.0947266 0.979492
23 0.543945 0.695312 0.0683594 0.0917969 0.979004
22 0.797852 0.295654 0.0888672 0.0908203 0.97168
2 0.2724 0.489746 0.132935 0.09375 0.971191
22 0.214722 0.0877686 0.0866699 0.0930176 0.966797
7 0.0444336 0.922852 0.0888672 0.140625 0.963379
5 0.642578 0.897461 0.0898438 0.0917969 0.962891
5 0.475586 0.0844116 0.0947266 0.0924072 0.958496
27 0.983398 0.695801 0.0332031 0.0966797 0.951172
12 0.194366 0.867676 0.163513 0.143555 0.946777
0 0.961914 0.500488 0.0761719 0.0888672 0.944824
18 0.103271 0.0771484 0.126465 0.128662 0.879883
6 0.0515442 0.695312 0.102722 0.0957031 0.870605
8 0.419434 0.868164 0.0966797 0.140625 0.845703
29 0.967285 0.333496 0.0654297 0.236816 0.720215
4 0.743164 0.883789 0.101562 0.108398 0.622559
7 0.620117 0.0231323 0.09375 0.0462646 0.584961
11 0.567871 0.269104 0.155273 0.140503 0.544922
