24 0.929688 0.421631 0.0371094 0.0634766 0.995605
21 0.594727 0.59668 0.0371094 0.0585938 0.981934
0 0.775391 0.161133 0.0820312 0.0449219 0.975586
5 0.265869 0.333496 0.0356445 0.0429688 0.972656
4 0.270996 0.413086 0.03125 0.0507812 0.970215
0 0.513184 0.249756 0.0556641 0.0424805 0.967773
11 0.876953 0.153198 0.0371094 0.0632324 0.966309
5 0.339844 0.33252 0.0341797 0.0419922 0.966309
2 0.550781 0.667969 0.03125 0.0410156 0.966309
2 0.700195 0.835449 0.0234375 0.0419922 0.964355
8 0.725586 0.498047 0.0390625 0.0478516 0.961914
5 0.509277 0.921875 0.0371094 0.0410156 0.960938
2 0.821289 0.0802002 0.0273438 0.0394287 0.958984
0 0.0318604 0.753906 0.0633545 0.0439453 0.958496
9 0.855469 0.32666 0.0371094 0.0454102 0.95752
2 0.783203 0.32666 0.0322266 0.0478516 0.95752
12 0.580078 0.919434 0.0332031 0.0742188 0.956543
13 0.149658 0.824219 0.026123 0.0742188 0.955566
2 0.678711 0.916992 0.0292969 0.0439453 0.950195
2 0.821289 0.916016 0.03125 0.0429688 0.94873
5 0.802734 0.75 0.0371094 0.0419922 0.948242
5 0.040802 0.332031 0.038147 0.0419922 0.946777
7 0.575195 0.428711 0.0351562 0.0585938 0.944824
10 0.222534 0.826172 0.0336914 0.0664062 0.944336
0 0.774414 0.0825195 0.0566406 0.0395508 0.942383
6 0.264099 0.250916 0.0421143 0.0430908 0.941895
2 0.737793 0.329834 0.0263672 0.0424805 0.936523
10 0.457031 0.910156 0.0341797 0.0625 0.936523
6 0.897461 0.0817871 0.0351562 0.0400391 0.93457
6 0.96875 0.831055 0.0390625 0.0390625 0.93457
7 0.926758 0.842285 0.0390625 0.0595703 0.933594
13 0.616211 0.0736084 0.0234375 0.0646973 0.932129
18 0.326416 0.411621 0.0541992 0.0556641 0.932129
2 0.852539 0.664062 0.0292969 0.0429688 0.930176
22 0.33374 0.0842285 0.0336914 0.0373535 0.928711
2 0.481445 0.501465 0.03125 0.0429688 0.92627
2 0.679688 0.0811768 0.03125 0.0415039 0.924316
7 0.0823975 0.763672 0.0380859 0.0605469 0.922852
0 0.211426 0.0831299 0.0571289 0.0400391 0.921875
14 0.712891 0.316895 0.0195312 0.0649414 0.921875
18 0.227783 0.748047 0.0395508 0.0507812 0.921875
5 0.205566 0.500977 0.0302734 0.0390625 0.921387
46 0.31543 0.668945 0.0634766 0.0410156 0.921387
2 0.203613 0.918945 0.0317383 0.0449219 0.920898
5 0.681152 0.330078 0.0380859 0.0424805 0.917969
5 0.905273 0.329102 0.0371094 0.0458984 0.910645
0 0.60791 0.497314 0.0673828 0.0493164 0.910645
0 0.874023 0.581055 0.0566406 0.0429688 0.90918
2 0.610352 0.414551 0.03125 0.0429688 0.905762
23 0.731445 0.835938 0.0332031 0.0410156 0.905273
5 0.393066 0.500122 0.0322266 0.0407715 0.903809
7 0.316406 0.174072 0.0375977 0.0610352 0.902832
24 0.518555 0.677734 0.0332031 0.0634766 0.901855
13 0.452881 0.156738 0.0209961 0.0595703 0.896973
5 0.859375 0.494141 0.0371094 0.0419922 0.896973
13 0.258789 0.741699 0.0239258 0.0683594 0.896973
5 0.814453 0.242554 0.0380859 0.0456543 0.895508
0 0.791992 0.0130005 0.0595703 0.026001 0.893066
8 0.957031 0.582031 0.0400391 0.046875 0.892578
13 0.641113 0.656738 0.0195312 0.0634766 0.889648
5 0.993164 0.496582 0.0136719 0.046875 0.884277
2 0.979492 0.74707 0.0283203 0.0410156 0.884277
18 0.167725 0.412598 0.0380859 0.0527344 0.882324
22 0.219849 0.166016 0.0344238 0.041748 0.881836
5 0.630859 0.583008 0.03125 0.0410156 0.881836
13 0.919922 0.154083 0.0214844 0.0643921 0.880859
13 0.406738 0.911133 0.0185547 0.0703125 0.880859
0 0.557617 0.156738 0.0576172 0.0605469 0.878906
18 0.420898 0.161133 0.0380859 0.052002 0.878418
5 0.796875 0.410889 0.0371094 0.0454102 0.875977
6 0.695312 0.247314 0.0390625 0.0395508 0.875
4 0.124207 0.410645 0.0316162 0.0537109 0.868652
2 0.643555 0.835938 0.0322266 0.0449219 0.867188
0 0.0223999 0.666016 0.0444946 0.046875 0.862305
12 0.0753784 0.0743561 0.0501709 0.0649109 0.85791
11 0.988281 0.654297 0.0234375 0.0683594 0.85791
10 0.0749512 0.574707 0.0358887 0.0625 0.854004
22 0.379883 0.165405 0.0322266 0.0415039 0.853027
4 0.372559 0.327393 0.0307617 0.0537109 0.850098
35 0.0778198 0.165527 0.0507812 0.0458984 0.849121
9 0.713379 0.917969 0.0371094 0.0410156 0.848145
18 0.373047 0.0786743 0.0380859 0.0480957 0.847168
18 0.124878 0.915039 0.0556641 0.0498047 0.847168
4 0.120056 0.161377 0.0294189 0.0532227 0.84375
11 0.170166 0.908203 0.0361328 0.0625 0.842773
4 0.308105 0.832031 0.0317383 0.0566406 0.837402
5 0.0817261 0.406982 0.0540771 0.0620117 0.835449
24 0.854492 0.914551 0.0332031 0.0527344 0.833496
2 0.134796 0.498779 0.0282593 0.0424805 0.833496
6 0.713867 0.162842 0.0371094 0.0419922 0.822266
16 0.681152 0.753418 0.0390625 0.0449219 0.808105
7 0.273438 0.59375 0.0371094 0.0566406 0.805664
13 0.545898 0.319824 0.0253906 0.0756836 0.804199
13 0.880859 0.824219 0.0253906 0.0644531 0.804199
2 0.486084 0.667969 0.0307617 0.046875 0.803223
2 0.897461 0.410889 0.0292969 0.0449219 0.800781
22 0.837891 0.161377 0.0341797 0.0424805 0.79834
18 0.108643 0.328125 0.0541992 0.0527344 0.791992
13 0.146484 0.576172 0.0209961 0.0605469 0.789062
2 0.0361633 0.249756 0.0289917 0.0424805 0.789062
2 0.780273 0.917969 0.0273438 0.0410156 0.775879
7 0.755859 0.42334 0.0410156 0.0625 0.767578
18 0.465576 0.740723 0.0390625 0.0605469 0.766113
4 0.574219 0.329102 0.0292969 0.0527344 0.764648
23 0.400391 0.249512 0.0322266 0.0419922 0.763672
13 0.830566 0.48584 0.0214844 0.0644531 0.757812
0 0.0198364 0.0848541 0.0396118 0.0458679 0.753418
1 0.423096 0.758789 0.0390625 0.0625 0.753418
9 0.9375 0.0811768 0.0371094 0.0408936 0.749023
6 0.121094 0.0736237 0.0412598 0.0627136 0.746094
0 0.573242 0.244019 0.0566406 0.048584 0.740234
22 0.555664 0.500977 0.0332031 0.0419922 0.725098
5 0.0634918 0.991699 0.0358582 0.0166016 0.710449
5 0.830078 0.581543 0.03125 0.0410156 0.697754
4 0.110474 0.582031 0.0288086 0.0439453 0.694336
18 0.951172 0.15625 0.0390625 0.0493164 0.692871
2 0.0405807 0.919922 0.0305328 0.0429688 0.6875
2 0.445312 0.248779 0.0537109 0.0415039 0.686035
24 0.0443039 0.479004 0.0374908 0.0439453 0.684082
2 0.427734 0.0122986 0.0273438 0.0245972 0.679199
11 0.44165 0.979492 0.0385742 0.0410156 0.679199
4 0.323975 0.987305 0.0307617 0.0253906 0.677246
24 0.672852 0.84082 0.0273438 0.0507812 0.672363
21 0.354736 0.513184 0.0385742 0.0585938 0.67041
11 0.15332 0.241211 0.0512695 0.0649414 0.668945
6 0.178833 0.57666 0.0378418 0.0605469 0.668945
5 0.379883 0.667969 0.0517578 0.0429688 0.665527
13 0.0913086 0.487061 0.0305176 0.0786133 0.656738
21 0.791992 0.595215 0.0410156 0.0585938 0.656738
13 0.978516 0.316406 0.0214844 0.0673828 0.654785
8 0.136597 0.666992 0.0405273 0.0410156 0.654785
14 0.640625 0.90918 0.0351562 0.0625 0.654785
22 0.990234 0.581055 0.0195312 0.0419922 0.649414
22 0.495117 0.011116 0.0478516 0.0222321 0.647949
7 0.513184 0.345703 0.0351562 0.0605469 0.642578
14 0.515625 0.980469 0.0341797 0.0390625 0.642578
10 0.763184 0.908203 0.03125 0.0625 0.640625
7 0.116699 0.845703 0.0358887 0.0605469 0.637207
13 0.302246 0.0775757 0.0234375 0.0606689 0.635254
24 0.222168 0.554688 0.0405273 0.0253906 0.629883
8 0.714844 0.751953 0.0234375 0.0429688 0.624512
19 0.545898 0.917969 0.0292969 0.0449219 0.624512
7 0.0104904 0.338867 0.0207367 0.0527344 0.618652
13 0.456055 0.568359 0.0185547 0.0771484 0.616699
2 0.847656 0.988281 0.0283203 0.0234375 0.611328
18 0.678711 0.986328 0.0527344 0.0273438 0.607422
2 0.84082 0.0102692 0.0292969 0.0205383 0.598145
18 0.951172 0.657227 0.0517578 0.0546875 0.596191
2 0.117432 0.750977 0.0273438 0.0429688 0.588867
2 0.920898 0.580566 0.0302734 0.0488281 0.586914
4 0.236816 0.499512 0.0292969 0.0537109 0.584961
7 0.444336 0.0824127 0.0527344 0.0414734 0.565918
5 0.148682 0.166748 0.0263672 0.0322266 0.565918
6 0.110901 0.251221 0.0345459 0.0488281 0.558105
2 0.816406 0.330322 0.0322266 0.0429688 0.552734
7 0.975098 0.416016 0.0498047 0.0683594 0.552734
13 0.612305 0.907715 0.0224609 0.0634766 0.548828
4 0.178955 0.819336 0.0322266 0.0820312 0.535156
7 0.352295 0.750977 0.0507812 0.0429688 0.533203
21 0.0158081 0.836914 0.0314331 0.0439453 0.517578
12 0.626953 0.153778 0.0507812 0.0606079 0.505859
