5 0.654297 0.218506 0.0371094 0.0449219 0.992676
7 0.868652 0.587402 0.0732422 0.0625 0.979004
4 0.98584 0.576172 0.0283203 0.0625 0.979004
5 0.528809 0.396973 0.0400391 0.046875 0.973145
5 0.793457 0.13269 0.0371094 0.0444336 0.972656
0 0.569336 0.124695 0.0595703 0.043335 0.963867
5 0.663086 0.309326 0.0390625 0.0458984 0.961914
6 0.395508 0.571289 0.0405273 0.0449219 0.960938
22 0.716797 0.487305 0.0380859 0.0419922 0.959961
1 0.902344 0.408691 0.0429688 0.0644531 0.952637
10 0.878906 0.0366821 0.0410156 0.0635986 0.950195
2 0.569336 0.305176 0.0371094 0.0449219 0.945312
18 0.808594 0.389404 0.0429688 0.059082 0.943848
5 0.9375 0.220703 0.0429688 0.0458984 0.938477
9 0.885742 0.30957 0.0419922 0.0478516 0.936035
7 0.349609 0.491211 0.0507812 0.0654297 0.932129
7 0.742188 0.140503 0.0634766 0.0615234 0.928223
5 0.436035 0.572266 0.0400391 0.0488281 0.927246
2 0.851562 0.399902 0.0371094 0.0527344 0.921875
2 0.537598 0.577148 0.03125 0.0546875 0.918945
27 0.653809 0.585938 0.0419922 0.0683594 0.917969
5 0.414551 0.125122 0.0654297 0.0476074 0.910645
8 0.529297 0.305664 0.0390625 0.0458984 0.905273
5 0.619141 0.125854 0.0371094 0.043457 0.904785
5 0.744141 0.398438 0.0390625 0.0458984 0.901855
9 0.863281 0.220947 0.0410156 0.046875 0.894043
5 0.422852 0.0368347 0.0390625 0.0447388 0.884277
20 0.912598 0.130005 0.0664062 0.081543 0.883301
6 0.788574 0.0436096 0.0380859 0.0407104 0.882324
14 0.825195 0.297852 0.0234375 0.0664062 0.882324
8 0.759766 0.486816 0.0429688 0.046875 0.882324
8 0.447266 0.481934 0.0400391 0.0429688 0.877441
22 0.487305 0.305664 0.0390625 0.0439453 0.876465
7 0.455566 0.402832 0.0449219 0.0605469 0.876465
13 0.424316 0.380859 0.0219727 0.0693359 0.875977
10 0.702148 0.566895 0.0371094 0.0703125 0.875
2 0.526367 0.0371017 0.0292969 0.0468903 0.859863
13 0.801758 0.567383 0.0234375 0.0703125 0.85498
23 0.349609 0.0364075 0.0371094 0.0498657 0.847168
2 0.385986 0.0341797 0.03125 0.043457 0.835449
14 0.45459 0.0292358 0.0244141 0.0584717 0.834473
14 0.685059 0.208252 0.0214844 0.0668945 0.831055
24 0.425781 0.221191 0.0351562 0.059082 0.810547
10 0.352051 0.382568 0.0522461 0.074707 0.809082
14 0.822266 0.121948 0.0214844 0.0612793 0.79834
19 0.723633 0.0413818 0.0273438 0.0395508 0.794434
6 0.954102 0.397949 0.0615234 0.046875 0.785156
13 0.854492 0.299561 0.0253906 0.0688477 0.779785
6 0.95166 0.046051 0.0390625 0.0421753 0.773438
5 0.779297 0.306641 0.0625 0.0458984 0.766113
4 0.498535 0.0310669 0.0263672 0.0581055 0.682617
10 0.405029 0.470215 0.0449219 0.0625 0.680664
4 0.967773 0.486084 0.0332031 0.0522461 0.67041
21 0.910156 0.499023 0.046875 0.0615234 0.67041
8 0.979492 0.220215 0.0410156 0.0454102 0.668945
6 0.969727 0.133423 0.0429688 0.045166 0.660156
13 0.943359 0.476562 0.0214844 0.0693359 0.660156
6 0.69043 0.397949 0.0625 0.0478516 0.65332
23 0.869629 0.48877 0.0341797 0.0458984 0.624512
13 0.473633 0.0290985 0.0224609 0.0575256 0.611328
14 0.466309 0.563965 0.0214844 0.0683594 0.607422
46 0.558594 0.216064 0.0742188 0.0463867 0.592773
18 0.833984 0.0345154 0.046875 0.0631714 0.59082
0 0.986328 0.0477905 0.0273438 0.0441895 0.577637
22 0.678711 0.126953 0.0605469 0.0419922 0.554688
24 0.913086 0.0517578 0.0302734 0.0518799 0.535156
10 0.358643 0.117004 0.0507812 0.0648193 0.511719
11 0.992188 0.389893 0.015625 0.0629883 0.505859
