18 0.594727 0.929688 0.111328 0.140625 0.987793
9 0.919922 0.946777 0.0917969 0.0986328 0.987305
1 0.280029 0.955078 0.0947266 0.0898438 0.987305
23 0.0544739 0.36377 0.0657349 0.0869141 0.986328
19 0.728516 0.753418 0.0625 0.0859375 0.983887
8 0.563965 0.753906 0.100586 0.0976562 0.980957
1 0.0183868 0.185577 0.0367737 0.126892 0.978516
5 0.770508 0.545776 0.0898438 0.0959473 0.978516
4 0.813477 0.738281 0.0761719 0.115234 0.978516
8 0.719727 0.949707 0.0966797 0.09375 0.978516
2 0.661133 0.751953 0.0722656 0.0908203 0.977539
22 0.482422 0.95459 0.0927734 0.0888672 0.975586
9 0.155273 0.952148 0.0930176 0.09375 0.974609
2 0.920898 0.353516 0.0654297 0.0917969 0.974121
6 0.0569458 0.957031 0.0906982 0.0859375 0.974121
6 0.381348 0.957031 0.0947266 0.0839844 0.97168
0 0.695312 0.155792 0.132812 0.0873413 0.968262
5 0.890137 0.746094 0.0830078 0.0957031 0.96582
14 0.988281 0.526367 0.0234375 0.130859 0.963867
0 0.0819092 0.762207 0.144287 0.0917969 0.963867
22 0.132324 0.356445 0.0883789 0.0913086 0.962402
22 0.821289 0.949219 0.0859375 0.0927734 0.960449
10 0.253845 0.327637 0.0880127 0.137695 0.892578
8 0.960938 0.152313 0.078125 0.0918579 0.866211
0 0.969238 0.754883 0.0615234 0.0878906 0.849121
8 0.986328 0.350098 0.0273438 0.102539 0.834473
6 0.118774 0.162354 0.149414 0.0930176 0.78418
10 0.871094 0.126434 0.0957031 0.138733 0.782715
7 0.0919189 0.585938 0.156982 0.130859 0.762207
2 0.00848389 0.373047 0.0169067 0.103027 0.647949
13 0.165527 0.136963 0.0656738 0.147705 0.521484
