18 0.964844 0.929688 0.0703125 0.128906 0.994629
13 0.799805 0.922363 0.046875 0.149414 0.993164
11 0.81543 0.514648 0.0966797 0.136719 0.991699
14 0.594727 0.921387 0.0488281 0.143555 0.983887
14 0.753906 0.919922 0.0458984 0.144531 0.983887
19 0.369141 0.949219 0.0639648 0.0996094 0.983398
13 0.890625 0.519043 0.0488281 0.144531 0.980957
8 0.848633 0.739258 0.0996094 0.0976562 0.979492
5 0.68457 0.944336 0.0908203 0.0996094 0.979004
13 0.546387 0.924805 0.046875 0.148438 0.977539
6 0.873047 0.946289 0.0947266 0.0957031 0.976074
2 0.0946045 0.937988 0.0754395 0.0966797 0.973633
0 0.260742 0.950684 0.135742 0.0966797 0.972168
6 0.180298 0.739258 0.0964355 0.0898438 0.971191
5 0.953125 0.742188 0.0898438 0.09375 0.969238
2 0.0397339 0.336914 0.0794678 0.0927734 0.959961
12 0.459473 0.921875 0.107422 0.142578 0.957031
1 0.418701 0.758789 0.150879 0.140625 0.953125
2 0.967773 0.537598 0.0644531 0.0927734 0.936523
2 0.0185242 0.534058 0.0368652 0.0861816 0.917969
11 0.888184 0.318115 0.146484 0.13916 0.91748
11 0.191162 0.118652 0.152832 0.137207 0.910645
27 0.607422 0.0176697 0.0517578 0.0353394 0.895508
3 0.967773 0.129883 0.0644531 0.172363 0.895508
6 0.602051 0.348145 0.0859375 0.0849609 0.732422
2 0.16333 0.945801 0.0415039 0.0478516 0.637207
8 0.983398 0.342285 0.0332031 0.0888672 0.546875
