13 0.149658 0.0742798 0.026123 0.0740967 0.967285
2 0.700195 0.0853271 0.0234375 0.041748 0.964844
7 0.926758 0.0924225 0.0390625 0.0600281 0.959961
5 0.509277 0.171387 0.0371094 0.0400391 0.958984
2 0.678711 0.166992 0.0292969 0.043457 0.952148
2 0.481934 0.256409 0.0332031 0.0477295 0.946289
2 0.821289 0.16626 0.03125 0.0429688 0.944336
12 0.580078 0.168945 0.0332031 0.0732422 0.942383
6 0.96875 0.0811615 0.0390625 0.039093 0.939453
2 0.203613 0.169189 0.0317383 0.0454102 0.937012
0 0.383301 0.25293 0.0615234 0.0537109 0.919434
23 0.731934 0.0857544 0.0322266 0.0401611 0.915527
4 0.324707 0.251038 0.0322266 0.0565186 0.914062
10 0.456787 0.1604 0.0341797 0.0625 0.913574
5 0.148193 0.0127335 0.034668 0.0251617 0.901855
11 0.170166 0.158081 0.0361328 0.0627441 0.884766
2 0.643555 0.0859375 0.03125 0.0463867 0.884766
9 0.713379 0.167847 0.0371094 0.0415039 0.882324
5 0.0655518 0.257324 0.0386963 0.0483398 0.874023
4 0.308105 0.0818481 0.0317383 0.0561523 0.864258
24 0.854492 0.16626 0.0341797 0.0566406 0.856934
13 0.406738 0.161133 0.0185547 0.0708008 0.848145
18 0.125 0.165039 0.0556641 0.0498047 0.845703
0 0.0352859 0.0121536 0.0573578 0.0243073 0.837402
13 0.880859 0.0743408 0.0253906 0.0640869 0.810547
8 0.813477 0.25415 0.0371094 0.0395508 0.791992
18 0.678223 0.251465 0.0527344 0.0561523 0.789062
16 0.28833 0.255127 0.0375977 0.0522461 0.778809
2 0.780273 0.16748 0.0273438 0.0419922 0.775879
2 0.0405579 0.1698 0.0304565 0.0429688 0.730957
1 0.600586 0.0221405 0.0429688 0.044281 0.713867
5 0.72168 0.256592 0.0332031 0.0405273 0.695801
12 0.222412 0.248291 0.0498047 0.0717773 0.690918
19 0.545898 0.16748 0.0292969 0.0449219 0.679199
14 0.640625 0.158936 0.0351562 0.0620117 0.673828
24 0.672852 0.0906372 0.0273438 0.0516357 0.615234
16 0.566406 0.0854492 0.0390625 0.043457 0.605957
10 0.763184 0.158081 0.03125 0.0620117 0.600098
4 0.180298 0.0830078 0.034668 0.0523682 0.588867
13 0.612305 0.157959 0.0224609 0.0634766 0.588867
6 0.517456 0.244507 0.0373535 0.0666504 0.584961
7 0.116577 0.0958862 0.0358887 0.0614014 0.575684
4 0.765137 0.249268 0.0556641 0.0581055 0.533203
22 0.229248 0.011673 0.0361328 0.0233459 0.527344
19 0.0711517 0.171143 0.0307922 0.0429688 0.527344
18 0.0158539 0.0866699 0.0314026 0.0439453 0.517578
2 0.847656 0.251953 0.0273438 0.0488281 0.509766
35 0.267334 0.0881348 0.0517578 0.0407715 0.507812
