11 0.514648 0.851074 0.0898438 0.133789 0.991699
18 0.794434 0.842773 0.100586 0.141602 0.991211
8 0.929199 0.662109 0.0878906 0.0908203 0.986816
19 0.772461 0.669922 0.0625 0.0927734 0.986328
18 0.0498962 0.471924 0.0914917 0.121582 0.985352
5 0.147095 0.486328 0.0861816 0.0908203 0.984375
18 0.18457 0.863281 0.0922852 0.123047 0.983887
5 0.419434 0.877441 0.09375 0.0917969 0.981445
8 0.82959 0.268555 0.0839844 0.0942383 0.980957
2 0.883789 0.859375 0.0644531 0.09375 0.980957
5 0.845703 0.666016 0.078125 0.0917969 0.97998
2 0.90918 0.268616 0.0664062 0.0926514 0.978516
2 0.443115 0.083252 0.0708008 0.0847168 0.974609
2 0.264404 0.480469 0.074707 0.0878906 0.970703
5 0.951172 0.461914 0.078125 0.09375 0.970215
0 0.84375 0.473145 0.119141 0.0888672 0.969727
22 0.0830231 0.889648 0.0873718 0.0888672 0.969238
5 0.973633 0.252991 0.0527344 0.108276 0.968262
2 0.624023 0.873047 0.0683594 0.0917969 0.967773
6 0.287842 0.880859 0.0917969 0.0888672 0.957031
11 0.0104446 0.67334 0.0208893 0.160156 0.945801
0 0.959473 0.860352 0.0810547 0.0898438 0.931641
13 0.678223 0.845703 0.0361328 0.142578 0.927246
6 0.0548096 0.0917358 0.109375 0.0941162 0.893066
4 0.740234 0.268799 0.0917969 0.105957 0.728027
10 0.233521 0.657227 0.0871582 0.136719 0.680664
22 0.677246 0.671387 0.0976562 0.0908203 0.679199
13 0.601562 0.498535 0.015625 0.12793 0.638672
13 0.0848236 0.0664062 0.0527649 0.132812 0.62793
14 0.115723 0.283447 0.0405273 0.0957031 0.596191
18 0.35791 0.680664 0.144531 0.09375 0.584961
8 0.0160217 0.891602 0.0319214 0.0839844 0.535156
