4 0.833984 0.251465 0.0742188 0.114258 0.98291
5 0.930664 0.254883 0.0957031 0.0996094 0.98291
0 0.73584 0.850586 0.193359 0.107422 0.981445
8 0.882812 0.849121 0.101562 0.101562 0.97998
12 0.849609 0.0582581 0.169922 0.116516 0.978516
12 0.55127 0.834961 0.169922 0.152344 0.974609
2 0.969238 0.851074 0.0615234 0.0957031 0.970703
19 0.972656 0.0613098 0.0546875 0.0944214 0.959473
2 0.96582 0.648438 0.0683594 0.101562 0.917969
13 0.801758 0.828613 0.0615234 0.144531 0.806641
14 0.991211 0.22583 0.0175781 0.133301 0.750488
16 0.560059 0.259216 0.161133 0.0977783 0.702637
3 0.973633 0.434326 0.0527344 0.149902 0.600098
