11 0.897949 0.359375 0.0917969 0.138672 0.994629
2 0.818848 0.964844 0.0751953 0.0703125 0.98877
0 0.202271 0.761719 0.144775 0.0957031 0.988281
2 0.652344 0.170532 0.0732422 0.0959473 0.987305
18 0.376465 0.544434 0.109375 0.141602 0.987305
27 0.692383 0.398926 0.0625 0.130859 0.984863
23 0.0547485 0.759766 0.0681152 0.0898438 0.982422
18 0.110901 0.338867 0.111206 0.141602 0.980957
2 0.480957 0.569824 0.0810547 0.0947266 0.980469
2 0.0197144 0.951172 0.0394287 0.0976562 0.978516
22 0.286682 0.958008 0.0877686 0.0839844 0.978516
0 0.394531 0.768555 0.143555 0.09375 0.978027
0 0.911133 0.778809 0.138672 0.101562 0.977051
4 0.717773 0.766602 0.0722656 0.119141 0.975586
5 0.79541 0.774414 0.0839844 0.0947266 0.975586
11 0.310059 0.142609 0.0917969 0.138611 0.974609
8 0.875977 0.184326 0.0976562 0.0969238 0.973145
2 0.968262 0.185059 0.0634766 0.0942383 0.972168
22 0.706055 0.964844 0.0859375 0.0703125 0.972168
8 0.443848 0.367676 0.101074 0.0966797 0.971191
2 0.80957 0.378906 0.0732422 0.0986328 0.971191
4 0.756836 0.570312 0.0742188 0.115234 0.970703
8 0.188965 0.955078 0.090332 0.0898438 0.96875
9 0.737305 0.179932 0.0917969 0.0998535 0.967285
11 0.51355 0.741211 0.092041 0.138672 0.959473
8 0.606445 0.958496 0.101562 0.0830078 0.956543
13 0.382812 0.13797 0.0439453 0.159119 0.95459
21 0.0897369 0.958008 0.103973 0.0839844 0.946289
28 0.952148 0.567871 0.0957031 0.174805 0.942871
2 0.028183 0.355469 0.056366 0.0966797 0.942383
13 0.52002 0.930176 0.0429688 0.139648 0.935547
0 0.235718 0.539917 0.142822 0.140869 0.935059
4 0.967773 0.955078 0.0625 0.0898438 0.928223
7 0.0771484 0.583984 0.154297 0.134766 0.915039
27 0.397217 0.0277252 0.046875 0.0554504 0.906738
23 0.975586 0.384277 0.0488281 0.0859375 0.891602
1 0.327637 0.0295868 0.0844727 0.0591736 0.832031
6 0.186768 0.167938 0.148438 0.0947876 0.759277
23 0.894531 0.970215 0.0722656 0.0595703 0.746094
4 0.861328 0.0163269 0.0595703 0.0326538 0.733887
2 0.357422 0.373779 0.0380859 0.046875 0.726562
14 0.803223 0.0133286 0.0429688 0.0266571 0.6875
13 0.993164 0.766113 0.0136719 0.157227 0.679199
18 0.430176 0.940918 0.138184 0.118164 0.584961
5 0.727539 0.0137939 0.0898438 0.0275879 0.571777
