19 0.654297 0.142334 0.0683594 0.0910645 0.991699
19 0.228394 0.942871 0.0627441 0.0986328 0.988281
5 0.570312 0.140411 0.0878906 0.093689 0.986328
7 0.19751 0.766602 0.0932617 0.134766 0.98584
2 0.928223 0.740234 0.0703125 0.0966797 0.984863
13 0.569336 0.514648 0.046875 0.145508 0.984375
7 0.732422 0.764648 0.0996094 0.128906 0.97998
7 0.903809 0.362793 0.110352 0.141602 0.977539
7 0.292419 0.565308 0.0860596 0.131104 0.976562
4 0.921875 0.535156 0.0761719 0.115234 0.970703
13 0.864258 0.511841 0.0390625 0.1521 0.970215
2 0.156128 0.943359 0.0715332 0.0996094 0.96875
14 0.642578 0.513672 0.0849609 0.137695 0.967773
7 0.787109 0.169189 0.0996094 0.13208 0.964844
6 0.836914 0.739258 0.0957031 0.0917969 0.963867
8 0.0649567 0.945312 0.0949402 0.09375 0.962891
16 0.695312 0.945312 0.105469 0.103516 0.960938
8 0.47876 0.938477 0.0922852 0.09375 0.958984
13 0.984375 0.325623 0.03125 0.157349 0.956543
12 0.931641 0.117493 0.136719 0.143921 0.946777
11 0.352539 0.918945 0.144531 0.140625 0.936523
6 0.579102 0.937012 0.09375 0.0917969 0.928711
6 0.200928 0.541504 0.0893555 0.0957031 0.915039
2 0.743164 0.538086 0.078125 0.0957031 0.90918
4 0.398193 0.534668 0.104004 0.103516 0.901855
27 0.435059 0.142792 0.0556641 0.0952759 0.842773
4 0.806641 0.93457 0.0996094 0.0976562 0.770508
23 0.810059 0.539185 0.0693359 0.0876465 0.740234
0 0.984375 0.744141 0.03125 0.09375 0.6875
6 0.336426 0.13562 0.135742 0.105713 0.67041
6 0.799316 0.341309 0.0869141 0.0908203 0.668945
27 0.654785 0.342773 0.0595703 0.09375 0.62793
13 0.201416 0.321777 0.0527344 0.141602 0.596191
4 0.30127 0.734375 0.101074 0.0957031 0.567871
27 0.062439 0.507812 0.0628662 0.166992 0.558105
7 0.450439 0.0200653 0.0810547 0.0401306 0.552734
23 0.0319824 0.741211 0.0639648 0.0878906 0.550781
6 0.228027 0.540527 0.0341797 0.0917969 0.519531
6 0.104858 0.739746 0.0861816 0.0849609 0.505859
