1 0.0957031 0.840332 0.0834961 0.132812 0.995117
16 0.0828247 0.0439758 0.0916748 0.0875854 0.992676
27 0.167847 0.833008 0.0529785 0.136719 0.990723
2 0.156525 0.981445 0.074646 0.0371094 0.970215
6 0.0733032 0.983887 0.0860596 0.0322266 0.95166
2 0.00930786 0.621094 0.0184937 0.0800781 0.934082
6 0.0855713 0.625 0.129395 0.0947266 0.901855
14 0.17688 0.0437622 0.0861816 0.0875244 0.896973
10 0.102051 0.220093 0.0717773 0.139893 0.855957
14 0.992188 0.072998 0.015625 0.0981445 0.825684
8 0.0228577 0.816406 0.0457153 0.0859375 0.777344
5 0.0123596 0.222778 0.0246582 0.114014 0.680664
11 0.00710297 0.396973 0.0140686 0.133789 0.552734
