21 0.555176 0.328125 0.0390625 0.0625 0.981445
20 0.240479 0.977051 0.0805664 0.0458984 0.979492
2 0.885254 0.733398 0.0292969 0.0410156 0.977539
5 0.0768433 0.412109 0.0367432 0.0454102 0.975098
4 0.676758 0.563477 0.0371094 0.0527344 0.971191
21 0.791016 0.577637 0.0390625 0.0576172 0.970215
6 0.276367 0.827637 0.0400391 0.0419922 0.96875
21 0.147217 0.0836792 0.0388184 0.0682373 0.967285
4 0.142578 0.985352 0.0319824 0.0292969 0.967285
5 0.133331 0.240967 0.0355835 0.0439453 0.966797
13 0.329102 0.976562 0.0205078 0.046875 0.964355
5 0.323975 0.151855 0.0322266 0.0390625 0.963867
11 0.18457 0.902344 0.0380859 0.0673828 0.963867
0 0.496094 0.071228 0.0820312 0.0449219 0.963379
2 0.688965 0.3125 0.0322266 0.0463867 0.962891
13 0.586426 0.556152 0.0234375 0.0683594 0.958984
2 0.745117 0.730469 0.0332031 0.0488281 0.957031
5 0.508911 0.655273 0.0388184 0.0449219 0.956543
0 0.123108 0.157837 0.06604 0.0439453 0.956055
7 0.558105 0.0783844 0.0380859 0.0536804 0.955078
0 0.539551 0.90332 0.0566406 0.0449219 0.953125
5 0.817871 0.395996 0.0380859 0.0429688 0.951172
13 0.587891 0.805664 0.0273438 0.0800781 0.951172
18 0.708008 0.393311 0.0410156 0.0556641 0.950684
2 0.280029 0.404541 0.0263672 0.0375977 0.950195
0 0.84082 0.478027 0.0644531 0.0478516 0.949707
0 0.720215 0.982422 0.0595703 0.0351562 0.949707
0 0.132324 0.915039 0.0639648 0.0449219 0.946777
8 0.212158 0.662598 0.0405273 0.0400391 0.944824
6 0.227173 0.914062 0.0402832 0.0410156 0.941895
0 0.40332 0.984863 0.0571289 0.0302734 0.941895
12 0.803711 0.22998 0.0371094 0.0800781 0.938965
0 0.670898 0.481445 0.0625 0.0458984 0.938477
2 0.271484 0.0722046 0.0302734 0.0426025 0.937988
0 0.456543 0.742188 0.0771484 0.0429688 0.937988
18 0.47998 0.819336 0.0395508 0.0507812 0.935059
2 0.890625 0.477539 0.03125 0.0449219 0.934082
5 0.108032 0.078186 0.0380859 0.0411377 0.933594
8 0.854492 0.647461 0.0429688 0.0429688 0.933594
7 0.0149765 0.184082 0.029953 0.0854492 0.933105
22 0.617188 0.148926 0.0371094 0.0454102 0.931641
5 0.224609 0.239258 0.0361328 0.0444336 0.931641
6 0.248047 0.158203 0.0371094 0.0419922 0.931152
5 0.568359 0.484863 0.0371094 0.0449219 0.931152
5 0.179932 0.829102 0.0380859 0.0429688 0.926758
5 0.817383 0.814453 0.0390625 0.0449219 0.924316
5 0.751953 0.229614 0.0410156 0.0432129 0.923828
4 0.625 0.398438 0.03125 0.0478516 0.922852
0 0.228516 0.0752563 0.0571289 0.0406494 0.921875
2 0.769531 0.393555 0.0322266 0.0498047 0.921875
5 0.381592 0.913574 0.0390625 0.0449219 0.921387
8 0.763672 0.313965 0.0429688 0.0439453 0.920898
7 0.25 0.501099 0.0556641 0.0661621 0.920898
8 0.38916 0.072525 0.0419922 0.0419617 0.918945
6 0.481445 0.486572 0.0341797 0.0395508 0.918945
22 0.67041 0.737305 0.0361328 0.0449219 0.917969
9 0.315674 0.825195 0.034668 0.0410156 0.917969
5 0.185303 0.0780029 0.0297852 0.0360107 0.916016
21 0.515503 0.162109 0.0393066 0.0576172 0.915527
5 0.59375 0.316406 0.0371094 0.0449219 0.915039
1 0.37207 0.834961 0.0429688 0.0664062 0.912598
0 0.87793 0.396729 0.078125 0.0429688 0.911621
4 0.932617 0.0570068 0.0332031 0.0507812 0.910645
7 0.28125 0.0148697 0.0390625 0.0297394 0.90332
0 0.505859 0.5625 0.0615234 0.0625 0.901367
2 0.196289 0.492676 0.0532227 0.0449219 0.898438
7 0.319336 0.922852 0.0390625 0.0605469 0.893066
4 0.934082 0.309082 0.0341797 0.0566406 0.888184
0 0.648926 0.231934 0.0830078 0.0473633 0.887207
20 0.0601807 0.830566 0.0844727 0.0898438 0.88623
0 0.0710449 0.916016 0.0544434 0.0439453 0.884277
10 0.851562 0.721191 0.0341797 0.0625 0.871582
0 0.79248 0.729492 0.0595703 0.0488281 0.868652
10 0.502441 0.390869 0.0302734 0.0639648 0.868164
5 0.283691 0.322266 0.0371094 0.0439453 0.863281
8 0.929199 0.478271 0.0429688 0.0463867 0.861328
13 0.873535 0.21228 0.0205078 0.0749512 0.855957
14 0.525879 0.223145 0.0175781 0.0634766 0.850098
11 0.355957 0.647461 0.0532227 0.0644531 0.850098
8 0.308105 0.0726318 0.0429688 0.0439453 0.841797
7 0.0960083 0.505859 0.0618896 0.0615234 0.841797
6 0.193359 0.576172 0.0424805 0.046875 0.841797
2 0.718262 0.143524 0.0527344 0.0479126 0.839844
8 0.0544434 0.0802612 0.0450439 0.0435791 0.838867
5 0.355957 0.986328 0.0341797 0.0273438 0.834473
8 0.84375 0.313965 0.0400391 0.0419922 0.831055
4 0.156738 0.397461 0.0576172 0.0703125 0.82666
7 0.515625 0.746094 0.0390625 0.0625 0.82666
9 0.606445 0.483887 0.0371094 0.0439453 0.825684
7 0.23877 0.753906 0.0644531 0.0644531 0.820801
13 0.149292 0.812988 0.0187988 0.0771484 0.816406
24 0.765625 0.48584 0.0654297 0.0722656 0.813965
13 0.79248 0.133575 0.0253906 0.0658569 0.811523
0 0.227295 0.826172 0.0571289 0.0429688 0.810547
10 0.881836 0.886719 0.0380859 0.0644531 0.806641
18 0.302734 0.651367 0.0517578 0.0537109 0.804199
8 0.723633 0.31543 0.0332031 0.0410156 0.804199
13 0.539062 0.975098 0.0253906 0.0498047 0.801758
6 0.807617 0.981445 0.0371094 0.0371094 0.800781
18 0.768555 0.810547 0.0527344 0.0507812 0.795898
8 0.751953 0.0658569 0.0429688 0.0426025 0.789062
24 0.250732 0.416504 0.0361328 0.0595703 0.789062
23 0.384277 0.235718 0.0410156 0.0407715 0.782715
9 0.267334 0.910645 0.0375977 0.0458984 0.78125
22 0.812012 0.650391 0.0341797 0.0429688 0.778809
13 0.944336 0.722656 0.0214844 0.0683594 0.777344
13 0.448242 0.813477 0.0214844 0.0644531 0.767578
10 0.111694 0.568848 0.0361328 0.0654297 0.766113
22 0.348145 0.0720215 0.0341797 0.0383301 0.764648
21 0.0480652 0.255615 0.0377808 0.0566406 0.747559
10 0.184448 0.146606 0.0310059 0.0644531 0.730957
4 0.820312 0.138916 0.0332031 0.0541992 0.729492
5 0.0726318 0.00830078 0.0373535 0.0164795 0.723145
10 0.731445 0.471191 0.0371094 0.0673828 0.72168
21 0.895508 0.659668 0.0410156 0.0585938 0.713867
18 0.427246 0.901367 0.046875 0.0625 0.712402
6 0.427734 0.825195 0.0610352 0.0410156 0.70752
2 0.103394 0.662109 0.0270996 0.0410156 0.705566
6 0.468262 0.986816 0.0185547 0.0263672 0.704102
14 0.351318 0.901367 0.019043 0.0644531 0.700684
22 0.843262 0.229492 0.0341797 0.0429688 0.697754
23 0.931641 0.140167 0.0361328 0.0473022 0.692871
23 0.916016 0.730957 0.0322266 0.0419922 0.682617
9 0.499512 0.985352 0.0400391 0.0292969 0.682617
8 0.0737915 0.580078 0.0394287 0.0458984 0.673828
13 0.90625 0.380371 0.0205078 0.0771484 0.665527
9 0.0535278 0.741699 0.0369873 0.0429688 0.651367
6 0.841797 0.562988 0.0615234 0.0439453 0.647949
18 0.64209 0.974121 0.0634766 0.0517578 0.637207
22 0.709961 0.0656891 0.0351562 0.04245 0.624512
4 0.934082 0.384277 0.0341797 0.0654297 0.604004
4 0.0430603 0.983398 0.0341187 0.0332031 0.600098
8 0.152344 0.480957 0.0463867 0.0693359 0.594727
12 0.152588 0.569336 0.0380859 0.0664062 0.594727
12 0.711914 0.220093 0.0371094 0.0617676 0.592773
18 0.761719 0.141968 0.0332031 0.0483398 0.577637
19 0.310547 0.406738 0.0336914 0.0419922 0.563965
13 0.851562 0.961426 0.0507812 0.0771484 0.552734
5 0.0160828 0.746094 0.0319214 0.0429688 0.542969
2 0.521973 0.402344 0.0273438 0.0400391 0.539062
5 0.629883 0.566895 0.0566406 0.0458984 0.53125
2 0.42627 0.0609818 0.03125 0.0621185 0.529297
24 0.932129 0.570801 0.0410156 0.0634766 0.523438
6 0.566406 0.147919 0.0585938 0.0464478 0.519531
7 0.374023 0.0154648 0.0585938 0.0309296 0.515625
8 0.610352 0.728027 0.0449219 0.0654297 0.503906
