16 0.18457 0.32666 0.109863 0.0908203 0.989746
16 0.929688 0.543457 0.107422 0.0927734 0.989746
16 0.947266 0.345215 0.103516 0.0849609 0.986328
0 0.760742 0.140381 0.140625 0.09375 0.98584
8 0.490234 0.932129 0.0947266 0.0976562 0.984375
2 0.394531 0.127197 0.0712891 0.0917969 0.982422
0 0.217163 0.133057 0.141357 0.0913086 0.979004
0 0.712891 0.946289 0.138672 0.09375 0.978516
6 0.64209 0.136108 0.0898438 0.0949707 0.976562
6 0.928711 0.739258 0.09375 0.0898438 0.973633
21 0.479492 0.153076 0.100586 0.132324 0.973633
4 0.324219 0.121765 0.0703125 0.112671 0.972656
0 0.186035 0.72998 0.193359 0.0957031 0.972168
2 0.0941772 0.930664 0.0755615 0.101562 0.970703
2 0.844727 0.938477 0.0761719 0.0957031 0.970703
6 0.588379 0.936523 0.0966797 0.0947266 0.969238
10 0.595703 0.705566 0.0917969 0.141602 0.952148
14 0.852051 0.316406 0.0429688 0.138672 0.94873
2 0.82373 0.535034 0.0742188 0.0900879 0.946777
4 0.801758 0.709961 0.0859375 0.140625 0.946777
23 0.563477 0.13562 0.0683594 0.0881348 0.928223
11 0.932617 0.118896 0.134766 0.137207 0.922363
11 0.358643 0.908691 0.146973 0.140625 0.908691
5 0.0181885 0.926758 0.036377 0.0859375 0.896973
7 0.521484 0.548706 0.167969 0.138916 0.882324
0 0.971191 0.95166 0.0576172 0.0957031 0.862305
16 0.742676 0.3396 0.166992 0.0942383 0.716797
2 0.913086 0.945801 0.0410156 0.0488281 0.558105
2 0.120972 0.133087 0.0383301 0.0414429 0.501953
