21 0.916016 0.0646362 0.101562 0.12854 0.992676
18 0.644531 0.967285 0.0898438 0.0654297 0.989746
0 0.431885 0.821289 0.137207 0.0878906 0.98291
23 0.48291 0.23645 0.0703125 0.0895996 0.980469
4 0.405273 0.970215 0.0761719 0.0595703 0.977539
18 0.788574 0.600098 0.0927734 0.130859 0.974609
2 0.897461 0.619141 0.0722656 0.0917969 0.974609
6 0.564941 0.23291 0.0927734 0.0932617 0.973633
2 0.861328 0.428711 0.0742188 0.0966797 0.968262
20 0.78418 0.814453 0.150391 0.193359 0.966797
22 0.917969 0.823242 0.0849609 0.0898438 0.964844
23 0.936523 0.430176 0.0703125 0.0908203 0.964355
14 0.980469 0.79541 0.0390625 0.137695 0.962402
2 0.980469 0.62207 0.0390625 0.0976562 0.938477
13 0.736328 0.957031 0.0439453 0.0859375 0.909668
5 0.549805 0.982422 0.0839844 0.0351562 0.908691
2 0.831543 0.0425415 0.0703125 0.085083 0.899902
10 0.30957 0.797852 0.0898438 0.140625 0.887207
8 0.446289 0.0411987 0.106934 0.0823975 0.868164
6 0.550781 0.822266 0.0957031 0.0888672 0.839844
23 0.969727 0.238403 0.0605469 0.0900879 0.794434
23 0.759766 0.0430298 0.0742188 0.0860596 0.789062
14 0.835449 0.962891 0.0449219 0.0742188 0.729492
14 0.806152 0.960938 0.0859375 0.078125 0.684082
23 0.986816 0.431152 0.0263672 0.0917969 0.558105
