21 0.571777 0.191406 0.0429688 0.0595703 0.984863
11 0.835938 0.0847168 0.0371094 0.0662842 0.97998
5 0.824219 0.0166626 0.0410156 0.0333252 0.969238
2 0.48291 0.176636 0.0332031 0.0461426 0.969238
2 0.684082 0.09198 0.0302734 0.043335 0.958984
5 0.794922 0.0955811 0.0390625 0.043457 0.95752
10 0.107117 0.167603 0.0391846 0.0666504 0.936523
23 0.775879 0.179932 0.0361328 0.043457 0.935547
0 0.270264 0.267334 0.0576172 0.0498047 0.933105
7 0.206055 0.102051 0.0395508 0.0598145 0.932617
14 0.45874 0.165771 0.0170898 0.0678711 0.932129
4 0.924805 0.175049 0.0371094 0.0566406 0.922363
22 0.386719 0.267639 0.0341797 0.0516357 0.922363
2 0.856934 0.267334 0.0341797 0.0493164 0.918457
12 0.347656 0.258301 0.0385742 0.0722656 0.91748
13 0.693848 0.169434 0.0224609 0.0644531 0.913086
8 0.164307 0.266357 0.0380859 0.0488281 0.911621
9 0.928711 0.268494 0.0410156 0.0509033 0.905762
6 0.918945 0.0976562 0.0449219 0.0429688 0.89502
2 0.313477 0.268555 0.0273438 0.050293 0.884766
2 0.339844 0.178223 0.0322266 0.0483398 0.878906
0 0.730469 0.093811 0.0634766 0.0482178 0.873047
6 0.688477 0.0153351 0.0380859 0.0306702 0.85791
2 0.535645 0.0158997 0.0400391 0.0317993 0.853027
6 0.663574 0.179932 0.0380859 0.0463867 0.845703
0 0.458008 0.014183 0.0527344 0.0283661 0.824219
9 0.155396 0.0882568 0.0368652 0.0454102 0.823242
4 0.92334 0.0173645 0.0400391 0.034729 0.822266
2 0.773438 0.0162811 0.0390625 0.0325623 0.818848
8 0.49707 0.0886841 0.0400391 0.0462646 0.809082
2 0.0413513 0.178467 0.0300903 0.0444336 0.757812
4 0.532227 0.0898438 0.0283203 0.0522461 0.751953
6 0.0134735 0.179199 0.0265503 0.0449219 0.737305
4 0.361816 0.0826416 0.0458984 0.0646973 0.686035
10 0.49707 0.258789 0.0576172 0.0776367 0.672363
8 0.0124054 0.268799 0.0246887 0.0541992 0.660156
22 0.113892 0.0944214 0.036377 0.0474854 0.649414
7 0.599121 0.103821 0.0556641 0.0667725 0.644043
2 0.616211 0.0153503 0.0546875 0.0307007 0.605957
2 0.808594 0.268066 0.0419922 0.0541992 0.600098
22 0.0670166 0.0184631 0.0410156 0.0369263 0.583008
4 0.640137 0.261292 0.0458984 0.0633545 0.571777
10 0.445312 0.0809174 0.0498047 0.068634 0.562012
18 0.115234 0.266113 0.0539551 0.0595703 0.556641
6 0.316406 0.0158691 0.0410156 0.0317383 0.544922
4 0.0422668 0.0897827 0.0274048 0.0594482 0.533203
6 0.41748 0.177124 0.0585938 0.0449219 0.509766
