18 0.950684 0.569824 0.0947266 0.128906 0.993652
11 0.858398 0.16214 0.0917969 0.138611 0.992188
2 0.928711 0.790039 0.0722656 0.0996094 0.978027
8 0.393555 0.583984 0.0996094 0.0976562 0.977051
11 0.947266 0.94873 0.09375 0.102539 0.977051
5 0.255798 0.0161285 0.0831299 0.0322571 0.976074
18 0.860352 0.37207 0.0917969 0.125977 0.974121
4 0.28363 0.384766 0.0723877 0.109375 0.973633
13 0.939453 0.371094 0.0507812 0.149414 0.970703
14 0.859375 0.77002 0.046875 0.143555 0.969238
4 0.291016 0.769531 0.0664062 0.117188 0.96875
5 0.108887 0.785156 0.0854492 0.0957031 0.967773
5 0.849609 0.96875 0.101562 0.0625 0.962891
13 0.173096 0.946777 0.0478516 0.106445 0.961426
8 0.351074 0.969727 0.0966797 0.0605469 0.959961
5 0.197266 0.583984 0.0869141 0.0996094 0.95752
2 0.0335693 0.96875 0.0671387 0.0625 0.953125
6 0.823242 0.590332 0.148438 0.100586 0.95166
0 0.143799 0.0189514 0.130859 0.0379028 0.941895
5 0.599609 0.970703 0.0976562 0.0585938 0.937012
6 0.748047 0.972656 0.0976562 0.0546875 0.933105
10 0.604004 0.36084 0.0947266 0.142578 0.926758
14 0.324463 0.0168152 0.0395508 0.0336304 0.90332
22 0.772461 0.0162964 0.0859375 0.0325928 0.90332
4 0.566895 0.0150757 0.0634766 0.0301514 0.901367
7 0.0650024 0.211182 0.130005 0.134766 0.891113
22 0.0175171 0.783203 0.0350342 0.0859375 0.888184
2 0.770508 0.79248 0.123047 0.09375 0.884766
12 0.540161 0.765625 0.167725 0.151367 0.871582
8 0.389648 0.761719 0.0908203 0.138672 0.818848
5 0.00990295 0.583984 0.0197144 0.0957031 0.806641
6 0.205322 0.783691 0.0917969 0.0908203 0.794434
14 0.667969 0.94873 0.0517578 0.102539 0.788086
8 0.664062 0.0150146 0.111328 0.0300293 0.775879
2 0.388672 0.016449 0.0761719 0.0328979 0.764648
4 0.0258331 0.0203247 0.0500793 0.0406494 0.759277
18 0.729492 0.37085 0.138672 0.131348 0.725098
19 0.985352 0.390137 0.0292969 0.0947266 0.712402
2 0.492188 0.0183258 0.0722656 0.0366516 0.672363
21 0.253174 0.970703 0.100098 0.0585938 0.666992
8 0.983398 0.800781 0.0332031 0.109375 0.631836
23 0.0921631 0.97168 0.0686035 0.0566406 0.575684
11 0.0620117 0.562378 0.0812988 0.131104 0.558105
