27 0.28418 0.214478 0.0595703 0.13501 0.99707
2 0.0687866 0.964844 0.0750732 0.0703125 0.987305
0 0.160889 0.779297 0.138184 0.101562 0.979492
5 0.0452576 0.774414 0.0841675 0.0947266 0.974121
2 0.222656 0.184692 0.0727539 0.0939941 0.965332
23 0.234741 0.384521 0.0666504 0.0864258 0.90918
13 0.290039 0.362793 0.0439453 0.139648 0.885742
4 0.0221252 0.564453 0.0440674 0.125 0.82666
4 0.218384 0.95459 0.0622559 0.0908203 0.799316
4 0.111328 0.0162659 0.0595703 0.0325317 0.749023
23 0.144043 0.970215 0.0727539 0.0595703 0.732422
5 0.260803 0.0202332 0.0877686 0.0404663 0.692871
14 0.052681 0.0132599 0.0433197 0.0265198 0.625977
2 0.278564 0.777344 0.0795898 0.0927734 0.602051
2 0.181152 0.0154037 0.0703125 0.0308075 0.523438
