24 0.774414 0.170654 0.0878906 0.125488 0.999023
1 0.886719 0.381348 0.0898438 0.133789 0.99707
11 0.108215 0.912109 0.0911865 0.138672 0.993652
7 0.634766 0.774414 0.0996094 0.132812 0.988281
1 0.0408325 0.363281 0.081665 0.138672 0.987305
18 0.0295715 0.51355 0.0591431 0.140869 0.986816
18 0.759766 0.535645 0.0917969 0.129883 0.986328
7 0.868164 0.177948 0.103516 0.140198 0.98291
6 0.96875 0.358887 0.0625 0.09375 0.981934
0 0.34375 0.946777 0.141602 0.0966797 0.980469
2 0.109131 0.538574 0.0766602 0.0947266 0.979004
2 0.696289 0.148926 0.0761719 0.0986328 0.977051
5 0.749023 0.95459 0.0898438 0.0908203 0.975586
5 0.737305 0.754883 0.0888672 0.09375 0.975098
22 0.540527 0.75 0.0888672 0.0908203 0.970703
14 0.888672 0.537598 0.0488281 0.138672 0.970215
13 0.837891 0.533081 0.0458984 0.148682 0.968262
22 0.766602 0.351318 0.0878906 0.0942383 0.967773
27 0.958984 0.761719 0.0625 0.09375 0.928223
19 0.381836 0.341309 0.0605469 0.0917969 0.913086
2 0.881836 0.954102 0.0791016 0.0917969 0.908203
10 0.667969 0.326172 0.0917969 0.145508 0.876465
23 0.342285 0.34375 0.123047 0.0927734 0.791992
11 0.026535 0.887695 0.0530701 0.212891 0.786621
18 0.960449 0.545898 0.0791016 0.139648 0.777344
6 0.963379 0.154785 0.0732422 0.105225 0.747559
0 0.97168 0.957031 0.0566406 0.0859375 0.67041
11 0.19162 0.712891 0.143127 0.136719 0.642578
4 0.839844 0.75 0.103516 0.115234 0.605957
6 0.628906 0.945312 0.138672 0.105469 0.575684
