24 0.62207 0.370361 0.0800781 0.129395 0.987305
4 0.77832 0.735352 0.0585938 0.111328 0.98584
27 0.665039 0.568359 0.0488281 0.140625 0.985352
2 0.636719 0.155487 0.0703125 0.0962524 0.980469
6 0.935059 0.543457 0.0917969 0.0917969 0.977051
0 0.892578 0.741699 0.134766 0.0986328 0.977051
2 0.521484 0.546875 0.0693359 0.09375 0.976562
5 0.981445 0.736816 0.0371094 0.0927734 0.974121
2 0.889648 0.339355 0.0683594 0.0966797 0.973633
0 0.544922 0.949219 0.137695 0.101562 0.973145
7 0.808594 0.564453 0.154297 0.139648 0.972168
5 0.681641 0.938965 0.0878906 0.0957031 0.965332
13 0.952637 0.321777 0.0537109 0.141602 0.964355
7 0.738281 0.37085 0.160156 0.135254 0.887207
18 0.878906 0.132538 0.130859 0.129456 0.868164
6 0.73584 0.149689 0.129883 0.0966187 0.842773
4 0.44043 0.150024 0.0947266 0.107666 0.836426
7 0.806641 0.946777 0.146484 0.106445 0.792969
8 0.972656 0.140991 0.0546875 0.0930176 0.749023
7 0.423828 0.0257721 0.0722656 0.0515442 0.651367
13 0.78125 0.123962 0.0546875 0.140747 0.550781
