2 0.825684 0.895508 0.0273438 0.0400391 0.993164
12 0.282471 0.902832 0.0361328 0.0820312 0.989746
11 0.501953 0.969727 0.0371094 0.0605469 0.98877
0 0.15625 0.98291 0.0620117 0.0341797 0.988281
2 0.816406 0.402344 0.0253906 0.0400391 0.986328
21 0.664062 0.75 0.0380859 0.0585938 0.983398
21 0.802734 0.498535 0.0410156 0.0595703 0.982422
12 0.976074 0.229126 0.0341797 0.0856934 0.980957
7 0.922852 0.32666 0.0371094 0.059082 0.980469
12 0.773926 0.651367 0.0361328 0.078125 0.977539
2 0.398926 0.900391 0.03125 0.0458984 0.977539
2 0.378662 0.0781403 0.0317383 0.0439148 0.977051
2 0.890625 0.649902 0.03125 0.0419922 0.975586
2 0.390625 0.573242 0.0332031 0.0449219 0.975098
0 0.604004 0.0721436 0.0595703 0.0423584 0.974609
5 0.762695 0.402832 0.0371094 0.0410156 0.972656
2 0.555664 0.736328 0.0332031 0.0449219 0.970703
5 0.604492 0.240723 0.0390625 0.0454102 0.970215
15 0.62207 0.808594 0.0722656 0.0625 0.967773
0 0.518555 0.818848 0.0595703 0.0419922 0.967285
5 0.125366 0.413086 0.0373535 0.0449219 0.965332
7 0.900879 0.578125 0.0351562 0.0605469 0.965332
5 0.904297 0.0650482 0.0390625 0.0449524 0.960449
6 0.888672 0.232178 0.0410156 0.0390625 0.960449
18 0.647461 0.317139 0.0371094 0.0522461 0.958008
0 0.713867 0.653809 0.0595703 0.0419922 0.957031
0 0.345703 0.242676 0.078125 0.0478516 0.954102
5 0.33374 0.575195 0.0395508 0.0458984 0.950195
0 0.941895 0.481934 0.0634766 0.0449219 0.949707
0 0.297363 0.657227 0.059082 0.0429688 0.949219
5 0.709473 0.896484 0.0380859 0.0488281 0.949219
5 0.834961 0.733887 0.0371094 0.0439453 0.947266
0 0.964844 0.889648 0.0585938 0.0449219 0.947266
5 0.047699 0.168945 0.0414429 0.0449219 0.946777
2 0.811523 0.816406 0.0273438 0.0390625 0.946777
12 0.922852 0.149658 0.0351562 0.0776367 0.945312
13 0.199219 0.236328 0.0231934 0.0668945 0.944336
8 0.362061 0.902344 0.0385742 0.0419922 0.944336
0 0.767578 0.81543 0.0605469 0.0410156 0.943848
11 0.860352 0.0592651 0.0361328 0.0646973 0.943359
5 0.889648 0.976074 0.0371094 0.0449219 0.941895
13 0.932129 0.557129 0.0224609 0.0664062 0.940918
5 0.84082 0.483398 0.0332031 0.0400391 0.939453
7 0.156006 0.0211792 0.0395508 0.0423584 0.938965
22 0.813477 0.651367 0.0332031 0.0429688 0.938477
0 0.797852 0.96875 0.0585938 0.0605469 0.937988
13 0.204102 0.0704498 0.0253906 0.068573 0.935059
2 0.381592 0.822266 0.0332031 0.0449219 0.93457
7 0.151611 0.916992 0.0649414 0.0605469 0.934082
7 0.844727 0.245605 0.0390625 0.0605469 0.930664
0 0.538086 0.65332 0.0664062 0.0546875 0.930664
14 0.791992 0.39209 0.0195312 0.0615234 0.928711
7 0.848633 0.977539 0.0371094 0.0429688 0.924805
5 0.941406 0.731445 0.0527344 0.0429688 0.922852
14 0.354492 0.0690918 0.0166016 0.0639648 0.921875
5 0.32666 0.0825195 0.0380859 0.0449219 0.920898
0 0.143524 0.166504 0.0757446 0.0424805 0.92041
22 0.229492 0.411621 0.0341797 0.0439453 0.919434
0 0.116272 0.822754 0.0616455 0.046875 0.918945
8 0.414062 0.0797119 0.0361328 0.0401611 0.915039
11 0.498779 0.0638428 0.0366211 0.0634766 0.912598
4 0.638672 0.236694 0.0273438 0.0510254 0.910645
5 0.990234 0.647461 0.0195312 0.046875 0.909668
46 0.555664 0.574219 0.0625 0.0400391 0.909668
13 0.147827 0.321777 0.0224609 0.0654297 0.907227
0 0.436523 0.1604 0.0605469 0.0449219 0.906738
14 0.0369949 0.242798 0.0246429 0.072998 0.906738
0 0.9375 0.649414 0.0595703 0.0410156 0.905273
21 0.276367 0.0220337 0.0449219 0.0440674 0.904785
7 0.32373 0.831543 0.0341797 0.0556641 0.901855
13 0.352783 0.812988 0.0209961 0.0605469 0.901367
2 0.0671997 0.244629 0.0338135 0.0595703 0.900391
14 0.0770264 0.973145 0.0224609 0.0537109 0.899902
22 0.703125 0.236572 0.0351562 0.043457 0.896484
22 0.114502 0.575684 0.0339355 0.0419922 0.895508
4 0.0500488 0.983398 0.0339355 0.0332031 0.895508
0 0.167969 0.574219 0.0615234 0.0429688 0.89502
0 0.326172 0.982422 0.0834961 0.0351562 0.893066
0 0.612305 0.737305 0.0625 0.0410156 0.891113
6 0.751465 0.895996 0.0410156 0.0419922 0.888184
24 0.190674 0.711914 0.0419922 0.0253906 0.879883
6 0.577148 0.897461 0.0390625 0.0449219 0.878906
4 0.0481491 0.660156 0.0359039 0.046875 0.877441
22 0.650391 0.650391 0.0332031 0.0410156 0.877441
23 0.803711 0.320312 0.0351562 0.0419922 0.865234
2 0.969727 0.974609 0.0332031 0.046875 0.865234
9 0.202148 0.161987 0.0380859 0.0444336 0.862305
5 0.506958 0.407715 0.0368652 0.0400391 0.862305
10 0.73877 0.476318 0.0322266 0.0688477 0.858887
13 0.188354 0.561523 0.0202637 0.0703125 0.855957
5 0.105957 0.984375 0.0351562 0.03125 0.855957
6 0.791992 0.150879 0.0380859 0.0419922 0.85498
19 0.738281 0.235107 0.0292969 0.0463867 0.85498
12 0.679688 0.969727 0.0351562 0.0605469 0.852051
2 0.761719 0.321289 0.0488281 0.0400391 0.844727
14 0.990234 0.132782 0.0195312 0.0635376 0.835449
7 0.168701 0.255859 0.0385742 0.0600586 0.833496
10 0.248535 0.648438 0.0385742 0.0664062 0.832031
8 0.848633 0.402832 0.0371094 0.0380859 0.830078
12 0.387695 0.647949 0.0341797 0.0654297 0.827637
22 0.321777 0.901855 0.0327148 0.0419922 0.827637
18 0.25592 0.733398 0.0565186 0.0556641 0.825684
5 0.187012 0.658203 0.0332031 0.0410156 0.824219
0 0.561523 0.146973 0.0625 0.0666504 0.813965
22 0.729004 0.734375 0.0332031 0.0410156 0.812988
14 0.822754 0.139862 0.0195312 0.0650024 0.809082
10 0.259277 0.80957 0.0307617 0.0654297 0.804199
10 0.947266 0.800781 0.0332031 0.0644531 0.794434
22 0.329346 0.492188 0.0336914 0.0419922 0.789062
18 0.427734 0.487061 0.0371094 0.0561523 0.788086
19 0.671875 0.570312 0.03125 0.0449219 0.785156
5 0.285645 0.820312 0.0410156 0.0429688 0.78125
22 0.472168 0.899414 0.0332031 0.0429688 0.78125
21 0.700195 0.0701904 0.0566406 0.0854492 0.778809
22 0.979492 0.813477 0.0332031 0.0410156 0.777344
8 0.418457 0.822754 0.0419922 0.0419922 0.773438
4 0.70459 0.153076 0.03125 0.0432129 0.770508
8 0.993164 0.974121 0.0136719 0.0439453 0.757812
5 0.630371 0.979492 0.0576172 0.0410156 0.747559
18 0.853516 0.80957 0.0527344 0.0507812 0.746094
9 0.749023 0.0668335 0.0371094 0.0457764 0.743164
14 0.953613 0.554688 0.0175781 0.0634766 0.743164
22 0.270996 0.247192 0.0371094 0.0471191 0.733887
13 0.106079 0.893555 0.0235596 0.0605469 0.732422
22 0.890625 0.894531 0.0332031 0.0429688 0.729492
6 0.86377 0.149414 0.0537109 0.0473633 0.712402
24 0.191162 0.731445 0.0444336 0.0634766 0.704102
22 0.555176 0.979492 0.0664062 0.0410156 0.699219
6 0.556641 0.326172 0.0605469 0.0439453 0.692871
22 0.206787 0.983398 0.0336914 0.0332031 0.686035
8 0.900879 0.816406 0.0390625 0.0410156 0.680664
14 0.60791 0.885742 0.0195312 0.0664062 0.672363
5 0.761719 0.487305 0.0390625 0.0439453 0.665527
2 0.306885 0.408691 0.0297852 0.0449219 0.649414
22 0.480957 0.243164 0.0332031 0.0395508 0.645996
21 0.339111 0.339844 0.059082 0.0683594 0.638672
12 0.703125 0.55957 0.0302734 0.0664062 0.624512
12 0.960938 0.155518 0.0332031 0.0576172 0.620605
14 0.230957 0.235596 0.036377 0.0649414 0.615234
4 0.0583801 0.822754 0.0553589 0.0537109 0.615234
13 0.170898 0.151978 0.0234375 0.0637207 0.607422
6 0.804688 0.0690308 0.0449219 0.0428467 0.605957
7 0.143311 0.501465 0.0673828 0.0615234 0.602051
6 0.222046 0.569824 0.0419922 0.0507812 0.602051
6 0.648438 0.891602 0.0566406 0.0566406 0.600098
2 0.616699 0.57373 0.0517578 0.0400391 0.594727
11 0.933594 0.38916 0.0371094 0.0634766 0.592773
46 0.44458 0.329346 0.0610352 0.046875 0.592773
5 0.855469 0.569824 0.0546875 0.0439453 0.584961
6 0.044426 0.0134048 0.0399323 0.0268097 0.567871
2 0.398438 0.980957 0.0571289 0.0380859 0.563965
6 0.108459 0.330322 0.052124 0.0429688 0.550781
14 0.972656 0.556641 0.0195312 0.0664062 0.548828
2 0.0854492 0.167114 0.0354004 0.041748 0.546875
2 0.0556717 0.333984 0.0563812 0.0419922 0.535156
22 0.321533 0.740234 0.0341797 0.0429688 0.535156
13 0.374268 0.21228 0.0161133 0.0231934 0.521484
0 0.786621 0.569336 0.0761719 0.0449219 0.519531
2 0.172607 0.404053 0.0507812 0.0581055 0.509766
4 0.400879 0.243896 0.0317383 0.0444336 0.505859
