21 0.259521 0.0929565 0.0395508 0.0609131 0.98584
6 0.219238 0.0809937 0.0405273 0.0389404 0.978516
2 0.299805 0.164062 0.0288086 0.0439453 0.962402
7 0.176514 0.0925446 0.0395508 0.0602722 0.958496
6 0.48291 0.0817261 0.0361328 0.0408936 0.94873
2 0.071167 0.166138 0.0317383 0.0429688 0.945801
10 0.344727 0.244873 0.0351562 0.0737305 0.928223
4 0.464844 0.158691 0.0322266 0.0532227 0.921387
23 0.605957 0.161255 0.0390625 0.041748 0.905273
2 0.549805 0.079895 0.0253906 0.0435791 0.892578
8 0.263428 0.165771 0.0410156 0.0429688 0.836426
2 0.0300598 0.166138 0.0269165 0.0439453 0.836426
8 0.0631714 0.25415 0.0369873 0.0395508 0.825684
7 0.398438 0.0930176 0.0566406 0.0615234 0.822266
24 0.104431 0.167358 0.0344238 0.0583496 0.804199
7 0.55957 0.172363 0.0546875 0.0581055 0.795898
4 0.354736 0.161133 0.03125 0.0546875 0.782715
12 0.475342 0.018158 0.0375977 0.0363159 0.773438
19 0.520508 0.0788422 0.0292969 0.0439758 0.708984
8 0.400879 0.250732 0.0449219 0.0581055 0.699219
5 0.608398 0.0789795 0.0273438 0.0305176 0.679199
24 0.334961 0.0501404 0.0371094 0.0217896 0.605957
2 0.299316 0.00840759 0.0292969 0.0168152 0.558105
2 0.0977783 0.251953 0.0275879 0.0488281 0.539062
18 0.0252838 0.0748901 0.0462341 0.0632324 0.535156
2 0.228027 0.00852966 0.0249023 0.0170593 0.525391
5 0.222656 0.16333 0.0395508 0.0471191 0.521484
22 0.44043 0.250916 0.0322266 0.0450439 0.511719
4 0.59375 0.241943 0.0566406 0.0605469 0.509766
5 0.387207 0.00810242 0.0341797 0.0162048 0.501953
