1 0.640137 0.918945 0.0859375 0.135742 0.994141
27 0.710938 0.915039 0.0488281 0.135742 0.994141
29 0.447021 0.887695 0.129395 0.160156 0.992188
0 0.751953 0.705078 0.139648 0.0917969 0.990234
23 0.963867 0.516602 0.0722656 0.0898438 0.98584
2 0.750488 0.508789 0.0751953 0.0947266 0.980469
7 0.054657 0.917969 0.104553 0.135742 0.977539
22 0.870605 0.709473 0.0878906 0.0898438 0.977051
4 0.244385 0.883789 0.0664062 0.109375 0.973633
2 0.892578 0.51416 0.0693359 0.0927734 0.970703
8 0.902344 0.899414 0.0957031 0.0976562 0.970703
4 0.826172 0.504761 0.0644531 0.107666 0.968262
13 0.974609 0.883789 0.046875 0.142578 0.967285
2 0.5625 0.891602 0.0722656 0.0976562 0.965332
6 0.21521 0.508789 0.0895996 0.0917969 0.95166
2 0.817383 0.893555 0.0761719 0.0917969 0.933594
6 0.543945 0.319824 0.149414 0.0996094 0.888184
4 0.0206909 0.304932 0.0412598 0.108887 0.841797
11 0.864746 0.299255 0.147461 0.143677 0.84082
8 0.976562 0.705078 0.046875 0.0917969 0.82666
18 0.720215 0.305664 0.136719 0.128906 0.819824
5 0.967773 0.32251 0.0644531 0.0961914 0.808105
18 0.111267 0.487793 0.113892 0.133789 0.604004
8 0.162354 0.868164 0.0976562 0.140625 0.513672
