18 0.302795 0.946289 0.1073 0.107422 0.980957
5 0.435547 0.787109 0.0849609 0.0996094 0.977539
8 0.698242 0.793945 0.103516 0.0966797 0.977051
38 0.915039 0.37207 0.134766 0.152344 0.976562
22 0.407227 0.97168 0.0888672 0.0566406 0.975098
22 0.0740967 0.788086 0.085083 0.0927734 0.969238
2 0.0734253 0.385986 0.0708008 0.09375 0.968262
22 0.749512 0.384277 0.0859375 0.0908203 0.967285
0 0.101196 0.97168 0.141846 0.0566406 0.961426
8 0.863281 0.594727 0.0966797 0.0957031 0.960449
6 0.80127 0.793945 0.0947266 0.0917969 0.958984
2 0.213379 0.970703 0.0727539 0.0585938 0.957031
11 0.352539 0.167847 0.144531 0.138916 0.953125
4 0.71582 0.962891 0.09375 0.0742188 0.949219
8 0.518433 0.970703 0.092041 0.0585938 0.947754
8 0.514771 0.0169678 0.0915527 0.0339355 0.946289
5 0.62207 0.973633 0.0957031 0.0527344 0.944336
2 0.928711 0.0194397 0.0722656 0.0388794 0.924805
6 0.838867 0.017807 0.0917969 0.035614 0.924316
6 0.95752 0.592773 0.0849609 0.0976562 0.898438
22 0.398438 0.0180664 0.0849609 0.0361328 0.897461
4 0.806641 0.184082 0.0996094 0.097168 0.876465
2 0.050293 0.584961 0.100586 0.102539 0.855957
27 0.370605 0.388672 0.0566406 0.0898438 0.84082
11 0.567383 0.768555 0.150391 0.142578 0.81543
22 0.613281 0.0153809 0.0917969 0.0307617 0.804199
7 0.983398 0.78125 0.0332031 0.144531 0.804199
4 0.647949 0.378418 0.0986328 0.105469 0.796875
11 0.729492 0.568359 0.150391 0.139648 0.754883
5 0.300293 0.0159912 0.0898438 0.0319824 0.747559
23 0.0204926 0.387207 0.040802 0.0859375 0.708984
22 0.913086 0.791992 0.0820312 0.09375 0.702637
27 0.306396 0.389893 0.0620117 0.09375 0.699219
23 0.328125 0.788086 0.131836 0.0957031 0.682617
5 0.106934 0.0164185 0.0883789 0.0328369 0.622559
0 0.0125275 0.971191 0.0250244 0.0576172 0.558105
1 0.934082 0.214844 0.131836 0.129883 0.556641
6 0.991699 0.387695 0.0166016 0.0878906 0.521484
6 0.792969 0.97168 0.0351562 0.0566406 0.505859
