12 0.226074 0.967773 0.0336914 0.0644531 0.973633
2 0.611816 0.463867 0.0322266 0.0439453 0.964844
2 0.410645 0.723145 0.0302734 0.0458984 0.962402
2 0.378906 0.80957 0.0288086 0.0410156 0.961426
5 0.376465 0.891602 0.0371094 0.0449219 0.960938
5 0.153809 0.814941 0.0395508 0.0449219 0.960449
8 0.344727 0.810547 0.0410156 0.0449219 0.958984
22 0.157959 0.391113 0.0317383 0.0405273 0.958496
18 0.537109 0.883789 0.0400391 0.0507812 0.954102
12 0.172607 0.899414 0.034668 0.078125 0.952148
2 0.245605 0.473633 0.0288086 0.0458984 0.949707
8 0.174561 0.561523 0.0390625 0.0410156 0.946289
2 0.472168 0.974121 0.0322266 0.0478516 0.946289
11 0.110535 0.80957 0.0362549 0.0644531 0.944336
5 0.483887 0.379395 0.0351562 0.0458984 0.943359
14 0.346191 0.879883 0.0185547 0.0644531 0.941895
5 0.366699 0.471191 0.0351562 0.0410156 0.939941
5 0.568359 0.806641 0.0390625 0.0449219 0.936523
5 0.577148 0.884766 0.0351562 0.0410156 0.936523
2 0.496582 0.72168 0.0322266 0.0439453 0.93457
22 0.332031 0.556641 0.0351562 0.0419922 0.933105
5 0.0952148 0.391113 0.0400391 0.046875 0.932129
14 0.240234 0.883301 0.0219727 0.0644531 0.926758
18 0.127228 0.557617 0.0507202 0.0537109 0.915527
2 0.106934 0.732422 0.0302734 0.0449219 0.911133
6 0.13916 0.981445 0.0429688 0.0361328 0.911133
22 0.654297 0.71875 0.0390625 0.0449219 0.909668
5 0.270508 0.894531 0.0380859 0.0449219 0.908691
7 0.0946045 0.982422 0.0388184 0.0351562 0.908203
7 0.307129 0.391602 0.0390625 0.0722656 0.903809
0 0.614746 0.633301 0.0615234 0.0449219 0.897461
0 0.640625 0.376465 0.0625 0.0507812 0.896484
18 0.507935 0.54834 0.0407715 0.0507812 0.88623
9 0.658203 0.96875 0.0419922 0.0449219 0.877441
7 0.0683594 0.740723 0.0405273 0.0634766 0.875977
13 0.601562 0.539062 0.0253906 0.0683594 0.872559
6 0.0419388 0.900391 0.0384369 0.0429688 0.866211
21 0.558594 0.392578 0.0410156 0.0615234 0.865234
21 0.449707 0.902344 0.046875 0.0615234 0.852051
22 0.503418 0.635254 0.0341797 0.0410156 0.844727
6 0.573242 0.720215 0.0429688 0.0429688 0.838867
7 0.431885 0.977539 0.0390625 0.0429688 0.819824
14 0.072876 0.889648 0.0195312 0.0644531 0.801758
12 0.348145 0.373047 0.0380859 0.0673828 0.800781
22 0.241943 0.72998 0.034668 0.0410156 0.796875
10 0.658691 0.874512 0.0410156 0.0644531 0.795898
6 0.0166473 0.652344 0.0332947 0.0410156 0.794434
5 0.0643463 0.649414 0.0551453 0.0449219 0.789062
11 0.296875 0.801758 0.0537109 0.0664062 0.789062
22 0.518555 0.972656 0.0361328 0.0439453 0.786621
7 0.615234 0.896973 0.0400391 0.0595703 0.778809
14 0.455322 0.370117 0.0229492 0.0703125 0.763672
0 0.133545 0.647461 0.0698242 0.0458984 0.760742
0 0.259277 0.383789 0.0517578 0.0458984 0.757812
10 0.518066 0.801758 0.0566406 0.0761719 0.741699
14 0.0117188 0.970703 0.0154419 0.0566406 0.73877
6 0.113647 0.899414 0.0539551 0.046875 0.716797
6 0.560547 0.551758 0.0585938 0.0419922 0.692871
10 0.541016 0.625488 0.0283203 0.0654297 0.677246
10 0.357666 0.630371 0.0273438 0.0673828 0.677246
13 0.47583 0.788574 0.0214844 0.0771484 0.677246
12 0.618164 0.961914 0.0351562 0.0605469 0.656738
6 0.0651245 0.564453 0.0653076 0.0449219 0.649414
6 0.418457 0.544922 0.0419922 0.0644531 0.645996
23 0.262451 0.978027 0.034668 0.0419922 0.615234
6 0.0547485 0.818359 0.0450439 0.0429688 0.59082
9 0.00856018 0.818359 0.0171204 0.046875 0.586914
10 0.21167 0.376953 0.0380859 0.0712891 0.583008
2 0.463867 0.550293 0.0488281 0.0517578 0.542969
4 0.0354004 0.389648 0.0299072 0.0546875 0.535156
22 0.299316 0.978027 0.034668 0.0439453 0.53125
5 0.329346 0.643555 0.0253906 0.0273438 0.511719
2 0.200439 0.476562 0.0566406 0.0449219 0.503906
