18 0.244507 0.0305939 0.041748 0.0611877 0.974609
7 0.110962 0.207275 0.0620117 0.0566406 0.972656
5 0.0352173 0.03936 0.0391846 0.0400543 0.970703
2 0.284668 0.278564 0.0302734 0.0375977 0.967285
0 0.29834 0.666992 0.0537109 0.0371094 0.966309
5 0.151367 0.819336 0.0358887 0.0410156 0.962891
10 0.330078 0.964844 0.0332031 0.0664062 0.95752
5 0.350586 0.433105 0.0341797 0.0380859 0.956543
6 0.399414 0.666016 0.0410156 0.0351562 0.956055
2 0.626953 0.0360718 0.0332031 0.0418701 0.95166
18 0.458008 0.581055 0.0439453 0.0585938 0.95166
5 0.44043 0.823242 0.0361328 0.0400391 0.950684
22 0.625977 0.980957 0.0371094 0.0380859 0.950684
5 0.0522156 0.433594 0.0354614 0.0400391 0.946777
22 0.0661011 0.901367 0.0344238 0.0410156 0.941895
18 0.360352 0.498535 0.0463867 0.0615234 0.939453
0 0.486816 0.979492 0.0556641 0.0390625 0.938477
5 0.283691 0.743164 0.0361328 0.0380859 0.936523
2 0.631836 0.744141 0.0527344 0.0429688 0.936523
2 0.16626 0.434814 0.0307617 0.0380859 0.931641
2 0.620117 0.113647 0.03125 0.0397949 0.930176
8 0.583008 0.119934 0.0371094 0.0389404 0.928711
5 0.183105 0.899414 0.0368652 0.0390625 0.927246
5 0.499512 0.432617 0.0361328 0.0410156 0.92627
0 0.577637 0.0352783 0.0556641 0.0408325 0.925781
18 0.449219 0.339844 0.0449219 0.0634766 0.921875
10 0.487793 0.656738 0.0341797 0.0634766 0.921387
11 0.0923462 0.811523 0.0340576 0.0625 0.921387
27 0.42041 0.0441971 0.0234375 0.0544281 0.919434
9 0.633789 0.271729 0.0390625 0.0410156 0.918457
13 0.614746 0.181274 0.0224609 0.0715332 0.912598
12 0.609863 0.586914 0.0634766 0.0800781 0.909668
13 0.280518 0.0307465 0.0224609 0.0614929 0.908691
4 0.0865479 0.431396 0.0244141 0.0429688 0.908691
24 0.543945 0.981445 0.0380859 0.0351562 0.906738
2 0.365234 0.978516 0.0302734 0.0371094 0.904785
13 0.604004 0.263184 0.0175781 0.059082 0.903809
11 0.351074 0.108032 0.0351562 0.0612793 0.901367
9 0.623047 0.512207 0.0351562 0.0371094 0.899902
2 0.521484 0.588379 0.0292969 0.0380859 0.899902
18 0.57959 0.187012 0.0429688 0.0615234 0.896973
0 0.548828 0.900391 0.0527344 0.0390625 0.892578
0 0.523438 0.107056 0.078125 0.0583496 0.891113
11 0.516602 0.34082 0.0625 0.0634766 0.888672
0 0.132782 0.97998 0.0567017 0.0390625 0.885742
6 0.362793 0.354736 0.0419922 0.0371094 0.884277
9 0.255859 0.355957 0.0371094 0.0366211 0.880859
9 0.0729828 0.979492 0.0368958 0.0371094 0.877441
21 0.575195 0.279297 0.0664062 0.0595703 0.867188
5 0.390137 0.820312 0.0351562 0.0371094 0.86084
13 0.253418 0.65625 0.0200195 0.0566406 0.85791
0 0.479736 0.896973 0.0561523 0.046875 0.852051
13 0.435791 0.732422 0.0195312 0.0625 0.848145
4 0.275879 0.19873 0.0263672 0.0439453 0.834473
23 0.37085 0.274658 0.03125 0.0375977 0.833496
2 0.154297 0.200195 0.0229492 0.0383301 0.823242
13 0.391602 0.888184 0.0205078 0.0654297 0.811523
13 0.209473 0.964844 0.0209961 0.0644531 0.806641
18 0.2146 0.665527 0.0507812 0.046875 0.803223
14 0.124146 0.811523 0.0178223 0.0605469 0.794434
38 0.165894 0.733887 0.0598145 0.0664062 0.78418
7 0.209473 0.828125 0.0410156 0.0546875 0.782715
4 0.254822 0.897949 0.0264893 0.0439453 0.771973
9 0.0906982 0.743164 0.0336914 0.0410156 0.766113
13 0.627441 0.891602 0.0224609 0.0625 0.764648
19 0.0792236 0.0375671 0.03125 0.0429077 0.754883
2 0.529785 0.808594 0.0517578 0.0625 0.747559
10 0.530273 0.499512 0.0341797 0.0673828 0.746094
2 0.007267 0.818359 0.0144882 0.0410156 0.746094
0 0.372803 0.897461 0.0581055 0.0507812 0.73877
11 0.10437 0.34375 0.0405273 0.0615234 0.716797
5 0.288574 0.592773 0.0537109 0.0371094 0.705566
9 0.311523 0.0374146 0.0380859 0.0421753 0.699219
6 0.479004 0.821777 0.0375977 0.0410156 0.697754
6 0.536621 0.195557 0.0371094 0.0419922 0.682617
21 0.42749 0.907715 0.0454102 0.0585938 0.680664
4 0.00819397 0.035553 0.0161743 0.0516968 0.675781
0 0.443359 0.194092 0.0439453 0.0361328 0.649414
23 0.4104 0.743164 0.0297852 0.0371094 0.649414
22 0.197266 0.120422 0.0390625 0.0418701 0.645996
18 0.148071 0.589355 0.0522461 0.0439453 0.644043
13 0.353516 0.80957 0.0380859 0.0644531 0.631836
21 0.541016 0.677734 0.0605469 0.0566406 0.62793
12 0.255371 0.813477 0.0439453 0.0683594 0.62793
6 0.337158 0.277344 0.0327148 0.0341797 0.607422
8 0.568359 0.354004 0.0371094 0.0410156 0.607422
13 0.492676 0.579102 0.0195312 0.0644531 0.604004
5 0.586914 0.826172 0.0576172 0.0371094 0.598145
0 0.3125 0.820312 0.0371094 0.0380859 0.592773
14 0.541504 0.028183 0.0185547 0.056366 0.554688
2 0.11731 0.901367 0.0581055 0.0410156 0.542969
2 0.212402 0.435547 0.0610352 0.0371094 0.537109
5 0.112488 0.0384216 0.0345459 0.0460815 0.529297
24 0.393066 0.587891 0.0693359 0.0400391 0.529297
20 0.0179749 0.508667 0.0356445 0.0432129 0.527344
22 0.17749 0.510254 0.0385742 0.0429688 0.513672
13 0.160889 0.658691 0.0361328 0.0595703 0.501953
