20 0.616699 0.910156 0.0830078 0.0869141 0.98877
7 0.890625 0.491211 0.0664062 0.0654297 0.988281
7 0.723633 0.66748 0.0644531 0.0595703 0.98584
7 0.532227 0.584961 0.0390625 0.0625 0.978516
5 0.484375 0.403809 0.0390625 0.0473633 0.972168
5 0.619141 0.742188 0.0390625 0.0458984 0.971191
6 0.788086 0.396729 0.0429688 0.0493164 0.969727
5 0.748047 0.399902 0.0390625 0.0429688 0.967285
10 0.373047 0.650391 0.0419922 0.0664062 0.963867
7 0.916992 0.75 0.0371094 0.0625 0.959961
0 0.385254 0.75 0.0683594 0.0449219 0.956543
8 0.581055 0.827637 0.0419922 0.0449219 0.955566
7 0.373047 0.933594 0.0439453 0.0625 0.955566
5 0.670898 0.484863 0.0380859 0.0449219 0.953125
6 0.416016 0.916992 0.0400391 0.0449219 0.952637
6 0.780273 0.569336 0.0429688 0.0429688 0.94873
5 0.728516 0.909668 0.0390625 0.0449219 0.947266
6 0.982422 0.483398 0.0351562 0.0478516 0.946777
9 0.504761 0.830078 0.0373535 0.046875 0.946777
6 0.93457 0.654297 0.0390625 0.0478516 0.946289
6 0.854492 0.986328 0.0390625 0.0253906 0.936523
0 0.743164 0.737305 0.0800781 0.0566406 0.930664
6 0.983887 0.822266 0.0322266 0.0429688 0.924316
5 0.59375 0.401367 0.0400391 0.046875 0.919434
0 0.733398 0.827148 0.0644531 0.0488281 0.913086
9 0.697266 0.399414 0.0380859 0.046875 0.911621
12 0.374268 0.566406 0.0405273 0.0654297 0.90918
5 0.433105 0.989746 0.0361328 0.0205078 0.908691
0 0.89502 0.39624 0.0634766 0.0507812 0.906738
22 0.438721 0.750488 0.0366211 0.0410156 0.905273
0 0.443604 0.831055 0.081543 0.0537109 0.903809
4 0.881836 0.902344 0.0341797 0.0527344 0.898438
13 0.979004 0.896484 0.0273438 0.0703125 0.895508
0 0.866211 0.740234 0.0644531 0.0488281 0.893066
0 0.554688 0.741211 0.0742188 0.0429688 0.891113
5 0.956055 0.396973 0.0361328 0.0473633 0.884766
0 0.643555 0.396484 0.0654297 0.0517578 0.874023
0 0.670898 0.734375 0.0673828 0.0625 0.874023
0 0.77832 0.911133 0.0605469 0.0449219 0.871582
22 0.884766 0.568359 0.0351562 0.0449219 0.868652
13 0.563965 0.562012 0.0224609 0.0615234 0.868164
22 0.633789 0.573242 0.0351562 0.0429688 0.858887
18 0.895508 0.648438 0.0371094 0.0546875 0.858887
22 0.822266 0.569336 0.0351562 0.0439453 0.855957
0 0.631836 0.982422 0.0664062 0.0351562 0.855957
0 0.806641 0.819336 0.0585938 0.0605469 0.85498
13 0.890625 0.974609 0.0273438 0.0507812 0.852051
6 0.987305 0.395996 0.0253906 0.0449219 0.832031
10 0.751953 0.975586 0.0332031 0.0488281 0.832031
0 0.383057 0.991211 0.0615234 0.0175781 0.820801
2 0.501831 0.487793 0.0314941 0.0478516 0.817383
5 0.50293 0.660156 0.0546875 0.0429688 0.808105
10 0.368652 0.480957 0.0380859 0.0693359 0.795898
18 0.441895 0.399414 0.0410156 0.0556641 0.785156
2 0.82666 0.48291 0.0390625 0.0458984 0.767578
18 0.947266 0.816406 0.0371094 0.0546875 0.73877
8 0.514648 0.987305 0.0400391 0.0253906 0.732422
22 0.533691 0.913574 0.0341797 0.0439453 0.713867
5 0.939453 0.984375 0.0351562 0.03125 0.70752
22 0.621094 0.827148 0.0351562 0.0419922 0.680664
7 0.78418 0.654785 0.0576172 0.0449219 0.668945
5 0.813477 0.985352 0.0371094 0.0292969 0.663574
12 0.959473 0.728516 0.0390625 0.0664062 0.631836
18 0.851562 0.649902 0.0527344 0.0566406 0.622559
6 0.9375 0.568848 0.0625 0.0449219 0.615234
5 0.376221 0.404541 0.0449219 0.0498047 0.598145
2 0.694824 0.986816 0.0527344 0.0263672 0.598145
6 0.594727 0.560059 0.0390625 0.0673828 0.583008
10 0.692871 0.55957 0.0527344 0.0664062 0.563965
21 0.433594 0.674805 0.0791016 0.0644531 0.562012
10 0.477051 0.735352 0.0351562 0.0683594 0.539062
12 0.625 0.476807 0.0527344 0.0639648 0.529297
6 0.41626 0.483398 0.0585938 0.0576172 0.525391
4 0.570312 0.480957 0.0332031 0.0537109 0.521484
