11 0.882812 0.626953 0.09375 0.140625 0.995605
4 0.980957 0.238525 0.0380859 0.111816 0.989746
23 0.0710449 0.23877 0.0743408 0.101074 0.988281
9 0.445557 0.84668 0.090332 0.101562 0.987793
18 0.672852 0.625977 0.114258 0.146484 0.984375
5 0.582031 0.239502 0.09375 0.0976562 0.98291
18 0.798828 0.223633 0.113281 0.145996 0.981445
2 0.212158 0.849609 0.0786133 0.0957031 0.981445
22 0.892578 0.449219 0.0878906 0.0917969 0.978027
6 0.34082 0.845703 0.0957031 0.0898438 0.972656
7 0.95166 0.874512 0.0957031 0.137695 0.972168
13 0.963867 0.424805 0.046875 0.141602 0.97168
5 0.913086 0.24707 0.0859375 0.0908203 0.971191
6 0.156128 0.242188 0.0942383 0.100586 0.970215
13 0.957031 0.62793 0.0488281 0.150391 0.969727
13 0.27002 0.820801 0.0375977 0.138672 0.968262
5 0.787109 0.651367 0.0917969 0.09375 0.967773
2 0.0172424 0.240723 0.0344849 0.103516 0.958008
13 0.786133 0.423828 0.0439453 0.142578 0.954102
4 0.336914 0.226196 0.0732422 0.13501 0.944336
14 0.504883 0.220093 0.0517578 0.147217 0.941895
5 0.415527 0.241699 0.0859375 0.0947266 0.936523
2 0.00952148 0.841309 0.0189209 0.0771484 0.906738
27 0.468262 0.451416 0.0634766 0.09375 0.896484
23 0.703613 0.853516 0.0742188 0.0917969 0.881836
7 0.250244 0.97998 0.126465 0.0400391 0.788086
14 0.824707 0.979004 0.078125 0.0419922 0.741699
6 0.853027 0.851562 0.0927734 0.0976562 0.730957
14 0.991211 0.629883 0.0175781 0.134766 0.625977
14 0.848633 0.979004 0.0371094 0.0419922 0.600098
