7 0.0994873 0.866211 0.0456543 0.0546875 0.980957
7 0.391602 0.938477 0.0400391 0.0546875 0.977539
2 0.536133 0.227661 0.03125 0.0393066 0.976074
11 0.632324 0.376221 0.0361328 0.0620117 0.974121
18 0.942383 0.916992 0.0429688 0.0634766 0.969727
5 0.561523 0.773438 0.0380859 0.0410156 0.967773
13 0.770508 0.604004 0.0214844 0.0673828 0.967285
0 0.0965576 0.702148 0.0559082 0.0371094 0.966797
5 0.0931396 0.779297 0.0361328 0.0410156 0.966797
18 0.736328 0.599609 0.0419922 0.0654297 0.962891
21 0.560547 0.858398 0.0527344 0.0585938 0.962891
4 0.72168 0.927734 0.0292969 0.0429688 0.961426
5 0.901855 0.0700531 0.0361328 0.0400696 0.960938
5 0.728516 0.387695 0.0332031 0.0371094 0.959961
18 0.09375 0.615234 0.0449219 0.0546875 0.958984
5 0.966797 0.536133 0.0361328 0.0371094 0.958496
18 0.583008 0.45166 0.0439453 0.0615234 0.95752
11 0.842285 0.0616379 0.0341797 0.0622711 0.956543
0 0.977539 0.459961 0.0449219 0.0371094 0.956055
0 0.84668 0.388184 0.0546875 0.0380859 0.955078
2 0.424316 0.46582 0.0292969 0.0380859 0.950195
22 0.982422 0.691895 0.0341797 0.0380859 0.949707
5 0.850098 0.615234 0.0351562 0.0390625 0.949219
11 0.545898 0.299805 0.0371094 0.0605469 0.94873
18 0.0871582 0.461914 0.0427246 0.0527344 0.946777
22 0.615234 0.539062 0.0371094 0.0410156 0.946777
18 0.286133 0.983887 0.0400391 0.0322266 0.946289
5 0.318115 0.388184 0.0366211 0.0380859 0.944336
5 0.523438 0.150879 0.0351562 0.041748 0.943359
22 0.816406 0.151855 0.0351562 0.0410156 0.941895
9 0.543945 0.691406 0.0371094 0.0400391 0.941895
0 0.347412 0.852051 0.0566406 0.0410156 0.941406
5 0.723633 0.849609 0.0380859 0.0390625 0.939941
0 0.463867 0.388184 0.0810547 0.0400391 0.935547
5 0.881836 0.307129 0.0351562 0.0380859 0.935059
0 0.577148 0.605469 0.078125 0.0625 0.935059
0 0.851562 0.930176 0.0546875 0.0400391 0.933594
5 0.649414 0.930664 0.0351562 0.0410156 0.927246
6 0.130737 0.77832 0.0371094 0.0390625 0.926758
0 0.645508 0.614746 0.0566406 0.0400391 0.92627
13 0.241943 0.139282 0.0209961 0.0646973 0.925293
5 0.933594 0.150146 0.0371094 0.0395508 0.924805
13 0.508789 0.919434 0.0205078 0.0683594 0.924805
13 0.511719 0.375977 0.0195312 0.0625 0.923828
0 0.813477 0.463135 0.0566406 0.0375977 0.922852
5 0.94873 0.614258 0.0351562 0.0371094 0.922363
6 0.600586 0.770508 0.0371094 0.0371094 0.921875
5 0.906738 0.772949 0.0361328 0.0390625 0.920898
5 0.842773 0.696289 0.0361328 0.0371094 0.919434
11 0.127808 0.532715 0.0356445 0.0615234 0.917969
0 0.331543 0.933105 0.0766602 0.0429688 0.91748
23 0.25531 0.700195 0.0343018 0.0371094 0.911621
9 0.947266 0.772461 0.0371094 0.0400391 0.911621
0 0.243774 0.229248 0.0783691 0.0405273 0.907227
8 0.6875 0.230225 0.0390625 0.0395508 0.905273
8 0.880859 0.694824 0.0371094 0.0390625 0.905273
18 0.652344 0.453125 0.0429688 0.0595703 0.904785
18 0.475586 0.919434 0.0439453 0.0625 0.903809
5 0.393799 0.853516 0.0375977 0.0410156 0.90332
22 0.452637 0.618164 0.0361328 0.0410156 0.899902
21 0.447266 0.859375 0.0673828 0.0615234 0.898438
9 0.823242 0.229858 0.0371094 0.0378418 0.896973
9 0.258545 0.930664 0.0361328 0.0390625 0.89502
0 0.783203 0.928711 0.078125 0.0488281 0.893066
22 0.505371 0.311279 0.0380859 0.0400391 0.891602
18 0.272949 0.0630493 0.0444336 0.0615234 0.890137
0 0.149445 0.933594 0.0560913 0.0410156 0.890137
13 0.305664 0.0629272 0.0180664 0.0606689 0.888672
6 0.430664 0.932129 0.0361328 0.0400391 0.888672
14 0.874023 0.0611877 0.0175781 0.0610962 0.888184
22 0.0905762 0.541992 0.036377 0.0429688 0.888184
13 0.379883 0.218384 0.0205078 0.0617676 0.885742
2 0.220825 0.855469 0.0290527 0.0410156 0.885742
24 0.66748 0.856445 0.0498047 0.0546875 0.881836
13 0.128143 0.454346 0.0337524 0.065918 0.876465
5 0.632812 0.0697174 0.0341797 0.0375671 0.875977
0 0.686523 0.528809 0.0644531 0.0537109 0.874023
4 0.785645 0.694336 0.0244141 0.0449219 0.872559
9 0.599609 0.930664 0.0361328 0.0410156 0.871582
2 0.136688 0.984375 0.038147 0.03125 0.868652
0 0.678223 0.0697021 0.0527344 0.0389404 0.868164
22 0.37793 0.774414 0.0351562 0.0410156 0.868164
23 0.354492 0.231201 0.0327148 0.0371094 0.867188
10 0.75 0.452148 0.0351562 0.0615234 0.86084
13 0.0762329 0.0656891 0.0279541 0.0697937 0.85791
6 0.671875 0.388184 0.0390625 0.0366211 0.85791
9 0.500977 0.851074 0.0380859 0.0410156 0.85498
18 0.634277 0.224121 0.0615234 0.0498047 0.853027
0 0.882812 0.227295 0.0566406 0.0429688 0.851074
2 0.986328 0.850586 0.0273438 0.0371094 0.842773
22 0.772461 0.307617 0.0351562 0.0410156 0.841797
2 0.869629 0.460449 0.0488281 0.0390625 0.841797
14 0.286621 0.765137 0.0175781 0.0615234 0.838867
13 0.232056 0.455078 0.0180664 0.0654297 0.836426
0 0.310547 0.685059 0.0595703 0.0634766 0.835449
9 0.270996 0.151611 0.034668 0.0405273 0.830078
19 0.944824 0.850098 0.0322266 0.0371094 0.830078
4 0.494629 0.462891 0.0449219 0.0463867 0.829102
4 0.634766 0.771484 0.0273438 0.0458984 0.816406
9 0.510864 0.616211 0.032959 0.0400391 0.812988
6 0.983398 0.615234 0.0332031 0.0390625 0.812988
0 0.21875 0.0699463 0.0551758 0.0487061 0.806641
22 0.0994873 0.93457 0.0380859 0.0390625 0.795898
22 0.395996 0.151367 0.0361328 0.0393066 0.792969
0 0.778809 0.773438 0.0644531 0.0390625 0.791992
12 0.890625 0.842773 0.0664062 0.0664062 0.791992
2 0.867188 0.530762 0.0332031 0.0546875 0.786621
13 0.959961 0.21582 0.0214844 0.0634766 0.782715
8 0.185547 0.857422 0.0361328 0.0371094 0.78125
18 0.566406 0.53418 0.0546875 0.0449219 0.779785
1 0.416992 0.783691 0.0361328 0.0537109 0.778809
2 0.767578 0.463379 0.03125 0.0371094 0.774414
18 0.90918 0.378906 0.0429688 0.0527344 0.759277
14 0.157959 0.533203 0.019043 0.0585938 0.759277
5 0.726562 0.220093 0.0371094 0.0539551 0.746094
14 0.349609 0.764648 0.0180664 0.0625 0.72168
0 0.206543 0.93457 0.0571289 0.0410156 0.708984
2 0.316406 0.15271 0.0297852 0.0390625 0.700684
18 0.161377 0.610352 0.0463867 0.0634766 0.699219
9 0.605957 0.308594 0.0351562 0.0395508 0.697754
23 0.41748 0.697754 0.03125 0.0390625 0.694336
13 0.473389 0.841797 0.0175781 0.0683594 0.684082
46 0.313965 0.463135 0.078125 0.0454102 0.673828
19 0.759277 0.851562 0.0292969 0.0371094 0.67041
5 0.506348 0.530273 0.0371094 0.0595703 0.666992
13 0.480957 0.746582 0.0195312 0.0380859 0.663574
2 0.317383 0.225098 0.0341797 0.0488281 0.660156
13 0.919922 0.296875 0.0361328 0.0644531 0.65332
46 0.149414 0.15332 0.0810547 0.0493164 0.631836
13 0.359131 0.983398 0.0175781 0.0332031 0.625977
18 0.609375 0.136017 0.046875 0.0692749 0.624512
18 0.09729 0.306152 0.0603027 0.0488281 0.622559
18 0.240723 0.305176 0.0649414 0.0493164 0.618652
13 0.827148 0.755859 0.0351562 0.0712891 0.616699
13 0.903809 0.449219 0.0175781 0.0644531 0.602051
13 0.398926 0.289551 0.0214844 0.0771484 0.600098
21 0.340332 0.0825195 0.0498047 0.0657959 0.592773
6 0.686523 0.929688 0.0371094 0.0410156 0.59082
7 0.959473 0.0787964 0.0410156 0.0548096 0.581543
18 0.209961 0.607422 0.0488281 0.0673828 0.577637
13 0.686035 0.453857 0.0195312 0.0629883 0.575684
12 0.277344 0.377441 0.0424805 0.0605469 0.571777
22 0.985352 0.387451 0.0273438 0.0356445 0.571777
13 0.949219 0.369873 0.0371094 0.0766602 0.558105
6 0.152344 0.310059 0.0217285 0.0390625 0.556641
4 0.254333 0.464844 0.0264893 0.0419922 0.554688
19 0.628906 0.692871 0.0332031 0.0380859 0.548828
4 0.452148 0.462891 0.0219727 0.0419922 0.541016
13 0.573242 0.139771 0.0195312 0.0664062 0.523438
18 0.683594 0.691406 0.0546875 0.0507812 0.517578
22 0.416992 0.231445 0.0595703 0.0371094 0.515625
13 0.98291 0.918945 0.0341797 0.0654297 0.511719
