14 0.43457 0.202637 0.104492 0.14209 0.98584
0 0.935547 0.833984 0.128906 0.0898438 0.984863
2 0.453857 0.819336 0.0761719 0.0976562 0.980469
23 0.53125 0.824219 0.0703125 0.0869141 0.978516
0 0.317383 0.816895 0.14209 0.0908203 0.977051
2 0.85498 0.634766 0.0761719 0.0957031 0.975098
8 0.0855103 0.225342 0.104858 0.0991211 0.974609
23 0.605469 0.824707 0.0703125 0.0859375 0.974121
2 0.429688 0.429199 0.065918 0.0908203 0.972656
2 0.807129 0.829102 0.0712891 0.0898438 0.972656
2 0.800781 0.432617 0.0820312 0.0996094 0.97168
13 0.100708 0.790039 0.0419922 0.138672 0.971191
23 0.49707 0.430908 0.0673828 0.0874023 0.970703
1 0.0856323 0.981445 0.0938721 0.0371094 0.969238
14 0.053009 0.791016 0.0498657 0.140625 0.967773
6 0.175293 0.81543 0.097168 0.0878906 0.967285
8 0.038269 0.612793 0.0765381 0.0927734 0.963867
6 0.96582 0.435791 0.0683594 0.0908203 0.959961
4 0.115234 0.605957 0.0703125 0.114258 0.958008
2 0.732422 0.98584 0.078125 0.0283203 0.947754
6 0.207397 0.98291 0.138428 0.0341797 0.940918
22 0.646484 0.432861 0.0859375 0.0893555 0.938477
13 0.35498 0.204712 0.0458984 0.14917 0.90918
6 0.0679932 0.426758 0.135254 0.0986328 0.901855
8 0.500977 0.985352 0.0927734 0.0292969 0.874023
0 0.947266 0.624512 0.105469 0.117188 0.870605
5 0.0108337 0.812988 0.0216675 0.0966797 0.818848
18 0.361328 0.969238 0.140137 0.0615234 0.795898
5 0.262268 0.619141 0.100464 0.09375 0.6875
6 0.749023 0.223511 0.138672 0.113525 0.635254
5 0.604492 0.989258 0.0800781 0.0214844 0.509766
0 0.848633 0.988281 0.144531 0.0234375 0.503906
