28 0.945312 0.705078 0.107422 0.150391 0.991699
19 0.625488 0.919922 0.0664062 0.0917969 0.990723
2 0.614258 0.720215 0.0761719 0.0927734 0.986328
4 0.53418 0.907227 0.0703125 0.119141 0.983398
2 0.211914 0.336426 0.0712891 0.0917969 0.982422
2 0.0702515 0.336914 0.072876 0.0888672 0.980469
9 0.502441 0.72168 0.0869141 0.0957031 0.97998
2 0.863281 0.92041 0.0722656 0.09375 0.977539
8 0.902832 0.149658 0.0947266 0.0976562 0.976562
8 0.867188 0.536255 0.09375 0.0935059 0.976074
4 0.244385 0.134064 0.0664062 0.108826 0.974609
8 0.450195 0.921875 0.0957031 0.0927734 0.974609
13 0.180542 0.902344 0.0441895 0.140625 0.972656
23 0.791992 0.923828 0.0722656 0.0878906 0.972168
5 0.708496 0.919922 0.0947266 0.0917969 0.970215
6 0.250977 0.925781 0.0957031 0.0888672 0.969727
2 0.205322 0.728027 0.0766602 0.0927734 0.969238
13 0.974609 0.130707 0.046875 0.137512 0.968262
5 0.354004 0.92041 0.0947266 0.0957031 0.968262
23 0.330566 0.531738 0.0644531 0.0869141 0.967773
16 0.101624 0.935547 0.102905 0.107422 0.965332
22 0.751953 0.530273 0.0869141 0.0908203 0.964355
23 0.14212 0.337402 0.0673218 0.0869141 0.962891
2 0.400879 0.53125 0.0751953 0.0986328 0.961914
2 0.817383 0.143799 0.0761719 0.092041 0.936035
22 0.959961 0.536255 0.0800781 0.0876465 0.933594
6 0.675293 0.340332 0.121094 0.0917969 0.879883
23 0.950195 0.922852 0.0996094 0.0898438 0.791992
18 0.838379 0.324219 0.135742 0.130859 0.673828
4 0.396973 0.72168 0.103516 0.107422 0.666992
7 0.974609 0.319336 0.0507812 0.136719 0.651367
7 0.0155792 0.942383 0.0310974 0.115234 0.629883
7 0.00753403 0.719727 0.0148697 0.152344 0.57959
13 0.737793 0.319336 0.0507812 0.133789 0.571777
