11 0.589844 0.87207 0.0957031 0.138672 0.994629
11 0.464111 0.476807 0.0922852 0.140137 0.993164
2 0.0368652 0.699219 0.0727539 0.0966797 0.987793
2 0.226807 0.101135 0.0766602 0.09729 0.985352
2 0.124573 0.901367 0.0789795 0.102539 0.985352
8 0.820312 0.0987701 0.0947266 0.0959167 0.982422
8 0.132782 0.0992432 0.101135 0.101562 0.980957
2 0.871582 0.902344 0.0771484 0.101562 0.980957
2 0.954102 0.698242 0.0761719 0.100586 0.979004
6 0.335449 0.899414 0.0966797 0.0927734 0.979004
7 0.231201 0.92334 0.0922852 0.143555 0.978027
4 0.421875 0.886719 0.0703125 0.111328 0.977051
23 0.785156 0.296631 0.0800781 0.0888672 0.971191
13 0.541992 0.481934 0.0625 0.149414 0.968262
5 0.498535 0.897461 0.0839844 0.0957031 0.964844
22 0.802734 0.700195 0.0859375 0.09375 0.963379
2 0.965332 0.305176 0.0693359 0.0966797 0.957031
14 0.0532532 0.875977 0.0510864 0.140625 0.953125
4 0.76709 0.899414 0.0751953 0.107422 0.953125
7 0.665527 0.323242 0.152344 0.138672 0.950684
5 0.684082 0.900391 0.0849609 0.0957031 0.944824
2 0.947266 0.900391 0.0742188 0.0996094 0.943359
2 0.0635376 0.299072 0.0742188 0.0961914 0.934082
0 0.912109 0.508667 0.174805 0.10376 0.933594
13 0.0518188 0.0783081 0.0626221 0.146362 0.92627
8 0.767578 0.477539 0.0957031 0.142578 0.925781
27 0.884277 0.699219 0.0576172 0.0996094 0.901855
5 0.0137177 0.896484 0.0270996 0.101562 0.868164
4 0.919922 0.0966949 0.0976562 0.105438 0.84082
11 0.367188 0.0743408 0.142578 0.133545 0.679199
4 0.987305 0.090271 0.0253906 0.12854 0.651367
