18 0.914062 0.469727 0.0419922 0.0595703 0.98584
2 0.369873 0.80957 0.0322266 0.0390625 0.981934
5 0.607422 0.178101 0.0371094 0.0402832 0.972656
5 0.47998 0.572266 0.0380859 0.0371094 0.969727
5 0.90625 0.169678 0.0371094 0.0366211 0.967773
0 0.908691 0.793457 0.0576172 0.0390625 0.967773
18 0.570312 0.790527 0.0429688 0.0595703 0.967285
11 0.118591 0.419434 0.0360107 0.0600586 0.966797
7 0.769043 0.966797 0.0458984 0.0644531 0.966797
11 0.602539 0.557617 0.0380859 0.0625 0.966309
2 0.953613 0.555664 0.0322266 0.0400391 0.966309
5 0.538574 0.334961 0.0341797 0.0400391 0.96582
5 0.958984 0.791016 0.0371094 0.0390625 0.965332
5 0.933105 0.715332 0.0351562 0.0371094 0.963379
5 0.319824 0.732422 0.0351562 0.0371094 0.963379
0 0.691895 0.799805 0.078125 0.0439453 0.962891
22 0.304688 0.0306396 0.0351562 0.038208 0.962402
1 0.626953 0.416992 0.0371094 0.0527344 0.961914
2 0.401123 0.964355 0.0307617 0.0400391 0.961914
5 0.0168457 0.743164 0.0336914 0.0371094 0.960449
9 0.851562 0.794434 0.0351562 0.0400391 0.95752
24 0.397949 0.113525 0.0410156 0.0495605 0.952637
2 0.825195 0.172852 0.0273438 0.0366211 0.952637
9 0.950195 0.244263 0.0361328 0.0378418 0.952637
8 0.870117 0.486084 0.0361328 0.0356445 0.950195
22 0.888672 0.0941162 0.0371094 0.0405273 0.949707
2 0.0904541 0.740234 0.0314941 0.0371094 0.94873
2 0.0105515 0.354492 0.0208893 0.0390625 0.948242
2 0.223511 0.735352 0.03125 0.0351562 0.941406
7 0.19397 0.822266 0.0637207 0.0546875 0.941406
2 0.831055 0.405273 0.0292969 0.0371094 0.94043
5 0.813477 0.949219 0.0371094 0.0380859 0.939941
21 0.397949 0.582031 0.046875 0.0566406 0.938477
24 0.448486 0.81543 0.0405273 0.0527344 0.936523
7 0.794922 0.256104 0.0410156 0.0532227 0.935547
2 0.412109 0.808594 0.0322266 0.0419922 0.935059
5 0.155273 0.972656 0.0371094 0.0380859 0.932129
18 0.252991 0.414795 0.0467529 0.0629883 0.930176
0 0.27832 0.578613 0.0546875 0.0361328 0.929199
7 0.927734 0.0978394 0.0390625 0.0543213 0.928711
1 0.090332 0.201416 0.0375977 0.0522461 0.928711
0 0.788086 0.48584 0.0546875 0.0371094 0.927734
23 0.793945 0.170654 0.03125 0.0366211 0.927246
0 0.119995 0.81543 0.0786133 0.0507812 0.926758
5 0.334961 0.499512 0.0371094 0.0390625 0.91748
9 0.96582 0.87207 0.0351562 0.0390625 0.91748
5 0.811035 0.792969 0.0371094 0.0371094 0.916504
7 0.0810699 0.901367 0.0382996 0.0537109 0.916504
5 0.867188 0.873535 0.0371094 0.0371094 0.915039
2 0.94043 0.0160828 0.0351562 0.0321655 0.913086
9 0.886719 0.325195 0.0332031 0.0375977 0.912598
5 0.53125 0.18335 0.0410156 0.0380859 0.911133
6 0.280273 0.19043 0.0356445 0.0375977 0.90918
13 0.783203 0.782227 0.0214844 0.0605469 0.90918
5 0.733887 0.0986938 0.0351562 0.0418701 0.908691
5 0.768555 0.563477 0.0371094 0.0390625 0.908203
9 0.774414 0.0943604 0.0371094 0.0402832 0.906738
22 0.329834 0.892578 0.0380859 0.0410156 0.906738
6 0.159912 0.424561 0.0390625 0.0424805 0.905273
7 0.751465 0.803711 0.0390625 0.0517578 0.905273
2 0.640137 0.955566 0.0302734 0.0390625 0.904785
18 0.332275 0.567383 0.0458984 0.0605469 0.90332
19 0.0960693 0.664062 0.029541 0.0371094 0.902832
5 0.633789 0.254639 0.0371094 0.0380859 0.901855
5 0.0249023 0.589355 0.0379639 0.0390625 0.901855
5 0.613281 0.644531 0.0371094 0.0371094 0.901855
6 0.606445 0.878906 0.0332031 0.0380859 0.901855
13 0.604492 0.787109 0.0214844 0.0664062 0.898438
14 0.372803 0.955078 0.019043 0.0625 0.897461
14 0.926758 0.546875 0.015625 0.0595703 0.892578
5 0.649414 0.721191 0.0351562 0.0371094 0.890137
18 0.62207 0.32959 0.0527344 0.0478516 0.888672
2 0.834961 0.481934 0.0292969 0.0371094 0.88623
7 0.320801 0.196289 0.043457 0.0527344 0.884766
13 0.0782623 0.412109 0.0419617 0.0771484 0.883301
11 0.297363 0.414551 0.0380859 0.0634766 0.883301
5 0.476562 0.417969 0.034668 0.0390625 0.883301
18 0.709961 0.636719 0.0410156 0.0527344 0.880859
22 0.808105 0.87207 0.0361328 0.0390625 0.878418
9 0.436035 0.342773 0.0361328 0.0371094 0.875977
27 0.986328 0.473633 0.0214844 0.0380859 0.872559
6 0.918945 0.637695 0.0380859 0.0380859 0.870605
11 0.876953 0.62793 0.0371094 0.0605469 0.868164
6 0.32251 0.344727 0.0380859 0.0380859 0.867188
1 0.196411 0.356445 0.036377 0.0507812 0.867188
8 0.0390015 0.354004 0.0339355 0.0380859 0.863281
13 0.775879 0.854492 0.0214844 0.0800781 0.863281
2 0.761719 0.0156555 0.0302734 0.031311 0.861328
9 0.136688 0.351807 0.0366821 0.0424805 0.861328
22 0.562988 0.571289 0.0361328 0.0390625 0.86084
0 0.238892 0.89209 0.052002 0.0361328 0.859863
2 0.121338 0.115479 0.0319824 0.0400391 0.85791
22 0.908203 0.949219 0.0371094 0.0410156 0.855957
13 0.512207 0.24585 0.0244141 0.0703125 0.850098
8 0.32959 0.812012 0.0375977 0.0380859 0.850098
2 0.916992 0.24707 0.0273438 0.0375977 0.849121
5 0.956055 0.47998 0.0351562 0.0390625 0.849121
7 0.487549 0.812988 0.0366211 0.0537109 0.849121
13 0.546875 0.401855 0.0185547 0.0625 0.845703
8 0.435791 0.884766 0.0366211 0.0380859 0.845703
5 0.68457 0.956055 0.0566406 0.0390625 0.845703
5 0.947266 0.946289 0.0351562 0.0390625 0.839844
10 0.811523 0.395264 0.0302734 0.0634766 0.832031
10 0.60791 0.244507 0.0322266 0.0598145 0.830078
7 0.515137 0.424316 0.0400391 0.0527344 0.829102
8 0.285645 0.888672 0.0371094 0.0371094 0.82666
6 0.570312 0.179443 0.0351562 0.0400391 0.819824
1 0.835938 0.103149 0.0390625 0.0522461 0.818848
14 0.880859 0.938477 0.0195312 0.0625 0.816406
18 0.811523 0.710938 0.0546875 0.046875 0.813965
2 0.542969 0.722656 0.0292969 0.0351562 0.813965
23 0.886719 0.249756 0.03125 0.0366211 0.812988
18 0.491943 0.0238953 0.0493164 0.0430298 0.810547
5 0.222778 0.033638 0.036377 0.0419769 0.809082
1 0.79541 0.0255737 0.0351562 0.0511475 0.803223
10 0.223145 0.569824 0.0400391 0.0664062 0.800781
2 0.359863 0.184204 0.0332031 0.0378418 0.796875
13 0.74707 0.625977 0.0234375 0.0673828 0.795898
14 0.304199 0.0947266 0.0166016 0.059082 0.792969
5 0.989258 0.78418 0.0214844 0.0429688 0.792969
5 0.167725 0.738281 0.0371094 0.0371094 0.789062
2 0.398682 0.887695 0.0356445 0.0371094 0.789062
9 0.858398 0.172485 0.0351562 0.0397949 0.788086
14 0.407227 0.0239563 0.0195312 0.0479126 0.785156
4 0.896484 0.70166 0.0371094 0.0644531 0.78125
11 0.563965 0.63623 0.0595703 0.0615234 0.774414
6 0.339844 0.42041 0.0380859 0.0351562 0.773438
2 0.0169067 0.809082 0.0335693 0.0664062 0.766113
4 0.631348 0.0207214 0.0351562 0.0414429 0.756348
5 0.526855 0.793945 0.0371094 0.0644531 0.756348
13 0.0194702 0.255371 0.022583 0.0834961 0.756348
6 0.725586 0.175049 0.0351562 0.0393066 0.751953
6 0.850586 0.951172 0.0361328 0.0371094 0.750488
4 0.288574 0.730469 0.0244141 0.0410156 0.743164
5 0.916504 0.871094 0.0585938 0.0390625 0.740234
2 0.541992 0.880859 0.0292969 0.0371094 0.725098
14 0.839355 0.860352 0.0175781 0.0585938 0.712402
4 0.728027 0.953125 0.0263672 0.0449219 0.70752
4 0.110352 0.270569 0.0275879 0.0447998 0.704102
6 0.764648 0.716797 0.0371094 0.0351562 0.700684
4 0.263123 0.810059 0.0264893 0.0488281 0.695801
13 0.365967 0.562988 0.0205078 0.0654297 0.6875
6 0.0404739 0.974121 0.0364838 0.0380859 0.684082
6 0.672852 0.0981445 0.0371094 0.0375977 0.680664
18 0.897461 0.0175934 0.0488281 0.0351868 0.67041
13 0.0612183 0.723633 0.0214844 0.0722656 0.660156
6 0.841797 0.018158 0.0585938 0.0363159 0.65332
22 0.633301 0.487305 0.0380859 0.0410156 0.651367
4 0.759766 0.171387 0.0273438 0.0454102 0.647949
32 0.271729 0.107422 0.0415039 0.0810547 0.637207
13 0.849121 0.624023 0.0205078 0.0654297 0.635254
6 0.0498657 0.509277 0.0334473 0.0380859 0.633301
0 0.740234 0.407715 0.0527344 0.0405273 0.629883
4 0.643555 0.177246 0.0332031 0.0410156 0.622559
8 0.856934 0.717773 0.0351562 0.0351562 0.622559
13 0.369141 0.719238 0.0234375 0.0634766 0.618652
4 0.628906 0.795898 0.0273438 0.0449219 0.613281
6 0.342529 0.263611 0.0390625 0.0352783 0.609375
23 0.573242 0.878906 0.0302734 0.0390625 0.607422
13 0.559082 0.401855 0.0439453 0.0664062 0.604004
16 0.56543 0.489502 0.0507812 0.0415039 0.602051
2 0.358398 0.341309 0.0263672 0.0380859 0.598145
2 0.583008 0.0227051 0.0400391 0.0430908 0.596191
14 0.827637 0.238037 0.0195312 0.0610352 0.588867
11 0.0273438 0.42041 0.0543213 0.0644531 0.586914
1 0.532227 0.955078 0.0429688 0.0820312 0.586914
13 0.865234 0.990234 0.0175781 0.0195312 0.584961
6 0.293701 0.811035 0.0332031 0.0361328 0.583008
2 0.0880737 0.351562 0.0578613 0.0410156 0.581543
13 0.696289 0.397949 0.0185547 0.0673828 0.581543
13 0.167603 0.655273 0.0322266 0.0507812 0.581543
4 0.252441 0.732422 0.0239258 0.0390625 0.577637
24 0.0734253 0.587891 0.0437012 0.0458984 0.57373
14 0.932617 0.157471 0.0195312 0.0610352 0.569824
2 0.29541 0.265381 0.0351562 0.0371094 0.563965
0 0.762695 0.394287 0.0585938 0.0639648 0.562012
4 0.751465 0.247314 0.0263672 0.0507812 0.560059
13 0.174805 0.0963135 0.0234375 0.0754395 0.558105
13 0.966797 0.989746 0.0390625 0.0205078 0.556641
24 0.665039 0.612305 0.0371094 0.0263672 0.552734
10 0.385498 0.488281 0.0581055 0.0625 0.546875
10 0.0168762 0.109009 0.0318604 0.0644531 0.541016
2 0.958008 0.625 0.0341797 0.0644531 0.541016
6 0.853516 0.25 0.0351562 0.0366211 0.533203
8 0.539062 0.10144 0.0332031 0.0427246 0.533203
21 0.477051 0.190186 0.0664062 0.0576172 0.53125
13 0.858398 0.315918 0.0195312 0.0615234 0.53125
24 0.110962 0.553223 0.0266113 0.0244141 0.523438
2 0.235962 0.811035 0.0205078 0.0371094 0.521484
24 0.37207 0.624023 0.0380859 0.0273438 0.515625
7 0.236084 0.666016 0.0385742 0.0507812 0.515625
2 0.700195 0.873047 0.0322266 0.0371094 0.515625
