2 0.100952 0.14212 0.0288086 0.0438843 0.977051
4 0.00958252 0.641602 0.019104 0.0527344 0.949219
0 0.161133 0.0473633 0.065918 0.0637207 0.946777
11 0.0537109 0.970215 0.0368652 0.0595703 0.941406
4 0.182617 0.807129 0.0341797 0.0507812 0.936523
5 0.108215 0.0568237 0.0394287 0.0428467 0.918457
2 0.071106 0.560547 0.0526123 0.0449219 0.916504
13 0.12384 0.964844 0.0203857 0.0703125 0.906738
4 0.117554 0.221802 0.0327148 0.0529785 0.903809
5 0.0111237 0.978516 0.0222473 0.0410156 0.898438
13 0.0421448 0.883789 0.0252686 0.0664062 0.88623
13 0.0742798 0.039917 0.0274658 0.079834 0.877441
22 0.0931396 0.979004 0.0354004 0.0419922 0.877441
2 0.0144196 0.314453 0.0287476 0.0410156 0.858887
9 0.0441818 0.729492 0.0371246 0.0429688 0.858887
18 0.0958252 0.725586 0.0393066 0.0507812 0.839844
22 0.106812 0.644531 0.0358887 0.0439453 0.811523
9 0.177124 0.644043 0.0378418 0.0458984 0.810547
7 0.133423 0.486816 0.0532227 0.0605469 0.808105
8 0.137207 0.143433 0.0427246 0.0461426 0.805664
8 0.0825195 0.229614 0.0388184 0.0407715 0.782715
23 0.181152 0.890137 0.0361328 0.046875 0.771973
4 0.070694 0.888672 0.0326843 0.0546875 0.732422
5 0.137329 0.393799 0.036377 0.0454102 0.728027
2 0.0395203 0.812012 0.0343628 0.0439453 0.694336
18 0.0145493 0.892578 0.0287933 0.0527344 0.684082
7 0.097168 0.319824 0.0415039 0.0634766 0.672363
8 0.0116043 0.814453 0.022934 0.0410156 0.624512
5 0.163574 0.225098 0.0546875 0.0473633 0.615234
5 0.0465698 0.646484 0.0506592 0.0429688 0.602051
4 0.134766 0.306641 0.0290527 0.0463867 0.598145
0 0.127655 0.558594 0.0576782 0.0449219 0.554688
18 0.179077 0.135986 0.0344238 0.057373 0.552734
5 0.0964355 0.802734 0.0534668 0.0605469 0.552734
