1 0.921875 0.551636 0.0888672 0.133057 0.995117
16 0.931641 0.32666 0.103516 0.0908203 0.992188
0 0.754883 0.328369 0.138672 0.0913086 0.987305
9 0.768555 0.725586 0.0878906 0.0957031 0.982422
0 0.919434 0.72998 0.160156 0.0957031 0.979492
8 0.360352 0.927734 0.0927734 0.0996094 0.978516
0 0.801758 0.531738 0.134766 0.0878906 0.976074
2 0.84375 0.930664 0.0761719 0.101562 0.972168
5 0.451172 0.931641 0.0834961 0.0957031 0.970703
9 0.768555 0.12915 0.0917969 0.0932617 0.96875
2 0.689453 0.725098 0.0683594 0.0976562 0.966797
8 0.526855 0.724609 0.0957031 0.09375 0.917969
0 0.94873 0.132812 0.102539 0.0922852 0.898438
6 0.986328 0.526489 0.0273438 0.0895996 0.795898
5 0.737305 0.927734 0.0976562 0.0839844 0.792969
27 0.504883 0.123596 0.0546875 0.0980225 0.775879
2 0.871094 0.133301 0.0390625 0.041748 0.660156
4 0.54541 0.925781 0.09375 0.114258 0.618652
