11 0.528198 0.830078 0.0900879 0.140625 0.991211
0 0.935547 0.0839233 0.128906 0.0899658 0.984375
22 0.817383 0.861328 0.0898438 0.0898438 0.981934
0 0.90332 0.669922 0.140625 0.0917969 0.981934
2 0.11499 0.849609 0.0739746 0.0957031 0.981445
23 0.813477 0.269592 0.0722656 0.0887451 0.980957
2 0.807617 0.0787354 0.0722656 0.0905762 0.976562
4 0.711426 0.852539 0.0771484 0.117188 0.975586
8 0.20166 0.853516 0.097168 0.0957031 0.975586
2 0.776367 0.661133 0.0761719 0.0976562 0.972656
22 0.430176 0.85498 0.0888672 0.0908203 0.963379
6 0.403809 0.461182 0.15332 0.097168 0.947266
14 0.190186 0.979492 0.0498047 0.0410156 0.929199
6 0.0498657 0.657227 0.0997314 0.0927734 0.925781
6 0.211304 0.261719 0.146729 0.09375 0.915039
5 0.987305 0.643555 0.0253906 0.144531 0.903809
4 0.307129 0.851074 0.100586 0.0996094 0.861328
8 0.93457 0.449219 0.0927734 0.136719 0.827637
8 0.62793 0.837891 0.09375 0.138672 0.806641
2 0.842773 0.983398 0.0878906 0.0332031 0.764648
8 0.908203 0.865234 0.0898438 0.0859375 0.751953
7 0.132782 0.477783 0.15094 0.138184 0.743164
18 0.362305 0.249512 0.139648 0.126953 0.72168
5 0.0123978 0.0586548 0.0247955 0.108276 0.713867
4 0.0187988 0.246582 0.0375977 0.181152 0.684082
1 0.186768 0.0548096 0.121338 0.109497 0.660156
6 0.0349426 0.845703 0.0697632 0.107422 0.569824
11 0.554199 0.980469 0.0517578 0.0390625 0.539062
7 0.808105 0.490234 0.121094 0.134766 0.521484
