19 0.655273 0.720703 0.0625 0.0917969 0.990723
4 0.494141 0.903809 0.0703125 0.120117 0.988281
4 0.975586 0.520996 0.0488281 0.114258 0.987305
18 0.599121 0.898926 0.0927734 0.125977 0.987305
9 0.389893 0.712402 0.09375 0.101562 0.984375
7 0.118835 0.927734 0.104614 0.141602 0.983887
5 0.804199 0.523926 0.0898438 0.0947266 0.982422
8 0.900391 0.527344 0.09375 0.0966797 0.975586
9 0.97168 0.929688 0.0566406 0.0976562 0.974609
11 0.979004 0.308105 0.0419922 0.136719 0.974121
0 0.383301 0.892578 0.149414 0.144531 0.966797
6 0.904297 0.327637 0.0996094 0.0917969 0.964844
8 0.886719 0.927246 0.0986328 0.0976562 0.964355
13 0.679688 0.904297 0.0507812 0.154297 0.961914
2 0.774414 0.924805 0.123047 0.0908203 0.935547
13 0.893555 0.0877075 0.0410156 0.175415 0.872559
18 0.0663452 0.0953369 0.13269 0.125244 0.870605
18 0.0936279 0.498535 0.13623 0.125 0.870605
23 0.0332031 0.904297 0.0661621 0.09375 0.837402
1 0.878906 0.730469 0.107422 0.189453 0.741699
2 0.826172 0.326172 0.0380859 0.0488281 0.704102
5 0.574219 0.717773 0.0898438 0.0957031 0.672363
18 0.0632324 0.296143 0.126465 0.129395 0.654785
2 0.240234 0.911621 0.126953 0.0976562 0.616699
29 0.810547 0.100586 0.128906 0.149414 0.535156
