18 0.513672 0.963379 0.0986328 0.0732422 0.994629
27 0.914062 0.833008 0.0546875 0.130859 0.994141
18 0.356934 0.783691 0.110352 0.141602 0.991211
1 0.0577393 0.979492 0.0899658 0.0410156 0.986328
2 0.774414 0.215332 0.0683594 0.097168 0.98584
23 0.638672 0.809082 0.0742188 0.0878906 0.98584
19 0.126221 0.806641 0.0681152 0.0917969 0.983398
2 0.963867 0.217407 0.0683594 0.0959473 0.981934
18 0.248047 0.191162 0.0991211 0.125488 0.980469
23 0.162964 0.212769 0.0720215 0.0905762 0.978027
9 0.773438 0.611328 0.0898438 0.0917969 0.977539
8 0.94043 0.416504 0.0957031 0.0947266 0.976562
2 0.888184 0.611328 0.0722656 0.0859375 0.976074
28 0.828613 0.805664 0.104492 0.179688 0.973633
23 0.705078 0.211426 0.0683594 0.0874023 0.970703
0 0.370117 0.97998 0.13916 0.0400391 0.968262
13 0.435547 0.78418 0.0439453 0.140625 0.967773
6 0.15799 0.980469 0.0961304 0.0390625 0.956543
5 0.922852 0.981445 0.101562 0.0371094 0.949707
8 0.813965 0.97998 0.100586 0.0400391 0.944824
6 0.0262756 0.410645 0.0525513 0.0957031 0.94043
13 0.591309 0.957031 0.0439453 0.0859375 0.925293
5 0.255859 0.975098 0.0859375 0.0498047 0.918945
6 0.688477 0.97998 0.141602 0.0400391 0.906738
6 0.0336609 0.807129 0.0673218 0.0927734 0.901855
22 0.177856 0.609375 0.0786133 0.0878906 0.871582
5 0.87207 0.199585 0.119141 0.134521 0.786621
22 0.833008 0.344727 0.0625 0.0458984 0.70752
21 0.825195 0.4375 0.107422 0.129883 0.668945
23 0.197876 0.805664 0.0769043 0.0917969 0.509766
