11 0.298828 0.413574 0.107422 0.138184 0.996094
11 0.899414 0.621094 0.0957031 0.139648 0.994629
1 0.753906 0.467285 0.0957031 0.136719 0.993652
23 0.821289 0.23877 0.0742188 0.101562 0.987793
13 0.376953 0.420166 0.0458984 0.146973 0.987305
14 0.447754 0.414551 0.0908203 0.137695 0.986816
2 0.957031 0.44873 0.0800781 0.0996094 0.986328
18 0.689453 0.623047 0.111328 0.142578 0.986328
0 0.353027 0.834961 0.143555 0.101562 0.985352
13 0.97168 0.627441 0.0449219 0.145508 0.981934
2 0.961426 0.850098 0.0771484 0.0947266 0.979492
2 0.732422 0.841309 0.0742188 0.0957031 0.978516
7 0.976562 0.26709 0.046875 0.136719 0.977539
6 0.798828 0.64502 0.0996094 0.0878906 0.975586
6 0.0224915 0.443848 0.0443115 0.0957031 0.975098
6 0.856934 0.445312 0.0976562 0.0927734 0.973633
22 0.214722 0.837891 0.0866699 0.09375 0.972656
5 0.475098 0.833984 0.0908203 0.0917969 0.972656
6 0.904785 0.242188 0.0917969 0.101074 0.968262
14 0.546875 0.817383 0.0507812 0.142578 0.956055
13 0.0166779 0.813477 0.0333557 0.157227 0.95459
18 0.104065 0.829102 0.124878 0.125 0.931152
4 0.438965 0.986816 0.0722656 0.0263672 0.917969
6 0.623047 0.837402 0.0957031 0.0976562 0.913086
4 0.207031 0.43457 0.0957031 0.103516 0.775879
10 0.561523 0.419189 0.0986328 0.143066 0.759277
2 0.347168 0.991211 0.0722656 0.0175781 0.751953
27 0.75293 0.237671 0.0625 0.102783 0.71875
22 0.0129242 0.63916 0.0255127 0.0839844 0.715332
6 0.20874 0.238892 0.0869141 0.10083 0.677246
11 0.532715 0.974609 0.0878906 0.0507812 0.67041
13 0.171509 0.97168 0.0375977 0.0566406 0.65332
6 0.500488 0.64209 0.15625 0.0898438 0.615234
27 0.290283 0.639648 0.0620117 0.0947266 0.604004
