16 0.0826416 0.791992 0.0908203 0.0898438 0.995117
14 0.175781 0.768555 0.0849609 0.136719 0.977539
5 0.161499 0.972656 0.0964355 0.0546875 0.919434
7 0.090271 0.621094 0.132446 0.136719 0.887207
14 0.0455933 0.949219 0.0408936 0.101562 0.875977
8 0.0856934 0.194336 0.0861816 0.141602 0.811523
7 0.0109558 0.633789 0.0219116 0.166016 0.809082
11 0.0198364 0.185303 0.0396729 0.17627 0.806641
5 0.0224304 0.034668 0.0447388 0.0693359 0.789062
14 0.992676 0.823242 0.0146484 0.0976562 0.668945
5 0.00926971 0.959961 0.0185394 0.0800781 0.57373
16 0.1716 0.39917 0.0977173 0.127441 0.537109
14 0.993164 0.637695 0.0126953 0.189453 0.521484
2 0.124146 0.0369873 0.15332 0.0739746 0.517578
