24 0.228271 0.419434 0.0341797 0.0634766 0.991699
21 0.350586 0.255371 0.0390625 0.0595703 0.990723
24 0.500977 0.675781 0.0380859 0.0605469 0.987793
7 0.671875 0.505371 0.0644531 0.0625 0.980469
5 0.128876 0.324951 0.0405884 0.0439453 0.976562
2 0.631836 0.750977 0.0292969 0.0429688 0.973633
4 0.412598 0.830078 0.0302734 0.0507812 0.969727
8 0.371826 0.0727539 0.0415039 0.0446777 0.969238
11 0.71582 0.233398 0.0371094 0.0639648 0.968262
2 0.560547 0.750977 0.0332031 0.0449219 0.967773
5 0.355713 0.912598 0.0385742 0.0458984 0.967285
0 0.908203 0.0764313 0.0664062 0.0468445 0.966797
4 0.926758 0.914062 0.0371094 0.0566406 0.963867
10 0.692383 0.741211 0.0390625 0.0664062 0.963379
2 0.824707 0.412842 0.0322266 0.0454102 0.961426
11 0.132782 0.900879 0.0352173 0.0585938 0.959473
5 0.921875 0.584473 0.0429688 0.0507812 0.958008
8 0.918945 0.415039 0.0429688 0.0454102 0.95752
18 0.445801 0.323242 0.0400391 0.0527344 0.954102
0 0.0543213 0.581055 0.0626221 0.046875 0.954102
2 0.854004 0.751953 0.0273438 0.0390625 0.949707
0 0.711914 0.833984 0.0644531 0.046875 0.947754
8 0.624023 0.912598 0.0410156 0.0488281 0.945801
2 0.233398 0.0727692 0.0317383 0.0431824 0.944824
2 0.924805 0.754395 0.0302734 0.0449219 0.944336
2 0.880371 0.667969 0.0273438 0.0429688 0.943359
5 0.52002 0.243896 0.0371094 0.0424805 0.942871
18 0.901367 0.831055 0.0429688 0.0527344 0.941895
10 0.102539 0.976074 0.0349121 0.0478516 0.941895
0 0.773438 0.413574 0.0625 0.0458984 0.940918
0 0.0656128 0.325684 0.0581055 0.0419922 0.938965
0 0.442871 0.406738 0.0634766 0.0595703 0.936523
5 0.674805 0.912109 0.0400391 0.046875 0.936523
2 0.799805 0.327148 0.03125 0.0478516 0.935547
2 0.853516 0.915039 0.03125 0.046875 0.935547
2 0.38916 0.98584 0.0332031 0.0283203 0.931152
22 0.556641 0.159668 0.0351562 0.0410156 0.925293
5 0.172607 0.664062 0.0380859 0.0449219 0.923828
5 0.416504 0.497559 0.0371094 0.0458984 0.922852
0 0.153198 0.985352 0.0620117 0.0292969 0.922363
5 0.459717 0.833984 0.0395508 0.0439453 0.922363
5 0.407715 0.328125 0.0390625 0.0449219 0.921875
0 0.153931 0.750977 0.0600586 0.0439453 0.921875
5 0.68457 0.413086 0.0380859 0.0458984 0.92041
4 0.0935059 0.15271 0.0316162 0.0549316 0.919434
0 0.0789948 0.911133 0.065155 0.0439453 0.91748
6 0.201416 0.750977 0.0356445 0.0400391 0.916016
6 0.153442 0.242432 0.0395508 0.0424805 0.913574
2 0.336914 0.985352 0.0302734 0.0292969 0.913086
4 0.383301 0.406738 0.0322266 0.0556641 0.913086
5 0.645508 0.987305 0.0351562 0.0253906 0.912598
6 0.0207825 0.833984 0.0402832 0.0419922 0.911133
0 0.279541 0.0725098 0.0615234 0.0446777 0.910645
0 0.711914 0.327148 0.0585938 0.0439453 0.909668
2 0.0124359 0.494141 0.0247803 0.046875 0.909668
12 0.206543 0.977051 0.0361328 0.0458984 0.909668
1 0.78125 0.842285 0.0390625 0.0634766 0.901855
2 0.285156 0.40918 0.0322266 0.0458984 0.900391
7 0.513184 0.34082 0.0683594 0.0664062 0.898438
18 0.75293 0.911133 0.0351562 0.0527344 0.895508
18 0.498535 0.827637 0.0390625 0.0498047 0.89502
13 0.0176659 0.655273 0.0283279 0.0644531 0.893066
22 0.760742 0.328125 0.0341797 0.0439453 0.891602
23 0.556641 0.408447 0.0292969 0.0473633 0.891113
0 0.59668 0.48584 0.0585938 0.0634766 0.891113
8 0.39502 0.913086 0.0410156 0.0449219 0.891113
22 0.195801 0.159424 0.0361328 0.0429688 0.888184
10 0.493408 0.90332 0.0463867 0.0644531 0.888184
4 0.106873 0.657227 0.0325928 0.0566406 0.88623
2 0.536621 0.581055 0.0302734 0.0449219 0.883301
13 0.854492 0.82373 0.0234375 0.0703125 0.881836
2 0.317627 0.241089 0.0307617 0.0441895 0.880859
4 0.0662689 0.74707 0.0298157 0.0507812 0.879883
10 0.0258942 0.905762 0.0357971 0.0625 0.879883
0 0.130981 0.494141 0.0773926 0.046875 0.878906
22 0.722656 0.413086 0.0332031 0.0419922 0.877441
9 0.921875 0.328613 0.0390625 0.0463867 0.874023
8 0.836426 0.332031 0.0390625 0.0439453 0.870605
13 0.361328 0.976562 0.0195312 0.046875 0.870605
0 0.871094 0.499023 0.0605469 0.0478516 0.867188
6 0.0562439 0.665039 0.0479126 0.0449219 0.867188
5 0.790527 0.244019 0.0390625 0.0441895 0.865234
21 0.652832 0.0161438 0.0380859 0.0322876 0.864258
18 0.364502 0.15213 0.0527344 0.055603 0.864258
4 0.361572 0.32373 0.0302734 0.046875 0.864258
5 0.603516 0.404541 0.0556641 0.0639648 0.864258
2 0.274414 0.750977 0.0322266 0.0449219 0.86084
6 0.468018 0.495361 0.0634766 0.0512695 0.859863
2 0.757324 0.161011 0.0253906 0.0402832 0.856934
7 0.921875 0.0175171 0.0410156 0.0350342 0.854004
14 0.476074 0.741211 0.0185547 0.0644531 0.847168
23 0.0964966 0.0731812 0.0336914 0.0421143 0.84375
18 0.348145 0.658203 0.0546875 0.0585938 0.841797
8 0.889648 0.919922 0.0371094 0.0449219 0.836426
24 0.329346 0.758789 0.0546875 0.0654297 0.835449
6 0.823242 0.835449 0.0390625 0.0439453 0.831055
13 0.930664 0.825684 0.0234375 0.0664062 0.829102
6 0.245728 0.986328 0.0378418 0.0273438 0.822266
13 0.749023 0.22876 0.0263672 0.0795898 0.817383
18 0.828613 0.239258 0.0380859 0.0522461 0.817383
18 0.868652 0.407227 0.0546875 0.0595703 0.811523
9 0.64502 0.0759888 0.0361328 0.043335 0.801758
2 0.924316 0.49707 0.0400391 0.0439453 0.800781
7 0.564453 0.841797 0.0654297 0.0605469 0.799316
2 0.799316 0.987793 0.0371094 0.0244141 0.778809
9 0.834961 0.66748 0.0371094 0.0458984 0.777344
24 0.602539 0.318359 0.0605469 0.0678711 0.771973
2 0.197754 0.410156 0.0327148 0.046875 0.770508
13 0.791504 0.0635834 0.0244141 0.0696106 0.767578
8 0.0573425 0.158691 0.0429077 0.0498047 0.764648
18 0.711914 0.575195 0.0546875 0.0546875 0.762207
6 0.31543 0.321289 0.0605469 0.0478516 0.760742
13 0.027771 0.315674 0.0170898 0.0649414 0.753418
13 0.306152 0.820312 0.0224609 0.0664062 0.744629
5 0.390625 0.231201 0.0400391 0.0639648 0.741699
2 0.854004 0.988281 0.0390625 0.0234375 0.73877
23 0.466309 0.160278 0.0361328 0.0419922 0.73584
13 0.0830688 0.65332 0.0177002 0.0644531 0.732422
21 0.785156 0.594727 0.0429688 0.0605469 0.730957
8 0.238892 0.748047 0.0378418 0.0429688 0.726562
2 0.517456 0.0722504 0.0549316 0.04422 0.725098
18 0.314453 0.908203 0.0371094 0.0498047 0.723145
8 0.544922 0.914551 0.0410156 0.0439453 0.71875
14 0.29541 0.567871 0.0195312 0.0683594 0.6875
6 0.820801 0.752441 0.0371094 0.0419922 0.675781
13 0.785156 0.907227 0.0253906 0.0644531 0.675781
18 0.603516 0.975586 0.0400391 0.0488281 0.675781
8 0.601074 0.739258 0.0429688 0.0693359 0.642578
16 0.115356 0.831055 0.0390625 0.0488281 0.600098
4 0.333984 0.829102 0.03125 0.0546875 0.598145
24 0.328613 0.475586 0.0410156 0.046875 0.584961
6 0.480225 0.987305 0.0170898 0.0244141 0.583008
5 0.198242 0.493896 0.0556641 0.0473633 0.57373
9 0.248779 0.243774 0.0351562 0.0437012 0.558105
35 0.987305 0.628418 0.0253906 0.078125 0.558105
24 0.223633 0.922852 0.0361328 0.0576172 0.558105
6 0.135498 0.408203 0.0637207 0.0498047 0.554688
6 0.71582 0.913086 0.0390625 0.0488281 0.554688
10 0.879883 0.234497 0.0351562 0.0661621 0.550781
5 0.532227 0.667969 0.0234375 0.03125 0.548828
13 0.930664 0.979492 0.0214844 0.0410156 0.541016
6 0.845215 0.076889 0.0605469 0.0444641 0.539062
6 0.768555 0.0758057 0.0625 0.0449219 0.535156
13 0.155762 0.399902 0.0253906 0.0664062 0.53125
6 0.502075 0.582031 0.0388184 0.0439453 0.527344
1 0.713867 0.083313 0.0429688 0.0661621 0.523438
0 0.729492 0.150024 0.046875 0.064209 0.521484
1 0.919922 0.163361 0.0429688 0.0824585 0.515625
9 0.060791 0.834473 0.0362549 0.0458984 0.501953
