24 0.93457 0.491699 0.0390625 0.0625 0.991211
15 0.921387 0.814941 0.0751953 0.0673828 0.989746
11 0.710938 0.813965 0.0371094 0.0644531 0.986328
7 0.523438 0.919922 0.0410156 0.0605469 0.98584
5 0.87793 0.651367 0.0410156 0.0488281 0.970703
5 0.340332 0.908691 0.0390625 0.046875 0.96875
2 0.757812 0.481689 0.0332031 0.050293 0.964355
8 0.393066 0.737793 0.0424805 0.0488281 0.963379
10 0.314941 0.81543 0.0429688 0.0673828 0.960449
4 0.816895 0.648438 0.0361328 0.0527344 0.960449
2 0.786133 0.737305 0.0292969 0.046875 0.958496
0 0.338867 0.558594 0.0859375 0.0703125 0.953613
8 0.905273 0.908691 0.0410156 0.0419922 0.95166
0 0.481445 0.568359 0.0683594 0.0507812 0.949707
5 0.44751 0.480957 0.0405273 0.0507812 0.94873
2 0.983887 0.823242 0.0322266 0.0429688 0.94873
2 0.955078 0.395508 0.03125 0.0527344 0.946777
13 0.624023 0.8125 0.0253906 0.0644531 0.946289
4 0.663086 0.5625 0.0332031 0.0566406 0.933105
13 0.304688 0.896484 0.0283203 0.0761719 0.927246
4 0.84375 0.902832 0.03125 0.0546875 0.925293
18 0.664062 0.817383 0.0507812 0.0546875 0.924805
2 0.476074 0.908203 0.0332031 0.0449219 0.918457
23 0.84668 0.823242 0.0341797 0.0419922 0.913574
4 0.398438 0.478027 0.0351562 0.0566406 0.912598
2 0.855469 0.740234 0.03125 0.0449219 0.911133
0 0.429688 0.984863 0.0585938 0.0302734 0.910645
5 0.657227 0.984375 0.0390625 0.03125 0.908691
8 0.438232 0.908203 0.0405273 0.0488281 0.906738
0 0.981445 0.651855 0.0371094 0.0419922 0.899902
9 0.827148 0.47998 0.0361328 0.0439453 0.897461
2 0.523438 0.984375 0.0332031 0.03125 0.889648
8 0.819824 0.985352 0.0400391 0.0292969 0.878418
9 0.356445 0.824219 0.0380859 0.0458984 0.875977
6 0.84082 0.393066 0.0429688 0.0478516 0.872559
4 0.476562 0.980469 0.034668 0.0390625 0.868164
5 0.791504 0.480713 0.0341797 0.0405273 0.863281
0 0.929688 0.646973 0.0625 0.0556641 0.86084
4 0.924805 0.733398 0.03125 0.0527344 0.854004
22 0.944824 0.909668 0.0341797 0.0419922 0.849121
18 0.541992 0.729004 0.0390625 0.0654297 0.842773
7 0.414551 0.577148 0.0664062 0.0683594 0.841797
7 0.589844 0.825195 0.0390625 0.0488281 0.839844
5 0.86377 0.984375 0.0380859 0.03125 0.833496
14 0.368896 0.974121 0.0170898 0.0517578 0.831055
0 0.324707 0.984375 0.065918 0.03125 0.824219
1 0.985352 0.486328 0.0292969 0.0693359 0.811523
5 0.75 0.824219 0.0371094 0.0449219 0.79834
5 0.540039 0.81543 0.0351562 0.0625 0.792969
13 0.637695 0.384521 0.0273438 0.0717773 0.791992
12 0.78418 0.568359 0.0351562 0.0859375 0.789062
2 0.982422 0.73877 0.0332031 0.0449219 0.756348
8 0.807617 0.908203 0.0429688 0.0488281 0.749023
4 0.985352 0.382324 0.0292969 0.0712891 0.73584
0 0.338135 0.483398 0.0874023 0.0507812 0.728027
8 0.915039 0.39209 0.0429688 0.0556641 0.725098
20 0.641602 0.473389 0.0839844 0.074707 0.715332
8 0.890625 0.741211 0.0380859 0.0410156 0.70752
23 0.888672 0.481201 0.0566406 0.043457 0.705566
8 0.902832 0.985352 0.0419922 0.0292969 0.702637
1 0.493164 0.74707 0.0478516 0.0664062 0.700684
2 0.582031 0.471436 0.0253906 0.0258789 0.699219
4 0.722656 0.562012 0.0605469 0.0556641 0.656738
14 0.728516 0.470459 0.0214844 0.0678711 0.629883
4 0.721191 0.647949 0.03125 0.0537109 0.624512
6 0.561523 0.56543 0.0722656 0.0507812 0.622559
22 0.458008 0.652832 0.0380859 0.046875 0.596191
4 0.951172 0.981445 0.0546875 0.0371094 0.586914
0 0.981445 0.910156 0.0371094 0.0410156 0.581543
13 0.707031 0.898438 0.0234375 0.0683594 0.577637
10 0.824219 0.730469 0.0429688 0.0654297 0.546875
4 0.89209 0.564453 0.0576172 0.0566406 0.517578
8 0.798828 0.390625 0.0410156 0.0561523 0.503906
