5 0.963867 0.306641 0.0351562 0.0385742 0.985352
46 0.0857086 0.407715 0.0754089 0.0439453 0.985352
2 0.780273 0.468994 0.0332031 0.0410156 0.977051
9 0.206055 0.404541 0.0375977 0.0405273 0.974609
2 0.810547 0.151611 0.0332031 0.0380859 0.973633
6 0.658203 0.389648 0.0351562 0.0371094 0.970215
2 0.694336 0.388428 0.0283203 0.0371094 0.970215
7 0.72168 0.476562 0.0419922 0.0546875 0.967773
9 0.44165 0.238281 0.0351562 0.0429688 0.965332
24 0.161255 0.335449 0.0380859 0.0488281 0.964844
18 0.662109 0.06427 0.0429688 0.0596924 0.962891
11 0.144043 0.39502 0.0356445 0.0605469 0.960449
38 0.539062 0.067688 0.0703125 0.0655518 0.959473
4 0.987793 0.224121 0.0244141 0.0473633 0.958496
0 0.707031 0.154785 0.0546875 0.0375977 0.954102
22 0.878906 0.0704956 0.0380859 0.0397949 0.953613
21 0.605469 0.46875 0.0820312 0.0839844 0.953613
11 0.536621 0.226318 0.0371094 0.0625 0.950195
2 0.856445 0.463867 0.0351562 0.0390625 0.943848
22 0.172974 0.172607 0.0373535 0.0388184 0.942871
5 0.123291 0.488037 0.0390625 0.0415039 0.941895
3 0.879883 0.139282 0.0595703 0.0725098 0.938965
13 0.806641 0.0578918 0.0195312 0.0720825 0.937988
8 0.96582 0.464844 0.0371094 0.0400391 0.937988
2 0.773438 0.0735931 0.03125 0.0403137 0.9375
2 0.298096 0.321289 0.0327148 0.0400391 0.933594
2 0.27124 0.404053 0.0322266 0.0371094 0.933105
1 0.203979 0.0211182 0.0383301 0.0422363 0.930664
5 0.62207 0.392334 0.0371094 0.0415039 0.929199
9 0.818359 0.385254 0.0371094 0.0390625 0.928711
5 0.864258 0.310059 0.0351562 0.0380859 0.927246
10 0.341797 0.388672 0.0361328 0.0673828 0.927246
22 0.581055 0.237061 0.0400391 0.0405273 0.921875
5 0.755859 0.152466 0.0351562 0.0393066 0.921387
7 0.0574951 0.0247192 0.0404053 0.0494385 0.907227
7 0.0870972 0.272705 0.0543213 0.0771484 0.905273
16 0.695312 0.307617 0.0478516 0.0449219 0.904785
5 0.078064 0.171631 0.0373535 0.0400391 0.902832
2 0.123901 0.329102 0.0324707 0.0380859 0.899902
8 0.816406 0.466797 0.0410156 0.0405273 0.898926
5 0.504395 0.474609 0.0371094 0.0419922 0.898926
5 0.498535 0.238525 0.0380859 0.0405273 0.891113
9 0.799805 0.30957 0.0351562 0.0390625 0.889648
9 0.973633 0.383789 0.0371094 0.0424805 0.880859
5 0.533203 0.31543 0.0371094 0.0380859 0.879883
5 0.0210571 0.409912 0.0385742 0.0380859 0.878418
4 0.258057 0.0861206 0.0263672 0.041748 0.874023
13 0.310303 0.467285 0.0268555 0.0654297 0.863281
0 0.686035 0.231689 0.0537109 0.0385742 0.859863
13 0.174683 0.393799 0.0217285 0.0683594 0.855957
14 0.783203 0.140656 0.015625 0.059021 0.853027
9 0.649902 0.154663 0.0351562 0.0402832 0.850098
2 0.382324 0.083252 0.03125 0.0378418 0.841797
9 0.419922 0.318848 0.0361328 0.0400391 0.82666
23 0.831055 0.233643 0.03125 0.0361328 0.825684
16 0.358887 0.475586 0.0439453 0.0429688 0.816406
5 0.572754 0.0108337 0.0361328 0.0216675 0.806641
13 0.563477 0.382812 0.0214844 0.0644531 0.79834
6 0.116699 0.174072 0.0380859 0.0400391 0.786621
2 0.396973 0.241577 0.0527344 0.0388184 0.756348
10 0.888184 0.217285 0.0351562 0.0673828 0.753418
6 0.955566 0.228271 0.03125 0.0368652 0.750488
14 0.75293 0.45459 0.0205078 0.0615234 0.747559
2 0.618652 0.15625 0.0292969 0.0400391 0.743164
2 0.725586 0.0736694 0.0566406 0.0396729 0.73877
4 0.299805 0.400391 0.0253906 0.0439453 0.729492
6 0.262634 0.0147552 0.0391846 0.02948 0.712402
0 0.420166 0.0136414 0.0541992 0.0271606 0.712402
19 0.924316 0.226807 0.0302734 0.0375977 0.710449
6 0.529785 0.15979 0.0351562 0.0402832 0.705566
10 0.479248 0.4646 0.034668 0.0664062 0.705566
6 0.468262 0.160278 0.0351562 0.0388184 0.673828
13 0.00830841 0.221191 0.0163727 0.124023 0.649414
0 0.735352 0.00821686 0.0703125 0.0164032 0.633301
24 0.336914 0.211548 0.0361328 0.0263672 0.633301
0 0.45874 0.0122528 0.0449219 0.0245056 0.615234
5 0.123779 0.0172424 0.0439453 0.0344849 0.615234
6 0.611328 0.310059 0.0410156 0.0478516 0.615234
14 0.543945 0.379883 0.0175781 0.0683594 0.609375
13 0.735352 0.218994 0.0351562 0.0629883 0.605957
13 0.350098 0.310059 0.0200195 0.0615234 0.59082
13 0.899414 0.296387 0.0371094 0.0644531 0.556641
2 0.675781 0.00836945 0.0283203 0.0167389 0.537109
