11 0.0428467 0.899414 0.0854492 0.137695 0.998047
11 0.895508 0.706055 0.0859375 0.137695 0.995605
38 0.857422 0.509644 0.123047 0.138916 0.991211
8 0.254395 0.329102 0.0981445 0.0947266 0.98877
2 0.678711 0.328857 0.0693359 0.097168 0.987305
2 0.287598 0.921875 0.0742188 0.09375 0.985352
29 0.856445 0.137329 0.125 0.162109 0.985352
7 0.752441 0.941895 0.105469 0.116211 0.979492
0 0.477295 0.133575 0.149902 0.0941772 0.977539
21 0.104858 0.750977 0.0983887 0.134766 0.976074
5 0.131714 0.928711 0.0852051 0.09375 0.974609
22 0.803711 0.728516 0.0820312 0.0898438 0.973145
5 0.902832 0.343506 0.0878906 0.0942383 0.972656
0 0.791992 0.337646 0.132812 0.0957031 0.971191
5 0.973145 0.730469 0.0537109 0.0957031 0.969727
23 0.611328 0.334961 0.0625 0.0869141 0.969238
22 0.90625 0.931641 0.0859375 0.0908203 0.96875
6 0.960449 0.541016 0.0791016 0.0927734 0.964355
21 0.976074 0.371582 0.0478516 0.130859 0.963867
5 0.961426 0.151245 0.0771484 0.0944824 0.953125
2 0.188599 0.728516 0.0703125 0.09375 0.938477
27 0.100647 0.132538 0.0579834 0.0991821 0.851074
2 0.459961 0.930664 0.0996094 0.09375 0.710449
6 0.834961 0.930176 0.0507812 0.0927734 0.558105
14 0.992188 0.917969 0.015625 0.12793 0.529297
