18 0.0298157 0.205811 0.0596313 0.14502 0.991699
4 0.772461 0.231445 0.0703125 0.11084 0.98584
0 0.690918 0.836914 0.135742 0.0878906 0.984375
2 0.845703 0.237671 0.0771484 0.100342 0.980957
4 0.320312 0.81543 0.0693359 0.115234 0.980957
2 0.825684 0.439453 0.0761719 0.0922852 0.97998
6 0.141724 0.822266 0.0935059 0.0917969 0.975586
2 0.583496 0.833984 0.0693359 0.0839844 0.975098
13 0.0864258 0.203613 0.0465088 0.143555 0.974609
5 0.239868 0.824219 0.0876465 0.09375 0.974121
8 0.913086 0.440918 0.09375 0.0908203 0.967773
7 0.394043 0.0631104 0.150391 0.126221 0.966797
2 0.974609 0.0446472 0.0507812 0.0889282 0.964355
29 0.479736 0.834473 0.131348 0.185547 0.964355
22 0.814941 0.837891 0.0898438 0.0898438 0.963379
5 0.969727 0.845215 0.0605469 0.0927734 0.959473
14 0.916016 0.0439758 0.046875 0.0879517 0.952637
6 0.879883 0.637207 0.151367 0.0976562 0.952637
5 0.0425415 0.820312 0.085083 0.0878906 0.952637
18 0.897461 0.973145 0.0957031 0.0537109 0.935547
19 0.612305 0.970703 0.0625 0.0585938 0.935059
0 0.952637 0.24292 0.0947266 0.09375 0.921387
13 0.156494 0.962891 0.0507812 0.0742188 0.917969
4 0.981445 0.432617 0.0371094 0.109375 0.898926
14 0.54834 0.96875 0.0537109 0.0625 0.889648
14 0.868164 0.0450745 0.0429688 0.0901489 0.882324
4 0.330811 0.985352 0.0776367 0.0292969 0.872559
13 0.678223 0.970703 0.0634766 0.0585938 0.795898
13 0.696289 0.0429993 0.0107422 0.0847778 0.78418
8 0.166779 0.0401917 0.0975952 0.0801392 0.749023
18 0.074707 0.973633 0.0969238 0.0527344 0.654785
13 0.535645 0.0432739 0.0185547 0.0865479 0.507812
