24 0.59082 0.707031 0.0859375 0.123047 0.996094
29 0.856445 0.887207 0.125 0.162109 0.980957
2 0.363281 0.884766 0.0771484 0.0986328 0.978516
0 0.474609 0.883789 0.145508 0.09375 0.978027
13 0.0827026 0.666992 0.0469971 0.142578 0.977539
5 0.967773 0.307617 0.0644531 0.09375 0.975098
22 0.171875 0.885742 0.0852051 0.0927734 0.973633
2 0.904297 0.697266 0.0673828 0.0976562 0.972656
18 0.169312 0.664551 0.107422 0.140625 0.972168
23 0.970703 0.705078 0.0585938 0.0898438 0.970215
5 0.593262 0.884766 0.0849609 0.0947266 0.96875
6 0.267151 0.883301 0.0926514 0.0947266 0.967773
2 0.511719 0.688477 0.0761719 0.0957031 0.963867
4 0.672852 0.875977 0.0644531 0.114258 0.952148
5 0.961426 0.901367 0.0771484 0.09375 0.950195
0 0.865234 0.305176 0.128906 0.104492 0.948242
14 0.962891 0.48584 0.0429688 0.143555 0.941406
7 0.768555 0.716797 0.158203 0.129883 0.884277
7 0.0333557 0.917969 0.0667114 0.162109 0.856934
0 0.44873 0.492188 0.141602 0.0966797 0.801758
13 0.494141 0.470703 0.0546875 0.138672 0.773438
6 0.592285 0.489746 0.135742 0.102539 0.725098
27 0.0992432 0.882812 0.0534668 0.0996094 0.611328
