11 0.450439 0.911133 0.090332 0.134766 0.995605
10 0.348145 0.51123 0.0986328 0.140625 0.992676
13 0.73877 0.724121 0.0390625 0.139648 0.98584
23 0.663574 0.938477 0.0644531 0.0839844 0.983887
13 0.519653 0.908203 0.0407715 0.148438 0.98291
18 0.539062 0.71875 0.110352 0.142578 0.982422
4 0.915039 0.740723 0.0664062 0.114258 0.979004
23 0.810059 0.554199 0.0644531 0.0888672 0.978516
2 0.113159 0.92041 0.0715332 0.09375 0.977051
23 0.731934 0.939453 0.0703125 0.0898438 0.976562
14 0.692383 0.723633 0.046875 0.142578 0.975586
8 0.152863 0.149628 0.0951538 0.0977173 0.974121
4 0.929199 0.358887 0.0732422 0.12207 0.970703
22 0.807617 0.946289 0.078125 0.0917969 0.970703
2 0.823242 0.750977 0.113281 0.0898438 0.969238
2 0.594727 0.937988 0.0703125 0.0869141 0.967773
6 0.830078 0.36792 0.125 0.0957031 0.96582
6 0.45459 0.156952 0.142578 0.0952759 0.956055
13 0.224243 0.130737 0.0461426 0.137695 0.955078
2 0.897461 0.946289 0.0722656 0.0917969 0.952637
23 0.0419922 0.922852 0.0721436 0.0878906 0.945312
10 0.902344 0.157471 0.0820312 0.14209 0.944824
5 0.80127 0.172363 0.0859375 0.0942383 0.935547
4 0.0185242 0.703125 0.0369263 0.144531 0.925293
27 0.289551 0.751953 0.0761719 0.132812 0.922363
2 0.0678101 0.143921 0.0765381 0.0922852 0.915527
2 0.874023 0.556641 0.0605469 0.0947266 0.90918
10 0.353027 0.90332 0.0878906 0.142578 0.874023
10 0.574219 0.135498 0.09375 0.13916 0.827637
10 0.241943 0.320312 0.0864258 0.138672 0.749023
18 0.0880127 0.32373 0.135986 0.131836 0.638672
2 0.251221 0.923828 0.0751953 0.0917969 0.592773
13 0.947266 0.0196533 0.0449219 0.0393066 0.588867
