18 0.160645 0.0318298 0.0439453 0.0583496 0.978516
2 0.638672 0.197998 0.0341797 0.0385742 0.977539
11 0.0359192 0.107239 0.0380859 0.0609131 0.975586
2 0.225342 0.039032 0.0332031 0.0378418 0.967773
12 0.573242 0.0319519 0.0380859 0.0631714 0.960449
5 0.209229 0.118774 0.0375977 0.0395508 0.955566
10 0.421875 0.421875 0.0341797 0.0644531 0.954102
2 0.11261 0.040947 0.0306396 0.0399323 0.95166
0 0.544922 0.432617 0.0576172 0.0410156 0.943848
0 0.0348511 0.425781 0.0592041 0.0512695 0.942871
5 0.619141 0.431885 0.0361328 0.0410156 0.942383
2 0.435303 0.196777 0.0332031 0.0380859 0.941406
22 0.541992 0.355225 0.0351562 0.0395508 0.933105
7 0.482666 0.204346 0.0424805 0.0488281 0.931152
6 0.502441 0.354492 0.0380859 0.0410156 0.928711
18 0.62793 0.11499 0.0625 0.048584 0.918945
4 0.392822 0.275391 0.0258789 0.0449219 0.915527
5 0.360107 0.275879 0.0336914 0.0380859 0.913574
9 0.445312 0.040657 0.0341797 0.0394135 0.911133
14 0.632812 0.342041 0.015625 0.0605469 0.907227
21 0.59375 0.28125 0.0625 0.0595703 0.903809
18 0.481934 0.268066 0.0410156 0.0527344 0.899902
1 0.397217 0.125854 0.0366211 0.0539551 0.89502
11 0.483398 0.421387 0.0634766 0.0634766 0.890137
13 0.523438 0.259766 0.0332031 0.0703125 0.888184
22 0.407227 0.0398483 0.0351562 0.0382233 0.887207
5 0.659668 0.35498 0.0371094 0.0371094 0.882324
5 0.0961914 0.118164 0.0400391 0.0390625 0.873047
22 0.35791 0.118347 0.0356445 0.0406494 0.868652
4 0.142944 0.116211 0.0270996 0.0424805 0.864258
13 0.605957 0.0304718 0.0214844 0.0609436 0.862305
11 0.315918 0.0296021 0.0634766 0.0592041 0.856934
24 0.585938 0.358398 0.0478516 0.0527344 0.856934
1 0.0961914 0.443604 0.0385742 0.0561523 0.847168
22 0.2229 0.354004 0.0366211 0.0400391 0.842773
13 0.143555 0.34375 0.0217285 0.0654297 0.842773
0 0.261719 0.196289 0.0566406 0.043457 0.838867
12 0.209229 0.268799 0.0678711 0.0693359 0.831055
13 0.554199 0.26178 0.0195312 0.0643311 0.825684
11 0.097168 0.185303 0.0634766 0.065918 0.754883
6 0.538086 0.11731 0.0332031 0.0383301 0.751953
23 0.117859 0.355225 0.0311279 0.0375977 0.728027
8 0.36792 0.040802 0.0361328 0.0386353 0.689453
8 0.150635 0.201416 0.0366211 0.0380859 0.6875
12 0.210327 0.430664 0.0646973 0.0820312 0.673828
13 0.371582 0.342285 0.0361328 0.065918 0.651367
6 0.358398 0.196777 0.0561523 0.0400391 0.642578
23 0.0808105 0.0410461 0.0305176 0.0368652 0.604004
6 0.147583 0.438232 0.0595703 0.0419922 0.596191
4 0.405762 0.35498 0.0244141 0.0419922 0.57373
24 0.271973 0.433105 0.0439453 0.0444336 0.505859
