24 0.680176 0.34668 0.0371094 0.0644531 0.995117
24 0.838867 0.436523 0.0410156 0.0625 0.993164
12 0.455566 0.92334 0.0341797 0.0791016 0.993164
12 0.576172 0.76123 0.03125 0.0800781 0.986328
11 0.90332 0.66748 0.0351562 0.0634766 0.983887
2 0.396484 0.845215 0.0302734 0.0429688 0.980469
11 0.774414 0.913574 0.0371094 0.0634766 0.97998
2 0.916016 0.0888672 0.03125 0.0466309 0.974609
5 0.807617 0.0859985 0.0361328 0.0465088 0.972656
5 0.449951 0.0122147 0.0385742 0.0244293 0.972168
2 0.456543 0.587891 0.0283203 0.0449219 0.967285
7 0.80957 0.773438 0.0644531 0.0625 0.963379
12 0.87793 0.088974 0.0351562 0.0793762 0.962891
2 0.387451 0.925293 0.0341797 0.0439453 0.962402
9 0.753906 0.509277 0.0351562 0.0439453 0.959961
24 0.580078 0.852539 0.0390625 0.0634766 0.959473
2 0.542969 0.842285 0.0332031 0.0439453 0.958984
24 0.5 0.179077 0.0390625 0.0666504 0.95752
2 0.644531 0.337646 0.0332031 0.0454102 0.956055
8 0.768555 0.844727 0.0371094 0.0429688 0.951172
6 0.386719 0.251709 0.0375977 0.0454102 0.950195
7 0.409668 0.347168 0.0625 0.0639648 0.94873
6 0.816406 0.924805 0.0410156 0.0410156 0.941895
5 0.504883 0.423096 0.0380859 0.0444336 0.941406
7 0.629883 0.854492 0.0390625 0.0605469 0.939453
5 0.57959 0.924805 0.0361328 0.0410156 0.939453
5 0.660156 0.0881348 0.0380859 0.0432129 0.937988
24 0.510742 0.260193 0.0380859 0.0645752 0.937988
0 0.480957 0.759277 0.0605469 0.0449219 0.937012
0 0.563477 0.171265 0.0625 0.0439453 0.936523
29 0.334473 0.842773 0.0839844 0.0859375 0.935059
10 0.883301 0.500977 0.0439453 0.0615234 0.93457
6 0.857422 0.84375 0.0566406 0.0419922 0.933594
2 0.447266 0.418701 0.0356445 0.0454102 0.930176
2 0.640625 0.171875 0.0488281 0.0405273 0.928711
5 0.810059 0.845215 0.0380859 0.0439453 0.927734
13 0.603516 0.159668 0.0195312 0.0644531 0.927246
6 0.947266 0.845703 0.0371094 0.0410156 0.925781
9 0.424805 0.250977 0.0351562 0.0458984 0.922363
9 0.984375 0.844238 0.03125 0.0439453 0.920898
8 0.629883 0.923828 0.0449219 0.0449219 0.918945
5 0.671875 0.923828 0.0361328 0.0429688 0.918457
11 0.907227 0.833008 0.0371094 0.0625 0.916504
11 0.90918 0.245239 0.0371094 0.0671387 0.913574
0 0.962402 0.594727 0.0615234 0.0449219 0.90918
24 0.591797 0.599121 0.0429688 0.0585938 0.90918
5 0.794922 0.014534 0.0361328 0.029068 0.908691
22 0.648926 0.508301 0.0341797 0.0439453 0.908203
8 0.930664 0.341553 0.0419922 0.0478516 0.905762
9 0.394531 0.417969 0.0361328 0.0458984 0.905762
12 0.682617 0.761719 0.0351562 0.0800781 0.905273
6 0.714844 0.427246 0.0351562 0.0429688 0.900391
24 0.327148 0.934082 0.0644531 0.0576172 0.896484
6 0.576172 0.674805 0.0390625 0.0429688 0.895508
24 0.357422 0.512695 0.0371094 0.0576172 0.89502
0 0.90918 0.014389 0.0605469 0.0287476 0.893066
13 0.547852 0.497559 0.0214844 0.0673828 0.893066
4 0.541504 0.753906 0.0351562 0.0556641 0.893066
7 0.515625 0.518066 0.0410156 0.0585938 0.891602
0 0.698242 0.162109 0.0625 0.0620117 0.890137
14 0.882812 0.583496 0.0195312 0.0654297 0.888672
6 0.709473 0.924805 0.0371094 0.0410156 0.883301
9 0.750977 0.425537 0.0332031 0.0444336 0.882324
13 0.740723 0.912598 0.0263672 0.0644531 0.880859
13 0.547852 0.915039 0.0253906 0.0644531 0.877441
4 0.611816 0.674805 0.0292969 0.046875 0.873047
6 0.947266 0.923828 0.0390625 0.0410156 0.873047
2 0.786133 0.341797 0.03125 0.0507812 0.868652
4 0.701172 0.252197 0.0576172 0.0561523 0.867188
8 0.908203 0.922852 0.0371094 0.0419922 0.867188
24 0.785645 0.598633 0.0380859 0.0703125 0.866211
9 0.986328 0.255371 0.0273438 0.0463867 0.859863
24 0.900391 0.769531 0.0390625 0.0585938 0.85498
22 0.46875 0.84375 0.0322266 0.0429688 0.85498
7 0.641602 0.771484 0.0390625 0.0576172 0.852051
13 0.985352 0.492188 0.0292969 0.0800781 0.850098
5 0.912109 0.59375 0.0351562 0.0449219 0.842773
22 0.520508 0.589844 0.0332031 0.0410156 0.838867
6 0.950195 0.256592 0.0410156 0.0458984 0.833496
0 0.761719 0.993164 0.0664062 0.0136719 0.833496
4 0.336914 0.671387 0.0322266 0.0527344 0.832031
8 0.776367 0.257324 0.0390625 0.0498047 0.830078
0 0.983887 0.920898 0.0322266 0.0488281 0.830078
18 0.324707 0.750977 0.0605469 0.0595703 0.829102
11 0.982422 0.666992 0.0351562 0.0644531 0.827637
2 0.477539 0.255127 0.03125 0.0546875 0.825684
8 0.87793 0.172852 0.0429688 0.0415039 0.823242
9 0.855469 0.923828 0.0371094 0.0439453 0.822266
5 0.735352 0.0139847 0.0390625 0.0279388 0.813965
22 0.716797 0.84375 0.0351562 0.0410156 0.810547
5 0.865234 0.342773 0.0371094 0.0444336 0.809082
2 0.803711 0.428223 0.03125 0.0498047 0.809082
23 0.383789 0.16748 0.0327148 0.0424805 0.805664
2 0.609375 0.757812 0.0253906 0.0371094 0.796875
13 0.420898 0.984375 0.0185547 0.03125 0.795898
5 0.972656 0.338867 0.0390625 0.0458984 0.789062
6 0.849609 0.256104 0.0371094 0.0458984 0.785156
5 0.354492 0.992676 0.0317383 0.0146484 0.782715
0 0.666016 0.993164 0.0625 0.0136719 0.775879
14 0.524414 0.912598 0.0205078 0.0634766 0.774414
0 0.96582 0.079834 0.0644531 0.0617676 0.771973
5 0.814453 0.257812 0.03125 0.0429688 0.769043
6 0.942871 0.679688 0.0400391 0.0429688 0.767578
4 0.336426 0.331543 0.0634766 0.0527344 0.766113
24 0.396973 0.512207 0.0410156 0.0673828 0.760742
22 0.41748 0.166992 0.0341797 0.0424805 0.757812
5 0.749512 0.593262 0.0332031 0.0419922 0.750488
23 0.655273 0.255859 0.0292969 0.0478516 0.749023
11 0.738281 0.331055 0.0566406 0.0649414 0.749023
22 0.958984 0.0138474 0.0351562 0.0276947 0.740234
2 0.432617 0.51355 0.0195312 0.0275879 0.732422
12 0.86377 0.750977 0.0341797 0.0605469 0.729492
5 0.919922 0.171387 0.0371094 0.0463867 0.71875
0 0.986328 0.762207 0.0273438 0.0400391 0.712402
10 0.381348 0.665039 0.0332031 0.0664062 0.708984
2 0.322266 0.0112381 0.0332031 0.0224762 0.708984
22 0.494141 0.926758 0.0332031 0.0371094 0.702637
13 0.991211 0.162842 0.0175781 0.0649414 0.692871
4 0.804688 0.670898 0.0332031 0.0546875 0.690918
6 0.419434 0.755859 0.0566406 0.0507812 0.690918
23 0.373535 0.759766 0.0351562 0.0429688 0.689453
4 0.421875 0.919922 0.0307617 0.0507812 0.6875
1 0.363281 0.0203857 0.0429688 0.0407715 0.686035
24 0.337402 0.515625 0.078125 0.0664062 0.682617
13 0.720703 0.582031 0.0253906 0.0683594 0.673828
6 0.355469 0.422852 0.0341797 0.0449219 0.67041
13 0.902344 0.981445 0.0292969 0.0371094 0.67041
19 0.604492 0.0858154 0.0322266 0.0455322 0.658203
5 0.616699 0.0122757 0.0400391 0.0245514 0.647949
6 0.969727 0.172852 0.0605469 0.0473633 0.644043
2 0.421875 0.674316 0.0224609 0.0419922 0.622559
18 0.951172 0.505371 0.0371094 0.0537109 0.615234
4 0.842285 0.0836029 0.03125 0.0527649 0.609375
2 0.581055 0.341309 0.0566406 0.0458984 0.581543
35 0.683105 0.583008 0.0488281 0.0605469 0.57959
4 0.469238 0.492676 0.0507812 0.0693359 0.567871
4 0.501953 0.668945 0.0341797 0.0546875 0.550781
12 0.54541 0.413574 0.0400391 0.0654297 0.541016
10 0.571289 0.253174 0.0625 0.0883789 0.533203
5 0.762695 0.679688 0.0488281 0.0449219 0.521484
14 0.84668 0.980957 0.015625 0.0380859 0.503906
