1 0.939453 0.692383 0.0371094 0.0527344 0.989746
5 0.325195 0.768555 0.0332031 0.0371094 0.980957
1 0.732422 0.77002 0.0361328 0.0527344 0.980469
6 0.981445 0.68457 0.0361328 0.0351562 0.976074
2 0.831055 0.68457 0.03125 0.0390625 0.975586
5 0.651367 0.842773 0.0351562 0.0371094 0.972168
0 0.359863 0.842773 0.0581055 0.0390625 0.964844
5 0.256775 0.848633 0.0343018 0.0371094 0.954102
13 0.861328 0.977539 0.0234375 0.0449219 0.954102
13 0.269775 0.757812 0.0180664 0.0644531 0.953125
2 0.783203 0.680664 0.03125 0.0429688 0.952148
2 0.490967 0.764648 0.0297852 0.0351562 0.94873
5 0.373047 0.689941 0.0341797 0.0371094 0.948242
2 0.29541 0.611816 0.0302734 0.0390625 0.947266
9 0.506348 0.842773 0.0361328 0.0380859 0.945801
11 0.0709839 0.76123 0.0362549 0.0595703 0.944336
5 0.135498 0.92627 0.0354004 0.0380859 0.944336
0 0.083313 0.925293 0.059082 0.0380859 0.942383
9 0.939453 0.920898 0.0371094 0.0390625 0.942383
5 0.409668 0.845703 0.0341797 0.0371094 0.938477
5 0.961914 0.607422 0.0351562 0.0390625 0.936523
5 0.522461 0.609375 0.0371094 0.0429688 0.93457
0 0.579102 0.843262 0.0527344 0.0361328 0.927246
12 0.438721 0.913574 0.0390625 0.0673828 0.924805
0 0.301758 0.844727 0.0537109 0.0371094 0.922852
13 0.928711 0.589355 0.0214844 0.0722656 0.920898
5 0.855469 0.761719 0.0332031 0.0361328 0.920898
0 0.0812836 0.848633 0.0534973 0.0371094 0.915039
22 0.657227 0.685059 0.0371094 0.0380859 0.911621
0 0.220947 0.762695 0.0771484 0.0556641 0.911621
5 0.258301 0.924805 0.0371094 0.0390625 0.905273
5 0.483887 0.923828 0.0361328 0.0390625 0.904785
8 0.305664 0.922852 0.0351562 0.0380859 0.90332
9 0.152466 0.771484 0.0371094 0.0371094 0.900391
2 0.0982666 0.615234 0.0273438 0.0371094 0.892578
23 0.675781 0.763672 0.03125 0.0351562 0.892578
23 0.752441 0.685547 0.0283203 0.0390625 0.891602
22 0.635254 0.921875 0.0351562 0.0390625 0.881836
8 0.384766 0.926758 0.0371094 0.0400391 0.879883
8 0.892578 0.763672 0.0361328 0.0351562 0.876465
1 0.525391 0.775391 0.0351562 0.0507812 0.873047
22 0.346191 0.924805 0.0351562 0.0419922 0.873047
6 0.453125 0.612793 0.0361328 0.0390625 0.859863
6 0.78125 0.763184 0.0585938 0.0371094 0.859863
2 0.847656 0.837891 0.046875 0.0390625 0.842773
9 0.792969 0.841797 0.0400391 0.0390625 0.842773
6 0.899414 0.920898 0.0351562 0.0371094 0.84082
13 0.756348 0.59375 0.0332031 0.0605469 0.816406
3 0.913086 0.831055 0.0605469 0.0703125 0.81543
19 0.670898 0.923828 0.0253906 0.0390625 0.812988
2 0.939453 0.990234 0.0292969 0.0195312 0.806641
13 0.470947 0.837891 0.0317383 0.0605469 0.792969
4 0.786133 0.604492 0.0234375 0.0429688 0.770508
13 0.108276 0.978516 0.0317383 0.0429688 0.754883
13 0.156372 0.676758 0.036377 0.0771484 0.750488
8 0.11084 0.772461 0.0380859 0.0390625 0.750488
2 0.407715 0.767578 0.0263672 0.0380859 0.750488
18 0.217651 0.913086 0.0429688 0.0625 0.750488
22 0.155762 0.851562 0.0327148 0.0351562 0.747559
22 0.242065 0.693848 0.0358887 0.0419922 0.723145
11 0.532227 0.910645 0.0556641 0.0625 0.720215
5 0.791992 0.990723 0.03125 0.0185547 0.715332
6 0.850586 0.920898 0.0527344 0.0371094 0.705566
4 0.294922 0.768555 0.0253906 0.0429688 0.684082
4 0.441895 0.686523 0.0253906 0.0429688 0.660156
4 0.343262 0.679199 0.0244141 0.0625 0.607422
10 0.581055 0.601074 0.0546875 0.0634766 0.596191
14 0.607422 0.908691 0.0136719 0.0605469 0.59082
14 0.163574 0.915039 0.0166016 0.0605469 0.583008
3 0.793945 0.912109 0.0546875 0.0683594 0.581543
8 0.193726 0.84668 0.0378418 0.0351562 0.577637
11 0.568848 0.977539 0.0615234 0.0449219 0.57373
7 0.707031 0.689453 0.0546875 0.0625 0.565918
10 0.666992 0.599609 0.0361328 0.0644531 0.562012
2 0.562988 0.685547 0.0322266 0.0351562 0.562012
13 0.983887 0.907227 0.0322266 0.0625 0.556641
27 0.732422 0.932129 0.0263672 0.0527344 0.527344
0 0.977539 0.987793 0.0439453 0.0244141 0.527344
13 0.59082 0.725586 0.0146484 0.0234375 0.525391
11 0.62793 0.598633 0.0351562 0.0595703 0.507812
9 0.743164 0.989258 0.0410156 0.0214844 0.507812
