12 0.135223 0.679199 0.0342407 0.0810547 0.98584
35 0.0401611 0.329834 0.0457764 0.0595703 0.985352
9 0.173828 0.84375 0.0373535 0.0439453 0.97998
2 0.116333 0.425293 0.0319824 0.0458984 0.968262
18 0.102905 0.589355 0.0378418 0.0537109 0.95459
6 0.143188 0.258057 0.0419922 0.0419922 0.951172
5 0.0155182 0.0874023 0.0308533 0.0446777 0.946777
24 0.0574341 0.933105 0.0366211 0.0595703 0.943848
24 0.132568 0.770508 0.0371094 0.0625 0.94043
0 0.127808 0.923828 0.0817871 0.0566406 0.939453
12 0.0570068 0.845703 0.0344238 0.0800781 0.928223
2 0.188843 0.172363 0.034668 0.0439453 0.926758
6 0.139679 0.510254 0.039978 0.0419922 0.925293
5 0.136444 0.847656 0.0371704 0.0410156 0.924805
9 0.182373 0.509766 0.0429688 0.0488281 0.920898
12 0.0156555 0.254883 0.031311 0.0810547 0.913086
9 0.18689 0.25708 0.0373535 0.0463867 0.911133
6 0.141479 0.594727 0.0368652 0.0449219 0.901855
5 0.125488 0.341797 0.0368652 0.0429688 0.900391
11 0.098877 0.497803 0.0368652 0.0649414 0.889648
2 0.0500183 0.255859 0.0302124 0.046875 0.874023
8 0.149658 0.17395 0.0439453 0.0432129 0.858887
0 0.128784 0.085022 0.0732422 0.0523682 0.809082
2 0.113281 0.172363 0.0285645 0.0461426 0.799316
2 0.023468 0.924805 0.0325317 0.0449219 0.792969
10 0.0860596 0.331543 0.0427246 0.0625 0.769043
22 0.18457 0.427246 0.0356445 0.0439453 0.713867
12 0.175537 0.755859 0.0478516 0.0742188 0.70752
22 0.09729 0.841309 0.0334473 0.0400391 0.6875
5 0.102234 0.255798 0.0369873 0.0460205 0.67041
13 0.126709 0.984375 0.0419922 0.03125 0.666992
5 0.00965118 0.507324 0.0192108 0.0498047 0.596191
24 0.180908 0.603516 0.0449219 0.0615234 0.59082
13 0.0447083 0.983398 0.0209351 0.0332031 0.57959
13 0.182251 0.917969 0.0253906 0.0664062 0.577637
5 0.170898 0.994141 0.0351562 0.0117188 0.544922
