1 0.757812 0.0808105 0.0898438 0.134766 0.996094
1 0.389648 0.873047 0.0878906 0.134766 0.995605
2 0.864258 0.652344 0.078125 0.0957031 0.988281
4 0.260803 0.84375 0.0721436 0.121094 0.98584
8 0.0707397 0.849121 0.0936279 0.0966797 0.983398
9 0.953613 0.649414 0.0898438 0.103516 0.981445
18 0.305664 0.634766 0.0917969 0.12793 0.980957
6 0.488281 0.851562 0.0947266 0.09375 0.979492
9 0.830078 0.851562 0.0908203 0.0996094 0.975586
23 0.420898 0.453125 0.0791016 0.0893555 0.972168
18 0.984375 0.052002 0.03125 0.104004 0.964355
13 0.382324 0.626465 0.0517578 0.146484 0.95166
13 0.93457 0.236328 0.0507812 0.150391 0.947266
12 0.817383 0.232666 0.165039 0.149902 0.942383
6 0.708008 0.85498 0.148438 0.0976562 0.941895
6 0.887695 0.0585327 0.148438 0.10144 0.898438
4 0.169952 0.84668 0.0975952 0.105469 0.891113
19 0.171265 0.979492 0.0671387 0.0410156 0.862305
13 0.0281677 0.23645 0.0563354 0.225342 0.856934
5 0.586914 0.853027 0.0898438 0.0947266 0.839844
2 0.00938416 0.856445 0.0187073 0.09375 0.834473
13 0.944824 0.976562 0.0517578 0.046875 0.770508
27 0.790039 0.637695 0.0605469 0.12793 0.73584
10 0.944336 0.832031 0.0917969 0.140625 0.728027
13 0.330566 0.257324 0.0112305 0.0893555 0.649414
