21 0.0541382 0.341797 0.0413818 0.0605469 0.994141
29 0.211914 0.754883 0.0795898 0.0859375 0.991699
10 0.491211 0.490723 0.0410156 0.0673828 0.983398
11 0.206665 0.23645 0.0356445 0.064209 0.97998
1 0.854492 0.259521 0.0410156 0.0664062 0.979492
11 0.835938 0.834961 0.0371094 0.0664062 0.978027
10 0.275635 0.576172 0.0405273 0.0683594 0.977539
4 0.923828 0.501953 0.0332031 0.0546875 0.977051
11 0.805664 0.493164 0.0390625 0.0664062 0.977051
12 0.0743561 0.836914 0.0375671 0.0820312 0.975586
7 0.161743 0.681641 0.0402832 0.0625 0.969727
5 0.0374832 0.414062 0.0434418 0.046875 0.967773
4 0.926758 0.16394 0.0371094 0.0568848 0.966309
5 0.866211 0.591797 0.0410156 0.0429688 0.965332
5 0.355713 0.162842 0.0385742 0.0458984 0.964355
5 0.350098 0.414551 0.0371094 0.0463867 0.963379
2 0.684082 0.841797 0.0302734 0.0429688 0.962891
2 0.336914 0.243774 0.0302734 0.0456543 0.958984
21 0.571289 0.940918 0.0429688 0.0595703 0.956543
2 0.308105 0.669922 0.0322266 0.0488281 0.956055
11 0.120117 0.658203 0.0390625 0.0664062 0.955566
5 0.794922 0.845703 0.0390625 0.0429688 0.953613
10 0.106934 0.91748 0.0390625 0.0673828 0.95166
21 0.540527 0.343994 0.0400391 0.0595703 0.948242
2 0.529785 0.758301 0.0292969 0.0458984 0.947266
4 0.724609 0.753906 0.03125 0.0527344 0.946777
10 0.644531 0.662109 0.0390625 0.0664062 0.946289
6 0.150757 0.330322 0.0405273 0.0444336 0.944824
5 0.824219 0.76123 0.0410156 0.0449219 0.944336
2 0.359375 0.501465 0.03125 0.0449219 0.943848
8 0.694336 0.671875 0.0410156 0.0449219 0.943359
7 0.206177 0.852539 0.0395508 0.0605469 0.942383
8 0.827148 0.590332 0.0361328 0.0410156 0.941895
5 0.274414 0.758789 0.0390625 0.046875 0.941895
8 0.775391 0.674805 0.0429688 0.046875 0.94043
4 0.658203 0.50293 0.0253906 0.0527344 0.936523
0 0.908203 0.336914 0.0644531 0.0478516 0.935547
18 0.901367 0.0811157 0.0429688 0.0526123 0.93457
2 0.481934 0.92627 0.0302734 0.0458984 0.933594
2 0.824219 0.674805 0.0341797 0.0488281 0.933594
5 0.844727 0.505859 0.0371094 0.0439453 0.932617
2 0.388672 0.244873 0.03125 0.0454102 0.931641
4 0.427002 0.582031 0.0322266 0.0546875 0.931152
2 0.853516 0.165039 0.03125 0.0473633 0.929199
0 0.551758 0.583008 0.0761719 0.0625 0.928711
5 0.644531 0.248291 0.0371094 0.0458984 0.927246
4 0.924316 0.924805 0.0371094 0.0566406 0.927246
6 0.898926 0.253418 0.0400391 0.0439453 0.922363
13 0.693848 0.919922 0.0214844 0.0634766 0.920898
8 0.389648 0.587891 0.0410156 0.0488281 0.918945
14 0.45874 0.916016 0.0170898 0.0683594 0.918945
8 0.450439 0.756348 0.0385742 0.0439453 0.918457
7 0.619141 0.594727 0.0556641 0.0664062 0.915527
4 0.207764 0.409912 0.0336914 0.0541992 0.914062
7 0.603027 0.682129 0.0371094 0.0605469 0.914062
2 0.391113 0.332031 0.0307617 0.0473633 0.908203
2 0.768555 0.501953 0.03125 0.0458984 0.903809
6 0.0214996 0.0836029 0.040741 0.0427551 0.902832
23 0.775391 0.929688 0.0371094 0.0429688 0.902832
13 0.348877 0.746094 0.0249023 0.0722656 0.900391
0 0.0800629 0.156738 0.066925 0.0527344 0.899902
13 0.854492 0.0741119 0.0234375 0.0700378 0.896973
14 0.0163918 0.832031 0.0212936 0.0673828 0.896973
10 0.102539 0.235229 0.0358887 0.0656738 0.893066
6 0.918945 0.847656 0.0449219 0.0429688 0.891602
8 0.56543 0.758789 0.0410156 0.046875 0.888184
8 0.395264 0.16333 0.0410156 0.045166 0.887207
5 0.859863 0.421387 0.0361328 0.0458984 0.884277
6 0.248047 0.245605 0.0410156 0.0473633 0.882324
6 0.315674 0.757812 0.0419922 0.046875 0.881836
8 0.885742 0.50769 0.0429688 0.0471191 0.880859
1 0.78125 0.0924072 0.0390625 0.0634766 0.875
18 0.498047 0.0782318 0.0390625 0.0513 0.872559
0 0.730469 0.84375 0.0634766 0.0488281 0.869629
13 0.182861 0.31958 0.0229492 0.0668945 0.868164
6 0.594727 0.416992 0.0410156 0.0410156 0.868164
2 0.924805 0.0140305 0.03125 0.0280609 0.861328
2 0.0315018 0.670898 0.0292816 0.0449219 0.85791
22 0.734375 0.675293 0.0351562 0.046875 0.851074
18 0.753906 0.161011 0.0371094 0.0527344 0.850098
0 0.155396 0.239258 0.064209 0.0541992 0.848145
8 0.889648 0.169922 0.0371094 0.0449219 0.84375
13 0.930664 0.0757446 0.0234375 0.0665283 0.837402
2 0.898926 0.675293 0.0322266 0.0488281 0.833496
18 0.615234 0.75293 0.0546875 0.0566406 0.833496
6 0.823242 0.0852051 0.0390625 0.0439453 0.831055
2 0.340088 0.928223 0.0327148 0.0488281 0.830078
2 0.799805 0.249268 0.0371094 0.0478516 0.830078
2 0.630859 0.0107574 0.0273438 0.0215149 0.81543
6 0.589844 0.502441 0.0380859 0.0439453 0.813965
6 0.663574 0.929688 0.0380859 0.046875 0.813965
2 0.438965 0.503784 0.0439453 0.0471191 0.810547
8 0.496826 0.838867 0.0405273 0.046875 0.810547
8 0.544922 0.164551 0.0400391 0.0439453 0.806641
7 0.564453 0.0921021 0.0664062 0.0609131 0.804199
4 0.507812 0.41333 0.0322266 0.050293 0.804199
10 0.493408 0.153198 0.0463867 0.0649414 0.801758
4 0.269287 0.49292 0.0488281 0.0620117 0.795898
0 0.267029 0.996094 0.0704346 0.0078125 0.794434
10 0.0260468 0.155884 0.0361633 0.0627441 0.790527
9 0.155518 0.837891 0.0371094 0.0449219 0.790527
5 0.472656 0.587402 0.0546875 0.0478516 0.789062
13 0.362061 0.235352 0.0195312 0.0644531 0.78418
10 0.441162 0.831055 0.0405273 0.0683594 0.78125
18 0.066391 0.75293 0.0398254 0.0566406 0.763672
2 0.0413513 0.928711 0.0300903 0.0449219 0.762207
5 0.772461 0.42041 0.0488281 0.0458984 0.747559
14 0.621094 0.491211 0.0224609 0.0703125 0.73877
4 0.532227 0.839844 0.0283203 0.0517578 0.737305
13 0.306152 0.0657349 0.0229492 0.0759277 0.705566
8 0.0269165 0.757324 0.0356445 0.0410156 0.695801
10 0.400391 0.491699 0.0458984 0.0664062 0.692871
24 0.717285 0.55957 0.0478516 0.0292969 0.680664
24 0.314697 0.468262 0.0405273 0.0234375 0.67041
22 0.114868 0.844238 0.034668 0.046875 0.67041
4 0.439697 0.661133 0.0400391 0.0703125 0.668945
8 0.553711 0.416992 0.0390625 0.0419922 0.662109
18 0.314453 0.158203 0.0371094 0.0498047 0.658203
8 0.397949 0.671875 0.0429688 0.0488281 0.65332
23 0.923828 0.763672 0.0380859 0.0429688 0.649414
6 0.0134888 0.929199 0.0264893 0.0449219 0.649414
21 0.75 0.430664 0.0898438 0.0625 0.644043
6 0.472656 0.24585 0.0395508 0.0415039 0.638672
6 0.115234 0.502808 0.0463867 0.0471191 0.638672
6 0.508789 0.0122528 0.0400391 0.0245056 0.631836
13 0.931641 0.244385 0.0234375 0.0703125 0.629883
2 0.55957 0.0127258 0.0322266 0.0254517 0.616699
18 0.494141 0.984863 0.0517578 0.0302734 0.616699
7 0.599121 0.853516 0.0556641 0.0664062 0.615234
22 0.0781097 0.672852 0.0376282 0.0449219 0.604004
24 0.212158 0.59375 0.0444336 0.0644531 0.596191
18 0.433594 0.983887 0.0507812 0.0322266 0.588867
0 0.049408 0.994141 0.0514526 0.0117188 0.586914
13 0.785156 0.156738 0.0253906 0.0639648 0.583008
4 0.306152 0.40918 0.0483398 0.0615234 0.581543
9 0.517456 0.92627 0.0373535 0.046875 0.567871
5 0.792969 0.333984 0.0605469 0.0527344 0.560059
2 0.126221 0.41333 0.0314941 0.046875 0.554688
8 0.0154572 0.502441 0.0308838 0.0498047 0.552734
12 0.887207 0.919434 0.0351562 0.0644531 0.546875
4 0.333984 0.0793457 0.03125 0.0546875 0.542969
2 0.105469 0.0110855 0.0351562 0.022171 0.542969
8 0.595703 0.0121231 0.0332031 0.0242462 0.537109
13 0.751953 0.326172 0.0253906 0.0664062 0.537109
5 0.38623 0.995117 0.0273438 0.00976562 0.513672
2 0.583984 0.16333 0.0351562 0.0471191 0.509766
