16 0.83252 0.791992 0.0908203 0.0898438 0.995605
18 0.316406 0.381348 0.0966797 0.123047 0.988281
8 0.394531 0.790039 0.09375 0.09375 0.983887
8 0.691406 0.792969 0.0917969 0.09375 0.981934
8 0.503906 0.790527 0.0957031 0.0957031 0.979492
8 0.158936 0.967773 0.0974121 0.0644531 0.979492
4 0.913086 0.214355 0.0722656 0.10498 0.977539
5 0.755371 0.0343628 0.078125 0.0687256 0.976074
14 0.924805 0.768555 0.0839844 0.136719 0.976074
22 0.598633 0.791016 0.0820312 0.0908203 0.974121
5 0.300049 0.789062 0.0922852 0.0957031 0.971191
2 0.0736694 0.963867 0.0709229 0.0722656 0.969727
6 0.410156 0.0296478 0.134766 0.0592957 0.969238
5 0.119019 0.397461 0.0908203 0.0908203 0.96875
2 0.262756 0.20459 0.0692139 0.0888672 0.959961
4 0.0194702 0.95752 0.0386963 0.0849609 0.946289
5 0.491455 0.969238 0.0874023 0.0615234 0.940918
7 0.0150452 0.436035 0.0300903 0.172852 0.931641
10 0.833008 0.194824 0.0820312 0.140137 0.918457
5 0.90918 0.972656 0.0898438 0.0546875 0.916016
7 0.839844 0.621094 0.132812 0.136719 0.910645
14 0.796875 0.949219 0.0429688 0.101562 0.891113
8 0.580078 0.97168 0.0947266 0.0566406 0.877441
6 0.353516 0.970703 0.0878906 0.0585938 0.871582
27 0.202393 0.790039 0.0551758 0.0917969 0.865234
2 0.215088 0.0270691 0.115723 0.0541382 0.794434
4 0.641602 0.397949 0.126953 0.115234 0.762207
10 0.532227 0.378906 0.0878906 0.141113 0.737305
6 0.102661 0.779785 0.140381 0.108398 0.704102
6 0.425781 0.982422 0.0351562 0.0351562 0.6875
4 0.435791 0.206665 0.0952148 0.0959473 0.672363
13 0.633789 0.0324707 0.0371094 0.0646973 0.658203
2 0.764648 0.792969 0.0351562 0.0449219 0.640625
4 0.254333 0.960449 0.0899658 0.0791016 0.629883
12 0.70752 0.944824 0.12793 0.110352 0.620605
5 0.0153656 0.785156 0.0306396 0.09375 0.560059
2 0.874023 0.0369873 0.152344 0.0739746 0.537109
