4 0.163574 0.869141 0.0546875 0.113281 0.982422
9 0.374512 0.873047 0.0800781 0.0976562 0.982422
22 0.319824 0.296387 0.0771484 0.0898438 0.980957
9 0.191284 0.288025 0.0812988 0.108521 0.979492
9 0.0613403 0.0988617 0.0859375 0.100616 0.978516
5 0.226318 0.100357 0.0854492 0.0944519 0.973633
6 0.100586 0.296387 0.0878906 0.0888672 0.972168
6 0.29248 0.878906 0.0791016 0.0917969 0.97168
23 0.220093 0.881348 0.0563965 0.0820312 0.959961
7 0.0651855 0.907227 0.130371 0.132812 0.927734
8 0.0265503 0.298584 0.0530396 0.09375 0.910645
4 0.136841 0.68457 0.0910645 0.0976562 0.757812
27 0.392334 0.494141 0.0546875 0.09375 0.562012
