11 0.759766 0.487549 0.09375 0.13916 0.998047
23 0.0290833 0.697266 0.0581665 0.0957031 0.991211
2 0.867676 0.90918 0.0761719 0.0996094 0.985352
8 0.368164 0.901367 0.0966797 0.0957031 0.981934
2 0.11499 0.0996246 0.0742188 0.0961609 0.980957
2 0.462646 0.904297 0.0712891 0.09375 0.980957
22 0.816895 0.11145 0.0888672 0.0895996 0.979004
23 0.416504 0.307129 0.0634766 0.0917969 0.977539
8 0.201904 0.103287 0.097168 0.096405 0.974609
22 0.742188 0.312988 0.0859375 0.0913086 0.972168
7 0.160034 0.930664 0.103271 0.132812 0.970703
23 0.663086 0.307861 0.0742188 0.0913086 0.970215
8 0.953125 0.913574 0.09375 0.0976562 0.970215
2 0.487793 0.305176 0.0810547 0.0986328 0.967773
4 0.630371 0.899902 0.0703125 0.106445 0.966797
0 0.750977 0.912109 0.140625 0.0917969 0.965332
6 0.860352 0.705078 0.139648 0.0917969 0.963379
19 0.979492 0.516113 0.0410156 0.0908203 0.959961
5 0.542969 0.907227 0.0888672 0.0976562 0.956543
6 0.71582 0.712402 0.146484 0.0976562 0.936523
0 0.944824 0.298279 0.110352 0.141724 0.92627
8 0.84082 0.288635 0.0947266 0.143433 0.924316
22 0.53894 0.709961 0.0939941 0.0898438 0.868164
4 0.307129 0.101135 0.100586 0.0994873 0.849121
8 0.908203 0.115112 0.0898438 0.0861816 0.817383
8 0.62793 0.0875244 0.0957031 0.138428 0.786621
18 0.523438 0.491943 0.135742 0.131348 0.777344
13 0.760254 0.688477 0.0546875 0.144531 0.757812
4 0.266113 0.893555 0.0991211 0.105469 0.690918
27 0.966797 0.694336 0.0664062 0.124023 0.663574
6 0.0350342 0.0962982 0.0699463 0.105499 0.571777
