24 0.634766 0.432617 0.0390625 0.046875 0.995605
2 0.899902 0.261475 0.0332031 0.0380859 0.983887
9 0.819824 0.342285 0.0351562 0.0400391 0.97998
24 0.845703 0.501953 0.0410156 0.0507812 0.978516
22 0.805664 0.498291 0.0351562 0.0385742 0.977539
2 0.36377 0.431641 0.0322266 0.0371094 0.976562
5 0.317139 0.119019 0.0385742 0.0383301 0.974121
18 0.647461 0.799805 0.0449219 0.0585938 0.972168
2 0.727051 0.810547 0.0292969 0.0371094 0.97168
9 0.691406 0.500977 0.0371094 0.0380859 0.971191
5 0.641113 0.96875 0.0341797 0.0390625 0.970703
18 0.0721436 0.813965 0.0437012 0.0605469 0.970215
5 0.770996 0.420166 0.0371094 0.0390625 0.96875
2 0.11322 0.825195 0.0299072 0.0371094 0.96875
0 0.974609 0.725586 0.0507812 0.0429688 0.966797
21 0.749023 0.349854 0.0429688 0.0581055 0.966309
5 0.791992 0.725586 0.0361328 0.0390625 0.966309
5 0.131226 0.901855 0.0358887 0.0410156 0.966309
7 0.853516 0.969727 0.0380859 0.0556641 0.962891
0 0.866211 0.0253601 0.078125 0.0444946 0.959961
5 0.759766 0.886719 0.0351562 0.0390625 0.959961
2 0.0489807 0.667969 0.0308228 0.0371094 0.958984
18 0.717773 0.876953 0.0429688 0.0585938 0.958984
2 0.679199 0.187012 0.0292969 0.0351562 0.958496
7 0.742188 0.506348 0.0410156 0.0527344 0.958008
9 0.96582 0.0243683 0.0371094 0.0398865 0.95752
18 0.570312 0.181885 0.0449219 0.0581055 0.955566
21 0.616211 0.510254 0.0507812 0.0556641 0.955078
2 0.814453 0.571289 0.0292969 0.0371094 0.955078
13 0.146729 0.5 0.0195312 0.0625 0.953125
9 0.545898 0.655762 0.0371094 0.0390625 0.952637
0 0.923828 0.413086 0.0566406 0.0371094 0.950684
7 0.0471878 0.292969 0.0433197 0.0527344 0.950195
18 0.75 0.716797 0.0429688 0.0605469 0.950195
7 0.0315247 0.216553 0.0374146 0.0561523 0.94873
5 0.817383 0.418945 0.0371094 0.0390625 0.94873
24 0.805664 0.0361404 0.0410156 0.0508881 0.947266
10 0.890625 0.172241 0.0390625 0.0595703 0.946777
5 0.973145 0.412109 0.0380859 0.0390625 0.946777
22 0.875 0.647461 0.0371094 0.0390625 0.946777
22 0.415527 0.890625 0.0371094 0.0390625 0.946777
5 0.37793 0.272461 0.0351562 0.0380859 0.945801
0 0.815918 0.649414 0.0761719 0.0400391 0.945312
11 0.71582 0.177246 0.0371094 0.0612793 0.944336
6 0.496338 0.73584 0.0375977 0.0371094 0.943848
5 0.648438 0.577148 0.0351562 0.0371094 0.942871
0 0.27417 0.896484 0.0581055 0.0371094 0.942871
0 0.023468 0.907227 0.0447998 0.0371094 0.942383
7 0.235107 0.979492 0.0810547 0.0410156 0.942383
13 0.343018 0.497559 0.0224609 0.0605469 0.94043
2 0.930664 0.179688 0.0332031 0.0388184 0.939941
2 0.350098 0.582031 0.0292969 0.0371094 0.939941
9 0.53418 0.891602 0.0351562 0.0419922 0.936523
0 0.908203 0.492188 0.0761719 0.0410156 0.936035
5 0.635742 0.886719 0.0351562 0.0390625 0.935547
18 0.868164 0.791992 0.0449219 0.0585938 0.933594
5 0.303711 0.0426331 0.0336914 0.0385742 0.932129
24 0.426758 0.974121 0.046875 0.0488281 0.931641
9 0.841797 0.184448 0.0361328 0.0378418 0.931152
5 0.383301 0.97168 0.0361328 0.0400391 0.931152
18 0.848145 0.0926514 0.0449219 0.0610352 0.930664
22 0.482422 0.581055 0.0351562 0.0371094 0.929199
9 0.375488 0.507935 0.0371094 0.0388184 0.928711
13 0.192383 0.0332642 0.0283203 0.0655518 0.927246
7 0.524414 0.587891 0.0410156 0.0488281 0.927246
6 0.862305 0.261963 0.0371094 0.0390625 0.925781
2 0.786621 0.342285 0.0302734 0.0371094 0.925293
18 0.742676 0.0273285 0.0419922 0.0516663 0.924805
9 0.612305 0.112671 0.0351562 0.0397949 0.924316
0 0.959961 0.336426 0.0585938 0.0400391 0.922852
22 0.604004 0.813477 0.0361328 0.0410156 0.921387
18 0.868164 0.334473 0.0410156 0.0488281 0.918457
11 0.221558 0.501465 0.0368652 0.0566406 0.918457
6 0.0659027 0.904785 0.0368958 0.0371094 0.918457
21 0.436035 0.125458 0.0478516 0.0562134 0.91748
0 0.925293 0.646484 0.0576172 0.0410156 0.91748
22 0.351807 0.354492 0.0366211 0.0390625 0.916016
7 0.0188293 0.601074 0.0375366 0.0507812 0.915039
0 0.59082 0.887695 0.0546875 0.0390625 0.913574
4 0.34668 0.27124 0.0253906 0.043457 0.913086
24 0.323242 0.975586 0.0498047 0.0429688 0.913086
22 0.976562 0.646484 0.0390625 0.0429688 0.911621
2 0.703125 0.966797 0.0332031 0.0390625 0.911621
16 0.111877 0.510742 0.0469971 0.0400391 0.911133
7 0.26709 0.829102 0.0854492 0.0605469 0.90918
13 0.951172 0.868164 0.0175781 0.0664062 0.906738
6 0.374756 0.892578 0.0375977 0.0390625 0.905762
18 0.333008 0.887695 0.0400391 0.0546875 0.903809
22 0.954102 0.10083 0.0361328 0.0410156 0.90332
0 0.255859 0.73584 0.0541992 0.0449219 0.90332
7 0.149048 0.21106 0.0390625 0.0532227 0.898438
8 0.549805 0.97168 0.0351562 0.0390625 0.894043
8 0.82373 0.805664 0.0361328 0.0380859 0.892578
8 0.672852 0.888672 0.0351562 0.0449219 0.890137
24 0.0436478 0.441406 0.038681 0.0351562 0.887207
9 0.66748 0.26709 0.0351562 0.0380859 0.88623
13 0.516113 0.648438 0.0214844 0.0644531 0.884766
11 0.456055 0.884766 0.0361328 0.0664062 0.884277
2 0.447998 0.505859 0.0551758 0.0371094 0.880859
13 0.293701 0.268616 0.0180664 0.0623779 0.878418
2 0.219116 0.663086 0.0300293 0.0380859 0.873047
1 0.464844 0.199219 0.0371094 0.0524902 0.872559
38 0.507324 0.808594 0.0654297 0.078125 0.870605
5 0.208008 0.201904 0.0361328 0.0375977 0.869629
13 0.655273 0.640137 0.0185547 0.0634766 0.869629
2 0.441406 0.0370789 0.0292969 0.0373535 0.868652
2 0.0123215 0.442871 0.0246429 0.0371094 0.868652
13 0.772949 0.0237885 0.0185547 0.0475769 0.864258
2 0.960938 0.958008 0.0292969 0.0390625 0.863281
11 0.405518 0.341797 0.0625 0.0625 0.86084
8 0.939453 0.802734 0.0380859 0.0410156 0.854004
22 0.495605 0.966797 0.0644531 0.0371094 0.852051
12 0.578125 0.572266 0.0625 0.0683594 0.848145
5 0.307617 0.658203 0.0385742 0.0390625 0.845703
2 0.974121 0.255615 0.0517578 0.0463867 0.841797
9 0.842773 0.883789 0.0351562 0.0390625 0.839844
2 0.658203 0.503906 0.0292969 0.0361328 0.838867
6 0.272949 0.201416 0.0332031 0.0373535 0.830078
2 0.0113831 0.130127 0.0227661 0.0395508 0.830078
6 0.36377 0.658203 0.0390625 0.0371094 0.829102
5 0.0396729 0.0491333 0.0372314 0.0390625 0.82666
14 0.9375 0.249634 0.0175781 0.0622559 0.82666
9 0.0948486 0.980469 0.036377 0.0390625 0.825684
23 0.649414 0.187988 0.0273438 0.0361328 0.824219
8 0.786133 0.266846 0.0380859 0.0375977 0.822266
9 0.298584 0.583984 0.034668 0.0361328 0.822266
18 0.0278625 0.743164 0.0401001 0.0488281 0.822266
13 0.902344 0.784668 0.0253906 0.0791016 0.820801
7 0.22644 0.287354 0.057373 0.0522461 0.810547
22 0.824219 0.262634 0.0341797 0.038208 0.806641
23 0.269775 0.279541 0.0249023 0.0380859 0.799316
7 0.893555 0.57666 0.0410156 0.0537109 0.795898
18 0.110779 0.662109 0.0438232 0.0527344 0.794434
13 0.674316 0.332764 0.0224609 0.0732422 0.792969
14 0.179443 0.189453 0.0166016 0.0576172 0.791992
24 0.69043 0.584473 0.0449219 0.0517578 0.791992
9 0.0662994 0.516113 0.0351257 0.0371094 0.790527
7 0.00546265 0.224609 0.0107422 0.0722656 0.786621
2 0.307617 0.197876 0.0322266 0.0383301 0.78418
13 0.184204 0.647461 0.0256348 0.0742188 0.78418
2 0.672852 0.110962 0.0292969 0.0380859 0.782715
6 0.926758 0.02565 0.0371094 0.0401917 0.777344
21 0.246948 0.593262 0.0656738 0.0566406 0.777344
1 0.741699 0.113037 0.0371094 0.0585938 0.767578
13 0.580078 0.490479 0.0214844 0.059082 0.763672
8 0.594238 0.657227 0.0371094 0.0371094 0.762207
9 0.875977 0.725586 0.0380859 0.0400391 0.760742
7 0.750977 0.973633 0.0419922 0.0517578 0.757812
13 0.984375 0.169556 0.0214844 0.0661621 0.743164
13 0.0732422 0.352539 0.0429688 0.0927734 0.732422
13 0.102905 0.0345154 0.036377 0.0596313 0.70752
15 0.631348 0.342529 0.0566406 0.0800781 0.70752
4 0.359375 0.197144 0.0253906 0.0385742 0.705566
24 0.163574 0.969238 0.0581055 0.0615234 0.697754
13 0.334229 0.185669 0.0200195 0.0646973 0.689453
12 0.28418 0.651367 0.03125 0.0625 0.6875
6 0.932617 0.563477 0.0371094 0.0449219 0.684082
4 0.211304 0.818359 0.0231934 0.0410156 0.677246
4 0.10022 0.901367 0.0268555 0.0429688 0.675781
9 0.404785 0.733398 0.0341797 0.0371094 0.673828
22 0.175537 0.362305 0.0605469 0.0390625 0.665527
23 0.697266 0.809082 0.03125 0.0371094 0.662109
4 0.284668 0.119751 0.0244141 0.041748 0.65332
0 0.865723 0.410156 0.0566406 0.0556641 0.637207
24 0.104004 0.131805 0.048584 0.0557251 0.62793
6 0.5625 0.810547 0.0390625 0.0371094 0.616699
8 0.218506 0.36084 0.0180664 0.0371094 0.615234
2 0.804199 0.96582 0.0585938 0.0390625 0.613281
2 0.181885 0.815918 0.0283203 0.0478516 0.611328
24 0.151611 0.0949707 0.034668 0.0285645 0.598145
4 0.286133 0.509277 0.0244141 0.0400391 0.596191
4 0.378418 0.578125 0.0239258 0.0390625 0.57373
2 0.241699 0.200806 0.0258789 0.0356445 0.563965
14 0.55957 0.490723 0.015625 0.0576172 0.560059
2 0.983398 0.958008 0.0332031 0.0429688 0.550781
46 0.496094 0.271545 0.0830078 0.0457764 0.550781
8 0.363281 0.741211 0.0380859 0.0507812 0.548828
12 0.342529 0.808594 0.0600586 0.0683594 0.548828
4 0.702148 0.109131 0.0234375 0.0415039 0.541016
2 0.568848 0.27002 0.0576172 0.0405273 0.541016
9 0.977539 0.878906 0.0371094 0.0390625 0.53125
13 0.493164 0.649414 0.0205078 0.0605469 0.525391
2 0.161621 0.286133 0.0585938 0.0390625 0.521484
8 0.0243988 0.827148 0.040802 0.0351562 0.519531
8 0.62207 0.268799 0.0458984 0.0375977 0.513672
