21 0.35498 0.30835 0.0473633 0.0620117 0.98877
1 0.789551 0.751465 0.0419922 0.0615234 0.983398
2 0.949219 0.830078 0.0292969 0.0429688 0.981934
2 0.76709 0.390625 0.0302734 0.0439453 0.978516
18 0.757324 0.204834 0.0419922 0.059082 0.978027
27 0.917969 0.749023 0.0244141 0.0605469 0.977051
5 0.552734 0.301514 0.0410156 0.0458984 0.973633
0 0.972656 0.036438 0.0546875 0.0479736 0.972656
2 0.944824 0.302979 0.0332031 0.0463867 0.971191
18 0.901855 0.551758 0.0400391 0.0546875 0.96875
2 0.464844 0.299072 0.0449219 0.0444336 0.966309
5 0.989258 0.648438 0.0214844 0.0449219 0.965332
12 0.512695 0.557617 0.0507812 0.0722656 0.964355
18 0.977539 0.384277 0.0449219 0.0498047 0.962402
5 0.452148 0.388672 0.0371094 0.0410156 0.960449
22 0.455811 0.644531 0.0390625 0.0410156 0.959473
7 0.813965 0.398193 0.0449219 0.0551758 0.958984
2 0.818359 0.0324097 0.0332031 0.0454712 0.95752
5 0.378418 0.921387 0.0390625 0.046875 0.95752
0 0.490479 0.0280151 0.0620117 0.0479126 0.956543
6 0.879883 0.391113 0.0390625 0.0429688 0.955566
18 0.963867 0.206299 0.0410156 0.0576172 0.95459
2 0.428467 0.477051 0.0302734 0.0410156 0.952637
5 0.584961 0.741211 0.0371094 0.0449219 0.952148
11 0.838867 0.290527 0.0410156 0.0634766 0.950195
5 0.650391 0.830078 0.0371094 0.0429688 0.94873
8 0.615234 0.123291 0.0439453 0.0463867 0.943359
22 0.865234 0.213135 0.0390625 0.0410156 0.941406
4 0.737305 0.38623 0.0292969 0.0498047 0.940918
2 0.802246 0.831055 0.0302734 0.0429688 0.94043
7 0.76416 0.0434647 0.046875 0.0597992 0.938477
0 0.785156 0.118103 0.078125 0.0552979 0.937012
2 0.962891 0.123718 0.03125 0.0445557 0.936523
6 0.884766 0.83252 0.0429688 0.0410156 0.935547
7 0.839844 0.84082 0.0429688 0.0595703 0.931152
0 0.371094 0.829102 0.0810547 0.0507812 0.929199
0 0.813477 0.212524 0.0634766 0.0449219 0.928711
9 0.732422 0.73877 0.0410156 0.0488281 0.92627
13 0.647461 0.641602 0.0175781 0.0644531 0.923828
5 0.542969 0.0319214 0.0390625 0.043335 0.922363
8 0.674805 0.919922 0.0410156 0.046875 0.92041
2 0.695312 0.741211 0.0322266 0.0429688 0.919434
7 0.961914 0.751953 0.0410156 0.0566406 0.915039
8 0.700195 0.389893 0.0429688 0.0449219 0.912598
0 0.791992 0.562012 0.078125 0.0439453 0.912598
7 0.630859 0.573242 0.0449219 0.0585938 0.910645
5 0.458496 0.91748 0.0380859 0.046875 0.910645
22 0.571777 0.123047 0.0371094 0.0439453 0.90918
5 0.539551 0.830078 0.0400391 0.0458984 0.907227
14 0.915039 0.29248 0.0224609 0.0664062 0.905762
13 0.937012 0.551758 0.0224609 0.0654297 0.905762
2 0.655273 0.126587 0.0351562 0.0483398 0.905273
5 0.631836 0.921875 0.0410156 0.0429688 0.905273
0 0.833008 0.920898 0.0605469 0.0458984 0.901855
14 0.848633 0.377686 0.0205078 0.0610352 0.899902
6 0.696777 0.562988 0.0429688 0.0419922 0.894043
13 0.471191 0.730469 0.0234375 0.0644531 0.893066
0 0.478027 0.82959 0.0800781 0.0458984 0.892578
1 0.883789 0.75 0.0410156 0.0625 0.88623
6 0.638672 0.212891 0.0410156 0.043457 0.875
7 0.98584 0.310791 0.0283203 0.0620117 0.873047
8 0.625488 0.741699 0.0429688 0.0478516 0.868164
0 0.40918 0.297363 0.0610352 0.0488281 0.867188
5 0.850586 0.5625 0.0371094 0.0429688 0.866211
9 0.948242 0.472656 0.0410156 0.0419922 0.865234
5 0.438477 0.0317459 0.0449219 0.0486908 0.86084
4 0.344238 0.916016 0.0322266 0.0585938 0.85498
9 0.816406 0.652344 0.0410156 0.0449219 0.849121
8 0.423828 0.560547 0.0449219 0.0410156 0.848145
4 0.920898 0.82666 0.0292969 0.0498047 0.844727
13 0.592773 0.820312 0.0234375 0.0703125 0.842773
23 0.775879 0.919922 0.0341797 0.0449219 0.839844
0 0.943848 0.650391 0.0673828 0.046875 0.835449
8 0.694336 0.301758 0.0449219 0.0449219 0.832031
5 0.365723 0.209473 0.0683594 0.0527344 0.82666
14 0.664062 0.552734 0.0214844 0.0605469 0.825684
13 0.455078 0.465088 0.0214844 0.0629883 0.818848
6 0.882812 0.303711 0.0410156 0.0458984 0.817383
16 0.437012 0.739258 0.0419922 0.0429688 0.812988
23 0.573242 0.918945 0.0292969 0.0449219 0.79834
10 0.418457 0.908691 0.0395508 0.0664062 0.794434
23 0.941406 0.916992 0.0292969 0.0410156 0.790527
11 0.989258 0.114258 0.0214844 0.0649414 0.785156
13 0.979492 0.907227 0.0410156 0.0644531 0.785156
4 0.879883 0.918945 0.0253906 0.046875 0.779785
10 0.416016 0.112549 0.0400391 0.0720215 0.764648
10 0.606934 0.911133 0.0341797 0.0664062 0.764648
23 0.673828 0.654297 0.03125 0.0429688 0.760742
2 0.895996 0.123169 0.0322266 0.0466309 0.757812
2 0.910156 0.92041 0.03125 0.0458984 0.751953
4 0.731445 0.296875 0.0283203 0.0585938 0.749023
7 0.44751 0.128052 0.0629883 0.0605469 0.737305
14 0.34668 0.637695 0.0263672 0.0664062 0.728027
0 0.818359 0.994141 0.0605469 0.0117188 0.728027
10 0.414551 0.638184 0.0429688 0.0634766 0.725098
21 0.503906 0.747559 0.0498047 0.0625 0.713867
14 0.989746 0.463867 0.0205078 0.0629883 0.710449
18 0.928223 0.379883 0.0478516 0.0585938 0.708984
18 0.910645 0.202881 0.0449219 0.0644531 0.702637
23 0.393311 0.385254 0.0317383 0.0439453 0.695801
7 0.714844 0.842285 0.0615234 0.0595703 0.684082
6 0.827148 0.475098 0.0371094 0.0429688 0.682617
7 0.36792 0.745605 0.0649414 0.0595703 0.663574
5 0.640625 0.300781 0.0625 0.043457 0.658203
6 0.474609 0.475098 0.0605469 0.0429688 0.651367
14 0.424561 0.819336 0.0239258 0.0644531 0.635254
2 0.375 0.649414 0.03125 0.0449219 0.620605
4 0.662109 0.737305 0.03125 0.0527344 0.583008
8 0.985352 0.829102 0.0292969 0.046875 0.577637
13 0.939453 0.982422 0.0253906 0.0332031 0.571777
14 0.855469 0.4646 0.0234375 0.0634766 0.571777
13 0.54541 0.719727 0.0371094 0.0917969 0.554688
5 0.993164 0.742676 0.0136719 0.0478516 0.546875
23 0.590332 0.303223 0.0341797 0.0458984 0.544922
