18 0.925781 0.669434 0.111328 0.140625 0.983398
9 0.901367 0.888672 0.0917969 0.103516 0.982422
2 0.681152 0.0923462 0.0771484 0.0958252 0.981934
4 0.46875 0.279297 0.0693359 0.116211 0.981934
8 0.814941 0.694336 0.0996094 0.0976562 0.976562
8 0.767578 0.0924072 0.0957031 0.0939941 0.975586
2 0.965332 0.0947876 0.0693359 0.0887451 0.974609
21 0.556152 0.711426 0.149414 0.136719 0.974609
5 0.065918 0.898438 0.0957031 0.102539 0.974121
7 0.351562 0.916016 0.104492 0.144531 0.974121
13 0.831543 0.867676 0.0449219 0.143555 0.97168
5 0.545898 0.289062 0.0878906 0.0942383 0.967773
23 0.883789 0.291565 0.0703125 0.0858154 0.966797
22 0.527344 0.889648 0.0888672 0.0966797 0.962402
22 0.96582 0.492188 0.0683594 0.0888672 0.961914
23 0.773438 0.891602 0.0683594 0.0957031 0.955566
4 0.248291 0.884766 0.0712891 0.108398 0.953125
14 0.984375 0.871094 0.03125 0.148438 0.950195
22 0.0647125 0.0879517 0.0900574 0.09021 0.941895
6 0.657227 0.69043 0.0439453 0.0976562 0.941895
29 0.853027 0.492188 0.129883 0.174805 0.941895
6 0.162872 0.899414 0.0980835 0.107422 0.937012
4 0.15921 0.68457 0.104431 0.103516 0.868164
7 0.107544 0.516724 0.150391 0.142334 0.837402
4 0.87207 0.0859985 0.0976562 0.103638 0.824219
6 0.447266 0.688477 0.059082 0.101562 0.690918
13 0.992188 0.678711 0.015625 0.144531 0.642578
6 0.959961 0.290771 0.0800781 0.103027 0.598145
5 0.444824 0.493164 0.107422 0.0957031 0.581543
10 0.293457 0.479492 0.0888672 0.172852 0.515625
