21 0.803711 0.341797 0.0410156 0.0610352 0.994629
29 0.960938 0.754883 0.078125 0.0859375 0.993652
2 0.335205 0.929688 0.0317383 0.0488281 0.990723
11 0.82959 0.40332 0.0400391 0.0644531 0.984375
11 0.34668 0.490967 0.0361328 0.0639648 0.98291
21 0.557617 0.177246 0.0390625 0.0527344 0.981934
7 0.602539 0.766113 0.0390625 0.0634766 0.97998
11 0.956543 0.236328 0.0351562 0.0644531 0.978516
11 0.8125 0.574219 0.0390625 0.0683594 0.974609
12 0.824219 0.836914 0.0371094 0.0820312 0.974609
7 0.911621 0.681641 0.0400391 0.0625 0.970215
5 0.356445 0.755859 0.0395508 0.0458984 0.970215
11 0.882812 0.151093 0.0351562 0.0586548 0.962891
5 0.560059 0.669922 0.0351562 0.0449219 0.962891
5 0.641602 0.0822144 0.0419922 0.0471191 0.961914
11 0.870117 0.658203 0.0390625 0.0664062 0.960449
5 0.30957 0.502441 0.0419922 0.0478516 0.956543
5 0.739746 0.584473 0.0390625 0.0458984 0.955078
5 0.854004 0.584961 0.0390625 0.046875 0.955078
10 0.856934 0.91748 0.0390625 0.0673828 0.955078
6 0.757812 0.929199 0.0390625 0.0439453 0.95166
5 0.591797 0.499023 0.0390625 0.0449219 0.950195
2 0.526855 0.838867 0.0322266 0.0478516 0.94873
6 0.900391 0.330322 0.0410156 0.0444336 0.947266
2 0.447266 0.330566 0.0322266 0.0488281 0.947266
7 0.312012 0.768555 0.0419922 0.0644531 0.944336
5 0.786133 0.414062 0.0410156 0.046875 0.943848
8 0.744141 0.670898 0.0439453 0.0488281 0.942871
23 0.467773 0.669434 0.0336914 0.046875 0.942871
4 0.510742 0.163696 0.0292969 0.0466309 0.9375
5 0.508911 0.755371 0.0407715 0.0458984 0.937012
0 0.59668 0.928711 0.0634766 0.046875 0.937012
21 0.447266 0.0969238 0.0419922 0.0585938 0.936523
23 0.368164 0.670898 0.0366211 0.0429688 0.935547
2 0.647461 0.582031 0.0332031 0.0507812 0.934082
4 0.667969 0.836426 0.03125 0.0546875 0.932129
7 0.956055 0.852051 0.0390625 0.0605469 0.928223
9 0.478027 0.501099 0.0380859 0.0446777 0.920898
2 0.620605 0.330322 0.0322266 0.0439453 0.919434
14 0.766602 0.831055 0.0205078 0.0664062 0.919434
5 0.73877 0.755859 0.0390625 0.0458984 0.918457
13 0.343262 0.238159 0.0263672 0.067627 0.916504
6 0.771484 0.0838623 0.0390625 0.0419922 0.914062
0 0.829102 0.161133 0.0644531 0.0439453 0.912598
8 0.777344 0.757324 0.0351562 0.0410156 0.911621
14 0.304932 0.918945 0.0234375 0.0703125 0.910645
2 0.78125 0.669922 0.0292969 0.0449219 0.90918
10 0.852539 0.235107 0.0361328 0.065918 0.896973
4 0.746094 0.325684 0.0292969 0.0517578 0.896973
4 0.958008 0.409912 0.0332031 0.0546875 0.894043
0 0.751465 0.499512 0.0595703 0.046875 0.884277
5 0.908203 0.498047 0.0429688 0.0507812 0.882324
0 0.41748 0.41626 0.0615234 0.0458984 0.880859
0 0.599121 0.577148 0.0585938 0.0644531 0.880859
8 0.630371 0.841309 0.0419922 0.0458984 0.878418
2 0.630859 0.669922 0.0302734 0.0449219 0.875
13 0.932617 0.319824 0.0234375 0.0664062 0.868164
5 0.316406 0.165283 0.0585938 0.0444336 0.863281
5 0.327393 0.416016 0.0385742 0.0463867 0.861328
11 0.730469 0.0728607 0.0371094 0.0661926 0.858887
18 0.549805 0.75 0.0390625 0.0527344 0.858887
6 0.694336 0.083847 0.0410156 0.0427551 0.855957
21 0.640625 0.515625 0.0566406 0.0673828 0.854004
2 0.791016 0.928223 0.0292969 0.0449219 0.848145
10 0.775391 0.155762 0.0351562 0.0625 0.847168
0 0.681641 0.244019 0.0625 0.045166 0.847168
6 0.988281 0.247314 0.0234375 0.0483398 0.847168
8 0.597656 0.671875 0.0371094 0.0429688 0.839844
0 0.615234 0.995117 0.0615234 0.00976562 0.839844
18 0.546875 0.583008 0.0390625 0.0546875 0.839844
0 0.905273 0.23877 0.0644531 0.0551758 0.835449
9 0.688477 0.499512 0.0351562 0.0439453 0.819824
14 0.296875 0.40625 0.0244141 0.0683594 0.813965
6 0.377441 0.585938 0.0419922 0.0449219 0.810547
13 0.661133 0.489502 0.0195312 0.065918 0.808105
12 0.397217 0.501953 0.0366211 0.0820312 0.803223
23 0.631836 0.243774 0.0351562 0.0437012 0.801758
18 0.502075 0.407715 0.0583496 0.0595703 0.792969
18 0.816406 0.75293 0.0400391 0.0566406 0.788086
9 0.905273 0.837891 0.0371094 0.0449219 0.777344
4 0.398926 0.160889 0.03125 0.0512695 0.773438
4 0.470459 0.922852 0.0288086 0.0507812 0.769043
8 0.586914 0.328613 0.0371094 0.0449219 0.763672
2 0.87793 0.413574 0.0351562 0.046875 0.759277
18 0.310059 0.246094 0.0419922 0.059082 0.744629
8 0.365234 0.167847 0.0390625 0.0383301 0.743164
22 0.365723 0.416016 0.0341797 0.0444336 0.73877
4 0.38208 0.241943 0.0478516 0.0625 0.728027
0 0.377441 0.994629 0.0556641 0.0107422 0.728027
2 0.54834 0.246826 0.0302734 0.0488281 0.726562
13 0.437988 0.499023 0.0405273 0.0839844 0.720215
10 0.486328 0.237793 0.0419922 0.0698242 0.70752
5 0.990723 0.589355 0.0185547 0.0439453 0.695801
5 0.664062 0.32959 0.0517578 0.0517578 0.692871
4 0.988281 0.409912 0.0234375 0.0546875 0.679199
2 0.674316 0.669922 0.0556641 0.0458984 0.679199
22 0.865234 0.844238 0.0351562 0.046875 0.662109
10 0.702637 0.404053 0.0380859 0.0678711 0.638672
14 0.410156 0.576172 0.0214844 0.0664062 0.635254
22 0.421387 0.24707 0.0341797 0.0463867 0.629883
5 0.391846 0.0100632 0.0375977 0.0201263 0.618652
22 0.828125 0.672852 0.0371094 0.0449219 0.611328
12 0.698242 0.74707 0.0351562 0.0644531 0.607422
6 0.865234 0.502808 0.0449219 0.0471191 0.588867
2 0.854492 0.0111313 0.0351562 0.0222626 0.586914
8 0.988281 0.672852 0.0234375 0.0449219 0.577637
4 0.320801 0.669922 0.0620117 0.0566406 0.546875
0 0.799805 0.994629 0.0507812 0.0107422 0.546875
8 0.710938 0.329834 0.0410156 0.050293 0.513672
16 0.865234 0.0812836 0.0390625 0.0491028 0.503906
23 0.603516 0.164429 0.0527344 0.0446777 0.501953
