1 0.45166 0.84082 0.0864258 0.131836 0.995605
4 0.979492 0.221191 0.0410156 0.102539 0.994629
27 0.524414 0.839844 0.0537109 0.134766 0.993164
1 0.0653076 0.84375 0.0922852 0.134766 0.987793
19 0.276855 0.825195 0.0595703 0.0917969 0.986328
18 0.53894 0.0426636 0.115479 0.085083 0.980957
0 0.806641 0.618652 0.138672 0.0927734 0.97998
2 0.210571 0.821289 0.0744629 0.0957031 0.979004
2 0.823242 0.227173 0.0703125 0.0969238 0.978027
7 0.931641 0.447266 0.103516 0.136719 0.977051
14 0.700684 0.402832 0.0458984 0.134766 0.972168
22 0.813477 0.423828 0.0869141 0.0898438 0.971191
14 0.672852 0.795898 0.0517578 0.145508 0.970215
4 0.756836 0.221313 0.0644531 0.114014 0.968262
8 0.908203 0.232178 0.0957031 0.0942383 0.967285
5 0.630859 0.422363 0.0859375 0.0942383 0.967285
6 0.353516 0.819336 0.0908203 0.0917969 0.967285
2 0.338867 0.618164 0.0751953 0.09375 0.964355
13 0.618164 0.797363 0.0449219 0.143555 0.964355
27 0.952148 0.0435791 0.0566406 0.0871582 0.961426
18 0.795898 0.794922 0.0917969 0.136719 0.960938
14 0.142212 0.800293 0.0505371 0.137695 0.95166
14 0.724609 0.795898 0.0449219 0.142578 0.94873
13 0.694336 0.962891 0.0449219 0.0742188 0.946289
13 0.200073 0.411621 0.0478516 0.135742 0.945312
6 0.49707 0.984863 0.0927734 0.0302734 0.945312
8 0.231812 0.601562 0.0949707 0.138672 0.929199
0 0.783203 0.985352 0.142578 0.0292969 0.921387
0 0.514648 0.626953 0.154297 0.09375 0.911133
6 0.929688 0.620117 0.09375 0.0957031 0.904785
1 0.400391 0.98584 0.0878906 0.0283203 0.901855
23 0.0980377 0.0418701 0.0768738 0.0834961 0.89502
4 0.121887 0.982422 0.0911865 0.0351562 0.868164
5 0.595215 0.983398 0.0908203 0.0332031 0.839844
6 0.852539 0.0419312 0.140625 0.0838623 0.832031
8 0.250061 0.208374 0.0955811 0.139893 0.769043
4 0.0209961 0.403809 0.0419922 0.142578 0.762207
19 0.36792 0.0421753 0.0805664 0.0843506 0.746094
22 0.904297 0.96582 0.0742188 0.0683594 0.715332
5 0.978516 0.984375 0.0429688 0.03125 0.689453
0 0.251465 0.986328 0.15332 0.0273438 0.689453
21 0.919922 0.817871 0.0917969 0.0888672 0.550781
