5 0.01651 0.586914 0.03302 0.0458984 0.962891
18 0.0941162 0.582031 0.0375977 0.0527344 0.95752
2 0.188477 0.922363 0.0341797 0.0439453 0.933594
5 0.0149384 0.837402 0.0297546 0.0449219 0.924316
0 0.0604324 0.838379 0.0597992 0.0449219 0.916504
2 0.0166016 0.409668 0.0330811 0.0556641 0.88623
14 0.074707 0.982422 0.0187988 0.0351562 0.885742
2 0.0777588 0.755859 0.0327148 0.046875 0.884277
18 0.155151 0.584961 0.0368652 0.0527344 0.872559
8 0.0838623 0.502441 0.0351562 0.0410156 0.868164
8 0.149658 0.923828 0.0439453 0.0429688 0.863281
0 0.123901 0.74707 0.0578613 0.0625 0.84082
2 0.113159 0.922363 0.0285645 0.0458984 0.822266
4 0.127167 0.499512 0.0474243 0.0488281 0.741699
7 0.183105 0.672852 0.0561523 0.0507812 0.600098
18 0.0162506 0.503906 0.0323181 0.046875 0.598145
7 0.121582 0.680664 0.0690918 0.0654297 0.594727
24 0.195312 0.556641 0.0368652 0.0244141 0.59082
18 0.182007 0.748535 0.0578613 0.0605469 0.550781
13 0.141357 0.985352 0.0349121 0.0292969 0.517578
