19 0.692383 0.309082 0.0625 0.0898438 0.992676
23 0.348877 0.312256 0.0722656 0.097168 0.990234
18 0.794922 0.292053 0.0917969 0.123901 0.989746
2 0.865234 0.10968 0.0683594 0.0906982 0.987793
12 0.614746 0.877441 0.161133 0.149414 0.983398
0 0.512573 0.684082 0.133057 0.137695 0.982422
8 0.901855 0.697266 0.0917969 0.0917969 0.980469
9 0.786133 0.693359 0.0878906 0.101562 0.979004
9 0.796875 0.89209 0.0878906 0.0957031 0.979004
8 0.947266 0.106995 0.0927734 0.0936279 0.977539
5 0.691406 0.699707 0.0839844 0.0966797 0.977539
13 0.725586 0.873047 0.0507812 0.140625 0.973145
22 0.791016 0.502075 0.0898438 0.0915527 0.967773
13 0.886719 0.875977 0.0449219 0.136719 0.967773
6 0.954102 0.891113 0.0917969 0.0917969 0.964844
13 0.636719 0.291016 0.0546875 0.142578 0.962402
2 0.37915 0.705078 0.120117 0.09375 0.961914
4 0.619141 0.696777 0.0625 0.101562 0.946289
18 0.950684 0.487793 0.0986328 0.126953 0.932617
13 0.868164 0.284912 0.0429688 0.143066 0.929199
22 0.974121 0.693359 0.0517578 0.0976562 0.786621
6 0.467285 0.901855 0.0888672 0.09375 0.78125
13 0.442871 0.09021 0.0556641 0.134521 0.665527
0 0.946289 0.279358 0.107422 0.139526 0.665527
5 0.665039 0.110901 0.0898438 0.0911865 0.660156
