8 0.314697 0.922852 0.0966797 0.0917969 0.984375
5 0.826172 0.529297 0.0898438 0.0917969 0.981934
14 0.896973 0.513672 0.046875 0.142578 0.979492
8 0.947266 0.730469 0.0957031 0.0917969 0.979004
2 0.891602 0.141846 0.0703125 0.0910645 0.978516
8 0.817383 0.922852 0.0957031 0.09375 0.974121
8 0.826172 0.338379 0.0917969 0.0908203 0.973633
8 0.800293 0.140015 0.0957031 0.0891113 0.972656
2 0.92041 0.334961 0.0751953 0.102539 0.972168
23 0.477783 0.734375 0.0717773 0.0878906 0.969727
4 0.916504 0.915039 0.0966797 0.107422 0.969727
22 0.417236 0.919434 0.090332 0.0927734 0.964844
22 0.988281 0.538086 0.0234375 0.0830078 0.962891
5 0.541504 0.922852 0.0917969 0.0927734 0.962402
2 0.730469 0.921387 0.0732422 0.0966797 0.960449
13 0.945312 0.506348 0.0449219 0.137695 0.942383
5 0.834961 0.726562 0.0917969 0.0957031 0.919434
6 0.561523 0.726074 0.0957031 0.09375 0.896973
2 0.985352 0.924805 0.0292969 0.0878906 0.870605
10 0.963867 0.121338 0.0722656 0.137695 0.817383
7 0.577148 0.552734 0.171875 0.132812 0.791992
4 0.735352 0.716797 0.0976562 0.119141 0.775879
4 0.469238 0.140259 0.0625 0.0964355 0.640625
4 0.462891 0.326416 0.0917969 0.100098 0.554688
10 0.665039 0.318115 0.0722656 0.141113 0.550781
8 0.978516 0.314453 0.0429688 0.139648 0.521484
