1 0.961914 0.219482 0.0761719 0.139648 0.995605
5 0.762695 0.0216827 0.0878906 0.0433655 0.974121
6 0.859863 0.0208893 0.0927734 0.0417786 0.972168
2 0.861328 0.198242 0.0732422 0.0986328 0.969238
23 0.587891 0.200684 0.0830078 0.0952148 0.896484
8 0.246582 0.0214539 0.0932617 0.0429077 0.883301
0 0.560669 0.0222778 0.181396 0.0445557 0.85498
4 0.450928 0.191406 0.0991211 0.10791 0.853027
4 0.945312 0.0208435 0.0566406 0.041687 0.675781
2 0.00917816 0.19458 0.0183563 0.103516 0.673828
2 0.682129 0.0220032 0.0537109 0.0436401 0.607422
1 0.147217 0.0255432 0.0998535 0.0510864 0.594727
14 0.446289 0.0213165 0.0507812 0.0426331 0.588867
6 0.360352 0.0231323 0.114258 0.0462646 0.550781
