23 0.481445 0.69873 0.0761719 0.0888672 0.986328
23 0.455566 0.315918 0.0761719 0.0859375 0.982422
13 0.772949 0.486084 0.0498047 0.14502 0.981934
8 0.563965 0.890625 0.100586 0.09375 0.981934
2 0.404053 0.700195 0.0761719 0.0917969 0.97998
4 0.756836 0.305664 0.0664062 0.106445 0.979004
2 0.141846 0.891602 0.0710449 0.0917969 0.977539
2 0.779785 0.700195 0.0742188 0.0908203 0.973633
7 0.805176 0.917969 0.103516 0.135742 0.970703
13 0.114746 0.291931 0.0463867 0.141724 0.969727
8 0.0497131 0.889648 0.0963745 0.0898438 0.964355
22 0.663086 0.893555 0.0859375 0.0878906 0.95752
14 0.979492 0.292053 0.0410156 0.150269 0.950684
2 0.447266 0.893555 0.0722656 0.0976562 0.942871
23 0.376953 0.895508 0.0722656 0.0878906 0.941895
6 0.959961 0.508789 0.0800781 0.0917969 0.93457
4 0.980469 0.883301 0.0390625 0.109375 0.926758
13 0.987793 0.676758 0.0244141 0.136719 0.888672
10 0.238037 0.48584 0.0830078 0.138672 0.729492
11 0.56543 0.984375 0.0703125 0.03125 0.651367
18 0.861816 0.488037 0.113281 0.133301 0.625977
