5 0.155762 0.919922 0.0366211 0.0371094 0.97168
1 0.0451736 0.774414 0.035141 0.0507812 0.953125
22 0.138397 0.84375 0.0376587 0.0410156 0.94873
2 0.0753021 0.922852 0.0276184 0.0371094 0.940918
2 0.190552 0.762207 0.0341797 0.0380859 0.935547
2 0.0133591 0.763672 0.0262909 0.0351562 0.930664
7 0.177979 0.847656 0.0395508 0.0546875 0.92627
23 0.0438156 0.920898 0.030777 0.0371094 0.914062
1 0.0857544 0.853027 0.0384521 0.0527344 0.845703
4 0.0112686 0.918945 0.0225372 0.0527344 0.830078
9 0.108154 0.922363 0.0354004 0.0400391 0.829102
13 0.116821 0.596191 0.0202637 0.0634766 0.811523
6 0.0826416 0.610352 0.0358887 0.0410156 0.795898
14 0.0787354 0.978516 0.0219727 0.0429688 0.790527
9 0.0240479 0.84375 0.0368042 0.0390625 0.680664
2 0.052063 0.606934 0.0231934 0.0380859 0.618652
2 0.166504 0.989258 0.027832 0.0214844 0.600098
14 0.182617 0.907227 0.0195312 0.0605469 0.583008
9 0.0124588 0.686523 0.0244293 0.0410156 0.537109
9 0.200073 0.987305 0.0356445 0.0253906 0.533203
