0 0.559082 0.895508 0.137695 0.0898438 0.98877
0 0.74707 0.71582 0.132812 0.128906 0.980957
8 0.479492 0.49707 0.0927734 0.0957031 0.976074
6 0.831055 0.294861 0.0976562 0.0909424 0.975586
5 0.912109 0.694336 0.0957031 0.0859375 0.975586
19 0.435791 0.889648 0.0654297 0.0917969 0.975586
2 0.671875 0.891602 0.0722656 0.0917969 0.975586
0 0.930664 0.0991211 0.138672 0.0932617 0.974609
6 0.814453 0.886719 0.0878906 0.0917969 0.973633
2 0.905273 0.888184 0.0722656 0.0927734 0.973633
0 0.942383 0.299316 0.115234 0.0908203 0.973633
8 0.273193 0.896973 0.104492 0.0966797 0.967773
6 0.864746 0.496582 0.0927734 0.0917969 0.963379
4 0.783203 0.491211 0.0693359 0.114258 0.962891
2 0.366699 0.894043 0.0673828 0.0888672 0.957031
22 0.380127 0.496094 0.0869141 0.0898438 0.953125
4 0.739746 0.881348 0.0566406 0.109375 0.921387
8 0.972168 0.890137 0.0556641 0.0908203 0.750488
14 0.982422 0.666992 0.0351562 0.135742 0.666992
23 0.955078 0.498535 0.0898438 0.0869141 0.640625
