24 0.666992 0.591309 0.0410156 0.0615234 0.993164
2 0.664062 0.245605 0.0322266 0.0444336 0.980957
5 0.822266 0.746094 0.0371094 0.0410156 0.975098
2 0.859863 0.411133 0.0292969 0.0439453 0.970703
4 0.651855 0.0748138 0.0283203 0.0478821 0.969238
18 0.728516 0.660156 0.0371094 0.0527344 0.965332
0 0.571289 0.49707 0.0585938 0.0429688 0.963379
5 0.459717 0.498535 0.0366211 0.0458984 0.962402
21 0.897461 0.833984 0.0390625 0.0683594 0.961426
0 0.749023 0.328613 0.0566406 0.0390625 0.960449
5 0.865234 0.241943 0.0351562 0.043457 0.958984
5 0.446289 0.333496 0.0361328 0.0429688 0.958984
0 0.328125 0.836426 0.0615234 0.0458984 0.958984
5 0.805176 0.241455 0.0390625 0.043457 0.958496
8 0.495117 0.916504 0.0458984 0.0429688 0.958008
0 0.873047 0.907715 0.0664062 0.0439453 0.958008
0 0.677734 0.910645 0.0625 0.0419922 0.957031
18 0.589355 0.0749359 0.0380859 0.0510559 0.953613
5 0.786133 0.412598 0.0556641 0.0449219 0.951172
0 0.696289 0.412109 0.0585938 0.0463867 0.950684
5 0.661133 0.833008 0.0371094 0.0429688 0.950195
5 0.320312 0.989258 0.0375977 0.0214844 0.950195
2 0.910156 0.663574 0.0273438 0.0419922 0.948242
0 0.90625 0.578125 0.0634766 0.046875 0.946777
5 0.320801 0.751953 0.0405273 0.0449219 0.944824
21 0.393555 0.765625 0.0429688 0.0605469 0.944824
6 0.865723 0.158081 0.0410156 0.0390625 0.943359
6 0.379883 0.501465 0.0380859 0.0400391 0.943359
24 0.615234 0.675781 0.0371094 0.0625 0.943359
6 0.576172 0.833008 0.0410156 0.0410156 0.943359
18 0.570312 0.98291 0.0390625 0.0341797 0.941406
7 0.6875 0.172852 0.0410156 0.0561523 0.936523
2 0.547363 0.915039 0.0341797 0.0429688 0.936523
14 0.554199 0.65332 0.0214844 0.0644531 0.936035
5 0.85791 0.828125 0.0380859 0.0410156 0.935059
9 0.771484 0.157471 0.0390625 0.0456543 0.93457
5 0.652344 0.663086 0.0361328 0.046875 0.933105
9 0.567871 0.32959 0.0380859 0.0439453 0.932129
5 0.797852 0.324707 0.0371094 0.0395508 0.928711
10 0.903809 0.398193 0.0380859 0.0678711 0.928223
6 0.378662 0.251465 0.0410156 0.0424805 0.927246
5 0.974609 0.983398 0.0371094 0.0332031 0.92627
2 0.400879 0.416016 0.0322266 0.0449219 0.925781
7 0.823242 0.16626 0.0439453 0.0600586 0.924805
5 0.525879 0.666504 0.0380859 0.0410156 0.924316
0 0.63623 0.161011 0.0615234 0.0437012 0.923828
0 0.974609 0.825195 0.0488281 0.0410156 0.918457
8 0.461914 0.835938 0.0439453 0.0449219 0.918457
2 0.350342 0.92041 0.0268555 0.0371094 0.910645
9 0.400635 0.666992 0.0351562 0.0449219 0.908203
5 0.62793 0.912109 0.0380859 0.0419922 0.907227
24 0.878906 0.668457 0.0351562 0.0576172 0.906738
5 0.935547 0.828125 0.0292969 0.0361328 0.905273
5 0.882324 0.984863 0.0341797 0.0302734 0.905273
24 0.980957 0.24707 0.0361328 0.0546875 0.90332
1 0.365234 0.594727 0.0380859 0.0625 0.899902
4 0.696289 0.827148 0.0332031 0.0488281 0.898438
14 0.647949 0.484619 0.0205078 0.0639648 0.897461
2 0.583496 0.666016 0.0332031 0.0449219 0.891602
23 0.532227 0.581055 0.0449219 0.0390625 0.888672
8 0.726562 0.75 0.0390625 0.0410156 0.888672
4 0.526367 0.982422 0.0332031 0.0332031 0.885742
5 0.535645 0.833496 0.0400391 0.0449219 0.884277
8 0.41626 0.915039 0.0400391 0.0429688 0.884277
6 0.936523 0.0733643 0.0390625 0.041748 0.874023
22 0.52832 0.331299 0.0351562 0.0439453 0.872559
0 0.801758 0.487793 0.0605469 0.0556641 0.872559
7 0.760742 0.920898 0.0371094 0.0585938 0.870605
24 0.901367 0.250977 0.0410156 0.0595703 0.868164
22 0.507324 0.0794678 0.0341797 0.0421143 0.866211
5 0.918945 0.322266 0.0410156 0.0439453 0.864258
14 0.835938 0.4021 0.0234375 0.0605469 0.863281
0 0.819336 0.984375 0.0761719 0.03125 0.85791
21 0.975586 0.0861816 0.0429688 0.0595703 0.85498
24 0.982422 0.493164 0.0351562 0.0439453 0.848145
7 0.89502 0.0801849 0.0400391 0.0649719 0.844727
8 0.54834 0.0783691 0.0439453 0.0480957 0.841797
8 0.804199 0.830078 0.0449219 0.0429688 0.838867
13 0.601562 0.979492 0.0195312 0.0410156 0.838867
18 0.969727 0.571289 0.0390625 0.0527344 0.829102
5 0.958984 0.905273 0.0390625 0.0458984 0.829102
22 0.794434 0.662109 0.0332031 0.0429688 0.82666
6 0.619141 0.49707 0.0371094 0.0419922 0.824219
2 0.439941 0.0102844 0.0263672 0.0205383 0.81543
8 0.316895 0.920898 0.0380859 0.0429688 0.809082
13 0.729492 0.902832 0.0244141 0.0634766 0.800781
22 0.563477 0.246826 0.0371094 0.0410156 0.794434
22 0.382324 0.333984 0.0351562 0.0449219 0.792969
8 0.71582 0.987793 0.0410156 0.0244141 0.792969
23 0.982422 0.743164 0.0351562 0.0429688 0.791992
13 0.835938 0.228516 0.0234375 0.0708008 0.786621
9 0.75293 0.24292 0.0371094 0.0444336 0.775879
13 0.305176 0.237183 0.0292969 0.0695801 0.775879
5 0.34082 0.498535 0.0400391 0.0458984 0.769043
4 0.694336 0.324707 0.0332031 0.0498047 0.764648
6 0.851074 0.580078 0.0439453 0.0449219 0.764648
22 0.359863 0.0828247 0.0375977 0.0427246 0.762207
6 0.444824 0.750977 0.0537109 0.0449219 0.757812
2 0.588867 0.161865 0.03125 0.0439453 0.756348
18 0.975586 0.321289 0.0488281 0.0458984 0.747559
10 0.314697 0.489746 0.0322266 0.0654297 0.733887
11 0.78418 0.0673218 0.0507812 0.0609131 0.730957
6 0.587891 0.411133 0.0605469 0.0498047 0.729492
18 0.731934 0.0715942 0.0537109 0.0518799 0.725098
2 0.950195 0.241699 0.0332031 0.0458984 0.720215
23 0.94043 0.662109 0.0332031 0.0419922 0.692871
6 0.418945 0.583984 0.0634766 0.046875 0.67041
24 0.446289 0.42627 0.0625 0.0644531 0.663574
2 0.628906 0.985352 0.0302734 0.0292969 0.658203
13 0.985352 0.395508 0.0205078 0.0644531 0.647949
22 0.626953 0.580078 0.0351562 0.0429688 0.644043
2 0.919922 0.409668 0.0292969 0.0410156 0.638672
10 0.312012 0.572266 0.03125 0.0722656 0.631836
6 0.990234 0.907227 0.0195312 0.0429688 0.616699
6 0.756836 0.987793 0.0371094 0.0244141 0.615234
4 0.89502 0.48999 0.0341797 0.0493164 0.607422
2 0.377197 0.836426 0.0307617 0.0458984 0.600098
4 0.741699 0.408691 0.0292969 0.0507812 0.581543
18 0.706055 0.241211 0.0507812 0.0493164 0.57373
10 0.658203 0.319336 0.0371094 0.0605469 0.571777
22 0.491211 0.988281 0.0351562 0.0234375 0.571777
2 0.983398 0.153931 0.03125 0.0490723 0.562012
21 0.927246 0.169067 0.0791016 0.0612793 0.548828
23 0.496094 0.413574 0.0361328 0.0439453 0.542969
