24 0.665039 0.834961 0.0419922 0.0429688 0.996582
18 0.976562 0.033989 0.0429688 0.0605621 0.980957
2 0.681641 0.90918 0.0322266 0.0390625 0.979492
5 0.619141 0.675781 0.0351562 0.0380859 0.974609
18 0.822266 0.813965 0.0429688 0.0605469 0.974609
7 0.478516 0.766602 0.0400391 0.0546875 0.973633
2 0.477783 0.838867 0.0292969 0.0371094 0.973633
12 0.743652 0.125122 0.0585938 0.0664062 0.973145
2 0.866211 0.280273 0.0292969 0.0371094 0.973145
2 0.863281 0.825195 0.0302734 0.0371094 0.972656
0 0.732422 0.209229 0.0546875 0.0361328 0.971191
5 0.621094 0.754883 0.0351562 0.0390625 0.968262
7 0.78125 0.215088 0.0380859 0.0541992 0.966797
2 0.798828 0.667969 0.03125 0.0371094 0.96582
5 0.880859 0.901855 0.0351562 0.0410156 0.96582
2 0.74707 0.982422 0.03125 0.0332031 0.965332
2 0.543945 0.986816 0.0332031 0.0263672 0.963379
7 0.744629 0.0584717 0.0410156 0.0505371 0.961426
2 0.428711 0.291992 0.0341797 0.0400391 0.959961
5 0.5625 0.834473 0.0380859 0.0361328 0.955078
7 0.439941 0.925293 0.0439453 0.0566406 0.955078
8 0.776367 0.827148 0.0351562 0.0371094 0.954102
8 0.90625 0.745117 0.0371094 0.0371094 0.952637
13 0.896484 0.5 0.0195312 0.0625 0.95166
0 0.444824 0.681641 0.0546875 0.0371094 0.95166
2 0.602539 0.289551 0.0273438 0.0341797 0.950195
18 0.579102 0.663086 0.0449219 0.0605469 0.947266
5 0.811523 0.127411 0.0341797 0.0376587 0.946777
5 0.494141 0.523438 0.0341797 0.0341797 0.944824
4 0.518066 0.0586243 0.0263672 0.0394897 0.943848
13 0.938477 0.0334473 0.0195312 0.0653076 0.941895
2 0.969238 0.663086 0.0302734 0.0390625 0.941895
7 0.796875 0.292969 0.0419922 0.0527344 0.939453
6 0.815918 0.905273 0.0371094 0.0371094 0.939453
5 0.492676 0.21582 0.0361328 0.0390625 0.937988
22 0.542969 0.758789 0.0371094 0.0410156 0.936523
2 0.447266 0.137939 0.0302734 0.0375977 0.924805
5 0.49585 0.678711 0.034668 0.0380859 0.922852
8 0.53418 0.679688 0.0380859 0.0390625 0.922852
8 0.645508 0.915039 0.0361328 0.0400391 0.922852
13 0.80957 0.732422 0.0195312 0.0634766 0.921875
6 0.439941 0.84082 0.0400391 0.0390625 0.919434
11 0.972656 0.502441 0.0390625 0.0595703 0.918945
16 0.861816 0.510742 0.046875 0.0400391 0.917969
7 0.727539 0.838867 0.0566406 0.0546875 0.916504
7 0.898926 0.211548 0.0390625 0.0529785 0.915527
0 0.768555 0.907227 0.0546875 0.0371094 0.914062
0 0.666016 0.985352 0.0566406 0.0292969 0.914062
14 0.599609 0.821289 0.0195312 0.0605469 0.911133
0 0.979492 0.361084 0.0410156 0.0385742 0.90918
14 0.463379 0.206055 0.0126953 0.0546875 0.903809
6 0.489746 0.448975 0.0351562 0.0380859 0.90332
21 0.438965 0.378418 0.0566406 0.0585938 0.898438
9 0.947266 0.742676 0.0371094 0.0400391 0.897461
6 0.654785 0.445312 0.0400391 0.0395508 0.892578
5 0.594727 0.213501 0.0332031 0.0366211 0.891113
2 0.62793 0.83252 0.0322266 0.0380859 0.888184
7 0.666992 0.142456 0.0849609 0.0593262 0.884766
5 0.958008 0.201782 0.0361328 0.0375977 0.884766
9 0.864258 0.362793 0.0371094 0.0395508 0.880859
7 0.43042 0.22522 0.0424805 0.0534668 0.879883
21 0.981934 0.59375 0.0361328 0.0556641 0.878906
5 0.619141 0.986328 0.0332031 0.0273438 0.878906
2 0.624023 0.522461 0.0332031 0.0380859 0.876465
24 0.793945 0.442139 0.0390625 0.0371094 0.875
0 0.6875 0.368164 0.0703125 0.0410156 0.870605
2 0.726562 0.67041 0.0273438 0.0351562 0.868652
4 0.58252 0.521973 0.0263672 0.0410156 0.85791
7 0.973633 0.287598 0.0527344 0.0517578 0.85498
18 0.439941 0.444824 0.0595703 0.0493164 0.85498
2 0.552734 0.526367 0.0292969 0.0380859 0.854004
18 0.859375 0.662109 0.0410156 0.0527344 0.848145
22 0.485352 0.915039 0.0351562 0.0429688 0.847168
2 0.758789 0.442383 0.0322266 0.0351562 0.84375
5 0.987305 0.827148 0.0253906 0.0576172 0.832031
5 0.790039 0.0492249 0.0371094 0.0390015 0.831055
14 0.717773 0.97168 0.0195312 0.0566406 0.830078
22 0.440674 0.989258 0.0395508 0.0214844 0.829102
6 0.449219 0.525391 0.0175781 0.0361328 0.822266
0 0.492188 0.985352 0.0585938 0.0292969 0.820801
9 0.844727 0.980469 0.0361328 0.0390625 0.819824
9 0.816406 0.516113 0.0351562 0.0371094 0.817383
13 0.98877 0.726074 0.0224609 0.0644531 0.817383
13 0.933105 0.649414 0.0224609 0.0722656 0.762207
13 0.740723 0.582031 0.0205078 0.0625 0.759277
24 0.853516 0.132935 0.046875 0.0529785 0.756348
14 0.929688 0.189453 0.0175781 0.0581055 0.751953
7 0.768066 0.600098 0.0410156 0.0478516 0.71875
4 0.850586 0.901367 0.0273438 0.0429688 0.716797
9 0.498047 0.37207 0.0400391 0.0371094 0.713867
2 0.931641 0.816895 0.0283203 0.046875 0.712402
8 0.48291 0.0614014 0.0361328 0.0360107 0.708984
6 0.46875 0.602539 0.0180664 0.0351562 0.702637
22 0.925293 0.362793 0.0615234 0.0390625 0.694336
18 0.77832 0.742188 0.0410156 0.0488281 0.690918
13 0.853027 0.035614 0.0361328 0.0582886 0.689453
4 0.62793 0.208618 0.0263672 0.0463867 0.6875
24 0.913574 0.969238 0.0576172 0.0615234 0.682617
10 0.549805 0.589844 0.0390625 0.0654297 0.679199
2 0.947266 0.583984 0.0292969 0.0371094 0.673828
13 0.822754 0.349609 0.0419922 0.0986328 0.672363
4 0.649902 0.59668 0.0244141 0.0371094 0.656738
24 0.496094 0.570312 0.0341797 0.0253906 0.647949
23 0.508301 0.835938 0.0292969 0.0351562 0.624512
23 0.634277 0.288086 0.0302734 0.0361328 0.616699
21 0.485352 0.146362 0.0400391 0.0537109 0.615234
13 0.991211 0.126465 0.0175781 0.0625 0.611328
2 0.687012 0.211304 0.0302734 0.0380859 0.592773
22 0.721191 0.519531 0.0605469 0.0371094 0.588867
13 0.939453 0.886719 0.0205078 0.0664062 0.57373
13 0.478516 0.297852 0.0117188 0.0332031 0.552734
13 0.520508 0.130646 0.0214844 0.0585327 0.533203
24 0.659668 0.520996 0.0380859 0.0410156 0.533203
8 0.780762 0.364746 0.0371094 0.0361328 0.511719
13 0.632812 0.0563049 0.015625 0.0358276 0.503906
