1 0.36084 0.521973 0.09375 0.134766 0.995117
1 0.683594 0.918945 0.0917969 0.138672 0.994629
23 0.771484 0.697266 0.0722656 0.0927734 0.981934
9 0.046875 0.89209 0.0881348 0.0947266 0.981934
0 0.837891 0.506836 0.142578 0.0986328 0.980957
8 0.197144 0.106934 0.0915527 0.0925293 0.980469
2 0.865234 0.0996094 0.0742188 0.0959473 0.980469
2 0.115479 0.109497 0.0688477 0.090332 0.980469
4 0.922852 0.693359 0.0703125 0.107422 0.978027
0 0.578979 0.302734 0.187744 0.0957031 0.978027
8 0.951172 0.103531 0.0957031 0.0971375 0.976074
13 0.609863 0.869141 0.0478516 0.138672 0.974609
5 0.490234 0.890137 0.0908203 0.0947266 0.974609
6 0.207275 0.891113 0.097168 0.0917969 0.972656
13 0.136719 0.875977 0.0449219 0.136719 0.97168
2 0.845703 0.696777 0.0742188 0.104492 0.970703
5 0.985352 0.303223 0.0292969 0.0932617 0.967773
7 0.910156 0.930664 0.103516 0.132812 0.956543
14 0.561035 0.871582 0.0498047 0.137695 0.953125
14 0.94043 0.281982 0.046875 0.138672 0.939941
21 0.969727 0.531738 0.0605469 0.139648 0.925781
4 0.771484 0.0958862 0.0957031 0.107056 0.853027
18 0.219238 0.486816 0.136719 0.12793 0.779785
0 0.209717 0.279053 0.134766 0.140625 0.779785
4 0.291992 0.102234 0.0932617 0.0999756 0.747559
5 0.993164 0.692871 0.0136719 0.116211 0.723145
13 0.503418 0.279785 0.0410156 0.134277 0.71875
8 0.780273 0.92041 0.0917969 0.135742 0.700684
7 0.431641 0.123779 0.133789 0.146484 0.527344
6 0.983887 0.894531 0.0322266 0.107422 0.501953
