2 0.87207 0.864746 0.0527344 0.0449219 0.974609
2 0.908203 0.689453 0.03125 0.046875 0.962891
8 0.870117 0.6875 0.0429688 0.0478516 0.955078
9 0.784668 0.68457 0.0371094 0.0488281 0.954102
0 0.876465 0.779297 0.0615234 0.0449219 0.950195
13 0.913086 0.853516 0.0205078 0.0703125 0.949219
6 0.946289 0.602051 0.0390625 0.0439453 0.947754
2 0.726562 0.499878 0.0332031 0.0529785 0.944824
10 0.806152 0.586914 0.0371094 0.0703125 0.933594
13 0.833008 0.765625 0.0234375 0.0644531 0.919434
7 0.736328 0.785156 0.0751953 0.0654297 0.904785
22 0.925781 0.77832 0.0371094 0.0400391 0.877441
5 0.719727 0.862305 0.0410156 0.0439453 0.85791
18 0.974121 0.771973 0.0517578 0.0566406 0.856934
1 0.903809 0.609375 0.0400391 0.0644531 0.844727
5 0.991699 0.503418 0.0166016 0.0576172 0.832031
6 0.98291 0.868164 0.0341797 0.0429688 0.79834
22 0.872559 0.506836 0.0380859 0.0488281 0.796875
2 0.853516 0.598145 0.0595703 0.0458984 0.779785
11 0.771484 0.851562 0.0625 0.0644531 0.749023
13 0.834961 0.854004 0.0214844 0.0634766 0.692871
14 0.941406 0.856445 0.03125 0.0664062 0.635254
23 0.90918 0.507935 0.03125 0.048584 0.629883
10 0.883789 0.949707 0.0390625 0.0644531 0.62793
4 0.792969 0.76123 0.0332031 0.0683594 0.624512
2 0.983398 0.594727 0.0332031 0.0644531 0.558105
