7 0.178589 0.592773 0.0383301 0.0605469 0.991699
24 0.838867 0.079361 0.0390625 0.0588074 0.98291
2 0.0542908 0.328369 0.0308228 0.0439453 0.980469
2 0.161865 0.0800629 0.0297852 0.0447083 0.979492
2 0.102417 0.243652 0.0324707 0.0473633 0.979492
7 0.355469 0.418701 0.0410156 0.0615234 0.976074
5 0.516113 0.575195 0.0410156 0.0429688 0.974121
0 0.970703 0.404053 0.0585938 0.050293 0.972168
8 0.0987549 0.499512 0.036377 0.0419922 0.972168
13 0.914551 0.727539 0.0253906 0.0703125 0.972168
5 0.104797 0.0809174 0.0401611 0.0437317 0.966797
21 0.358398 0.336914 0.0405273 0.0595703 0.965332
5 0.283691 0.749023 0.0395508 0.0429688 0.964844
6 0.964355 0.320312 0.0380859 0.0444336 0.962402
5 0.318359 0.322754 0.0380859 0.0449219 0.961914
7 0.922852 0.329102 0.0390625 0.0615234 0.958496
0 0.9375 0.485352 0.0566406 0.0419922 0.95752
5 0.332764 0.579102 0.0541992 0.0458984 0.95752
8 0.700195 0.744141 0.0410156 0.046875 0.95752
13 0.914062 0.141144 0.0253906 0.0673218 0.956543
0 0.618164 0.916504 0.0625 0.0439453 0.955566
6 0.0177917 0.671875 0.0354614 0.046875 0.953613
0 0.469727 0.408203 0.0546875 0.0429688 0.953125
0 0.333496 0.75 0.0625 0.0449219 0.952148
10 0.506714 0.905273 0.0373535 0.0664062 0.952148
5 0.462402 0.490723 0.0390625 0.0458984 0.95166
7 0.124084 0.762695 0.0391846 0.0625 0.95166
0 0.971191 0.568359 0.0576172 0.0488281 0.950195
5 0.796875 0.574219 0.0341797 0.0390625 0.949707
5 0.585938 0.236816 0.0390625 0.043457 0.94873
5 0.813477 0.405273 0.0371094 0.0429688 0.947754
11 0.8125 0.899414 0.0371094 0.0644531 0.945312
13 0.29126 0.568359 0.0249023 0.0722656 0.944824
2 0.739258 0.910645 0.03125 0.0458984 0.943848
2 0.802734 0.0705566 0.03125 0.0438232 0.941406
8 0.175537 0.921387 0.0410156 0.0478516 0.939941
8 0.604492 0.405273 0.0380859 0.0439453 0.939453
0 0.762695 0.402344 0.0625 0.0449219 0.936523
7 0.962891 0.244751 0.0371094 0.0568848 0.935547
12 0.882324 0.404053 0.0341797 0.0791016 0.93457
13 0.879883 0.897461 0.0214844 0.0683594 0.93457
0 0.682617 0.153809 0.0800781 0.043457 0.930664
0 0.0774536 0.837891 0.0577393 0.0449219 0.930176
5 0.633789 0.658203 0.0390625 0.0449219 0.929199
12 0.572266 0.3125 0.0390625 0.0634766 0.928711
11 0.455811 0.564453 0.0380859 0.0634766 0.927734
8 0.400879 0.916992 0.0405273 0.0410156 0.924805
18 0.638672 0.0681152 0.0371094 0.0509033 0.924316
18 0.961914 0.90332 0.0390625 0.0527344 0.922852
6 0.4375 0.154053 0.0390625 0.0395508 0.921387
18 0.258362 0.576172 0.0379639 0.0527344 0.919434
0 0.690918 0.914062 0.0615234 0.046875 0.919434
7 0.575684 0.0842438 0.0371094 0.0592957 0.918457
0 0.854492 0.490234 0.0625 0.0478516 0.918457
5 0.983398 0.731445 0.0332031 0.0664062 0.916504
6 0.787598 0.827637 0.0400391 0.0458984 0.910645
6 0.550781 0.663574 0.0361328 0.0449219 0.907227
9 0.634766 0.831543 0.0410156 0.0478516 0.905762
0 0.521973 0.492188 0.0800781 0.046875 0.904785
5 0.922852 0.401611 0.0371094 0.0429688 0.903809
22 0.739258 0.486328 0.0371094 0.0429688 0.90332
9 0.888672 0.824219 0.0371094 0.0429688 0.900391
46 0.728516 0.23877 0.0605469 0.0458984 0.900391
7 0.879883 0.163086 0.0371094 0.0625 0.898926
0 0.104736 0.58252 0.0554199 0.0449219 0.896484
8 0.198486 0.0797272 0.0429688 0.0446472 0.895508
14 0.770508 0.224121 0.0195312 0.0668945 0.89502
14 0.30957 0.48291 0.0205078 0.0654297 0.893066
14 0.290771 0.822754 0.0195312 0.0673828 0.88623
5 0.0522156 0.5 0.0546265 0.0449219 0.884277
5 0.740723 0.732422 0.0380859 0.0654297 0.884277
13 0.0637817 0.406006 0.0230713 0.0629883 0.881836
18 0.883789 0.735352 0.0371094 0.0546875 0.881836
0 0.960938 0.655273 0.078125 0.046875 0.880859
13 0.608398 0.0623779 0.0253906 0.0648193 0.878418
5 0.0284424 0.836914 0.0394897 0.046875 0.878418
8 0.774414 0.913086 0.0371094 0.046875 0.876465
5 0.638184 0.564941 0.0400391 0.0615234 0.872559
12 0.850098 0.646484 0.0371094 0.0664062 0.870605
8 0.358643 0.834961 0.0375977 0.0410156 0.870605
7 0.454346 0.926758 0.0639648 0.0634766 0.870605
21 0.215088 0.932617 0.0375977 0.0585938 0.864258
2 0.012886 0.164795 0.025589 0.043457 0.861328
23 0.59082 0.155029 0.03125 0.0395508 0.85791
22 0.339355 0.496582 0.0341797 0.0400391 0.852051
10 0.592773 0.648438 0.0429688 0.0644531 0.851074
22 0.320557 0.834961 0.0351562 0.0449219 0.848145
13 0.732422 0.141632 0.0214844 0.062439 0.839844
8 0.83252 0.575195 0.0361328 0.0390625 0.837402
13 0.576172 0.978027 0.0185547 0.0439453 0.837402
14 0.106628 0.910156 0.0211182 0.0664062 0.829102
13 0.749512 0.976074 0.0244141 0.0478516 0.827637
5 0.556641 0.914551 0.0576172 0.046875 0.82666
8 0.400879 0.324219 0.0410156 0.0488281 0.825684
24 0.242676 0.464355 0.0390625 0.0224609 0.824219
12 0.305664 0.144989 0.0380859 0.0654907 0.818848
18 0.869141 0.569336 0.0371094 0.0527344 0.817383
6 0.24939 0.242676 0.0358887 0.0444336 0.81543
18 0.945312 0.737305 0.0380859 0.0527344 0.81543
13 0.243042 0.90625 0.0212402 0.0644531 0.810547
46 0.697266 0.831055 0.0605469 0.0507812 0.809082
0 0.302246 0.991211 0.0717773 0.0175781 0.808105
13 0.661133 0.22644 0.0214844 0.0686035 0.806641
22 0.710938 0.404297 0.03125 0.0429688 0.806641
21 0.421875 0.505371 0.0410156 0.0595703 0.805664
9 0.889648 0.655273 0.0371094 0.0429688 0.803223
5 0.833008 0.149902 0.0537109 0.0444336 0.801758
14 0.486816 0.564453 0.0205078 0.0664062 0.801758
14 0.468262 0.144897 0.0205078 0.0634766 0.799316
24 0.44165 0.291016 0.0380859 0.0229492 0.79834
22 0.708008 0.320312 0.0527344 0.046875 0.795898
8 0.848633 0.741211 0.0390625 0.0449219 0.790527
22 0.350342 0.918457 0.0556641 0.0478516 0.786621
13 0.171143 0.982422 0.0175781 0.0351562 0.782715
7 0.791504 0.328613 0.0644531 0.0634766 0.78125
10 0.584473 0.480957 0.0332031 0.0712891 0.778809
22 0.28125 0.665039 0.0332031 0.0449219 0.770508
16 0.0317688 0.415039 0.0388184 0.046875 0.769043
22 0.202881 0.160156 0.034668 0.043457 0.766113
24 0.242798 0.485352 0.0397949 0.0644531 0.766113
13 0.25415 0.739258 0.0195312 0.0664062 0.760742
7 0.792969 0.0137863 0.0341797 0.0275726 0.757812
9 0.273682 0.920898 0.0366211 0.046875 0.751953
5 0.877441 0.0586548 0.0400391 0.0627441 0.749023
22 0.647461 0.320801 0.0371094 0.0449219 0.741699
22 0.248291 0.837891 0.0366211 0.0429688 0.733887
24 0.267334 0.324219 0.0600586 0.043457 0.732422
5 0.0654907 0.668945 0.0531006 0.0458984 0.732422
8 0.0145264 0.584473 0.0290222 0.0458984 0.728027
22 0.135254 0.92041 0.0349121 0.0439453 0.728027
24 0.301758 0.378906 0.0385742 0.0234375 0.725098
5 0.801758 0.741211 0.0566406 0.046875 0.720215
24 0.207275 0.317871 0.0405273 0.0664062 0.692871
6 0.253906 0.158447 0.0581055 0.0432129 0.689453
22 0.339844 0.0755463 0.0566406 0.0403137 0.684082
24 0.606445 0.749023 0.0371094 0.0566406 0.684082
14 0.776367 0.0591736 0.0195312 0.0629272 0.682617
22 0.509277 0.74707 0.0361328 0.0439453 0.680664
10 0.219238 0.741211 0.0385742 0.0605469 0.679199
18 0.916016 0.065979 0.0371094 0.0509033 0.672363
6 0.333008 0.661133 0.0585938 0.0527344 0.660156
6 0.638672 0.23877 0.0625 0.0429688 0.658203
13 0.991211 0.221924 0.0175781 0.0810547 0.658203
22 0.494141 0.833008 0.0351562 0.0429688 0.65332
4 0.247681 0.0704193 0.0568848 0.0610657 0.649414
24 0.20752 0.295898 0.0400391 0.0229492 0.647949
4 0.947754 0.974609 0.0419922 0.0507812 0.633301
8 0.74707 0.828125 0.0390625 0.0488281 0.631836
18 0.717773 0.983887 0.0390625 0.0322266 0.629883
5 0.932617 0.825684 0.0283203 0.0283203 0.62793
12 0.146851 0.403809 0.0388184 0.0634766 0.624512
14 0.548828 0.737305 0.0371094 0.0732422 0.620605
2 0.717773 0.560059 0.0507812 0.0673828 0.615234
21 0.412109 0.845703 0.0722656 0.0625 0.613281
13 0.11615 0.402832 0.0201416 0.0673828 0.611328
10 0.767578 0.561523 0.0449219 0.0644531 0.609375
22 0.616211 0.489258 0.0332031 0.0439453 0.594727
8 0.902344 0.986816 0.0410156 0.0263672 0.594727
12 0.105957 0.981934 0.0349121 0.0361328 0.59082
19 0.848633 0.403809 0.0292969 0.0419922 0.562012
2 0.748535 0.657227 0.0361328 0.0449219 0.560059
24 0.671387 0.026123 0.0546875 0.0522461 0.558105
5 0.803223 0.486328 0.0380859 0.0429688 0.556641
0 0.489258 0.988281 0.0537109 0.0234375 0.544922
24 0.0747681 0.760742 0.0422363 0.0625 0.537109
13 0.991211 0.898438 0.0175781 0.0683594 0.535156
2 0.383789 0.757324 0.0244141 0.0283203 0.521484
18 0.202881 0.494141 0.0371094 0.0458984 0.517578
2 0.0550003 0.246094 0.0562592 0.0454102 0.515625
6 0.914062 0.235107 0.0605469 0.046875 0.507812
