11 0.466797 0.866211 0.0947266 0.143555 0.98877
19 0.818848 0.0961304 0.0654297 0.0911865 0.986816
13 0.755859 0.0692139 0.0488281 0.138428 0.984863
5 0.375977 0.889648 0.0859375 0.101562 0.98291
9 0.151001 0.888672 0.092041 0.103516 0.981934
18 0.175659 0.668945 0.111084 0.139648 0.981445
0 0.792969 0.494873 0.142578 0.0922852 0.981445
12 0.275635 0.868164 0.112793 0.146484 0.97998
27 0.541016 0.911621 0.0615234 0.138672 0.979492
7 0.717773 0.918457 0.164062 0.142578 0.979492
13 0.0814819 0.867188 0.0452881 0.144531 0.972656
6 0.844727 0.294678 0.0976562 0.0922852 0.970703
23 0.133911 0.291565 0.0700684 0.0858154 0.967773
6 0.282959 0.689453 0.097168 0.0888672 0.960449
2 0.90918 0.493164 0.0722656 0.0888672 0.949219
5 0.897461 0.0962067 0.0859375 0.0890808 0.935059
6 0.865234 0.697266 0.148438 0.0957031 0.934082
29 0.109863 0.492188 0.144043 0.175781 0.928223
8 0.0328064 0.0933838 0.0656128 0.0930176 0.898438
2 0.0494385 0.29541 0.098877 0.0888672 0.891602
13 0.914551 0.670898 0.0537109 0.149414 0.882324
4 0.00862122 0.688477 0.0172424 0.115234 0.848145
5 0.936523 0.292419 0.0820312 0.0899658 0.836426
22 0.972656 0.497803 0.0546875 0.0883789 0.834473
23 0.0286865 0.891602 0.0571899 0.0957031 0.801758
4 0.124146 0.085144 0.102539 0.105347 0.789062
27 0.951172 0.875 0.0839844 0.12793 0.789062
4 0.856934 0.888184 0.0976562 0.104492 0.777344
4 0.978516 0.678223 0.0429688 0.140625 0.769043
6 0.214111 0.291504 0.0893555 0.0976562 0.723145
13 0.991699 0.272034 0.0166016 0.142456 0.519531
