0 0.456787 0.652832 0.141113 0.0986328 0.989746
19 0.832031 0.257874 0.0742188 0.0936279 0.98877
18 0.0427551 0.820312 0.0853882 0.140625 0.98584
2 0.127655 0.845215 0.0747681 0.0986328 0.984375
22 0.801758 0.657227 0.0898438 0.0957031 0.98291
9 0.210205 0.838379 0.0864258 0.107422 0.981445
2 0.882812 0.856445 0.0761719 0.0957031 0.981445
4 0.88916 0.0546265 0.0673828 0.109253 0.972656
4 0.887695 0.651367 0.0664062 0.118164 0.971191
7 0.799805 0.0812988 0.0966797 0.128906 0.970215
4 0.982422 0.848145 0.0351562 0.131836 0.968262
8 0.252441 0.646484 0.0996094 0.0957031 0.966797
2 0.958008 0.0588989 0.0761719 0.0983887 0.963867
13 0.942383 0.841797 0.0419922 0.133789 0.963867
21 0.150757 0.666992 0.10498 0.136719 0.963379
2 0.178223 0.0446777 0.074707 0.0893555 0.960449
13 0.821289 0.434326 0.0429688 0.143066 0.958984
2 0.348389 0.649414 0.0732422 0.0976562 0.95752
7 0.335938 0.467285 0.168945 0.132812 0.95752
2 0.930664 0.258545 0.0761719 0.0952148 0.943359
14 0.636719 0.829102 0.0507812 0.144531 0.932617
6 0.481445 0.976562 0.0976562 0.046875 0.928223
2 0.955078 0.660645 0.0703125 0.100586 0.912598
7 0.919434 0.481689 0.15332 0.14209 0.911621
2 0.0443115 0.0445862 0.0869141 0.0890503 0.906738
13 0.995117 0.639648 0.00976562 0.144531 0.879883
27 0.607422 0.981445 0.0410156 0.0371094 0.86084
5 0.55957 0.854492 0.09375 0.0957031 0.847168
10 0.742188 0.23291 0.09375 0.14209 0.841797
11 0.0135193 0.602539 0.0270386 0.167969 0.818848
13 0.110107 0.0459595 0.0441895 0.0919189 0.760742
13 0.40332 0.977539 0.0517578 0.0449219 0.712402
4 0.0138016 0.97168 0.0274506 0.0566406 0.712402
18 0.81543 0.984375 0.0898438 0.03125 0.658203
6 0.0244751 0.240723 0.0488281 0.0913086 0.645996
4 0.345215 0.233887 0.101562 0.108398 0.586914
6 0.44751 0.0471802 0.146973 0.0943604 0.550781
12 0.538574 0.829102 0.132812 0.138672 0.525391
6 0.756348 0.858398 0.0898438 0.0908203 0.523438
