1 0.279358 0.935547 0.0799561 0.126953 0.98584
18 0.375 0.891602 0.0786133 0.138672 0.98291
4 0.163452 0.119263 0.0549316 0.113037 0.982422
2 0.25824 0.716797 0.0675049 0.0898438 0.977539
23 0.0205994 0.330566 0.0411377 0.0839844 0.977051
2 0.159668 0.921387 0.114014 0.0927734 0.955566
13 0.313965 0.692871 0.0419922 0.132812 0.955078
7 0.0891113 0.739258 0.150879 0.128906 0.952637
23 0.219971 0.131317 0.0566406 0.0820923 0.950195
23 0.197021 0.332275 0.0800781 0.0849609 0.937012
14 0.0704956 0.899902 0.0494385 0.143555 0.935059
7 0.353516 0.355469 0.135742 0.134766 0.908691
7 0.0653076 0.157227 0.130615 0.133301 0.901367
21 0.344238 0.543457 0.149414 0.129883 0.898438
6 0.0218201 0.922852 0.0436401 0.0917969 0.881836
6 0.275879 0.12915 0.0458984 0.0908203 0.817383
2 0.251465 0.328613 0.0610352 0.0883789 0.677246
