21 0.0262451 0.399414 0.0522461 0.0585938 0.989258
2 0.0411682 0.130096 0.0341187 0.0479126 0.956055
8 0.0632172 0.741211 0.0420227 0.0449219 0.955078
6 0.241455 0.919922 0.0395508 0.0390625 0.95459
7 0.144409 0.137238 0.0454102 0.059021 0.954102
5 0.112732 0.215698 0.0406494 0.0437012 0.952148
5 0.0233154 0.741699 0.0385132 0.0419922 0.95166
9 0.284668 0.916016 0.0439453 0.0488281 0.947754
7 0.281311 0.310547 0.0643311 0.0620117 0.944824
2 0.133057 0.391602 0.0324707 0.043457 0.943359
12 0.13208 0.555664 0.0522461 0.0761719 0.941895
5 0.195557 0.649902 0.0400391 0.0449219 0.937988
1 0.155151 0.312744 0.0490723 0.0615234 0.934082
13 0.230835 0.115967 0.0209961 0.0698242 0.928711
11 0.199829 0.90625 0.0383301 0.0625 0.92041
12 0.194824 0.119263 0.0507812 0.0751953 0.913086
20 0.119324 0.473145 0.0709229 0.078125 0.913086
22 0.287598 0.125366 0.0449219 0.046875 0.912598
8 0.279785 0.82959 0.0458984 0.0458984 0.909668
0 0.18103 0.38916 0.0622559 0.0410156 0.908691
13 0.0335083 0.0314941 0.0252075 0.0629883 0.898926
5 0.286133 0.21228 0.0419922 0.0463867 0.894043
5 0.165283 0.832031 0.0419922 0.0449219 0.866211
10 0.246826 0.384766 0.0424805 0.0742188 0.84375
5 0.129028 0.0391235 0.0739746 0.0474854 0.820801
14 0.253662 0.116699 0.0229492 0.0678711 0.794434
0 0.137695 0.907227 0.0856934 0.0644531 0.792969
22 0.10437 0.82959 0.0407715 0.0439453 0.790527
2 0.285889 0.390625 0.0341797 0.0478516 0.771973
13 0.206421 0.548828 0.0292969 0.0625 0.766113
2 0.280762 0.477051 0.0361328 0.0444336 0.756348
14 0.134521 0.818359 0.0170898 0.0664062 0.743164
9 0.233643 0.737305 0.0410156 0.046875 0.729492
11 0.146362 0.732422 0.0371094 0.0634766 0.704102
2 0.00966644 0.919922 0.0191193 0.0419922 0.704102
9 0.0237579 0.829102 0.0381165 0.0449219 0.682617
24 0.294922 0.621582 0.0341797 0.0244141 0.660156
13 0.170898 0.986328 0.0205078 0.0273438 0.635254
2 0.078476 0.916016 0.0322571 0.0439453 0.62793
7 0.0105743 0.0447922 0.0210266 0.0605621 0.611328
8 0.287109 0.731445 0.0439453 0.0664062 0.554688
15 0.0285034 0.641602 0.0563354 0.0654297 0.550781
2 0.285645 0.984863 0.0415039 0.0302734 0.537109
13 0.210693 0.981445 0.027832 0.0371094 0.525391
6 0.242432 0.563477 0.0385742 0.0439453 0.515625
13 0.0280151 0.549805 0.0222778 0.0605469 0.507812
10 0.0508423 0.206299 0.0341797 0.0629883 0.505859
