18 0.619141 0.703125 0.117188 0.142578 0.984375
4 0.857422 0.124512 0.078125 0.125732 0.980957
5 0.861328 0.330078 0.0898438 0.0947266 0.97998
7 0.954102 0.356934 0.0917969 0.134766 0.979492
2 0.652344 0.92041 0.0722656 0.0957031 0.979004
4 0.861328 0.722656 0.0712891 0.119141 0.978516
11 0.310059 0.892578 0.0917969 0.138672 0.978516
19 0.964844 0.535645 0.0664062 0.0898438 0.975586
2 0.932129 0.733398 0.0683594 0.09375 0.971191
9 0.736816 0.930176 0.0917969 0.100586 0.970703
14 0.800781 0.70752 0.0478516 0.137695 0.961914
8 0.875977 0.935547 0.0976562 0.101562 0.961914
2 0.967773 0.936035 0.0644531 0.0947266 0.961426
13 0.382812 0.887695 0.0444336 0.161133 0.956055
13 0.960938 0.112061 0.0458984 0.14502 0.949707
0 0.849609 0.53418 0.146484 0.0966797 0.946289
13 0.897461 0.512573 0.0585938 0.140869 0.902832
6 0.186768 0.917969 0.148438 0.0947266 0.762207
13 0.98291 0.724121 0.0341797 0.136719 0.73877
12 0.643066 0.500488 0.125 0.144531 0.728027
27 0.769531 0.309998 0.0820312 0.121216 0.700684
18 0.281982 0.299561 0.137207 0.139648 0.6875
13 0.195312 0.0907593 0.0463867 0.130981 0.609375
19 0.764648 0.127563 0.107422 0.0949707 0.562012
13 0.00862885 0.251404 0.0171051 0.240356 0.548828
