1 0.348145 0.887207 0.0888672 0.137695 0.996094
18 0.948242 0.0665283 0.103516 0.133057 0.989746
18 0.448975 0.848633 0.0952148 0.132812 0.987305
18 0.602539 0.85498 0.0917969 0.12793 0.986328
4 0.248901 0.84668 0.0666504 0.125977 0.98584
18 0.930664 0.262268 0.109375 0.141479 0.984863
8 0.821289 0.276306 0.0927734 0.0987549 0.980957
4 0.857422 0.874512 0.078125 0.125977 0.980469
2 0.132446 0.856445 0.0766602 0.0957031 0.97998
14 0.754395 0.456299 0.0507812 0.145996 0.977539
5 0.881836 0.688477 0.0878906 0.09375 0.977539
6 0.830566 0.48291 0.0947266 0.0947266 0.975586
19 0.467773 0.264099 0.0634766 0.0948486 0.973633
19 0.0891266 0.258362 0.0883484 0.0946045 0.972656
13 0.26178 0.643555 0.0457764 0.134766 0.97168
6 0.928711 0.482422 0.0976562 0.09375 0.971191
6 0.778809 0.681152 0.0976562 0.0966797 0.969727
13 0.683105 0.856445 0.0488281 0.148438 0.966797
13 0.192383 0.841797 0.0415039 0.133789 0.96582
2 0.205811 0.0588074 0.0673828 0.0984497 0.963867
13 0.0716553 0.434082 0.0421143 0.142578 0.961914
13 0.960938 0.862793 0.0458984 0.143555 0.961426
23 0.283264 0.052887 0.0926514 0.101501 0.917969
27 0.962891 0.685547 0.0585938 0.0976562 0.896484
7 0.17038 0.481934 0.155334 0.141602 0.892578
19 0.403564 0.26416 0.0698242 0.09375 0.880859
2 0.202393 0.660156 0.0732422 0.101562 0.875
22 0.993164 0.48584 0.0136719 0.0947266 0.835449
10 0.568848 0.652344 0.078125 0.146484 0.796875
6 0.0256653 0.857422 0.0513306 0.0917969 0.729492
10 0.621094 0.45752 0.0800781 0.144531 0.675781
18 0.0657349 0.983887 0.0914307 0.0322266 0.616699
8 0.837891 0.0640869 0.0976562 0.126221 0.552734
