27 0.163818 0.0826416 0.0551758 0.131348 0.995605
19 0.976562 0.287354 0.046875 0.0834961 0.985352
2 0.817383 0.474121 0.0683594 0.0927734 0.981934
4 0.318604 0.847168 0.0737305 0.105469 0.97998
7 0.964355 0.505371 0.0712891 0.126953 0.979492
5 0.890625 0.0830231 0.0742188 0.0890808 0.978516
2 0.977539 0.682617 0.0449219 0.0878906 0.978516
4 0.878906 0.862305 0.0654297 0.109375 0.978027
2 0.0906982 0.847656 0.0754395 0.09375 0.976074
13 0.141083 0.630859 0.0493774 0.144531 0.971191
5 0.706055 0.867188 0.0898438 0.09375 0.970215
13 0.616211 0.841797 0.046875 0.139648 0.969727
28 0.539062 0.847168 0.104492 0.15918 0.968262
6 0.798828 0.867188 0.0898438 0.0869141 0.966797
12 0.797852 0.0618896 0.101562 0.123291 0.966309
5 0.16452 0.257568 0.0899048 0.0893555 0.96582
2 0.941406 0.871582 0.0585938 0.0869141 0.965332
6 0.624023 0.270508 0.132812 0.0913086 0.959961
2 0.758789 0.666992 0.0703125 0.0908203 0.951172
8 0.342529 0.461914 0.0961914 0.0908203 0.946777
7 0.901367 0.696289 0.0859375 0.123047 0.941406
8 0.967285 0.0910645 0.0654297 0.0898438 0.912598
18 0.228271 0.443115 0.130371 0.120605 0.912598
18 0.234253 0.637695 0.130127 0.125 0.839844
13 0.670898 0.247314 0.0585938 0.144043 0.770508
13 0.00762939 0.228394 0.0152435 0.138916 0.767578
18 0.873535 0.263733 0.136719 0.128784 0.747559
22 0.0206757 0.851074 0.0412903 0.0820312 0.705566
2 0.470703 0.658691 0.0541992 0.0927734 0.679199
4 0.00792694 0.648438 0.0158539 0.0839844 0.663574
6 0.37207 0.651367 0.132324 0.105469 0.596191
6 0.464111 0.456787 0.134277 0.101074 0.583008
