18 0.459961 0.901367 0.109375 0.140625 0.990723
16 0.706055 0.735352 0.103516 0.0898438 0.990234
2 0.257568 0.922852 0.0727539 0.0917969 0.98877
2 0.853516 0.533203 0.0751953 0.0947266 0.987793
2 0.819824 0.336914 0.0732422 0.0888672 0.985352
2 0.477783 0.339355 0.0766602 0.0888672 0.978516
6 0.860352 0.733398 0.0957031 0.0908203 0.978516
8 0.345215 0.921875 0.0966797 0.0957031 0.974121
4 0.166138 0.915039 0.0959473 0.107422 0.973633
2 0.961914 0.336426 0.0712891 0.0917969 0.972656
8 0.0671997 0.922852 0.0953369 0.09375 0.972168
7 0.804688 0.167511 0.103516 0.134705 0.971191
8 0.758789 0.534302 0.0957031 0.0915527 0.970215
23 0.406738 0.3396 0.0654297 0.0869141 0.969727
23 0.533325 0.734375 0.0720215 0.0917969 0.969727
13 0.930664 0.902344 0.0449219 0.142578 0.967285
2 0.954102 0.727539 0.0732422 0.09375 0.964355
16 0.851562 0.935547 0.103516 0.107422 0.963867
23 0.89209 0.337891 0.0673828 0.0869141 0.963379
2 0.604004 0.728516 0.0712891 0.0957031 0.960449
13 0.787109 0.716797 0.0449219 0.146484 0.959473
19 0.969238 0.530396 0.0615234 0.0915527 0.95752
6 0.39502 0.534668 0.145508 0.09375 0.954102
22 0.566406 0.922852 0.0878906 0.0898438 0.944824
2 0.447266 0.143677 0.0722656 0.0974121 0.941895
23 0.376953 0.14563 0.0722656 0.0883789 0.938477
6 0.976562 0.917969 0.046875 0.101562 0.923828
2 0.0083313 0.925781 0.0166626 0.0878906 0.914062
4 0.980469 0.133179 0.0390625 0.109375 0.901855
18 0.317139 0.316895 0.106445 0.132812 0.689453
18 0.445312 0.706543 0.105957 0.140625 0.613281
10 0.935547 0.510742 0.0878906 0.138672 0.575684
10 0.222656 0.121826 0.0913086 0.138184 0.552734
7 0.714355 0.944336 0.135742 0.111328 0.541016
8 0.912109 0.118164 0.0976562 0.140381 0.539062
