24 0.457031 0.705078 0.0410156 0.0546875 0.988281
24 0.397949 0.864258 0.0410156 0.0507812 0.979492
5 0.90625 0.919922 0.0371094 0.0371094 0.970215
13 0.471191 0.84082 0.0205078 0.0683594 0.969238
5 0.607422 0.927734 0.0371094 0.0410156 0.963379
2 0.121704 0.865234 0.0314941 0.0390625 0.962891
7 0.631348 0.856445 0.0410156 0.0537109 0.961914
5 0.555664 0.695312 0.0351562 0.0400391 0.961426
2 0.579102 0.773438 0.0322266 0.0410156 0.961426
2 0.536621 0.774414 0.0371094 0.0390625 0.959961
22 0.304932 0.780273 0.0351562 0.0371094 0.958008
5 0.675781 0.691406 0.0351562 0.0371094 0.953125
9 0.941406 0.682617 0.0390625 0.0410156 0.950684
1 0.0904541 0.952148 0.0378418 0.0537109 0.950684
22 0.888672 0.84375 0.0380859 0.0410156 0.94873
9 0.404297 0.700195 0.0361328 0.0390625 0.946777
2 0.825195 0.922852 0.0273438 0.0371094 0.945801
7 0.202393 0.949219 0.0395508 0.0527344 0.945801
1 0.79541 0.774414 0.0351562 0.0507812 0.944824
2 0.94043 0.762695 0.0351562 0.0390625 0.943848
7 0.300293 0.634766 0.0424805 0.0546875 0.931152
5 0.688477 0.924316 0.0380859 0.0371094 0.931152
13 0.332031 0.610352 0.0214844 0.0683594 0.928711
18 0.415039 0.989746 0.0390625 0.0205078 0.922852
0 0.0601501 0.712402 0.0553589 0.0400391 0.922363
5 0.530762 0.933105 0.0410156 0.0380859 0.920898
23 0.793945 0.920898 0.03125 0.0371094 0.919434
5 0.244751 0.941406 0.0358887 0.0380859 0.918945
2 0.761719 0.763672 0.0292969 0.0351562 0.918457
7 0.927734 0.847656 0.0390625 0.0546875 0.913574
5 0.734375 0.848633 0.0351562 0.0419922 0.913574
9 0.773926 0.844238 0.0361328 0.0400391 0.911133
6 0.672852 0.848145 0.0371094 0.0371094 0.902832
5 0.0787201 0.789062 0.0371399 0.0410156 0.901367
0 0.40332 0.936523 0.0556641 0.0371094 0.899902
5 0.535156 0.618164 0.0351562 0.0410156 0.88623
5 0.805664 0.68457 0.0371094 0.0410156 0.88623
8 0.725586 0.773438 0.0371094 0.0410156 0.883301
6 0.365234 0.699707 0.0361328 0.0380859 0.874023
6 0.570312 0.929199 0.0351562 0.0400391 0.858887
13 0.0159454 0.983398 0.0279236 0.0332031 0.85498
5 0.223267 0.78418 0.036377 0.0410156 0.853027
27 0.441406 0.619141 0.0341797 0.0429688 0.845703
9 0.757324 0.686523 0.0361328 0.0410156 0.831055
1 0.835938 0.853516 0.0390625 0.0527344 0.830078
7 0.321045 0.946289 0.043457 0.0527344 0.829102
5 0.503418 0.854492 0.0341797 0.0390625 0.827637
4 0.639648 0.927246 0.0234375 0.0410156 0.827637
13 0.866699 0.596191 0.0205078 0.0634766 0.811523
6 0.725586 0.924805 0.0351562 0.0390625 0.809082
9 0.858398 0.922363 0.0351562 0.0400391 0.794434
14 0.304199 0.844727 0.0166016 0.0585938 0.790527
10 0.0135498 0.700195 0.0270386 0.0664062 0.779785
14 0.0957031 0.856445 0.0200195 0.0605469 0.73584
14 0.829102 0.978516 0.0234375 0.0429688 0.720215
6 0.162842 0.708008 0.0385742 0.0390625 0.712402
14 0.32373 0.689453 0.0283203 0.0615234 0.705566
4 0.644531 0.692871 0.0234375 0.046875 0.699219
12 0.375488 0.618652 0.0615234 0.078125 0.679199
6 0.83252 0.610352 0.0361328 0.0400391 0.679199
14 0.050293 0.779785 0.0167236 0.0634766 0.677246
4 0.759766 0.921875 0.0273438 0.0449219 0.662109
6 0.279785 0.94043 0.0351562 0.0371094 0.658203
13 0.231201 0.986328 0.0332031 0.0253906 0.642578
2 0.358887 0.934082 0.0302734 0.0371094 0.637207
13 0.512817 0.980957 0.0270996 0.0380859 0.618652
14 0.932617 0.907227 0.0195312 0.0605469 0.605957
10 0.0169678 0.858887 0.0319824 0.0644531 0.581543
6 0.0406494 0.631836 0.0578613 0.0410156 0.560059
14 0.0290527 0.780273 0.0177002 0.0605469 0.554688
9 0.950195 0.987305 0.0361328 0.0253906 0.550781
13 0.692383 0.970703 0.0136719 0.0253906 0.541016
13 0.176392 0.847656 0.0217285 0.0722656 0.539062
9 0.202881 0.865723 0.0366211 0.0439453 0.519531
5 0.718262 0.991699 0.0322266 0.0166016 0.519531
13 0.688477 0.978516 0.0273438 0.0429688 0.505859
