0 0.282166 0.897461 0.115356 0.132812 0.981934
2 0.0678101 0.474121 0.0686035 0.0927734 0.980957
4 0.128693 0.862305 0.0653687 0.109375 0.977051
6 0.0489502 0.867188 0.0891113 0.0869141 0.96875
2 0.191406 0.871094 0.0585938 0.0878906 0.963379
5 0.0144958 0.272461 0.0289612 0.090332 0.868652
27 0.305664 0.660156 0.0751953 0.119141 0.835449
18 0.123535 0.26416 0.136719 0.128418 0.786621
6 0.270569 0.290771 0.134644 0.0878906 0.763672
22 0.00907898 0.460693 0.018158 0.0786133 0.726562
10 0.174805 0.454834 0.0839844 0.135254 0.616699
13 0.974609 0.106689 0.0214844 0.150635 0.581543
10 0.105164 0.649414 0.0858154 0.142578 0.562012
13 0.983398 0.511841 0.0292969 0.14624 0.544922
