2 0.0757446 0.895508 0.0272217 0.0400391 0.993164
21 0.391602 0.574219 0.0380859 0.0576172 0.990234
2 0.0662842 0.402832 0.0258789 0.0400391 0.989746
5 0.0162964 0.402588 0.0324707 0.0415039 0.980957
23 0.262451 0.228516 0.034668 0.0422363 0.979004
2 0.471924 0.223999 0.0327148 0.0478516 0.978516
2 0.141357 0.649902 0.03125 0.0429688 0.977051
7 0.150879 0.578125 0.0351562 0.0605469 0.97168
5 0.500977 0.308838 0.0361328 0.0405273 0.971191
8 0.256775 0.974609 0.0401611 0.046875 0.968262
2 0.625 0.722656 0.0332031 0.046875 0.967285
5 0.153809 0.0650635 0.0397949 0.0449219 0.966797
5 0.248657 0.647461 0.0397949 0.0449219 0.96582
2 0.604492 0.471924 0.03125 0.0478516 0.964355
18 0.537109 0.133911 0.0400391 0.0498047 0.962891
2 0.379395 0.0598145 0.0292969 0.0407715 0.955078
9 0.476562 0.557129 0.0361328 0.0449219 0.955078
6 0.138672 0.232422 0.0419922 0.0390625 0.954102
8 0.344727 0.0604248 0.0410156 0.0443115 0.953125
0 0.653809 0.969727 0.0625 0.0429688 0.951172
5 0.396973 0.728516 0.0371094 0.0429688 0.950684
2 0.061615 0.815918 0.0269165 0.0390625 0.950195
23 0.509766 0.888184 0.0351562 0.0380859 0.949707
5 0.426758 0.970703 0.0390625 0.0429688 0.946289
5 0.363281 0.477539 0.0366211 0.046875 0.943848
0 0.36499 0.973633 0.0620117 0.046875 0.943848
5 0.0849609 0.733887 0.0371094 0.0439453 0.942871
4 0.530273 0.468262 0.0351562 0.0566406 0.941895
5 0.139771 0.976074 0.0375977 0.0449219 0.941895
0 0.19165 0.481445 0.0629883 0.0449219 0.939941
5 0.191406 0.730957 0.0532227 0.0439453 0.939941
5 0.548828 0.96875 0.0371094 0.0429688 0.938965
5 0.577148 0.135132 0.0351562 0.0405273 0.9375
22 0.0635376 0.651367 0.0343018 0.0429688 0.937012
5 0.0909424 0.483398 0.0321045 0.0410156 0.936523
0 0.215088 0.889648 0.0585938 0.046875 0.936035
8 0.341309 0.312012 0.0458984 0.0463867 0.935547
7 0.0986328 0.977539 0.0373535 0.0429688 0.93457
0 0.0476379 0.96875 0.059021 0.0605469 0.932617
13 0.182129 0.557617 0.0219727 0.0664062 0.928711
0 0.350586 0.810547 0.0634766 0.0449219 0.927734
18 0.507324 0.96582 0.0380859 0.0527344 0.924316
2 0.451172 0.726562 0.0263672 0.0429688 0.921387
5 0.418457 0.888672 0.0410156 0.0390625 0.918457
1 0.416992 0.816895 0.0419922 0.0634766 0.913086
2 0.395752 0.645508 0.0493164 0.0390625 0.911621
0 0.0236816 0.814941 0.0471191 0.0410156 0.911133
5 0.270752 0.144257 0.0375977 0.0435181 0.908203
14 0.240479 0.133423 0.0219727 0.0646973 0.905273
18 0.538086 0.802734 0.0390625 0.0517578 0.905273
0 0.60498 0.88916 0.0576172 0.0390625 0.905273
2 0.300781 0.729492 0.03125 0.0429688 0.902832
22 0.36377 0.891602 0.0351562 0.0410156 0.899902
6 0.460693 0.810547 0.0375977 0.0410156 0.894043
0 0.341309 0.556641 0.0654297 0.0566406 0.888184
10 0.197632 0.800781 0.0339355 0.0644531 0.879883
12 0.578125 0.379395 0.0371094 0.0673828 0.878906
9 0.278809 0.561523 0.0371094 0.046875 0.875977
0 0.455566 0.644043 0.0673828 0.046875 0.870605
6 0.0420227 0.150879 0.0383911 0.0424805 0.868164
24 0.621094 0.648438 0.0390625 0.0615234 0.864258
2 0.660645 0.626953 0.0371094 0.0615234 0.863281
13 0.566406 0.875977 0.0195312 0.0605469 0.862305
22 0.655762 0.388184 0.0361328 0.0419922 0.861328
5 0.500488 0.807617 0.0380859 0.0449219 0.855957
14 0.0120697 0.224365 0.0157166 0.0644531 0.85498
23 0.0540466 0.320068 0.0342407 0.0419922 0.851074
8 0.0986328 0.403076 0.0373535 0.0380859 0.848145
2 0.220215 0.974609 0.0327148 0.046875 0.839844
22 0.348633 0.646484 0.0332031 0.0439453 0.835449
13 0.33374 0.466553 0.0224609 0.065918 0.833496
22 0.518555 0.222778 0.0361328 0.0441895 0.831055
18 0.29248 0.309082 0.0541992 0.0546875 0.819824
21 0.45166 0.152344 0.0507812 0.0617676 0.818848
2 0.466064 0.888672 0.0512695 0.0371094 0.813965
10 0.658691 0.124634 0.0410156 0.0646973 0.792969
14 0.629883 0.462891 0.0234375 0.0644531 0.788086
11 0.297119 0.0516968 0.0537109 0.0667725 0.785156
4 0.282471 0.642578 0.0307617 0.0566406 0.785156
14 0.203857 0.555176 0.019043 0.0644531 0.78418
11 0.279785 0.882812 0.0546875 0.0644531 0.78418
14 0.072998 0.139862 0.0197754 0.0650024 0.774414
6 0.113647 0.149414 0.0539551 0.0473633 0.764648
18 0.103516 0.80957 0.0532227 0.0507812 0.757812
22 0.229736 0.812988 0.0336914 0.0410156 0.756348
7 0.615234 0.147003 0.0400391 0.0595093 0.753418
13 0.36377 0.71875 0.0224609 0.0644531 0.751953
14 0.317139 0.880859 0.0205078 0.0634766 0.746094
0 0.0372925 0.570312 0.074585 0.0449219 0.733887
22 0.299316 0.227783 0.034668 0.0439453 0.732422
10 0.578613 0.29541 0.0361328 0.0649414 0.725098
22 0.140625 0.894531 0.0336914 0.0429688 0.716797
8 0.150879 0.816895 0.0390625 0.0410156 0.704102
23 0.453857 0.0578918 0.0249023 0.0385132 0.702637
5 0.105469 0.569824 0.0541992 0.0439453 0.702637
13 0.477539 0.0385132 0.0214844 0.0770264 0.6875
6 0.467773 0.973633 0.0410156 0.046875 0.662109
5 0.0156555 0.487305 0.031311 0.0449219 0.651367
7 0.539062 0.327637 0.0380859 0.0849609 0.649414
11 0.354004 0.383545 0.03125 0.0639648 0.640625
2 0.635254 0.29248 0.0341797 0.0634766 0.602051
7 0.52832 0.063858 0.0449219 0.0644226 0.569824
9 0.437012 0.390625 0.0351562 0.0458984 0.560059
14 0.609375 0.293213 0.0195312 0.0673828 0.53125
2 0.323242 0.383545 0.0341797 0.0634766 0.527344
18 0.335449 0.725586 0.0380859 0.0585938 0.527344
6 0.228149 0.31543 0.0700684 0.0478516 0.517578
14 0.223389 0.556641 0.0195312 0.0673828 0.515625
23 0.541992 0.885742 0.0273438 0.0390625 0.515625
