23 0.717773 0.330566 0.0800781 0.0908203 0.991211
23 0.399658 0.726562 0.0727539 0.09375 0.989746
7 0.122986 0.9375 0.11145 0.125 0.988281
0 0.895508 0.730469 0.139648 0.0996094 0.987793
23 0.796875 0.333496 0.0712891 0.0947266 0.974609
9 0.673828 0.922363 0.0908203 0.108398 0.974609
23 0.548828 0.925781 0.0664062 0.0898438 0.972656
6 0.92334 0.532227 0.0947266 0.0966797 0.972168
5 0.850586 0.926758 0.0859375 0.0976562 0.971191
13 0.75293 0.110718 0.0488281 0.145752 0.96875
0 0.0670166 0.728027 0.134033 0.103516 0.967773
7 0.819336 0.550781 0.101562 0.135742 0.966797
5 0.825684 0.133179 0.0898438 0.0969238 0.962402
22 0.874023 0.332031 0.0859375 0.0927734 0.961914
13 0.606445 0.898438 0.0410156 0.140625 0.961914
6 0.943359 0.927734 0.0957031 0.0957031 0.961426
5 0.0270538 0.931641 0.0540466 0.0957031 0.944824
5 0.984375 0.725586 0.03125 0.0976562 0.94043
22 0.282959 0.923828 0.0874023 0.0908203 0.938965
4 0.924805 0.117798 0.107422 0.126709 0.934082
5 0.989258 0.527832 0.0214844 0.0996094 0.921875
13 0.308105 0.306213 0.0400391 0.137573 0.916016
10 0.181885 0.699219 0.0908203 0.142578 0.855957
6 0.0709839 0.134064 0.141968 0.0980835 0.794434
14 0.990234 0.109924 0.0195312 0.13562 0.782715
6 0.581055 0.131714 0.0527344 0.0966797 0.73877
2 0.696289 0.526855 0.0742188 0.0996094 0.737305
27 0.954102 0.333496 0.0595703 0.0996094 0.649414
5 0.538574 0.726074 0.0986328 0.0957031 0.615234
