1 0.744141 0.933594 0.0839844 0.128906 0.996582
16 0.951172 0.310059 0.0976562 0.0908203 0.986328
19 0.253967 0.713867 0.0633545 0.0898438 0.986328
0 0.394775 0.915527 0.14502 0.0898438 0.98584
8 0.837891 0.112 0.0976562 0.0919189 0.984863
0 0.891602 0.513794 0.138672 0.0915527 0.983398
2 0.643066 0.90918 0.0742188 0.0947266 0.981445
18 0.972656 0.898438 0.0546875 0.132812 0.979004
2 0.75 0.113037 0.0732422 0.0947266 0.978516
18 0.620117 0.0939331 0.09375 0.125122 0.977051
5 0.273438 0.912109 0.0898438 0.0898438 0.971191
23 0.322266 0.712891 0.0727539 0.0820312 0.966309
22 0.8125 0.311035 0.0878906 0.0898438 0.963379
6 0.982422 0.509277 0.0351562 0.0898438 0.956543
13 0.912109 0.0895996 0.046875 0.137695 0.9375
7 0.483154 0.546875 0.101074 0.143555 0.932129
22 0.515137 0.115356 0.0908203 0.0888672 0.930176
5 0.773438 0.511841 0.0878906 0.0915527 0.896973
6 0.867188 0.913086 0.148438 0.0957031 0.889648
16 0.976562 0.114868 0.046875 0.0869141 0.888672
22 0.515137 0.913574 0.0771484 0.0859375 0.757812
24 0.34082 0.529175 0.0771484 0.125244 0.588867
