16 0.37207 0.828613 0.097168 0.0908203 0.991211
11 0.753906 0.961914 0.0947266 0.0761719 0.987305
2 0.854004 0.816406 0.0732422 0.0957031 0.98584
27 0.636719 0.251892 0.0527344 0.133911 0.979492
23 0.926758 0.821289 0.0703125 0.0917969 0.974121
0 0.435547 0.632812 0.136719 0.0976562 0.970215
4 0.357422 0.430176 0.0683594 0.109863 0.969727
1 0.56543 0.256409 0.0878906 0.133667 0.968262
6 0.766113 0.620117 0.140625 0.0976562 0.966797
6 0.772461 0.423828 0.0878906 0.0878906 0.959473
13 0.444824 0.803223 0.0400391 0.139648 0.94873
22 0.959961 0.22522 0.0800781 0.0925293 0.941895
0 0.490479 0.989258 0.193848 0.0214844 0.863281
2 0.425049 0.431152 0.0698242 0.09375 0.839844
5 0.873047 0.395508 0.0917969 0.143555 0.837402
13 0.822266 0.962891 0.0410156 0.0742188 0.792969
18 0.537964 0.810547 0.125244 0.119141 0.785156
18 0.851562 0.209961 0.136719 0.125 0.73877
9 0.659668 0.962891 0.09375 0.0742188 0.73584
6 0.98291 0.817383 0.0341797 0.0859375 0.730957
4 0.359375 0.979492 0.0693359 0.0410156 0.712402
4 0.960938 0.410156 0.078125 0.106445 0.694336
5 0.98584 0.336914 0.0283203 0.0283203 0.563965
6 0.917969 0.616211 0.152344 0.0996094 0.562012
6 0.669922 0.81543 0.134766 0.105469 0.558105
2 0.431396 0.989258 0.0761719 0.0214844 0.541016
