2 0.0793457 0.146484 0.0288086 0.0371094 0.977051
5 0.202759 0.138672 0.0366211 0.0380859 0.972656
2 0.54248 0.361084 0.0332031 0.0385742 0.96582
13 0.478027 0.271973 0.0200195 0.065918 0.965332
2 0.96582 0.185425 0.0341797 0.0388184 0.963379
5 0.19397 0.0620117 0.0371094 0.0386963 0.960938
2 0.197998 0.376465 0.0305176 0.0385742 0.958008
18 0.926758 0.0951538 0.0449219 0.0631104 0.955078
2 0.471924 0.36377 0.0317383 0.0390625 0.953125
0 0.910156 0.031929 0.0566406 0.0413666 0.951172
7 0.723633 0.361816 0.0429688 0.0546875 0.949707
5 0.494629 0.126465 0.0351562 0.0395508 0.947754
5 0.351074 0.211548 0.0390625 0.0388184 0.945801
6 0.387695 0.446289 0.0390625 0.0371094 0.942383
0 0.753906 0.431396 0.0566406 0.0390625 0.941406
22 0.709473 0.19873 0.0351562 0.0390625 0.94043
11 0.253357 0.125458 0.0616455 0.062561 0.935059
5 0.47583 0.207031 0.0371094 0.0395508 0.935059
5 0.398438 0.0513229 0.0371094 0.0401764 0.934082
2 0.80127 0.430664 0.0302734 0.0400391 0.928711
2 0.135498 0.380371 0.0307617 0.0361328 0.927246
5 0.288574 0.293945 0.0371094 0.0380859 0.926758
22 0.881348 0.112061 0.0371094 0.0385742 0.924316
5 0.88623 0.34668 0.0371094 0.0400391 0.920898
11 0.265137 0.444824 0.0385742 0.0634766 0.920898
0 0.830078 0.113586 0.0546875 0.0404053 0.913574
13 0.846191 0.259705 0.0234375 0.0645752 0.89502
5 0.913086 0.266602 0.0371094 0.0424805 0.89502
0 0.0993652 0.222656 0.057373 0.0419922 0.892578
18 0.373047 0.282715 0.0419922 0.0537109 0.880859
9 0.350586 0.13327 0.0361328 0.0386353 0.878418
2 0.785156 0.192871 0.0292969 0.0393066 0.874023
29 0.641602 0.2771 0.0625 0.0825195 0.869629
11 0.227539 0.207031 0.0395508 0.0625 0.858887
6 0.436279 0.366211 0.0356445 0.0410156 0.856934
22 0.422607 0.0996704 0.03125 0.0297852 0.853027
5 0.796875 0.0343018 0.0371094 0.0406494 0.852051
6 0.615234 0.123779 0.0410156 0.0358887 0.849121
22 0.172485 0.460693 0.0354004 0.0395508 0.848145
2 0.78125 0.27417 0.0351562 0.0385742 0.834473
8 0.666016 0.197998 0.0371094 0.0400391 0.817383
22 0.970703 0.424805 0.0351562 0.0415039 0.813965
13 0.981445 0.331543 0.0214844 0.0693359 0.803223
2 0.136963 0.457031 0.03125 0.0380859 0.791992
11 0.402832 0.19812 0.0625 0.0615234 0.790527
6 0.0820312 0.0661011 0.0378418 0.0386963 0.78418
7 0.713867 0.126709 0.0654297 0.0568848 0.78418
9 0.47998 0.0478821 0.034668 0.0380249 0.782715
10 0.755371 0.182861 0.0517578 0.0666504 0.777344
2 0.292236 0.368652 0.0498047 0.0458984 0.773438
2 0.296875 0.135254 0.0234375 0.0388184 0.762207
18 0.345215 0.436035 0.0458984 0.0673828 0.760742
13 0.724609 0.0289307 0.0175781 0.057251 0.757812
13 0.257751 0.283936 0.0206299 0.0629883 0.743164
2 0.76416 0.349609 0.0292969 0.0361328 0.740234
2 0.230225 0.296875 0.03125 0.0380859 0.729492
13 0.892578 0.179199 0.0214844 0.0720215 0.720215
4 0.8125 0.191284 0.0234375 0.0476074 0.713867
9 0.960449 0.0294647 0.0400391 0.039093 0.70752
8 0.848633 0.350586 0.0351562 0.0390625 0.705566
12 0.480469 0.434814 0.0634766 0.0712891 0.704102
14 0.572266 0.113403 0.0175781 0.0583496 0.692871
4 0.0181885 0.464355 0.03125 0.0458984 0.689453
21 0.660156 0.06073 0.046875 0.0792236 0.684082
0 0.172363 0.299805 0.0405273 0.0395508 0.682617
24 0.703125 0.039978 0.0351562 0.0366211 0.673828
13 0.969727 0.0987549 0.0371094 0.0646973 0.673828
13 0.341309 0.0203896 0.0146484 0.0168381 0.672363
10 0.856445 0.179443 0.0390625 0.065918 0.672363
10 0.470459 0.116699 0.0341797 0.0605469 0.654785
24 0.522461 0.0499573 0.0449219 0.0407104 0.65332
10 0.53418 0.430664 0.0292969 0.0693359 0.644043
6 0.588867 0.360107 0.0410156 0.0385742 0.642578
8 0.751465 0.0383606 0.0380859 0.034729 0.624512
21 0.0200806 0.234131 0.0397949 0.0576172 0.615234
22 0.00606537 0.38623 0.0120697 0.0458984 0.594727
24 0.289795 0.21582 0.0493164 0.0390625 0.586914
18 0.849609 0.0284119 0.0605469 0.0504761 0.575684
13 0.972656 0.252686 0.0195312 0.0625 0.569824
23 0.166504 0.381836 0.0297852 0.0390625 0.562012
7 0.554199 0.444824 0.0400391 0.0585938 0.537109
