2 0.200317 0.0796509 0.0302734 0.0435791 0.984863
4 0.226074 0.614258 0.0322266 0.0507812 0.97998
5 0.287109 0.884766 0.0400391 0.0429688 0.97998
5 0.579102 0.791992 0.0371094 0.0449219 0.977051
5 0.608398 0.434082 0.0390625 0.0449219 0.976562
2 0.75293 0.170898 0.0332031 0.0424805 0.975098
2 0.743164 0.614258 0.0332031 0.0488281 0.97168
22 0.363037 0.708984 0.0405273 0.046875 0.970703
5 0.271729 0.708984 0.0390625 0.0449219 0.970703
7 0.493652 0.446289 0.0429688 0.0585938 0.96875
13 0.958984 0.693359 0.0205078 0.0664062 0.966797
5 0.0433655 0.882812 0.0370483 0.0449219 0.966309
2 0.956055 0.883789 0.03125 0.0439453 0.966309
21 0.181763 0.719238 0.041748 0.0615234 0.965332
11 0.515137 0.786133 0.0410156 0.0664062 0.964355
5 0.265869 0.52832 0.0375977 0.0410156 0.963867
4 0.408691 0.17041 0.0302734 0.0541992 0.963379
2 0.449463 0.615234 0.0332031 0.0439453 0.962402
10 0.128387 0.787109 0.0405884 0.0625 0.962402
18 0.919922 0.34082 0.0429688 0.0576172 0.961426
5 0.324707 0.797363 0.0410156 0.0439453 0.960938
1 0.888672 0.269531 0.0429688 0.0605469 0.960449
5 0.483887 0.884766 0.0410156 0.0449219 0.95752
5 0.781738 0.887207 0.0400391 0.0410156 0.955566
7 0.0117188 0.890137 0.0233765 0.0576172 0.95459
11 0.950195 0.156616 0.0390625 0.0615234 0.953613
8 0.703125 0.614746 0.0439453 0.0478516 0.95166
5 0.220947 0.259277 0.0400391 0.0410156 0.95166
22 0.661133 0.612305 0.0371094 0.0429688 0.951172
4 0.401855 0.790039 0.0292969 0.0507812 0.950684
24 0.411133 0.0512085 0.0400391 0.020874 0.948242
7 0.22229 0.537109 0.046875 0.0605469 0.946777
0 0.722656 0.701172 0.0800781 0.0507812 0.946289
12 0.905273 0.43335 0.0507812 0.0766602 0.944824
7 0.0897827 0.0906372 0.0428467 0.0596924 0.941895
2 0.730957 0.258789 0.0302734 0.0429688 0.941895
14 0.297607 0.516602 0.0229492 0.0634766 0.941895
18 0.865234 0.874023 0.0390625 0.0585938 0.941895
6 0.82373 0.884766 0.0400391 0.0449219 0.940918
18 0.247925 0.428223 0.0432129 0.0576172 0.938477
5 0.613281 0.522461 0.0390625 0.0449219 0.9375
2 0.871582 0.345703 0.0322266 0.0424805 0.936523
2 0.728516 0.974609 0.0351562 0.0498047 0.936523
2 0.052124 0.0810699 0.0305176 0.0426941 0.936035
6 0.134644 0.0825195 0.0427246 0.0412598 0.935547
9 0.730469 0.882324 0.0410156 0.0488281 0.931152
1 0.430176 0.977051 0.0419922 0.0458984 0.930664
22 0.695801 0.524414 0.0400391 0.0429688 0.930176
6 0.20166 0.795898 0.0390625 0.0429688 0.929199
2 0.437988 0.172485 0.0283203 0.0488281 0.928223
5 0.578125 0.61377 0.0371094 0.0458984 0.927734
9 0.127319 0.349121 0.041748 0.0444336 0.924805
14 0.478271 0.60498 0.0209961 0.0664062 0.924805
5 0.187134 0.970703 0.0432129 0.0449219 0.924805
20 0.162598 0.879883 0.0666504 0.0820312 0.924316
7 0.640625 0.976562 0.046875 0.046875 0.923828
6 0.47583 0.349854 0.0429688 0.0439453 0.922363
9 0.825684 0.790039 0.0380859 0.046875 0.921875
0 0.252014 0.795898 0.0594482 0.0429688 0.920898
4 0.813477 0.701172 0.03125 0.046875 0.92041
5 0.767578 0.258789 0.0410156 0.0449219 0.919434
23 0.575195 0.257263 0.0332031 0.0450439 0.918457
7 0.893555 0.62207 0.0498047 0.0605469 0.91748
24 0.375 0.175537 0.0351562 0.0566406 0.916504
13 0.0449219 0.337891 0.0219727 0.0722656 0.916504
0 0.961914 0.437012 0.0576172 0.0419922 0.915527
23 0.692383 0.976562 0.0332031 0.0449219 0.915039
7 0.666016 0.0151825 0.0429688 0.030365 0.913574
8 0.939453 0.793945 0.0429688 0.0449219 0.913574
6 0.0383301 0.793945 0.0380859 0.0410156 0.913574
5 0.531738 0.522949 0.0380859 0.0449219 0.913086
14 0.335938 0.607422 0.0214844 0.0625 0.913086
22 0.808594 0.435547 0.0390625 0.0405273 0.912598
6 0.76709 0.4375 0.0419922 0.0429688 0.910645
6 0.365723 0.797852 0.0410156 0.0439453 0.909668
0 0.476562 0.0772095 0.0634766 0.0509033 0.908691
0 0.0832672 0.171021 0.0602722 0.0456543 0.908691
4 0.236572 0.704102 0.0292969 0.0488281 0.908691
4 0.364746 0.879883 0.0288086 0.0507812 0.907227
4 0.279297 0.0754242 0.0361328 0.058136 0.906738
8 0.465332 0.523926 0.0429688 0.0458984 0.906738
5 0.918945 0.975586 0.0410156 0.046875 0.90332
6 0.0415955 0.618164 0.0431519 0.0449219 0.901855
13 0.897461 0.874023 0.0234375 0.0664062 0.901367
5 0.663086 0.798828 0.0390625 0.0449219 0.900391
0 0.390137 0.608398 0.0625 0.0634766 0.896973
13 0.674805 0.425781 0.0253906 0.0683594 0.896484
5 0.518555 0.977051 0.0449219 0.0439453 0.895508
24 0.600586 0.709961 0.0488281 0.0585938 0.894043
0 0.82666 0.247803 0.0644531 0.0649414 0.890137
8 0.230469 0.970703 0.0429688 0.0449219 0.889648
9 0.113281 0.970703 0.0410156 0.046875 0.887207
5 0.915039 0.0819244 0.0410156 0.0451355 0.879883
2 0.668945 0.258362 0.03125 0.0447998 0.878418
23 0.699707 0.258545 0.03125 0.043457 0.875977
6 0.218994 0.883789 0.0429688 0.0439453 0.875977
2 0.456299 0.436035 0.0292969 0.0458984 0.875
22 0.853516 0.974609 0.0400391 0.0449219 0.874023
9 0.848145 0.436035 0.0371094 0.0439453 0.873047
7 0.775391 0.976562 0.0429688 0.046875 0.873047
6 0.729492 0.350098 0.0410156 0.0439453 0.864258
2 0.0793457 0.709961 0.0256348 0.0449219 0.864258
4 0.170898 0.0765533 0.0292969 0.0500183 0.863281
2 0.505005 0.616211 0.0310059 0.0488281 0.862305
22 0.419678 0.260193 0.0375977 0.0421143 0.854004
10 0.57373 0.513184 0.0410156 0.0664062 0.849121
22 0.564453 0.080307 0.0410156 0.045929 0.844727
2 0.681641 0.88623 0.0566406 0.046875 0.844727
2 0.90625 0.524414 0.0410156 0.0449219 0.841797
4 0.807617 0.343994 0.0292969 0.0551758 0.84082
23 0.0493469 0.70752 0.0315552 0.0429688 0.84082
0 0.887695 0.158447 0.0859375 0.0615234 0.834473
14 0.610352 0.783203 0.0234375 0.0644531 0.834473
6 0.0164185 0.969727 0.0327148 0.046875 0.833496
4 0.574219 0.430664 0.0273438 0.0507812 0.831055
13 0.632324 0.781738 0.0224609 0.0732422 0.808105
8 0.328125 0.883789 0.0410156 0.0449219 0.800781
14 0.884766 0.0686646 0.0175781 0.0653076 0.795898
22 0.158936 0.524414 0.0383301 0.0390625 0.790527
22 0.94043 0.614258 0.0390625 0.0449219 0.785156
7 0.211182 0.0150146 0.0449219 0.0299988 0.78418
4 0.130127 0.168945 0.026123 0.0463867 0.779785
23 0.191284 0.166382 0.0297852 0.0415039 0.779785
22 0.322266 0.975586 0.0351562 0.0458984 0.777344
6 0.512695 0.166992 0.0595703 0.0458984 0.775879
1 0.723633 0.442383 0.0400391 0.0654297 0.775879
1 0.407471 0.894531 0.0400391 0.0605469 0.769043
6 0.186035 0.619141 0.0437012 0.0429688 0.764648
9 0.774414 0.0791016 0.0361328 0.0457764 0.756348
14 0.0720367 0.87207 0.0219421 0.0605469 0.750488
6 0.987305 0.346191 0.0224609 0.0458984 0.741699
2 0.960938 0.348877 0.0273438 0.043457 0.737305
23 0.425781 0.436523 0.0302734 0.0419922 0.73584
22 0.854492 0.0795288 0.0400391 0.0437012 0.732422
24 0.401123 0.675781 0.0356445 0.0234375 0.732422
10 0.461426 0.786133 0.0498047 0.0644531 0.728027
10 0.856445 0.691895 0.0361328 0.0644531 0.716797
10 0.536133 0.0710297 0.0380859 0.0664368 0.70752
1 0.133514 0.0155945 0.0391235 0.031189 0.700684
10 0.851074 0.337402 0.0351562 0.065918 0.700684
1 0.0395203 0.016449 0.0413208 0.0328979 0.697754
4 0.638672 0.255127 0.0253906 0.0527344 0.6875
2 0.1604 0.170288 0.03125 0.0456543 0.679199
23 0.81543 0.974609 0.0351562 0.0429688 0.679199
9 0.311523 0.257385 0.0400391 0.0477295 0.656738
8 0.770996 0.347656 0.0449219 0.0454102 0.65332
46 0.290039 0.617188 0.0732422 0.0449219 0.649414
11 0.987305 0.249512 0.0253906 0.0625 0.647949
13 0.618652 0.691406 0.0146484 0.0703125 0.644043
6 0.239624 0.16626 0.0583496 0.0454102 0.638672
5 0.0107574 0.704102 0.0214539 0.0449219 0.638672
4 0.253662 0.878418 0.0263672 0.0556641 0.638672
1 0.719727 0.790039 0.0449219 0.0820312 0.633301
46 0.612305 0.885742 0.0742188 0.0449219 0.624512
27 0.441406 0.893066 0.0253906 0.0644531 0.607422
5 0.995605 0.793945 0.00878906 0.0449219 0.605957
6 0.985352 0.169312 0.0292969 0.0422363 0.586914
13 0.961914 0.246338 0.0253906 0.0673828 0.584961
10 0.161499 0.960938 0.0383301 0.0683594 0.575684
2 0.816406 0.156494 0.0546875 0.0632324 0.57373
24 0.16333 0.80127 0.0302734 0.0517578 0.562012
2 0.828125 0.165771 0.0332031 0.0444336 0.552734
4 0.865234 0.521973 0.0292969 0.0507812 0.552734
22 0.985352 0.707031 0.0292969 0.0410156 0.542969
8 0.0136108 0.259766 0.0272217 0.0410156 0.537109
23 0.923828 0.885254 0.03125 0.0419922 0.53125
13 0.105225 0.87207 0.0466309 0.0625 0.529297
6 0.471924 0.976562 0.0385742 0.0449219 0.521484
2 0.87793 0.698242 0.03125 0.0488281 0.511719
6 0.941406 0.255371 0.0595703 0.0512695 0.507812
10 0.458496 0.695801 0.0683594 0.0673828 0.507812
10 0.96875 0.963867 0.0605469 0.0664062 0.507812
5 0.856445 0.00658417 0.0390625 0.0131683 0.503906
5 0.0586548 0.525391 0.0666504 0.046875 0.503906
6 0.774414 0.791016 0.0585938 0.046875 0.503906
14 0.0222626 0.339844 0.0211487 0.0644531 0.501953
