21 0.608398 0.461914 0.0439453 0.0595703 0.990234
2 0.179688 0.310547 0.0332031 0.0371094 0.983398
2 0.111206 0.309814 0.0290527 0.0371094 0.981934
7 0.699219 0.304688 0.0429688 0.0537109 0.974609
7 0.234985 0.236328 0.0817871 0.0556641 0.973633
5 0.126953 0.469238 0.0380859 0.0405273 0.972656
5 0.854492 0.44873 0.0351562 0.0410156 0.969727
2 0.113037 0.0751953 0.0305176 0.036377 0.968262
0 0.590332 0.137451 0.0546875 0.0393066 0.963867
5 0.758789 0.136719 0.0351562 0.0390625 0.962402
5 0.640625 0.217529 0.0332031 0.0366211 0.960449
13 0.880859 0.279785 0.0205078 0.0634766 0.959961
18 0.868164 0.0423889 0.0449219 0.0585327 0.959473
21 0.039856 0.242432 0.0556641 0.0571289 0.957031
5 0.130981 0.151489 0.0356445 0.0410156 0.952637
0 0.274414 0.145996 0.059082 0.0380859 0.942871
7 0.853516 0.219482 0.0371094 0.0551758 0.942383
7 0.0584106 0.321777 0.0423584 0.0576172 0.938965
5 0.635742 0.136963 0.0351562 0.0385742 0.932129
29 0.839355 0.288574 0.0585938 0.0800781 0.931641
2 0.524414 0.299316 0.03125 0.0390625 0.930664
5 0.382812 0.221313 0.0351562 0.0388184 0.928223
0 0.637695 0.295898 0.078125 0.0400391 0.924805
2 0.961426 0.208008 0.0292969 0.0390625 0.918457
24 0.320068 0.225952 0.0424805 0.0427246 0.918457
0 0.113037 0.385986 0.0541992 0.0429688 0.916504
13 0.902344 0.0372314 0.0253906 0.0743408 0.911621
13 0.951172 0.118591 0.0175781 0.0665283 0.908691
0 0.805664 0.44873 0.0556641 0.0410156 0.901367
22 0.605957 0.0635986 0.0400391 0.0421143 0.898926
7 0.266846 0.0787354 0.0864258 0.0614014 0.892578
8 0.824219 0.055542 0.0351562 0.0380859 0.891602
6 0.490234 0.298096 0.0332031 0.0395508 0.873047
13 0.63623 0.363281 0.0175781 0.0625 0.867188
22 0.498047 0.216797 0.0683594 0.0371094 0.86084
8 0.939453 0.0523682 0.0380859 0.041748 0.855957
2 0.187012 0.384521 0.0297852 0.0385742 0.84375
21 0.083313 0.474121 0.0511475 0.0673828 0.842773
24 0.42627 0.22522 0.046875 0.0510254 0.837402
9 0.842773 0.133514 0.0351562 0.038147 0.833496
46 0.323975 0.378906 0.0839844 0.0458984 0.824219
2 0.409668 0.460938 0.0380859 0.0458984 0.809082
7 0.412109 0.307129 0.0673828 0.0546875 0.808105
23 0.16394 0.151855 0.029541 0.0395508 0.792969
7 0.751465 0.224976 0.0419922 0.0549316 0.791992
2 0.726562 0.0599365 0.0292969 0.0367432 0.785156
2 0.262695 0.382812 0.03125 0.0380859 0.78125
12 0.342285 0.0582275 0.0595703 0.0670166 0.762207
24 0.163574 0.226807 0.0576172 0.078125 0.747559
2 0.803711 0.215088 0.0585938 0.0380859 0.732422
23 0.717773 0.372314 0.03125 0.0371094 0.715332
6 0.0662842 0.154907 0.0369873 0.0368652 0.713867
4 0.100098 0.151367 0.0266113 0.0429688 0.708984
8 0.675293 0.136749 0.0400391 0.0477905 0.695801
2 0.976074 0.207642 0.0478516 0.0432129 0.679199
2 0.983887 0.445312 0.0322266 0.0400391 0.679199
12 0.345459 0.290527 0.0454102 0.0712891 0.677246
2 0.182495 0.0666656 0.03125 0.0509949 0.67041
6 0.847656 0.368164 0.0371094 0.0429688 0.662109
13 0.00787354 0.45752 0.0157471 0.0717773 0.660156
4 0.143066 0.0724487 0.0263672 0.0418701 0.645996
6 0.49707 0.136261 0.0400391 0.0443726 0.625977
13 0.970215 0.274414 0.0224609 0.0688477 0.625977
46 0.317871 0.459473 0.0839844 0.0449219 0.605957
21 0.233154 0.392334 0.0625 0.0576172 0.558105
23 0.698242 0.05896 0.03125 0.0362549 0.550781
9 0.978027 0.129028 0.0371094 0.0388184 0.541016
4 0.879883 0.368164 0.0253906 0.0449219 0.535156
13 0.0479736 0.455078 0.0206299 0.0742188 0.535156
4 0.575195 0.295654 0.0283203 0.046875 0.53125
13 0.916992 0.199585 0.0351562 0.0617676 0.509766
14 0.288818 0.214355 0.0175781 0.0615234 0.509766
6 0.0150833 0.392334 0.0298309 0.0380859 0.505859
