19 0.196655 0.95752 0.0588379 0.0849609 0.992188
7 0.274414 0.602539 0.0795898 0.132812 0.983887
6 0.361816 0.583984 0.0820312 0.09375 0.978516
8 0.0847778 0.571289 0.0987549 0.0957031 0.978027
6 0.175903 0.77002 0.0856934 0.0898438 0.974121
23 0.243652 0.385742 0.0722656 0.0932617 0.973633
18 0.268799 0.754883 0.0810547 0.118164 0.973633
0 0.0941162 0.959961 0.133545 0.0800781 0.973633
22 0.156525 0.181396 0.0853882 0.0908203 0.97168
2 0.148315 0.382568 0.117188 0.0927734 0.952148
2 0.182617 0.572754 0.0737305 0.0898438 0.952148
14 0.389893 0.939941 0.0351562 0.120117 0.951172
2 0.374512 0.776367 0.0625 0.0917969 0.93457
5 0.239136 0.0153732 0.076416 0.0307465 0.933594
13 0.0166626 0.54834 0.0333252 0.145508 0.927734
5 0.019104 0.762207 0.038208 0.0996094 0.910645
13 0.35083 0.91748 0.0415039 0.165039 0.908691
2 0.371094 0.019043 0.0703125 0.0378418 0.866211
12 0.277771 0.9375 0.0948486 0.125 0.792969
6 0.0846558 0.180054 0.0522461 0.0930176 0.523438
