5 0.418945 0.560059 0.0361328 0.0380859 0.988281
18 0.316162 0.708008 0.0439453 0.0517578 0.975098
5 0.106079 0.014946 0.0368652 0.029892 0.974121
2 0.189819 0.248535 0.0317383 0.0371094 0.973633
2 0.271484 0.326172 0.0302734 0.0371094 0.971191
1 0.306396 0.950195 0.0371094 0.0566406 0.967285
2 0.598633 0.399414 0.0292969 0.0385742 0.966309
2 0.287598 0.480469 0.0292969 0.0371094 0.963867
2 0.267334 0.712891 0.0302734 0.0361328 0.963379
5 0.466064 0.865723 0.034668 0.0390625 0.961914
6 0.538086 0.557617 0.0380859 0.0390625 0.961426
5 0.0273438 0.560547 0.0369873 0.0371094 0.960449
18 0.425293 0.853027 0.0424805 0.0634766 0.958984
7 0.152832 0.95459 0.0400391 0.0537109 0.958984
0 0.349121 0.0150604 0.0566406 0.0301208 0.958496
2 0.0698395 0.638672 0.0302429 0.0351562 0.958496
5 0.518066 0.322754 0.0361328 0.0375977 0.95459
0 0.250488 0.5625 0.0571289 0.0410156 0.954102
0 0.102905 0.944336 0.0539551 0.0380859 0.950684
0 0.555176 0.788086 0.0556641 0.0410156 0.950195
2 0.389648 0.864258 0.0302734 0.0390625 0.94873
11 0.0670776 0.471191 0.0352783 0.0585938 0.945312
0 0.0431595 0.405762 0.0534515 0.0361328 0.943359
5 0.550293 0.862305 0.0351562 0.0380859 0.94043
18 0.509766 0.385742 0.0419922 0.0639648 0.938965
4 0.621582 0.858398 0.0283203 0.0449219 0.937012
29 0.473145 0.70752 0.0664062 0.0722656 0.936523
0 0.246582 0.169678 0.0566406 0.0361328 0.936035
7 0.321289 0.178589 0.0576172 0.0544434 0.936035
5 0.482422 0.942871 0.0380859 0.0390625 0.935059
13 0.0519104 0.855469 0.0197754 0.0654297 0.931152
5 0.203369 0.561523 0.0361328 0.0390625 0.928711
19 0.202148 0.48291 0.0288086 0.0361328 0.927246
5 0.167969 0.481201 0.0332031 0.0356445 0.925781
2 0.604492 0.784668 0.03125 0.0380859 0.924316
5 0.212158 0.867676 0.0361328 0.0380859 0.922363
7 0.359619 0.486084 0.0415039 0.0600586 0.920898
13 0.156372 0.393066 0.0236816 0.0634766 0.916504
18 0.4104 0.777344 0.0439453 0.0585938 0.915527
2 0.129852 0.867188 0.0269165 0.0380859 0.911621
2 0.543945 0.480469 0.0292969 0.0371094 0.90918
8 0.196045 0.946777 0.0366211 0.0400391 0.896973
2 0.506348 0.0147934 0.0371094 0.0295868 0.891602
13 0.197998 0.773438 0.020752 0.0742188 0.891602
22 0.109985 0.788086 0.036377 0.0390625 0.891602
2 0.579102 0.561035 0.0341797 0.0478516 0.891113
0 0.157959 0.787598 0.0541992 0.0429688 0.888184
13 0.0614624 0.77832 0.0336914 0.0605469 0.883301
6 0.250732 0.867188 0.0366211 0.0410156 0.882324
4 0.286133 0.865234 0.0273438 0.0439453 0.881836
22 0.337646 0.402832 0.0336914 0.0380859 0.878906
0 0.581055 0.710938 0.078125 0.0390625 0.874023
11 0.0206604 0.856445 0.0344238 0.0615234 0.874023
2 0.371582 0.791016 0.0302734 0.0371094 0.868164
6 0.270264 0.637695 0.03125 0.0351562 0.862305
0 0.116638 0.404297 0.0548096 0.0361328 0.86084
0 0.245361 0.248657 0.0766602 0.0378418 0.859863
22 0.432129 0.480713 0.0390625 0.0405273 0.853027
14 0.446777 0.547852 0.0166016 0.0625 0.851074
13 0.00912476 0.624023 0.0180664 0.0644531 0.847168
2 0.0930176 0.560547 0.0351562 0.0380859 0.84375
2 0.5 0.786133 0.0332031 0.0390625 0.84082
2 0.453125 0.635254 0.0317383 0.0380859 0.837402
0 0.362793 0.0914307 0.0532227 0.0397949 0.830078
23 0.356934 0.867188 0.0302734 0.0380859 0.829102
13 0.490723 0.310547 0.0205078 0.0634766 0.820801
4 0.31543 0.479004 0.0249023 0.0458984 0.819824
24 0.499756 0.643066 0.0405273 0.0507812 0.810547
46 0.0300446 0.710449 0.0600891 0.0449219 0.785156
9 0.282959 0.0151978 0.0415039 0.0303955 0.766113
7 0.544922 0.94873 0.0644531 0.0527344 0.762207
7 0.00476074 0.338379 0.00923157 0.059082 0.759277
13 0.241333 0.0789185 0.0222168 0.0639648 0.757812
8 0.459961 0.788086 0.0371094 0.0380859 0.753418
14 0.0436096 0.625488 0.0148315 0.0585938 0.751953
4 0.496826 0.862305 0.0249023 0.0449219 0.726562
9 0.307129 0.0950317 0.0361328 0.0426025 0.725098
9 0.583008 0.014679 0.0371094 0.0293579 0.725098
6 0.358398 0.943359 0.0585938 0.0449219 0.684082
6 0.604492 0.475586 0.0332031 0.0380859 0.684082
5 0.504883 0.988281 0.0498047 0.0234375 0.668945
7 0.436523 0.0975342 0.0581055 0.0578613 0.649414
4 0.430908 0.401611 0.0302734 0.0439453 0.649414
13 0.0983276 0.989258 0.0249023 0.0214844 0.645996
23 0.240967 0.325684 0.0292969 0.0351562 0.644043
10 0.141479 0.467773 0.0322266 0.0581055 0.629883
13 0.241211 0.98877 0.0180664 0.0224609 0.620605
2 0.172119 0.630859 0.0307617 0.0488281 0.618652
7 0.0407715 0.335449 0.0605469 0.0625 0.598145
13 0.616699 0.0137787 0.0175781 0.0242615 0.594727
24 0.0128632 0.255859 0.0252991 0.043457 0.59082
13 0.274414 0.236938 0.0234375 0.0593262 0.583008
22 0.553711 0.169678 0.0371094 0.0371094 0.577637
2 0.573242 0.478271 0.0253906 0.0366211 0.565918
12 0.244141 0.785156 0.0605469 0.0771484 0.565918
2 0.234741 0.469238 0.0339355 0.0610352 0.563965
6 0.270996 0.0917358 0.03125 0.0377197 0.562012
8 0.0601807 0.560547 0.0291748 0.0371094 0.562012
6 0.586914 0.863281 0.0351562 0.0390625 0.537109
13 0.421387 0.312012 0.019043 0.0649414 0.509766
