2 0.874512 0.151489 0.0791016 0.102783 0.986328
18 0.944336 0.330566 0.109375 0.141113 0.986328
5 0.729492 0.146973 0.0957031 0.095459 0.976074
6 0.944336 0.94873 0.0957031 0.09375 0.975586
7 0.840332 0.953125 0.101562 0.09375 0.975098
5 0.958984 0.546875 0.0820312 0.0917969 0.973633
5 0.897461 0.754883 0.0957031 0.0917969 0.972656
2 0.735352 0.947266 0.0644531 0.0976562 0.966797
7 0.967773 0.171997 0.0644531 0.141357 0.959473
6 0.580078 0.749023 0.0996094 0.0917969 0.958008
8 0.833008 0.353516 0.0957031 0.0942383 0.95459
14 0.803223 0.125977 0.0507812 0.140381 0.953613
14 0.498535 0.924316 0.0527344 0.151367 0.930664
7 0.520508 0.0222931 0.0849609 0.0445862 0.818848
6 0.652344 0.935547 0.0878906 0.118164 0.803223
18 0.710938 0.537598 0.137695 0.123047 0.770508
6 0.675781 0.944336 0.0400391 0.0996094 0.764648
18 0.858398 0.524902 0.0996094 0.137695 0.668945
0 0.973633 0.758789 0.0527344 0.113281 0.638672
