29 0.758789 0.16626 0.0585938 0.0717773 0.990723
29 0.0263672 0.857422 0.0527344 0.0761719 0.989746
18 0.368652 0.42334 0.0410156 0.0561523 0.98877
7 0.733398 0.972656 0.0449219 0.0546875 0.984375
7 0.470215 0.97168 0.046875 0.0566406 0.98291
18 0.35376 0.0667877 0.0415039 0.0575867 0.980957
21 0.200073 0.0845947 0.0437012 0.0570068 0.980469
2 0.467773 0.429443 0.0307617 0.0424805 0.978516
2 0.133301 0.773926 0.03125 0.0439453 0.977051
12 0.821289 0.78125 0.0498047 0.0761719 0.975098
5 0.761719 0.25885 0.0371094 0.0418701 0.974609
5 0.584961 0.961914 0.0390625 0.0439453 0.973633
11 0.231689 0.769531 0.0385742 0.0615234 0.972656
7 0.668945 0.0819702 0.0429688 0.0592041 0.972168
1 0.702148 0.353271 0.0390625 0.0600586 0.970703
5 0.417969 0.952637 0.0419922 0.0615234 0.970215
13 0.273682 0.41748 0.0180664 0.0625 0.966797
2 0.957031 0.260498 0.03125 0.0415039 0.964844
0 0.939941 0.608398 0.0595703 0.0449219 0.964844
2 0.585938 0.876953 0.0322266 0.0429688 0.962891
22 0.804199 0.172607 0.0371094 0.0405273 0.962402
8 0.90332 0.696289 0.0410156 0.0429688 0.961426
22 0.339355 0.606445 0.0385742 0.0400391 0.960449
2 0.869629 0.259216 0.0302734 0.0430908 0.959961
5 0.711914 0.879883 0.0371094 0.0429688 0.959473
18 0.57959 0.423096 0.0419922 0.0556641 0.958984
2 0.825684 0.0761108 0.03125 0.0447998 0.95752
2 0.630371 0.171875 0.03125 0.0449219 0.956055
2 0.39502 0.517578 0.0322266 0.046875 0.95459
2 0.575195 0.34375 0.03125 0.0429688 0.954102
9 0.887207 0.343506 0.0439453 0.0444336 0.954102
5 0.513184 0.964844 0.0380859 0.0429688 0.954102
1 0.935547 0.439941 0.0390625 0.0615234 0.953613
22 0.437012 0.87207 0.0371094 0.0400391 0.953125
6 0.937988 0.173706 0.0419922 0.0427246 0.951172
12 0.580078 0.594727 0.0664062 0.0644531 0.951172
9 0.90625 0.259277 0.0410156 0.043457 0.950195
6 0.912109 0.520996 0.0410156 0.0419922 0.949707
0 0.143677 0.677734 0.0810547 0.0625 0.949219
2 0.833984 0.876465 0.0341797 0.0429688 0.949219
5 0.650391 0.694336 0.0332031 0.0429688 0.94873
5 0.51709 0.694336 0.0371094 0.0429688 0.946777
5 0.986328 0.608398 0.0273438 0.0410156 0.946289
0 0.538574 0.870605 0.0576172 0.0429688 0.945801
6 0.355469 0.51709 0.0419922 0.0429688 0.942871
18 0.62207 0.868164 0.0390625 0.0585938 0.942383
8 0.11499 0.861328 0.043457 0.0429688 0.941895
9 0.955566 0.5177 0.0390625 0.0446777 0.941406
18 0.358154 0.15625 0.0639648 0.0585938 0.939453
0 0.86084 0.519409 0.0585938 0.0412598 0.939453
5 0.685547 0.518066 0.0371094 0.0439453 0.935547
2 0.454834 0.0761871 0.0332031 0.0461121 0.935059
1 0.378418 0.264404 0.0415039 0.0615234 0.93457
9 0.0358887 0.503418 0.0394897 0.0429688 0.93457
7 0.506714 0.792969 0.0666504 0.0576172 0.931641
9 0.515137 0.606445 0.0400391 0.0429688 0.929199
13 0.491699 0.86084 0.0244141 0.0625 0.929199
5 0.897461 0.173096 0.0371094 0.0439453 0.92627
9 0.481445 0.254883 0.0380859 0.0454102 0.925781
6 0.980469 0.431396 0.0390625 0.0429688 0.925293
22 0.474121 0.605469 0.0380859 0.0410156 0.924316
22 0.754883 0.0761108 0.0390625 0.0404053 0.923828
23 0.791992 0.0753174 0.0322266 0.043335 0.922852
5 0.307617 0.154022 0.0390625 0.0620728 0.922363
2 0.0601807 0.163574 0.0296631 0.0419922 0.920898
0 0.194092 0.598145 0.0786133 0.046875 0.919434
0 0.87207 0.0765533 0.0595703 0.0444031 0.918945
0 0.105713 0.161987 0.0581055 0.0429688 0.918457
4 0.610352 0.688477 0.0292969 0.0566406 0.918457
5 0.157227 0.864258 0.0412598 0.0429688 0.918457
4 0.62207 0.959473 0.0332031 0.0488281 0.91748
0 0.675781 0.171143 0.0566406 0.043457 0.916504
13 0.262695 0.055603 0.0205078 0.0800781 0.916016
7 0.690918 0.703613 0.0429688 0.0576172 0.915527
2 0.663574 0.964355 0.0322266 0.0439453 0.914062
6 0.124512 0.59668 0.0378418 0.0419922 0.913574
24 0.78418 0.614258 0.03125 0.0546875 0.913574
2 0.218872 0.686523 0.0297852 0.0390625 0.911621
2 0.217773 0.956055 0.0336914 0.0449219 0.911133
6 0.375488 0.961914 0.0410156 0.0429688 0.906738
5 0.110107 0.424316 0.0383301 0.0439453 0.905273
4 0.955078 0.78125 0.0292969 0.0458984 0.904785
0 0.960938 0.953125 0.0644531 0.0605469 0.904785
12 0.0733032 0.583984 0.0633545 0.0644531 0.90332
2 0.0100861 0.769531 0.019989 0.0507812 0.902832
2 0.841309 0.428223 0.0332031 0.0478516 0.898438
21 0.457031 0.352051 0.0458984 0.0605469 0.896973
6 0.633789 0.604492 0.0390625 0.0410156 0.894043
0 0.515137 0.429199 0.0615234 0.0419922 0.892578
11 0.802734 0.338623 0.0390625 0.0629883 0.891602
11 0.0943604 0.76123 0.0388184 0.0625 0.889648
18 0.0887451 0.938477 0.0397949 0.0566406 0.888672
4 0.286133 0.774414 0.0273438 0.0517578 0.887207
6 0.84375 0.345947 0.0371094 0.0424805 0.884277
13 0.655273 0.249512 0.0195312 0.0634766 0.883301
0 0.0982666 0.495605 0.0632324 0.0644531 0.883301
0 0.832031 0.606445 0.0585938 0.046875 0.881836
9 0.0633545 0.681641 0.0388184 0.0429688 0.878906
9 0.765625 0.782715 0.0390625 0.0449219 0.878906
5 0.346191 0.861328 0.0390625 0.0605469 0.877441
13 0.990723 0.865234 0.0185547 0.0664062 0.868652
13 0.654297 0.868164 0.0195312 0.0654297 0.861328
18 0.376953 0.682617 0.0458984 0.0625 0.86084
0 0.61377 0.78418 0.0576172 0.0410156 0.858887
22 0.220581 0.253906 0.0358887 0.0385742 0.848145
4 0.655273 0.343506 0.03125 0.0463867 0.845703
1 0.332031 0.969727 0.0439453 0.0585938 0.834473
22 0.892578 0.431152 0.0351562 0.0410156 0.832031
18 0.338135 0.772949 0.059082 0.0517578 0.831055
13 0.0617676 0.759766 0.0223389 0.0664062 0.829102
1 0.424316 0.176514 0.0620117 0.0615234 0.824219
2 0.271973 0.601562 0.0302734 0.0410156 0.824219
6 0.753418 0.346191 0.0595703 0.0419922 0.823242
13 0.124512 0.933594 0.0170898 0.0712891 0.816406
24 0.693359 0.970703 0.0332031 0.0527344 0.813965
22 0.744629 0.429688 0.0371094 0.0390625 0.811523
9 0.802734 0.693359 0.0371094 0.0488281 0.800781
6 0.563477 0.693359 0.0546875 0.0429688 0.799316
22 0.0720062 0.859863 0.0376282 0.0458984 0.792969
2 0.753418 0.608398 0.0322266 0.0429688 0.788086
7 0.475098 0.014801 0.0693359 0.0296021 0.785156
0 0.404785 0.0731049 0.0566406 0.0505676 0.785156
13 0.0124664 0.9375 0.0249329 0.0664062 0.785156
13 0.631836 0.333008 0.0195312 0.0629883 0.778809
14 0.703125 0.0649414 0.0195312 0.0625 0.777344
14 0.206299 0.500854 0.0209961 0.0627441 0.775879
18 0.296875 0.86377 0.0571289 0.0556641 0.774414
13 0.724609 0.0565186 0.0224609 0.0793457 0.757812
10 0.953125 0.685547 0.0507812 0.0634766 0.750488
11 0.589844 0.248779 0.0390625 0.0610352 0.749023
22 0.558594 0.167969 0.0546875 0.0405273 0.744629
2 0.17334 0.163086 0.0439453 0.0429688 0.71875
4 0.601562 0.164551 0.0253906 0.0483398 0.715332
14 0.990234 0.686523 0.0195312 0.0605469 0.715332
8 0.803223 0.251404 0.0449219 0.0626221 0.712402
10 0.543945 0.248535 0.0546875 0.0629883 0.710449
13 0.26123 0.765625 0.0209961 0.0703125 0.708984
6 0.736328 0.517578 0.0605469 0.0429688 0.704102
22 0.00649643 0.163086 0.012825 0.0478516 0.689453
0 0.797852 0.510742 0.0605469 0.0634766 0.6875
11 0.0411453 0.324707 0.0467377 0.0605469 0.675781
13 0.583008 0.682129 0.0273438 0.0683594 0.675781
6 0.30127 0.073349 0.0595703 0.0451965 0.654785
4 0.977539 0.17041 0.0332031 0.0512695 0.645996
23 0.427002 0.514648 0.0297852 0.0429688 0.633301
6 0.65332 0.426758 0.0566406 0.0439453 0.629883
5 0.0143661 0.417969 0.0285492 0.0419922 0.625977
23 0.248291 0.425781 0.0302734 0.0410156 0.613281
6 0.51709 0.514648 0.0576172 0.046875 0.611328
9 0.84375 0.171631 0.0371094 0.0458984 0.607422
10 0.247314 0.86084 0.0415039 0.0634766 0.607422
27 0.446289 0.175659 0.0234375 0.0593262 0.596191
6 0.430908 0.255615 0.0595703 0.0498047 0.59082
22 0.981445 0.00521088 0.0341797 0.0103607 0.586914
18 0.690918 0.251038 0.0478516 0.0594482 0.577637
11 0.893555 0.952637 0.0625 0.0634766 0.575684
22 0.793945 0.876953 0.0380859 0.0390625 0.571777
10 0.165771 0.498779 0.0532227 0.0610352 0.569824
13 0.771973 0.682617 0.0205078 0.0742188 0.569824
23 0.632812 0.258789 0.0371094 0.043457 0.563965
13 0.0392532 0.757812 0.0209808 0.0683594 0.552734
4 0.0410156 0.939453 0.0308838 0.0585938 0.544922
13 0.0331421 0.669922 0.0192261 0.0625 0.537109
22 0.672852 0.785156 0.0537109 0.0419922 0.535156
13 0.731445 0.583008 0.0146484 0.03125 0.527344
7 0.0196228 0.244629 0.0388184 0.0571289 0.517578
13 0.0122223 0.317383 0.022522 0.0703125 0.515625
24 0.499023 0.153839 0.0595703 0.0687866 0.509766
