11 0.414307 0.0230865 0.0361328 0.0461731 0.990723
7 0.790039 0.331055 0.0390625 0.0537109 0.977051
2 0.904297 0.240234 0.0292969 0.0371094 0.976562
13 0.615234 0.94043 0.0214844 0.0703125 0.976562
13 0.794922 0.775391 0.0214844 0.0722656 0.976074
13 0.429688 0.870605 0.0185547 0.0693359 0.974609
11 0.39209 0.797852 0.0390625 0.0605469 0.974121
22 0.898438 0.477295 0.0351562 0.0385742 0.96875
2 0.730469 0.871582 0.03125 0.0351562 0.968262
18 0.936523 0.150116 0.0410156 0.0615845 0.966797
2 0.832031 0.321777 0.0332031 0.0351562 0.966797
11 0.930664 0.852051 0.0371094 0.0576172 0.966797
5 0.609375 0.566406 0.0371094 0.0380859 0.966309
18 0.679688 0.860352 0.0439453 0.0595703 0.96582
4 0.364746 0.181885 0.0283203 0.0395508 0.963379
7 0.583008 0.964844 0.0429688 0.0546875 0.962891
0 0.596191 0.33252 0.0576172 0.0390625 0.961914
2 0.898438 0.0127106 0.0351562 0.0254211 0.961426
0 0.84082 0.165527 0.0585938 0.0405273 0.961426
7 0.570801 0.808594 0.0390625 0.0527344 0.960938
5 0.768066 0.400879 0.0390625 0.0371094 0.960449
2 0.71582 0.0160217 0.03125 0.0319214 0.959961
9 0.756836 0.480957 0.0351562 0.0371094 0.959473
18 0.939453 0.461426 0.0410156 0.0605469 0.958984
5 0.424805 0.335938 0.0361328 0.0390625 0.958008
13 0.833008 0.0745697 0.0195312 0.0647278 0.956543
13 0.412842 0.560059 0.0209961 0.0664062 0.956543
2 0.795898 0.242188 0.0351562 0.0395508 0.953125
2 0.713379 0.400879 0.0302734 0.0371094 0.953125
9 0.826172 0.785156 0.0351562 0.0371094 0.950195
23 0.394287 0.963379 0.0327148 0.0371094 0.941406
22 0.97998 0.1604 0.0361328 0.0390625 0.94043
0 0.856445 0.243652 0.0585938 0.0415039 0.937988
9 0.920898 0.94043 0.0371094 0.0390625 0.937988
2 0.790527 0.950195 0.03125 0.0351562 0.933594
6 0.45459 0.0219879 0.0400391 0.0397644 0.932129
2 0.555664 0.176514 0.0273438 0.0380859 0.930176
18 0.970703 0.692383 0.0458984 0.0585938 0.930176
13 0.644043 0.314697 0.0205078 0.0585938 0.924805
13 0.482422 0.0908203 0.0175781 0.0617676 0.922363
5 0.927734 0.707031 0.0361328 0.0371094 0.920898
18 0.395996 0.879395 0.0419922 0.0527344 0.92041
1 0.574707 0.883301 0.0341797 0.0517578 0.92041
22 0.878906 0.942383 0.0371094 0.0410156 0.916504
13 0.538086 0.244629 0.0195312 0.0639648 0.913086
21 0.753906 0.645508 0.0488281 0.0566406 0.913086
2 0.428223 0.963867 0.0332031 0.0390625 0.90918
22 0.424805 0.651855 0.0361328 0.0419922 0.906738
12 0.508301 0.795898 0.0634766 0.0664062 0.905762
4 0.848633 0.86377 0.0253906 0.0410156 0.905273
22 0.982422 0.473877 0.0341797 0.0395508 0.904785
6 0.982422 0.0823364 0.0351562 0.0368652 0.903809
22 0.943359 0.0865479 0.0371094 0.0422363 0.901855
0 0.694336 0.64209 0.0566406 0.0371094 0.901367
13 0.506348 0.637207 0.0214844 0.0644531 0.898438
2 0.511719 0.258057 0.0273438 0.0356445 0.896484
22 0.503784 0.415039 0.0334473 0.0380859 0.894043
2 0.641113 0.794922 0.03125 0.0351562 0.888672
13 0.959961 0.850586 0.0195312 0.0605469 0.880859
6 0.841797 0.708984 0.0371094 0.0351562 0.877441
24 0.594727 0.0651245 0.0302734 0.0270996 0.871582
29 0.802734 0.0217743 0.0507812 0.0435486 0.868164
22 0.444336 0.571777 0.0371094 0.0390625 0.861328
22 0.854492 0.635742 0.0351562 0.0380859 0.856934
13 0.762695 0.0765991 0.015625 0.0587158 0.852051
6 0.564941 0.414062 0.0380859 0.0380859 0.850098
13 0.71875 0.232788 0.0214844 0.067627 0.849121
9 0.895508 0.632812 0.0371094 0.0371094 0.847168
14 0.929688 0.306152 0.0175781 0.0615234 0.833496
13 0.699219 0.546387 0.0273438 0.0712891 0.827637
13 0.484375 0.867676 0.0205078 0.0644531 0.825684
2 0.45874 0.880859 0.0297852 0.0371094 0.825684
1 0.802734 0.71875 0.0351562 0.0488281 0.81543
8 0.837891 0.943848 0.0361328 0.0371094 0.810547
2 0.421875 0.492676 0.0292969 0.0400391 0.795898
21 0.881348 0.791504 0.0419922 0.0566406 0.791992
9 0.466797 0.648926 0.0371094 0.0410156 0.789062
2 0.702148 0.79248 0.0566406 0.0361328 0.789062
23 0.757812 0.949219 0.03125 0.0371094 0.786621
11 0.986328 0.772461 0.0273438 0.0683594 0.775879
14 0.637207 0.552734 0.0175781 0.0605469 0.764648
14 0.825195 0.624023 0.0205078 0.0605469 0.764648
5 0.719727 0.948242 0.0429688 0.0390625 0.764648
4 0.802246 0.399414 0.0263672 0.0410156 0.751953
19 0.610352 0.487793 0.0283203 0.0371094 0.73877
8 0.608398 0.79834 0.03125 0.0351562 0.715332
4 0.755371 0.320801 0.0263672 0.0395508 0.710449
14 0.536133 0.402344 0.0195312 0.0605469 0.710449
22 0.990234 0.62793 0.0195312 0.0390625 0.702637
6 0.617188 0.174316 0.0253906 0.0361328 0.689453
13 0.95166 0.768555 0.0371094 0.0693359 0.677246
22 0.857422 0.0141754 0.0371094 0.0283508 0.672363
14 0.460449 0.716797 0.0175781 0.0585938 0.666992
6 0.959473 0.31665 0.0361328 0.0385742 0.662109
4 0.85791 0.085144 0.0263672 0.0421143 0.658203
13 0.958008 0.229858 0.0195312 0.0612793 0.65332
13 0.960938 0.541016 0.0195312 0.0625 0.65332
2 0.879883 0.704102 0.0332031 0.0419922 0.640625
2 0.541992 0.958984 0.03125 0.0351562 0.624512
14 0.665039 0.314941 0.0175781 0.0576172 0.618652
18 0.816406 0.477539 0.0566406 0.0439453 0.611328
24 0.479004 0.576172 0.0273438 0.0449219 0.609375
13 0.912109 0.982422 0.0224609 0.0332031 0.602051
8 0.898438 0.0866699 0.0371094 0.0378418 0.592773
6 0.889648 0.15918 0.0371094 0.0439453 0.577637
22 0.899414 0.320557 0.0371094 0.0361328 0.562012
6 0.424561 0.415771 0.0581055 0.0400391 0.556641
6 0.490723 0.71875 0.0400391 0.0537109 0.523438
19 0.721191 0.716309 0.0273438 0.0351562 0.519531
14 0.685059 0.316162 0.0185547 0.059082 0.515625
22 0.769043 0.166016 0.0595703 0.0405273 0.513672
6 0.813477 0.865234 0.0380859 0.0390625 0.505859
6 0.625488 0.876953 0.0576172 0.0371094 0.503906
