24 0.467773 0.45459 0.0429688 0.0439453 0.992188
18 0.435059 0.977539 0.0439453 0.0449219 0.98584
12 0.0350952 0.207031 0.0393066 0.0673828 0.983398
2 0.323975 0.2146 0.0317383 0.0361328 0.980957
5 0.59375 0.137329 0.0332031 0.0366211 0.978027
2 0.429199 0.0563049 0.0351562 0.0414429 0.975098
5 0.385742 0.76123 0.0351562 0.0390625 0.974609
0 0.548828 0.214111 0.0546875 0.0366211 0.973633
6 0.192505 0.84082 0.0358887 0.0371094 0.972656
5 0.301514 0.84082 0.0371094 0.0380859 0.972656
18 0.0328598 0.671875 0.0397491 0.0546875 0.97168
12 0.271973 0.443359 0.0390625 0.0703125 0.970703
5 0.0969238 0.137238 0.0366211 0.0365601 0.968262
2 0.437988 0.608398 0.0322266 0.0371094 0.96582
7 0.259216 0.144806 0.0440674 0.0565796 0.965332
5 0.0303955 0.529785 0.034668 0.0371094 0.960938
2 0.0734863 0.217041 0.0299072 0.0366211 0.956543
2 0.473145 0.839844 0.0322266 0.0371094 0.956055
13 0.130249 0.907227 0.019043 0.0605469 0.955566
2 0.633789 0.841797 0.0234375 0.0371094 0.953125
13 0.540527 0.124207 0.0205078 0.0655518 0.95166
29 0.627441 0.446289 0.0576172 0.0756836 0.946777
9 0.592285 0.838867 0.0361328 0.0390625 0.944824
0 0.120483 0.374512 0.0778809 0.0380859 0.943848
6 0.553223 0.762695 0.0371094 0.0351562 0.943848
18 0.216797 0.750977 0.0415039 0.0585938 0.943359
6 0.357666 0.215088 0.034668 0.0371094 0.940918
5 0.0707397 0.29541 0.0358887 0.0361328 0.938477
0 0.42334 0.838867 0.0585938 0.0400391 0.933594
11 0.64502 0.750977 0.0615234 0.0585938 0.931152
22 0.665039 0.916992 0.0390625 0.0400391 0.931152
7 0.150146 0.849609 0.0424805 0.0527344 0.927734
21 0.394043 0.299805 0.0576172 0.0546875 0.926758
6 0.170898 0.137665 0.0368652 0.0371704 0.92627
2 0.308105 0.529297 0.0292969 0.0371094 0.924805
2 0.651367 0.291016 0.0332031 0.0366211 0.920898
2 0.0693359 0.838379 0.0284424 0.0380859 0.915039
0 0.0533142 0.373047 0.0530396 0.0371094 0.912598
13 0.567383 0.974609 0.0273438 0.0507812 0.911133
22 0.341797 0.91748 0.0361328 0.0380859 0.908691
8 0.231934 0.293945 0.0356445 0.0361328 0.905762
18 0.594727 0.59668 0.0439453 0.0605469 0.904785
9 0.15979 0.918945 0.0375977 0.0390625 0.90332
1 0.0346985 0.616211 0.0585327 0.0527344 0.901367
22 0.192749 0.295166 0.0356445 0.0371094 0.900391
9 0.270996 0.368652 0.0371094 0.0395508 0.89502
9 0.686523 0.291504 0.0361328 0.0400391 0.893066
18 0.345459 0.514648 0.0419922 0.0654297 0.893066
4 0.41748 0.760254 0.0244141 0.0410156 0.890137
8 0.0894165 0.759766 0.0384521 0.0410156 0.890137
10 0.0333557 0.905273 0.0342407 0.0644531 0.889648
5 0.0701904 0.683594 0.0334473 0.0361328 0.88623
5 0.666016 0.68457 0.0390625 0.0410156 0.884766
6 0.203735 0.532227 0.0383301 0.0410156 0.883301
24 0.508301 0.418457 0.0351562 0.0244141 0.876465
13 0.172485 0.359619 0.0229492 0.0629883 0.873047
8 0.15332 0.29541 0.0354004 0.0356445 0.866211
2 0.385742 0.451172 0.0292969 0.0371094 0.85791
8 0.10968 0.219971 0.0362549 0.0400391 0.854004
9 0.675293 0.372559 0.0341797 0.0351562 0.851074
5 0.173706 0.76123 0.0351562 0.0371094 0.849121
13 0.646484 0.122925 0.0234375 0.0686035 0.845703
0 0.275879 0.760742 0.0756836 0.0371094 0.839844
8 0.0675201 0.53125 0.0378113 0.0371094 0.837402
13 0.672852 0.4375 0.0234375 0.0615234 0.834473
2 0.0162354 0.98877 0.0323486 0.0224609 0.831055
5 0.0396423 0.758301 0.0343018 0.0410156 0.811523
12 0.433105 0.134033 0.0673828 0.0761719 0.806641
13 0.568359 0.51355 0.0195312 0.0686035 0.803223
4 0.443115 0.291504 0.0263672 0.0419922 0.795898
21 0.283203 0.0633545 0.0458984 0.0556641 0.794434
13 0.603516 0.0452271 0.0195312 0.0672607 0.790527
22 0.682617 0.0561218 0.0371094 0.0419312 0.789062
6 0.232666 0.374268 0.0351562 0.0380859 0.789062
22 0.672852 0.989258 0.0380859 0.0214844 0.775879
7 0.0928345 0.460938 0.0670166 0.0546875 0.774414
2 0.197632 0.37207 0.027832 0.0375977 0.773438
2 0.243408 0.53125 0.0351562 0.0371094 0.767578
16 0.396973 0.914062 0.0507812 0.0449219 0.766113
16 0.09375 0.915039 0.0516357 0.0419922 0.764648
7 0.043335 0.0673828 0.0638428 0.0524902 0.763672
4 0.331055 0.758789 0.0253906 0.0410156 0.760742
8 0.664062 0.214355 0.0371094 0.0366211 0.759277
1 0.633789 0.378418 0.0361328 0.0537109 0.733887
23 0.213623 0.0540771 0.03125 0.0380859 0.71875
19 0.207031 0.918457 0.0263672 0.0351562 0.710449
8 0.508911 0.841797 0.0349121 0.0380859 0.702637
11 0.532227 0.978516 0.0351562 0.0429688 0.689453
19 0.47168 0.0583191 0.0302734 0.036438 0.675781
4 0.587891 0.760742 0.0253906 0.0419922 0.67041
2 0.245117 0.687012 0.0249023 0.0341797 0.65332
4 0.35791 0.760742 0.0224609 0.0410156 0.65332
22 0.226929 0.989746 0.0368652 0.0205078 0.65332
8 0.327148 0.0571899 0.0385742 0.0394287 0.647949
6 0.0340271 0.837402 0.0322876 0.0371094 0.609375
13 0.0921631 0.978027 0.0292969 0.0439453 0.592773
6 0.31543 0.138062 0.0585938 0.0368652 0.57959
18 0.296387 0.916016 0.0532227 0.046875 0.571777
2 0.61377 0.216187 0.0625 0.0368652 0.556641
4 0.499023 0.208984 0.0244141 0.0458984 0.550781
22 0.131592 0.758789 0.0356445 0.0390625 0.546875
38 0.306885 0.975586 0.0737305 0.0488281 0.523438
14 0.623047 0.126587 0.0195312 0.0620117 0.519531
5 0.18335 0.987793 0.043457 0.0244141 0.513672
13 0.010498 0.745117 0.020874 0.0693359 0.507812
