18 0.411133 0.933594 0.104492 0.132812 0.993164
23 0.804199 0.364014 0.0664062 0.0864258 0.98584
0 0.394531 0.164764 0.145508 0.0889282 0.984375
18 0.972656 0.147827 0.0546875 0.130127 0.979492
6 0.807129 0.957031 0.0908203 0.0859375 0.975098
9 0.905273 0.952148 0.0927734 0.09375 0.970703
4 0.539551 0.755859 0.0742188 0.107422 0.969727
2 0.679688 0.758789 0.0722656 0.0917969 0.969727
2 0.317383 0.959961 0.0751953 0.0800781 0.969727
2 0.644531 0.159302 0.0771484 0.0952148 0.967285
0 0.832031 0.762695 0.144531 0.0917969 0.965332
22 0.881836 0.356445 0.0878906 0.0913086 0.962891
7 0.97998 0.330078 0.0400391 0.135742 0.922852
23 0.609375 0.762695 0.0654297 0.0859375 0.90918
19 0.981445 0.761719 0.0371094 0.0917969 0.902832
7 0.416992 0.382812 0.149414 0.12793 0.901367
6 0.867188 0.16333 0.149414 0.0964355 0.900391
7 0.841797 0.585938 0.158203 0.130859 0.881836
4 0.708984 0.951172 0.0966797 0.0976562 0.863281
7 0.569824 0.959473 0.163086 0.0810547 0.847168
22 0.515137 0.163361 0.078125 0.0848999 0.84082
22 0.991211 0.960938 0.0175781 0.0761719 0.770508
8 0.73584 0.760742 0.0332031 0.0878906 0.629883
