23 0.578125 0.388916 0.0722656 0.0883789 0.985352
5 0.604492 0.0219574 0.0820312 0.0439148 0.980469
22 0.745117 0.786621 0.0800781 0.09375 0.980469
9 0.793945 0.379639 0.0859375 0.101562 0.975586
5 0.904297 0.382812 0.0878906 0.0957031 0.974609
22 0.476074 0.96582 0.0859375 0.0683594 0.974121
5 0.858887 0.785156 0.0849609 0.0957031 0.968262
13 0.973633 0.363525 0.0449219 0.141113 0.964355
27 0.675781 0.783203 0.0488281 0.0947266 0.962891
13 0.922852 0.946777 0.0478516 0.106445 0.959961
6 0.49707 0.391113 0.0820312 0.0927734 0.95166
0 0.893555 0.019104 0.130859 0.038208 0.938477
23 0.419922 0.391602 0.0708008 0.0908203 0.937012
5 0.945312 0.584473 0.0820312 0.0996094 0.936523
20 0.452637 0.784668 0.133789 0.192383 0.926758
14 0.543457 0.946289 0.0361328 0.107422 0.92627
7 0.73877 0.96875 0.139648 0.0625 0.914062
7 0.806641 0.21106 0.146484 0.135498 0.903809
6 0.694336 0.021286 0.0878906 0.042572 0.854004
6 0.95459 0.783691 0.0898438 0.0908203 0.817383
12 0.632812 0.563477 0.111328 0.138672 0.775879
4 0.776855 0.0204468 0.0478516 0.0408325 0.763672
11 0.813477 0.5625 0.0839844 0.130859 0.649414
23 0.841797 0.97168 0.0683594 0.0566406 0.635254
