1 0.84082 0.788086 0.09375 0.140625 0.995605
19 0.868164 0.957031 0.0605469 0.0859375 0.98877
4 0.503906 0.760742 0.0771484 0.117188 0.986816
2 0.512207 0.956055 0.0791016 0.0878906 0.986328
4 0.958496 0.365479 0.0771484 0.116699 0.981934
7 0.87207 0.196289 0.110352 0.141113 0.97998
5 0.583984 0.763672 0.0869141 0.09375 0.977539
5 0.772461 0.371582 0.0898438 0.0947266 0.973633
23 0.661621 0.767578 0.0683594 0.0898438 0.97168
23 0.592285 0.960449 0.0761719 0.0791016 0.971191
6 0.871094 0.374023 0.0976562 0.090332 0.966797
5 0.754883 0.180664 0.0976562 0.0947266 0.965332
4 0.984375 0.560547 0.03125 0.114258 0.961914
2 0.732422 0.76709 0.0712891 0.0947266 0.945801
6 0.946777 0.767578 0.106445 0.0957031 0.937988
12 0.739258 0.933594 0.167969 0.132812 0.932129
2 0.831055 0.565918 0.125 0.0986328 0.917969
10 0.522949 0.352051 0.0986328 0.141602 0.897461
23 0.928711 0.567383 0.0654297 0.0898438 0.887207
5 0.55957 0.174561 0.101562 0.0986328 0.743164
10 0.509766 0.150269 0.0849609 0.147461 0.633301
8 0.962402 0.955566 0.0751953 0.0888672 0.596191
