0 0.157593 0.826172 0.0654297 0.046875 0.971191
5 0.039032 0.985352 0.0354004 0.0292969 0.958008
5 0.111877 0.48291 0.0367432 0.0439453 0.94873
18 0.0787354 0.981445 0.0385742 0.0371094 0.942871
0 0.0198822 0.483154 0.0397034 0.0463867 0.878418
6 0.150757 0.483398 0.0393066 0.0410156 0.853027
6 0.10968 0.570801 0.0604248 0.0419922 0.84082
2 0.0100403 0.912109 0.0199585 0.0449219 0.824219
18 0.0762939 0.393066 0.0350342 0.0527344 0.792969
7 0.171631 0.75293 0.0383301 0.0644531 0.790527
0 0.122925 0.38916 0.057373 0.0576172 0.771973
12 0.141602 0.744141 0.0249023 0.0878906 0.677246
6 0.0353088 0.570312 0.0612183 0.0458984 0.658203
13 0.00529099 0.976074 0.010582 0.0478516 0.656738
24 0.167114 0.979492 0.0498047 0.0410156 0.624512
13 0.0418091 0.807617 0.0246582 0.0810547 0.613281
13 0.0584106 0.557617 0.0236816 0.0693359 0.575684
8 0.0284119 0.657227 0.0419312 0.0410156 0.533203
12 0.0615845 0.900391 0.0268555 0.0664062 0.525391
1 0.169922 0.912109 0.0419922 0.0839844 0.517578
4 0.169189 0.384277 0.0390625 0.0673828 0.503906
