21 0.586914 0.264587 0.101562 0.136841 0.991211
18 0.949219 0.817383 0.101562 0.140625 0.987793
0 0.75293 0.641602 0.140625 0.0957031 0.984863
19 0.717773 0.838867 0.0644531 0.0898438 0.984375
2 0.859863 0.84082 0.0791016 0.101562 0.984375
4 0.420898 0.832031 0.0683594 0.117188 0.980469
13 0.654297 0.218018 0.0390625 0.14502 0.979492
0 0.216064 0.835938 0.190918 0.0917969 0.979492
23 0.271912 0.240479 0.069458 0.0947266 0.979004
2 0.105896 0.634277 0.0770264 0.0957031 0.979004
4 0.349121 0.831543 0.074707 0.115234 0.978027
2 0.491699 0.835938 0.0712891 0.0957031 0.978027
2 0.631836 0.836914 0.0742188 0.0957031 0.978027
2 0.87207 0.639648 0.0742188 0.09375 0.975098
14 0.602051 0.419922 0.0517578 0.145508 0.974609
6 0.0341492 0.232056 0.0681763 0.0959473 0.968262
14 0.923828 0.220825 0.046875 0.142334 0.968262
8 0.956055 0.641602 0.0878906 0.09375 0.967285
2 0.344971 0.240234 0.0742188 0.102539 0.963867
13 0.651367 0.416992 0.046875 0.146484 0.960449
2 0.0573425 0.828613 0.0718384 0.0908203 0.95752
23 0.784668 0.838867 0.0693359 0.0859375 0.941895
4 0.292969 0.982422 0.0683594 0.0351562 0.926758
2 0.00927734 0.830078 0.0184021 0.0859375 0.919434
23 0.560547 0.838379 0.0664062 0.0849609 0.913574
4 0.833496 0.436523 0.09375 0.0996094 0.862305
7 0.0238953 0.0315247 0.0477905 0.0629272 0.763672
2 0.406738 0.993652 0.0664062 0.0126953 0.743164
6 0.48291 0.244629 0.0898438 0.0947266 0.697754
10 0.431641 0.218872 0.100586 0.144775 0.647949
5 0.850586 0.240723 0.0996094 0.0952148 0.622559
5 0.929199 0.418945 0.0908203 0.144531 0.615234
0 0.098999 0.988281 0.144775 0.0234375 0.521484
