18 0.117798 0.0427856 0.0454102 0.05896 0.975586
5 0.103821 0.448486 0.036377 0.0410156 0.96582
29 0.0892334 0.288574 0.0583496 0.0800781 0.965332
6 0.0984497 0.368652 0.0386963 0.0415039 0.962891
7 0.103394 0.219482 0.0373535 0.0556641 0.94873
2 0.223877 0.207642 0.0541992 0.0419922 0.946777
13 0.200562 0.118164 0.0183105 0.0668945 0.859863
9 0.228027 0.129028 0.0375977 0.0390625 0.845703
9 0.0925293 0.133423 0.0351562 0.0383301 0.817383
4 0.247192 0.440186 0.0593262 0.0498047 0.747559
2 0.0533371 0.214966 0.0600739 0.0380859 0.690918
12 0.188965 0.2771 0.0375977 0.0673828 0.686035
13 0.224731 0.273193 0.03125 0.0732422 0.637207
2 0.0119476 0.282471 0.0237732 0.0610352 0.598145
2 0.227783 0.0227356 0.0292969 0.0230103 0.562012
13 0.166748 0.199463 0.0344238 0.0615234 0.560059
6 0.0139923 0.453125 0.0276794 0.0390625 0.527344
