2 0.0598145 0.901367 0.0319824 0.0380859 0.980957
5 0.19751 0.433105 0.0361328 0.0390625 0.97998
5 0.196899 0.196655 0.0341797 0.0380859 0.977051
4 0.238037 0.975586 0.0258789 0.0429688 0.974121
0 0.0942383 0.28125 0.057373 0.0400391 0.971191
5 0.117371 0.12323 0.0362549 0.0379639 0.966797
0 0.159912 0.588379 0.0566406 0.0410156 0.96582
22 0.128693 0.820312 0.0380249 0.0390625 0.964355
3 0.129761 0.88916 0.0593262 0.0722656 0.958496
7 0.0534973 0.364502 0.0394897 0.0522461 0.944824
13 0.0563965 0.808105 0.0189209 0.0712891 0.944824
2 0.0123978 0.586914 0.0244598 0.0351562 0.941895
5 0.124756 0.435059 0.03125 0.0361328 0.938965
5 0.159912 0.51062 0.0356445 0.0373535 0.931152
5 0.0617981 0.0431213 0.0394897 0.0379639 0.927246
6 0.171143 0.743164 0.0336914 0.0371094 0.924805
6 0.0656738 0.663574 0.0372314 0.0390625 0.921875
2 0.0236053 0.823242 0.0312805 0.0410156 0.919434
5 0.171387 0.666016 0.0390625 0.0390625 0.912598
9 0.21582 0.121826 0.0351562 0.0393066 0.903809
9 0.23584 0.347412 0.034668 0.0395508 0.900391
13 0.207764 0.263916 0.0253906 0.065918 0.894043
6 0.159546 0.432373 0.0371094 0.0410156 0.894043
9 0.105469 0.662598 0.0367432 0.0390625 0.887207
22 0.0754547 0.51123 0.0348816 0.0380859 0.882324
22 0.158325 0.199219 0.0371094 0.0410156 0.877441
10 0.137665 0.966797 0.0342407 0.0664062 0.870605
7 0.00984192 0.0148239 0.0196228 0.0295563 0.866211
0 0.0158234 0.359131 0.0314636 0.0405273 0.847168
14 0.0331421 0.890625 0.0150757 0.0585938 0.847168
5 0.171021 0.121521 0.0495605 0.0391846 0.820801
22 0.110962 0.585938 0.0361328 0.0410156 0.819824
22 0.0594788 0.122192 0.039978 0.0385742 0.800781
9 0.200195 0.509888 0.036377 0.0388184 0.753418
23 0.0922241 0.356934 0.0324707 0.0371094 0.751953
5 0.0117645 0.901855 0.0233765 0.0380859 0.73877
14 0.19751 0.725586 0.0185547 0.0732422 0.71875
2 0.0189209 0.439941 0.0378418 0.0429688 0.705566
5 0.22583 0.742188 0.0356445 0.0400391 0.702637
2 0.137726 0.743164 0.027771 0.0371094 0.692871
23 0.01371 0.51355 0.0267487 0.0354004 0.682617
2 0.174316 0.976562 0.0302734 0.0371094 0.668945
6 0.205322 0.978027 0.0317383 0.0361328 0.658203
12 0.00737762 0.111145 0.0146484 0.0609131 0.651367
23 0.0809326 0.982422 0.0324707 0.0351562 0.651367
8 0.0259094 0.66748 0.0365601 0.0380859 0.609375
6 0.102051 0.200195 0.0380859 0.0380859 0.565918
21 0.119141 0.518555 0.046875 0.0585938 0.560059
19 0.141357 0.279785 0.0253906 0.0361328 0.533203
14 0.0944214 0.805664 0.0289307 0.0761719 0.509766
2 0.201904 0.34375 0.0302734 0.0537109 0.509766
10 0.234497 0.417236 0.0334473 0.0654297 0.505859
