1 0.0109406 0.311523 0.0218811 0.0605469 0.987305
4 0.513672 0.213257 0.0283203 0.0458984 0.980469
2 0.3479 0.482178 0.03125 0.0424805 0.976074
22 0.470215 0.47998 0.0400391 0.0400391 0.974609
11 0.490723 0.294434 0.0410156 0.0605469 0.972656
23 0.439453 0.571289 0.0351562 0.0439453 0.972656
24 0.484863 0.142334 0.0351562 0.0566406 0.97168
13 0.306885 0.20459 0.0195312 0.0615234 0.97168
21 0.190674 0.579102 0.0776367 0.0605469 0.971191
16 0.163574 0.392578 0.0449219 0.0424805 0.967773
2 0.0835571 0.126831 0.0338135 0.0432129 0.964355
11 0.30957 0.0273438 0.0351562 0.0546875 0.962891
2 0.55127 0.397217 0.0332031 0.0444336 0.962402
7 0.599609 0.406982 0.046875 0.0585938 0.958984
7 0.0235291 0.402344 0.0460815 0.0615234 0.958008
18 0.106201 0.289307 0.0407715 0.0556641 0.95752
18 0.1604 0.293457 0.0412598 0.0556641 0.957031
2 0.344238 0.570312 0.0371094 0.0478516 0.956543
5 0.0979004 0.393066 0.0406494 0.0449219 0.954102
13 0.370605 0.383057 0.0219727 0.0698242 0.953125
11 0.400635 0.385498 0.0395508 0.0629883 0.95166
8 0.384033 0.48584 0.0415039 0.0429688 0.950195
18 0.201416 0.472656 0.0419922 0.0585938 0.949707
12 0.0706635 0.0338135 0.0500793 0.067627 0.9375
11 0.576172 0.477051 0.0429688 0.0605469 0.936523
0 0.563477 0.306152 0.0605469 0.0439453 0.929199
2 0.585938 0.568359 0.0371094 0.0439453 0.910645
18 0.47998 0.563477 0.0449219 0.0605469 0.905273
12 0.366699 0.120056 0.0673828 0.0655518 0.900391
21 0.419434 0.0407104 0.059082 0.0657959 0.896484
0 0.256287 0.478271 0.0577393 0.0463867 0.89502
16 0.274414 0.214355 0.0439453 0.0410156 0.889648
4 0.0652924 0.392578 0.0249329 0.0458984 0.888672
2 0.135742 0.570312 0.03125 0.0429688 0.884277
8 0.303223 0.570312 0.0390625 0.0449219 0.878418
13 0.121094 0.473145 0.0334473 0.0664062 0.85498
13 0.35791 0.205078 0.019043 0.0632324 0.854004
0 0.535645 0.563477 0.0605469 0.0625 0.850098
22 0.276367 0.39502 0.0371094 0.0424805 0.810547
13 0.0296936 0.46875 0.0203247 0.0644531 0.809082
4 0.205078 0.02948 0.0285645 0.0491333 0.794434
24 0.0438538 0.0980225 0.0350952 0.0244141 0.729492
9 0.0174866 0.0330505 0.0348511 0.0458984 0.726562
6 0.052948 0.299805 0.0597534 0.0419922 0.720215
24 0.320312 0.404785 0.0493164 0.0605469 0.716797
11 0.144897 0.200317 0.0651855 0.0654297 0.708984
21 0.0304565 0.204346 0.0432739 0.0585938 0.672363
4 0.468018 0.0307922 0.0371094 0.0576172 0.665527
13 0.432617 0.38501 0.0209961 0.0634766 0.604004
6 0.361328 0.0356445 0.0527344 0.0411377 0.548828
4 0.18396 0.0278015 0.0649414 0.0554199 0.535156
