2 0.189453 0.543457 0.0322266 0.0390625 0.981445
2 0.18042 0.929688 0.0327148 0.0390625 0.958008
5 0.128174 0.621094 0.0378418 0.0390625 0.956543
9 0.129425 0.700195 0.0360718 0.0371094 0.953125
10 0.140839 0.922363 0.0386353 0.0595703 0.95166
5 0.0996094 0.470215 0.0371094 0.0380859 0.951172
0 0.116455 0.777344 0.0769043 0.0400391 0.951172
9 0.215942 0.774414 0.0371094 0.0400391 0.946289
2 0.0360718 0.700195 0.0303955 0.0390625 0.943848
18 0.0984497 0.842773 0.0452881 0.0605469 0.9375
12 0.0935059 0.150146 0.0432129 0.0695801 0.930664
5 0.0302124 0.546875 0.0352173 0.0371094 0.927246
21 0.125214 0.01828 0.0396118 0.0365601 0.92627
9 0.0916748 0.93457 0.0358887 0.0371094 0.925293
9 0.0386963 0.233887 0.0348511 0.0395508 0.918457
6 0.0691528 0.315186 0.0333252 0.0390625 0.910645
5 0.199463 0.0792084 0.0356445 0.0378723 0.903809
22 0.204224 0.850586 0.0366211 0.0410156 0.90332
24 0.0557251 0.786133 0.0401611 0.0498047 0.892578
4 0.0993652 0.3125 0.0264893 0.0439453 0.88623
5 0.136597 0.158325 0.0351562 0.0388184 0.884277
23 0.131073 0.0768433 0.0298462 0.0356445 0.878906
5 0.0102234 0.394531 0.0202637 0.0361328 0.878906
13 0.0238953 0.765625 0.0187378 0.0625 0.877441
0 0.195068 0.23291 0.078125 0.0371094 0.872559
46 0.193359 0.696289 0.0795898 0.0410156 0.872559
2 0.0369263 0.312744 0.0285645 0.0371094 0.855957
6 0.0985718 0.236816 0.0380859 0.0405273 0.851074
14 0.00643921 0.071167 0.0128326 0.0615234 0.829102
2 0.153076 0.466797 0.0292969 0.0361328 0.811523
13 0.233887 0.919434 0.0224609 0.0654297 0.777344
4 0.119446 0.541992 0.0245361 0.0429688 0.770508
13 0.213379 0.299316 0.0307617 0.0615234 0.767578
14 0.187256 0.984375 0.0170898 0.03125 0.762207
14 0.129395 0.456299 0.0166016 0.0600586 0.757812
2 0.0312805 0.0826416 0.0333862 0.0383301 0.744629
7 0.182617 0.0194702 0.0610352 0.0389404 0.741699
6 0.176758 0.773926 0.0375977 0.0439453 0.704102
13 0.0525513 0.381592 0.0227051 0.0683594 0.67041
7 0.187744 0.0436707 0.0737305 0.0873413 0.651367
10 0.135986 0.300293 0.0314941 0.0654297 0.649414
7 0.0882416 0.0875092 0.0591125 0.0517883 0.616699
5 0.0437012 0.012001 0.0374756 0.0240021 0.57373
13 0.0221519 0.905762 0.0153885 0.0234375 0.558105
6 0.0591125 0.468262 0.0388794 0.0429688 0.527344
