7 0.313721 0.790039 0.137695 0.136719 0.989746
11 0.892578 0.756836 0.0878906 0.138672 0.98877
18 0.683594 0.756836 0.09375 0.125 0.986328
0 0.265198 0.95752 0.143433 0.0849609 0.98584
5 0.833008 0.377441 0.0859375 0.09375 0.985352
5 0.0224915 0.954102 0.0448608 0.0917969 0.981934
2 0.44043 0.962402 0.078125 0.0751953 0.979004
2 0.970215 0.382812 0.0595703 0.0947266 0.977539
38 0.852539 0.944336 0.121094 0.111328 0.977051
5 0.835938 0.577148 0.0839844 0.09375 0.976562
9 0.97168 0.179199 0.0566406 0.0979004 0.976074
6 0.791504 0.773926 0.0966797 0.0927734 0.976074
8 0.886719 0.177246 0.0976562 0.097168 0.975586
13 0.963867 0.763672 0.0429688 0.146484 0.975098
5 0.667969 0.966797 0.0878906 0.0664062 0.97168
14 0.907227 0.358398 0.046875 0.142578 0.971191
0 0.384766 0.142334 0.151855 0.143799 0.95752
1 0.879883 0.0376587 0.105469 0.0753174 0.940918
2 0.774414 0.174561 0.123047 0.0908203 0.940918
4 0.935547 0.570312 0.103516 0.107422 0.920898
6 0.259705 0.359375 0.146606 0.0981445 0.911621
5 0.0162659 0.756836 0.0325317 0.09375 0.901367
13 0.501953 0.938477 0.0429688 0.123047 0.88623
2 0.131836 0.954102 0.0791016 0.0917969 0.878418
27 0.208496 0.76123 0.0620117 0.0927734 0.868164
23 0.033783 0.154327 0.0674438 0.0927124 0.853027
6 0.961914 0.972656 0.0507812 0.0546875 0.848145
6 0.995117 0.582031 0.00976562 0.0859375 0.834473
2 0.239746 0.161011 0.12793 0.098877 0.73584
4 0.0901489 0.75 0.10437 0.115234 0.567871
6 0.470947 0.771484 0.152832 0.0957031 0.537109
2 0.725586 0.0137634 0.0820312 0.0275269 0.529297
