1 0.227295 0.709961 0.0952148 0.141602 0.996582
1 0.901367 0.51709 0.0917969 0.140625 0.994141
27 0.708008 0.916016 0.0585938 0.132812 0.990234
4 0.974121 0.289612 0.0517578 0.109253 0.98877
0 0.827148 0.905762 0.138672 0.0996094 0.98877
18 0.780273 0.0706787 0.111328 0.141357 0.986328
2 0.866211 0.705078 0.078125 0.0908203 0.986328
2 0.317871 0.888672 0.0693359 0.0996094 0.986328
8 0.546753 0.893555 0.0939941 0.0947266 0.984863
2 0.87793 0.0951538 0.0742188 0.0987549 0.984375
9 0.958496 0.0881958 0.0830078 0.108521 0.98291
7 0.0771484 0.300781 0.107422 0.132812 0.981445
2 0.145142 0.682129 0.0700684 0.0927734 0.980957
22 0.130615 0.886719 0.0839844 0.0898438 0.97998
9 0.397461 0.886719 0.0869141 0.101562 0.979004
14 0.464355 0.462891 0.0478516 0.136719 0.978027
2 0.645508 0.896484 0.0761719 0.0996094 0.977539
13 0.516479 0.46582 0.0510254 0.144531 0.975098
14 0.203247 0.864746 0.0446777 0.137695 0.968262
5 0.94873 0.905273 0.0869141 0.0976562 0.968262
2 0.866211 0.293701 0.0732422 0.0952148 0.966309
6 0.977539 0.499268 0.0449219 0.097168 0.964355
13 0.923828 0.277893 0.0429688 0.136597 0.963379
23 0.938477 0.701172 0.0664062 0.0898438 0.962891
0 0.774902 0.493896 0.141602 0.0952148 0.961914
0 0.0415344 0.883789 0.0830688 0.09375 0.953125
5 0.0175781 0.478271 0.0351562 0.0981445 0.949707
14 0.251221 0.864746 0.0483398 0.144531 0.924805
11 0.519043 0.0681152 0.147461 0.13623 0.839844
5 0.535645 0.290588 0.102539 0.100464 0.705566
10 0.667969 0.0689697 0.0927734 0.137939 0.663574
5 0.0101013 0.280823 0.0202026 0.0936279 0.649414
18 0.476074 0.679688 0.15332 0.129883 0.609375
