9 0.173828 0.09375 0.0373535 0.0444336 0.978516
2 0.0740356 0.427246 0.0302734 0.0458984 0.978027
24 0.0562744 0.186279 0.0395508 0.065918 0.95752
7 0.0170288 0.355469 0.0340576 0.0615234 0.95459
5 0.113159 0.598633 0.0380859 0.0429688 0.94873
9 0.17041 0.515137 0.0395508 0.0478516 0.940918
6 0.0543823 0.345947 0.0384521 0.0424805 0.938965
7 0.0194702 0.780273 0.0380859 0.0625 0.937012
0 0.12793 0.173706 0.081543 0.0571289 0.936035
5 0.136475 0.09729 0.0373535 0.0412598 0.929199
4 0.0150604 0.849609 0.02948 0.0498047 0.929199
19 0.116089 0.851562 0.0285645 0.0449219 0.929199
22 0.0797119 0.852539 0.034668 0.0429688 0.928223
29 0.0287628 0.947266 0.0575256 0.105469 0.915527
23 0.0173645 0.260986 0.03125 0.0410156 0.90918
5 0.118774 0.683594 0.032959 0.0429688 0.904785
7 0.132935 0.0255127 0.0373535 0.0510254 0.891602
2 0.0748138 0.935547 0.0312805 0.0429688 0.870605
8 0.108154 0.432129 0.0368652 0.0400391 0.848145
9 0.0184784 0.598633 0.0364685 0.0429688 0.836426
7 0.108276 0.949219 0.0361328 0.0634766 0.835449
7 0.104004 0.526367 0.0400391 0.0615234 0.834473
22 0.097168 0.0916748 0.0334473 0.0402832 0.824219
8 0.0803223 0.682617 0.0406494 0.0458984 0.823242
5 0.0250549 0.682617 0.0497437 0.0449219 0.789062
6 0.166748 0.67627 0.0600586 0.0615234 0.751953
14 0.143799 0.840332 0.0209961 0.0654297 0.71875
2 0.142822 0.430664 0.0302734 0.0454102 0.716797
2 0.137695 0.516602 0.0249023 0.0410156 0.712402
13 0.0453491 0.25 0.0217285 0.0644531 0.673828
14 0.0606079 0.505859 0.0167236 0.0634766 0.665527
2 0.103516 0.0158043 0.0246582 0.0299759 0.662109
10 0.111328 0.758301 0.0354004 0.0615234 0.616699
22 0.172607 0.853027 0.0390625 0.0429688 0.535156
13 0.182251 0.588867 0.0263672 0.0683594 0.519531
13 0.182251 0.168213 0.0253906 0.0668945 0.507812
