2 0.854492 0.349121 0.0302734 0.0371094 0.989746
2 0.486816 0.291016 0.0283203 0.0361328 0.987793
13 0.794922 0.0308838 0.0214844 0.0617676 0.98584
5 0.606445 0.827148 0.0332031 0.0380859 0.980957
2 0.450439 0.753906 0.0317383 0.0390625 0.978516
13 0.615234 0.190186 0.0224609 0.0693359 0.978027
2 0.790527 0.200928 0.03125 0.0366211 0.978027
21 0.735352 0.286133 0.0449219 0.0571289 0.973633
2 0.891602 0.499512 0.0273438 0.0351562 0.973633
2 0.829102 0.896484 0.0292969 0.0371094 0.973145
5 0.953125 0.888672 0.0361328 0.0371094 0.972656
46 0.544922 0.749023 0.0771484 0.0429688 0.96875
2 0.730469 0.121521 0.03125 0.0350342 0.967285
11 0.930664 0.102112 0.0371094 0.0574951 0.96582
2 0.693359 0.279297 0.0292969 0.0371094 0.965332
2 0.868652 0.427734 0.0332031 0.0380859 0.964844
7 0.583008 0.214844 0.0429688 0.0541992 0.964355
2 0.869141 0.736328 0.0332031 0.0371094 0.963867
18 0.679688 0.110291 0.0439453 0.0594482 0.962891
23 0.416504 0.757812 0.034668 0.0380859 0.959961
7 0.980469 0.818359 0.0390625 0.0546875 0.959961
2 0.491211 0.830566 0.0332031 0.0390625 0.958008
2 0.524414 0.90918 0.03125 0.0371094 0.958008
2 0.949219 0.575195 0.0273438 0.0351562 0.956055
7 0.570801 0.0586243 0.0390625 0.0523071 0.955566
9 0.92041 0.19043 0.0380859 0.0385742 0.95166
0 0.933594 0.268311 0.0615234 0.0400391 0.950195
11 0.978516 0.958984 0.0410156 0.0683594 0.948242
13 0.429688 0.120972 0.0195312 0.0690918 0.946777
7 0.576172 0.371582 0.0410156 0.0546875 0.944824
2 0.59375 0.984375 0.0292969 0.03125 0.940918
7 0.64502 0.832031 0.0390625 0.0537109 0.937012
6 0.729004 0.820312 0.0390625 0.0390625 0.933105
12 0.508301 0.0458679 0.0634766 0.0668335 0.932617
7 0.573242 0.601074 0.0683594 0.0527344 0.932129
22 0.795898 0.274414 0.0351562 0.0385742 0.931152
11 0.98584 0.0275879 0.0283203 0.0551758 0.930664
2 0.876465 0.270996 0.0332031 0.0405273 0.929199
2 0.690918 0.665527 0.0380859 0.0400391 0.927246
2 0.78125 0.508301 0.0351562 0.0351562 0.926758
1 0.574707 0.133545 0.0351562 0.0517578 0.922363
22 0.878906 0.192139 0.0371094 0.0410156 0.922363
0 0.446777 0.986328 0.081543 0.0273438 0.92041
13 0.641602 0.341309 0.0185547 0.0703125 0.919434
5 0.575195 0.51709 0.0371094 0.0371094 0.918457
9 0.826172 0.0349121 0.0361328 0.0373535 0.912598
0 0.664062 0.589844 0.0585938 0.0361328 0.908203
4 0.848633 0.113953 0.0253906 0.0411377 0.905762
5 0.668457 0.356934 0.0361328 0.0371094 0.905273
13 0.692383 0.889648 0.0195312 0.0683594 0.905273
13 0.485352 0.118042 0.0224609 0.0651855 0.903809
24 0.904785 0.741699 0.0400391 0.0498047 0.903809
5 0.943359 0.812012 0.0351562 0.0380859 0.896973
2 0.640625 0.0455246 0.03125 0.0354156 0.896973
5 0.609863 0.904297 0.0361328 0.0371094 0.894043
6 0.871094 0.580078 0.0380859 0.0351562 0.893066
11 0.986328 0.875977 0.0273438 0.0625 0.893066
0 0.80957 0.73877 0.0546875 0.0390625 0.889648
13 0.580566 0.895508 0.0185547 0.0664062 0.888184
23 0.757812 0.199829 0.0302734 0.0383301 0.884277
7 0.687012 0.982422 0.0410156 0.0351562 0.879883
13 0.768066 0.266846 0.0175781 0.0615234 0.877441
1 0.830566 0.586426 0.0371094 0.0498047 0.876465
13 0.959961 0.100464 0.0195312 0.0603027 0.871582
8 0.835938 0.272949 0.0371094 0.0380859 0.844727
11 0.987305 0.641113 0.0253906 0.0615234 0.842773
8 0.837891 0.193726 0.0361328 0.0373535 0.84082
23 0.45752 0.289551 0.0302734 0.0405273 0.835449
0 0.847656 0.973633 0.0546875 0.0429688 0.833496
5 0.794434 0.435059 0.0449219 0.0361328 0.830078
2 0.75 0.662109 0.0546875 0.0371094 0.829102
18 0.975586 0.411865 0.0449219 0.0610352 0.823242
5 0.896484 0.968262 0.0371094 0.0449219 0.822266
10 0.609863 0.503418 0.0322266 0.0566406 0.819824
2 0.727539 0.979492 0.0302734 0.0390625 0.818848
18 0.410645 0.288574 0.0566406 0.0478516 0.805664
5 0.943359 0.347656 0.0371094 0.0405273 0.796875
4 0.864258 0.812988 0.0263672 0.0400391 0.795898
21 0.446777 0.453613 0.0458984 0.0546875 0.78418
2 0.458984 0.130737 0.0302734 0.0368652 0.782715
14 0.923828 0.879883 0.0175781 0.0585938 0.782715
6 0.831055 0.816406 0.0371094 0.0390625 0.773438
18 0.790039 0.352295 0.0527344 0.043457 0.770508
2 0.90918 0.812012 0.03125 0.0371094 0.767578
5 0.719727 0.198486 0.0429688 0.0390625 0.759277
2 0.730469 0.73877 0.046875 0.0371094 0.757812
18 0.657227 0.897949 0.0429688 0.0498047 0.756348
8 0.835449 0.43042 0.0302734 0.0385742 0.750488
2 0.818359 0.503906 0.0351562 0.0351562 0.715332
23 0.662598 0.279297 0.0273438 0.0371094 0.712402
10 0.460449 0.822266 0.0498047 0.0664062 0.695801
0 0.445068 0.907227 0.0805664 0.0517578 0.692871
2 0.807129 0.658691 0.0546875 0.0390625 0.689453
24 0.53125 0.831055 0.046875 0.0390625 0.668945
6 0.783691 0.579102 0.0410156 0.046875 0.666992
4 0.682617 0.741211 0.0273438 0.0410156 0.666992
24 0.780762 0.977539 0.0703125 0.0449219 0.665527
2 0.70752 0.04245 0.0458984 0.0358887 0.660156
21 0.881348 0.0418167 0.0419922 0.056015 0.658203
5 0.445312 0.0556335 0.0605469 0.0375366 0.647949
0 0.648438 0.436279 0.0390625 0.0351562 0.613281
23 0.862305 0.501953 0.0292969 0.0371094 0.602051
2 0.532227 0.984375 0.0332031 0.03125 0.598145
10 0.503784 0.897949 0.0314941 0.0644531 0.588867
13 0.688477 0.421387 0.0410156 0.0625 0.586914
2 0.90918 0.57373 0.03125 0.0419922 0.57373
13 0.529785 0.273193 0.0195312 0.0673828 0.571777
8 0.608398 0.0481873 0.0322266 0.0354614 0.567871
5 0.489746 0.368164 0.0585938 0.0390625 0.562012
13 0.512207 0.270264 0.0214844 0.0732422 0.562012
18 0.424316 0.599121 0.0585938 0.0458984 0.560059
8 0.990723 0.732422 0.0175781 0.0351562 0.554688
7 0.382324 0.00923157 0.046875 0.0184021 0.550781
2 0.994141 0.573242 0.0117188 0.0322266 0.546875
21 0.73584 0.441895 0.0517578 0.0541992 0.544922
13 0.769043 0.805664 0.0361328 0.0625 0.544922
6 0.634277 0.981934 0.0478516 0.0361328 0.539062
6 0.813477 0.115356 0.0380859 0.0393066 0.525391
