2 0.481201 0.216309 0.0317383 0.0371094 0.98584
6 0.919434 0.138062 0.0351562 0.0373535 0.981934
2 0.318848 0.297363 0.0297852 0.0371094 0.981934
2 0.586914 0.13623 0.03125 0.0380859 0.972656
6 0.942383 0.84082 0.0361328 0.0371094 0.970703
5 0.343262 0.68457 0.0341797 0.0371094 0.969727
22 0.183105 0.917969 0.0371094 0.0351562 0.969727
18 0.294922 0.597656 0.0429688 0.0566406 0.967773
2 0.939453 0.218262 0.0332031 0.0380859 0.966797
2 0.891602 0.68457 0.0322266 0.0351562 0.966797
18 0.782227 0.671875 0.0400391 0.0556641 0.96582
7 0.465332 0.538086 0.0380859 0.0488281 0.962891
2 0.82373 0.217285 0.0302734 0.0366211 0.961426
5 0.212891 0.841797 0.0336914 0.0371094 0.959961
13 0.580078 0.749023 0.0214844 0.0644531 0.95752
9 0.48291 0.76123 0.0341797 0.0380859 0.956055
0 0.798828 0.134888 0.0576172 0.0405273 0.954102
0 0.452393 0.377197 0.0541992 0.0380859 0.954102
13 0.880371 0.906738 0.0195312 0.0605469 0.950684
14 0.263184 0.978516 0.019043 0.0429688 0.949707
6 0.349854 0.218262 0.0390625 0.0380859 0.94873
7 0.293945 0.774902 0.0576172 0.0585938 0.946289
5 0.289062 0.920898 0.0351562 0.0371094 0.945801
12 0.785156 0.208252 0.0390625 0.0693359 0.944336
8 0.384277 0.84375 0.0351562 0.0371094 0.94043
5 0.700195 0.988281 0.0351562 0.0234375 0.938965
0 0.870605 0.374512 0.078125 0.0380859 0.938477
18 0.136749 0.290283 0.0414429 0.0585938 0.935547
5 0.492188 0.297363 0.0371094 0.0400391 0.935059
0 0.803711 0.372803 0.0527344 0.0375977 0.93457
8 0.386719 0.0629883 0.0380859 0.0367432 0.933105
0 0.526367 0.215088 0.0576172 0.0412598 0.932129
5 0.438965 0.605469 0.0351562 0.0371094 0.931152
5 0.500488 0.375 0.0351562 0.0351562 0.930664
5 0.727539 0.295898 0.0371094 0.0371094 0.929199
10 0.783203 0.905273 0.0351562 0.0644531 0.927734
5 0.84668 0.137177 0.0371094 0.0366821 0.927246
7 0.900391 0.849609 0.0429688 0.0527344 0.925781
13 0.259766 0.908203 0.0195312 0.0625 0.925293
5 0.451416 0.840332 0.0332031 0.0380859 0.91748
2 0.819336 0.838379 0.0283203 0.0380859 0.91748
5 0.820312 0.295654 0.0351562 0.0361328 0.915039
13 0.465332 0.969238 0.0205078 0.0615234 0.915039
8 0.59082 0.918945 0.0371094 0.0380859 0.914062
8 0.898438 0.216309 0.0371094 0.0375977 0.911621
9 0.586914 0.296875 0.0371094 0.0400391 0.911621
5 0.819336 0.683594 0.03125 0.0351562 0.911133
0 0.774414 0.294922 0.0527344 0.0361328 0.909668
9 0.910156 0.918945 0.0371094 0.0390625 0.908203
9 0.650391 0.216309 0.0351562 0.0380859 0.906738
5 0.468506 0.684082 0.0454102 0.0371094 0.898438
14 0.713379 0.672852 0.0136719 0.0566406 0.896973
21 0.714355 0.223511 0.0449219 0.0563965 0.895508
22 0.942383 0.295166 0.0351562 0.0371094 0.895508
0 0.542969 0.916992 0.0556641 0.0390625 0.892578
7 0.792969 0.0672607 0.0644531 0.0527344 0.888672
13 0.456299 0.749512 0.0205078 0.0644531 0.887207
9 0.542969 0.604004 0.0351562 0.0361328 0.88623
13 0.576172 0.0481567 0.0205078 0.0618896 0.884277
8 0.839844 0.759766 0.0390625 0.0410156 0.883301
22 0.574219 0.684082 0.0371094 0.0390625 0.880859
13 0.752441 0.518555 0.0234375 0.0673828 0.877441
4 0.481934 0.837891 0.0244141 0.0390625 0.876465
8 0.816406 0.530762 0.0351562 0.0361328 0.872559
13 0.724609 0.595215 0.0195312 0.0615234 0.870605
18 0.227295 0.908691 0.0427246 0.0595703 0.869629
0 0.141724 0.84375 0.0600586 0.0390625 0.868652
8 0.90332 0.29541 0.0351562 0.0356445 0.868164
2 0.750977 0.215698 0.0253906 0.0358887 0.867188
13 0.922852 0.359863 0.0234375 0.0634766 0.864258
6 0.953125 0.53125 0.0390625 0.0410156 0.862305
22 0.861328 0.532227 0.0390625 0.0410156 0.861328
6 0.740723 0.683594 0.0371094 0.0351562 0.85498
5 0.78125 0.529785 0.0332031 0.0361328 0.852051
22 0.630859 0.91748 0.0351562 0.0390625 0.852051
23 0.550781 0.0567932 0.0273438 0.0397339 0.851074
1 0.785156 0.616211 0.0576172 0.0527344 0.849121
4 0.851562 0.681152 0.0273438 0.0410156 0.849121
13 0.200439 0.512695 0.0275879 0.0742188 0.848145
9 0.394287 0.37793 0.0361328 0.0390625 0.844727
5 0.923828 0.76123 0.0351562 0.0371094 0.841797
22 0.34668 0.0612183 0.0371094 0.0375977 0.84082
12 0.166016 0.52356 0.0351562 0.0661621 0.839844
10 0.482422 0.443359 0.0566406 0.0595703 0.837402
1 0.913086 0.540039 0.0371094 0.0527344 0.833496
8 0.858887 0.219727 0.0351562 0.0400391 0.816406
2 0.947266 0.37207 0.0273438 0.0380859 0.816406
5 0.706055 0.838867 0.0351562 0.0371094 0.811523
8 0.744629 0.452637 0.0371094 0.0361328 0.805664
18 0.263916 0.452148 0.0634766 0.0488281 0.795898
6 0.75 0.138428 0.0371094 0.0383301 0.794434
24 0.634766 0.5 0.0292969 0.0244141 0.792969
18 0.967773 0.750977 0.0439453 0.0585938 0.791992
8 0.882324 0.138153 0.0351562 0.0376587 0.788086
16 0.84375 0.915039 0.0517578 0.0419922 0.786621
13 0.718262 0.36084 0.0253906 0.0634766 0.785156
24 0.661621 0.686523 0.0390625 0.046875 0.782715
7 0.842773 0.460938 0.0673828 0.0546875 0.78125
9 0.733398 0.914062 0.0351562 0.0400391 0.778809
14 0.52832 0.363281 0.015625 0.0595703 0.773438
5 0.789551 0.757812 0.0341797 0.0410156 0.773438
0 0.980469 0.839355 0.0380859 0.0380859 0.753418
8 0.648438 0.0587769 0.0351562 0.0395508 0.751953
22 0.481689 0.91748 0.0317383 0.0371094 0.750488
0 0.140869 0.762207 0.0561523 0.0400391 0.747559
0 0.981445 0.215942 0.0371094 0.036377 0.744629
2 0.575684 0.987305 0.0292969 0.0253906 0.744629
13 0.389648 0.673828 0.0205078 0.0644531 0.743164
22 0.691406 0.0650482 0.0400391 0.0488586 0.729492
7 0.189575 0.0687866 0.0585938 0.0513916 0.723145
2 0.625 0.680664 0.03125 0.0351562 0.72168
2 0.415527 0.761719 0.0541992 0.0410156 0.710449
9 0.391113 0.136993 0.0361328 0.0390015 0.70752
2 0.288574 0.990234 0.027832 0.0195312 0.690918
10 0.133423 0.443848 0.0383301 0.0644531 0.6875
5 0.224243 0.765625 0.0529785 0.0371094 0.6875
2 0.719238 0.759766 0.0292969 0.0390625 0.680664
2 0.957031 0.918457 0.0273438 0.0361328 0.677246
2 0.335693 0.839844 0.0571289 0.0400391 0.673828
24 0.388184 0.457031 0.0439453 0.0371094 0.668945
12 0.689453 0.595215 0.0449219 0.0644531 0.658203
3 0.385742 0.908203 0.0527344 0.0722656 0.631836
10 0.750977 0.833496 0.0332031 0.0722656 0.620605
22 0.976562 0.989258 0.0371094 0.0214844 0.600098
13 0.361328 0.111084 0.0175781 0.0310059 0.594727
24 0.480713 0.108521 0.027832 0.0239258 0.592773
2 0.131348 0.533203 0.0307617 0.0351562 0.586914
24 0.446045 0.133331 0.0463867 0.0487671 0.577637
2 0.417969 0.835938 0.0292969 0.0488281 0.577637
22 0.783691 0.449707 0.0341797 0.0405273 0.569824
13 0.841797 0.978027 0.0292969 0.0439453 0.565918
13 0.55957 0.442871 0.0214844 0.0664062 0.560059
6 0.209961 0.686523 0.0375977 0.0380859 0.558105
19 0.694336 0.681641 0.0234375 0.0351562 0.546875
4 0.31958 0.916504 0.0244141 0.0439453 0.527344
8 0.981934 0.294434 0.0351562 0.0371094 0.525391
6 0.982422 0.371826 0.0351562 0.0424805 0.523438
6 0.78418 0.837891 0.0332031 0.0371094 0.521484
5 0.933594 0.987305 0.0429688 0.0253906 0.513672
0 0.298828 0.531738 0.0371094 0.0351562 0.509766
21 0.269592 0.228638 0.0477295 0.0544434 0.509766
6 0.535645 0.53125 0.0576172 0.0351562 0.509766
7 0.993652 0.142578 0.0126953 0.059082 0.503906
22 0.988281 0.53125 0.0234375 0.0390625 0.503906
