7 0.0212097 0.966797 0.0419922 0.0625 0.980469
0 0.158569 0.793457 0.0578613 0.0390625 0.976074
5 0.155762 0.169678 0.0366211 0.0366211 0.974609
5 0.20874 0.791016 0.0361328 0.0390625 0.972168
2 0.203613 0.555664 0.0327148 0.0400391 0.969727
0 0.0378189 0.485352 0.0548553 0.0361328 0.969238
9 0.101746 0.793945 0.0358887 0.0390625 0.958008
9 0.200195 0.244385 0.0361328 0.0380859 0.94873
2 0.0856934 0.482422 0.0319824 0.0371094 0.948242
22 0.138397 0.0938721 0.0376587 0.0400391 0.943848
2 0.0829468 0.405273 0.0318604 0.0371094 0.93457
5 0.0634155 0.949219 0.0369873 0.0380859 0.929199
7 0.177979 0.0978394 0.0395508 0.0543213 0.924805
5 0.0610352 0.792969 0.0371094 0.0371094 0.923828
5 0.117126 0.873535 0.0369873 0.0371094 0.922363
2 0.19043 0.0160217 0.0356445 0.0320435 0.921387
2 0.0135345 0.0159454 0.0267944 0.0318909 0.92041
9 0.21582 0.87207 0.0351562 0.0390625 0.911621
14 0.177002 0.546875 0.0151367 0.0585938 0.895508
5 0.196777 0.946289 0.0341797 0.0390625 0.891113
2 0.167236 0.24707 0.0283203 0.0375977 0.885742
5 0.0186005 0.563477 0.0365295 0.0390625 0.875977
11 0.127075 0.62793 0.0375977 0.0605469 0.875
22 0.158447 0.949219 0.0371094 0.0410156 0.874023
22 0.0581055 0.871582 0.036499 0.0390625 0.873047
18 0.0613708 0.710938 0.0547485 0.046875 0.868164
4 0.0129776 0.161743 0.0256805 0.067627 0.867188
9 0.136353 0.325195 0.0336914 0.0371094 0.865234
5 0.205811 0.479736 0.0356445 0.0385742 0.861328
23 0.136841 0.249756 0.0310059 0.0361328 0.854004
14 0.130493 0.937988 0.0187988 0.0615234 0.838867
1 0.0452271 0.0255737 0.0354004 0.0510864 0.833496
8 0.106689 0.717773 0.0354004 0.0351562 0.819824
13 0.0326462 0.782227 0.0199127 0.0615234 0.819824
10 0.0614014 0.39502 0.0300293 0.0634766 0.809082
5 0.172729 0.871582 0.0461426 0.0390625 0.79834
14 0.0892334 0.860352 0.0170898 0.0585938 0.792969
24 0.207886 0.371094 0.0324707 0.0263672 0.764648
6 0.100464 0.951172 0.036377 0.0371094 0.746094
1 0.0858154 0.103027 0.0383301 0.0524902 0.733887
9 0.0240784 0.0938721 0.0368042 0.0400391 0.704102
13 0.0993652 0.624023 0.0202637 0.0664062 0.702637
18 0.147217 0.0175323 0.0483398 0.0350647 0.67041
13 0.0257874 0.85498 0.0209961 0.0800781 0.666992
6 0.0922241 0.0180969 0.0582275 0.0361938 0.640625
13 0.114868 0.990234 0.0166016 0.0195312 0.596191
13 0.108154 0.31543 0.019043 0.0625 0.563965
13 0.216797 0.989258 0.0380859 0.0214844 0.541016
14 0.182495 0.157471 0.0195312 0.0610352 0.537109
11 0.0103073 0.777344 0.0205231 0.0761719 0.513672
