18 0.203003 0.817383 0.108643 0.140625 0.991699
2 0.303711 0.84375 0.0751953 0.09375 0.987793
2 0.109802 0.84082 0.0792236 0.101562 0.985352
8 0.393311 0.840332 0.103516 0.0976562 0.956543
4 0.310303 0.63916 0.097168 0.0996094 0.951172
23 0.034668 0.838379 0.0690918 0.0878906 0.910645
8 0.244873 0.218506 0.09375 0.139648 0.810547
2 0.0173645 0.441895 0.034729 0.0957031 0.796875
4 0.0857086 0.436768 0.0959167 0.0996094 0.792969
5 0.101196 0.240479 0.100342 0.0952148 0.581543
13 0.861328 0.96875 0.0390625 0.0625 0.505859
