19 0.946289 0.95752 0.0585938 0.0849609 0.990234
23 0.0915527 0.375732 0.0666504 0.0913086 0.986816
2 0.0279236 0.372559 0.0558472 0.0927734 0.986328
0 0.844238 0.959961 0.133789 0.0800781 0.986328
7 0.652344 0.0341492 0.107422 0.0682983 0.984863
7 0.54248 0.0344238 0.103516 0.0688477 0.983398
0 0.760742 0.384277 0.139648 0.0961914 0.98291
23 0.202637 0.761719 0.0737305 0.0859375 0.981445
23 0.131104 0.760254 0.0700684 0.0976562 0.980957
8 0.149536 0.953125 0.101562 0.09375 0.979492
7 0.751953 0.202393 0.105469 0.136719 0.978027
6 0.92627 0.770508 0.0849609 0.0898438 0.975586
5 0.476562 0.953125 0.0888672 0.09375 0.975098
8 0.834961 0.571289 0.0986328 0.0957031 0.974121
14 0.990234 0.9375 0.0195312 0.125 0.973633
22 0.90625 0.181396 0.0859375 0.0908203 0.97168
9 0.470459 0.757812 0.090332 0.103516 0.971191
5 0.737305 0.762695 0.0957031 0.0976562 0.969727
0 0.691406 0.572754 0.183594 0.0996094 0.969727
2 0.0579834 0.764648 0.0727539 0.0996094 0.967773
14 0.810059 0.745605 0.0458984 0.140625 0.966797
7 0.375488 0.954102 0.104492 0.0917969 0.965332
2 0.932617 0.572266 0.0742188 0.0898438 0.958984
4 0.572266 0.948242 0.0947266 0.101562 0.946777
2 0.898438 0.382812 0.117188 0.0927734 0.945801
13 0.856445 0.74707 0.0458984 0.134766 0.937988
12 0.509766 0.549805 0.164062 0.146484 0.930664
23 0.978516 0.384766 0.0429688 0.0917969 0.90918
22 0.251221 0.956055 0.0864258 0.0859375 0.905762
10 0.693359 0.932617 0.0898438 0.134766 0.893066
18 0.989258 0.755859 0.0214844 0.117188 0.891602
11 0.0296936 0.544922 0.0593872 0.151367 0.891602
4 0.179443 0.368652 0.101074 0.108398 0.85498
7 0.992676 0.602539 0.0146484 0.134766 0.779785
2 0.460205 0.179932 0.0991211 0.0922852 0.777344
22 0.308655 0.762695 0.128784 0.0917969 0.770508
11 0.103821 0.0346375 0.0926514 0.0692749 0.716797
5 0.975586 0.0144119 0.0478516 0.0288239 0.62793
14 0.992188 0.167969 0.015625 0.127197 0.604004
6 0.834961 0.180054 0.0507812 0.0925293 0.571777
14 0.73584 0.0123749 0.0537109 0.0247498 0.501953
