11 0.981445 0.0246124 0.0371094 0.0491638 0.972168
2 0.883789 0.0234528 0.03125 0.0447693 0.970215
2 0.753418 0.0211945 0.0332031 0.0423889 0.957031
2 0.967285 0.206543 0.0332031 0.0454102 0.953125
8 0.865234 0.11145 0.0429688 0.0437012 0.947266
2 0.938477 0.383789 0.03125 0.046875 0.946289
7 0.982422 0.394531 0.0351562 0.0605469 0.943359
16 0.919922 0.284424 0.0761719 0.0620117 0.942383
29 0.774902 0.105103 0.0556641 0.0715332 0.933594
5 0.907227 0.113892 0.0410156 0.0432129 0.925781
9 0.895996 0.561523 0.0390625 0.0449219 0.922363
8 0.898438 0.381104 0.0429688 0.046875 0.904785
0 0.836426 0.562012 0.0800781 0.0478516 0.903809
18 0.838867 0.188477 0.0400391 0.0566406 0.902832
13 0.874512 0.183105 0.0175781 0.0727539 0.855957
18 0.95752 0.553711 0.0585938 0.0585938 0.855957
4 0.790527 0.190186 0.03125 0.0561523 0.837402
18 0.988281 0.461914 0.0234375 0.0605469 0.820801
22 0.822266 0.109619 0.0371094 0.0461426 0.81543
18 0.90332 0.46582 0.0605469 0.0566406 0.785156
5 0.692383 0.19751 0.0390625 0.0444336 0.78418
5 0.931641 0.0236816 0.0605469 0.0464478 0.779785
13 0.969727 0.284668 0.0214844 0.0639648 0.769043
10 0.763672 0.551758 0.0585938 0.0664062 0.629883
7 0.700195 0.569824 0.0664062 0.0634766 0.624512
14 0.812012 0.0209656 0.0214844 0.0419312 0.59082
11 0.844727 0.0210114 0.0390625 0.0419617 0.57373
2 0.926758 0.205444 0.0449219 0.0424805 0.537109
