2 0.334961 0.179688 0.0322266 0.0483398 0.989258
12 0.824219 0.0871735 0.0371094 0.0815125 0.981934
6 0.757812 0.179077 0.0390625 0.0439453 0.955078
10 0.856934 0.16748 0.0390625 0.0668945 0.95459
5 0.356445 0.0146179 0.0395508 0.0292053 0.952637
5 0.509277 0.0136261 0.0419922 0.0272522 0.952637
21 0.437012 0.274475 0.0664062 0.0750732 0.95166
14 0.766602 0.0814056 0.0205078 0.0659485 0.928223
4 0.667969 0.0863647 0.03125 0.0550537 0.925293
2 0.567383 0.268127 0.0390625 0.055542 0.910645
7 0.956055 0.102051 0.0390625 0.0603027 0.909668
14 0.305176 0.168701 0.0234375 0.0693359 0.909668
22 0.816895 0.015686 0.0410156 0.0313721 0.905762
8 0.914062 0.266663 0.0371094 0.0487061 0.898438
8 0.630859 0.0911865 0.0410156 0.0461426 0.866211
8 0.75293 0.268066 0.0429688 0.0551758 0.864258
24 0.650391 0.146484 0.0449219 0.0249023 0.85498
2 0.791504 0.178467 0.0302734 0.0449219 0.847168
4 0.470459 0.172974 0.0288086 0.0507812 0.834473
6 0.454102 0.0139465 0.0458984 0.0278931 0.820801
6 0.651367 0.0144043 0.0488281 0.0288086 0.820801
9 0.905273 0.0883789 0.0371094 0.0454102 0.817383
5 0.73877 0.0142822 0.0390625 0.0285645 0.804199
6 0.698242 0.0143661 0.0341797 0.0287323 0.796875
13 0.290039 0.0251465 0.00878906 0.050293 0.792969
6 0.861328 0.0141983 0.0429688 0.0283966 0.786621
8 0.777344 0.0137634 0.0351562 0.0275269 0.728027
22 0.865234 0.0943604 0.0351562 0.0471191 0.699219
0 0.577148 0.0895996 0.0644531 0.0472412 0.613281
24 0.650391 0.16748 0.046875 0.0654297 0.59082
9 0.316406 0.26709 0.0419922 0.0556641 0.584961
18 0.865234 0.266113 0.0537109 0.0595703 0.575684
5 0.403564 0.0150452 0.0522461 0.0300903 0.571777
10 0.49585 0.081665 0.0493164 0.0667725 0.542969
