11 0.193359 0.823242 0.0942383 0.140625 0.992676
13 0.120117 0.826172 0.0478516 0.151367 0.988281
18 0.865723 0.439697 0.112305 0.14502 0.985352
5 0.753906 0.462402 0.0976562 0.0957031 0.976074
5 0.493408 0.851562 0.0952148 0.0976562 0.975586
23 0.289062 0.852539 0.0830078 0.0966797 0.974609
4 0.679688 0.849121 0.0742188 0.110352 0.973145
19 0.556641 0.65332 0.0761719 0.0976562 0.958008
6 0.0915527 0.255371 0.0986328 0.0966797 0.957031
12 0.954102 0.837891 0.0917969 0.136719 0.931152
12 0.912598 0.238892 0.165039 0.148193 0.891113
18 0.8125 0.845215 0.140625 0.124023 0.887207
6 0.912598 0.67041 0.0917969 0.0888672 0.883301
13 0.787598 0.237793 0.0585938 0.148926 0.853027
6 0.377441 0.852539 0.0927734 0.0976562 0.836426
29 0.0482178 0.847656 0.0964355 0.199219 0.818848
14 0.132812 0.976562 0.0427246 0.046875 0.79834
6 0.980957 0.65918 0.0380859 0.0859375 0.775879
6 0.59082 0.855957 0.09375 0.0947266 0.766113
6 0.740234 0.259033 0.146484 0.10498 0.673828
5 0.962891 0.439209 0.0742188 0.148926 0.631836
11 0.0193176 0.249268 0.0386353 0.186035 0.609375
