1 0.683594 0.830078 0.0917969 0.136719 0.990723
4 0.370117 0.978516 0.0693359 0.0429688 0.987305
4 0.978027 0.398438 0.0439453 0.0966797 0.98584
2 0.882324 0.801758 0.0761719 0.0898438 0.983887
0 0.786133 0.607422 0.146484 0.09375 0.982422
6 0.783691 0.804688 0.0898438 0.0888672 0.976074
0 0.541504 0.806641 0.139648 0.0878906 0.975586
9 0.905273 0.202271 0.0927734 0.0944824 0.974121
7 0.976562 0.824219 0.046875 0.132812 0.973145
4 0.943359 0.96875 0.0683594 0.0625 0.970215
6 0.807129 0.209229 0.0908203 0.090332 0.968262
8 0.907227 0.401855 0.09375 0.0957031 0.958008
5 0.284119 0.981445 0.0987549 0.0371094 0.953125
5 0.984375 0.606445 0.03125 0.0898438 0.952637
14 0.834473 0.957031 0.0410156 0.0859375 0.944824
1 0.449707 0.980469 0.0839844 0.0390625 0.939941
13 0.887695 0.956543 0.0527344 0.0869141 0.931641
0 0.810547 0.0292511 0.185547 0.0584412 0.91748
7 0.569336 0.240112 0.164062 0.141846 0.90332
18 0.4021 0.793945 0.135254 0.121094 0.892578
4 0.537109 0.0296936 0.0605469 0.0593872 0.889648
0 0.636719 0.587891 0.148438 0.138672 0.878906
4 0.708984 0.202881 0.0957031 0.100098 0.868164
16 0.78418 0.407227 0.154297 0.0869141 0.851074
22 0.991211 0.211426 0.0175781 0.0751953 0.850098
4 0.610352 0.0282135 0.0644531 0.056427 0.836426
10 0.278076 0.783691 0.0986328 0.140625 0.818848
18 0.746094 0.96582 0.126953 0.0683594 0.813965
4 0.509277 0.604492 0.105469 0.0996094 0.812988
18 0.291992 0.397217 0.140625 0.125488 0.716797
11 0.29303 0.584961 0.145386 0.140625 0.690918
19 0.301514 0.0292969 0.0483398 0.0585327 0.622559
6 0.423828 0.0294189 0.143066 0.0588379 0.575684
