1 0.785645 0.309998 0.0927734 0.136841 0.991699
19 0.30249 0.87793 0.0629883 0.0957031 0.986816
2 0.54834 0.68457 0.0732422 0.0898438 0.984863
18 0.893555 0.268066 0.09375 0.140625 0.983887
4 0.669922 0.893555 0.0742188 0.121094 0.981445
13 0.614258 0.462402 0.046875 0.137695 0.980469
5 0.81543 0.898438 0.0957031 0.102539 0.979004
18 0.53125 0.863281 0.108398 0.144531 0.977539
2 0.44165 0.884766 0.0722656 0.102539 0.975586
13 0.756836 0.470947 0.0488281 0.147949 0.974609
23 0.620117 0.687012 0.0664062 0.0869141 0.972656
5 0.812012 0.688477 0.0830078 0.0957031 0.972168
4 0.678711 0.480469 0.0800781 0.116211 0.970215
13 0.676758 0.665527 0.0429688 0.143555 0.970215
4 0.261963 0.668945 0.0712891 0.0996094 0.969727
2 0.331299 0.677734 0.0693359 0.09375 0.962402
13 0.608398 0.868164 0.046875 0.152344 0.961426
4 0.320312 0.0644684 0.0693359 0.116913 0.960938
2 0.585938 0.0835571 0.0771484 0.085083 0.958984
22 0.814941 0.0879517 0.0898438 0.0904541 0.958496
5 0.969727 0.0953369 0.0605469 0.0935059 0.956055
6 0.0297241 0.87207 0.0593872 0.0957031 0.953125
5 0.0433655 0.0701904 0.086731 0.0889893 0.95166
9 0.97998 0.691406 0.0400391 0.0957031 0.950684
6 0.913086 0.900391 0.0976562 0.107422 0.937012
23 0.370117 0.879395 0.0693359 0.09375 0.925293
13 0.0173798 0.235107 0.0347595 0.147461 0.88623
7 0.984375 0.316467 0.03125 0.13855 0.880859
4 0.907227 0.685059 0.0996094 0.102539 0.830078
13 0.00971985 0.63916 0.0194397 0.15625 0.81543
7 0.856934 0.517578 0.147461 0.139648 0.764648
5 0.446289 0.479248 0.097168 0.097168 0.668945
13 0.194336 0.0742798 0.0117188 0.0914307 0.507812
18 0.239746 0.252991 0.104004 0.130737 0.501953
