7 0.42749 0.822754 0.0927734 0.12793 0.990234
2 0.962891 0.980469 0.0712891 0.0390625 0.986816
23 0.250488 0.801758 0.0712891 0.0917969 0.981934
8 0.749023 0.601562 0.0996094 0.0917969 0.980469
7 0.704102 0.0462036 0.0898438 0.0924072 0.976074
4 0.55957 0.394043 0.0722656 0.110352 0.976074
8 0.702148 0.800781 0.0976562 0.0976562 0.972656
6 0.853516 0.601562 0.0957031 0.0898438 0.971191
6 0.334473 0.80127 0.0917969 0.0888672 0.970703
14 0.975586 0.583008 0.046875 0.138672 0.966797
8 0.067688 0.977539 0.0982666 0.0449219 0.958008
5 0.166626 0.974121 0.0905762 0.0517578 0.939941
0 0.050354 0.395996 0.100708 0.0922852 0.916504
22 0.805176 0.80957 0.0888672 0.0898438 0.908691
22 0.966797 0.0263977 0.0644531 0.0527954 0.907227
14 0.927246 0.581543 0.0458984 0.136719 0.905762
27 0.18396 0.799316 0.0568848 0.0927734 0.888672
7 0.602051 0.956055 0.152344 0.0878906 0.869629
7 0.936035 0.226685 0.12793 0.129639 0.851074
7 0.938477 0.82959 0.123047 0.130859 0.84375
13 0.0179749 0.172974 0.0358276 0.138916 0.836426
4 0.262634 0.97168 0.0899658 0.0566406 0.829102
8 0.0485535 0.0216064 0.0945435 0.0431519 0.810547
5 0.805176 0.176514 0.0878906 0.139648 0.805664
7 0.974609 0.390137 0.0507812 0.139648 0.769043
5 0.623047 0.601074 0.105469 0.0947266 0.70752
22 0.898438 0.402588 0.0820312 0.0927734 0.690918
4 0.436035 0.592285 0.102539 0.114258 0.675781
5 0.638672 0.400391 0.0878906 0.0957031 0.67041
0 0.43335 0.978516 0.154785 0.0429688 0.666992
8 0.728027 0.980469 0.0917969 0.0390625 0.604004
14 0.77832 0.0277252 0.0488281 0.0554504 0.583008
8 0.879883 0.0268555 0.0957031 0.0536499 0.513672
