21 0.772461 0.399658 0.046875 0.0576172 0.98291
7 0.614258 0.928711 0.0449219 0.0605469 0.981934
1 0.0394821 0.751465 0.0421295 0.0615234 0.980957
2 0.199707 0.830078 0.0288086 0.0429688 0.980469
24 0.375 0.925781 0.0351562 0.0566406 0.978027
27 0.167969 0.749023 0.0249023 0.0605469 0.977051
2 0.566406 0.0374069 0.03125 0.0449371 0.970703
7 0.549316 0.664062 0.0449219 0.0625 0.970703
18 0.152344 0.551758 0.0415039 0.0546875 0.969727
2 0.194824 0.302979 0.0336914 0.0463867 0.969238
7 0.0642242 0.398193 0.0448914 0.0551758 0.969238
0 0.225586 0.0372009 0.0600586 0.0465698 0.967285
5 0.548828 0.215088 0.0371094 0.0458984 0.966797
23 0.695801 0.305664 0.0351562 0.046875 0.966797
7 0.669922 0.750977 0.0429688 0.0605469 0.966797
7 0.304199 0.224121 0.0458984 0.0615234 0.966309
18 0.743652 0.553711 0.0410156 0.0546875 0.96582
7 0.212158 0.751953 0.0424805 0.0566406 0.96582
0 0.437012 0.212524 0.0585938 0.0463867 0.963867
2 0.791016 0.129883 0.0332031 0.0478516 0.963379
5 0.484375 0.388184 0.0380859 0.0429688 0.963379
2 0.883789 0.391602 0.03125 0.0429688 0.963379
4 0.441895 0.470215 0.0366211 0.0541992 0.961914
5 0.246216 0.650391 0.036377 0.0449219 0.961426
2 0.328613 0.55957 0.0361328 0.0449219 0.960938
8 0.240479 0.829102 0.0395508 0.0458984 0.959961
7 0.894531 0.137085 0.0449219 0.059082 0.959473
2 0.0162048 0.390625 0.0316162 0.0449219 0.95752
5 0.773438 0.741699 0.0371094 0.0419922 0.95752
8 0.813477 0.741211 0.0429688 0.0449219 0.956055
7 0.669434 0.838867 0.0458984 0.0605469 0.955566
6 0.129669 0.391113 0.039978 0.0429688 0.955078
11 0.950195 0.906738 0.0390625 0.0615234 0.953613
2 0.0681763 0.0321121 0.0335693 0.0450287 0.951172
6 0.446289 0.561523 0.0400391 0.0429688 0.947266
5 0.862793 0.215698 0.0410156 0.0437012 0.945801
1 0.905273 0.312744 0.0488281 0.0615234 0.945312
9 0.290283 0.91748 0.0419922 0.0478516 0.945312
2 0.212402 0.123413 0.03125 0.0444336 0.943359
23 0.597656 0.037178 0.03125 0.0433197 0.942383
6 0.584961 0.476562 0.0390625 0.0439453 0.941406
5 0.944824 0.649414 0.0390625 0.0429688 0.938965
2 0.0521851 0.831055 0.0305176 0.0429688 0.938965
12 0.881836 0.555664 0.0527344 0.0761719 0.9375
6 0.134766 0.83252 0.0424805 0.0410156 0.93457
2 0.437988 0.922363 0.0283203 0.0488281 0.93457
7 0.0898438 0.84082 0.0428467 0.0595703 0.934082
5 0.255371 0.742676 0.0395508 0.0478516 0.930664
22 0.629883 0.214355 0.0390625 0.0410156 0.927734
13 0.815918 0.640137 0.0185547 0.0644531 0.927734
0 0.617188 0.744629 0.0625 0.0478516 0.926758
18 0.815918 0.0324631 0.0429688 0.0617828 0.92627
11 0.247803 0.113647 0.0400391 0.0634766 0.925293
12 0.945312 0.119751 0.0517578 0.076416 0.922852
0 0.723145 0.738281 0.0615234 0.0517578 0.922363
0 0.0426025 0.562012 0.0802002 0.0439453 0.918945
4 0.276611 0.825195 0.0307617 0.0566406 0.918945
0 0.975586 0.21521 0.0488281 0.0437012 0.918457
2 0.321777 0.830078 0.0327148 0.0478516 0.918457
0 0.0376282 0.114502 0.0742798 0.0639648 0.916016
20 0.866211 0.473145 0.0644531 0.078125 0.916016
0 0.931152 0.38916 0.0625 0.0410156 0.913086
0 0.477051 0.828125 0.0625 0.0488281 0.912598
0 0.615234 0.832031 0.0605469 0.046875 0.911133
5 0.358887 0.831055 0.0380859 0.0429688 0.909668
18 0.480469 0.118103 0.0449219 0.0587158 0.90918
7 0.711914 0.930664 0.0410156 0.0585938 0.908203
0 0.083313 0.920898 0.0601807 0.0449219 0.907227
0 0.723633 0.829102 0.0625 0.046875 0.905762
13 0.782227 0.0319824 0.0234375 0.0639648 0.905273
4 0.408936 0.920898 0.0302734 0.0546875 0.905273
2 0.752441 0.920898 0.0341797 0.0410156 0.902832
7 0.750488 0.0472488 0.0429688 0.0607758 0.901367
10 0.489258 0.549805 0.0419922 0.0615234 0.898438
23 0.0254211 0.919922 0.0349731 0.0458984 0.896484
14 0.0983887 0.37793 0.0202637 0.0605469 0.893066
5 0.279053 0.0355835 0.0395508 0.0430908 0.891602
19 0.520996 0.477295 0.0292969 0.0400391 0.891602
14 0.165039 0.291992 0.0224609 0.0673828 0.888672
2 0.390381 0.211304 0.0336914 0.0456543 0.888184
8 0.38916 0.742188 0.0415039 0.0458984 0.885742
7 0.345215 0.397949 0.0634766 0.0576172 0.884277
22 0.70166 0.562012 0.0390625 0.0419922 0.883301
1 0.133545 0.75 0.041748 0.0625 0.880859
1 0.411133 0.832031 0.0454102 0.0830078 0.879883
5 0.915039 0.832031 0.0419922 0.0449219 0.879883
14 0.515625 0.0296936 0.0214844 0.0593872 0.878906
6 0.13269 0.303711 0.0410156 0.0458984 0.877441
22 0.563477 0.831055 0.0390625 0.046875 0.874023
9 0.530273 0.558594 0.0410156 0.0429688 0.865234
0 0.193848 0.650391 0.0673828 0.046875 0.863281
13 0.983398 0.115417 0.0234375 0.0692139 0.862305
13 0.327393 0.637695 0.0185547 0.0722656 0.85791
21 0.322266 0.0461731 0.0439453 0.0602417 0.85498
2 0.313477 0.301758 0.0341797 0.0439453 0.848145
18 0.0160828 0.204834 0.0320435 0.0593262 0.847168
9 0.774414 0.830078 0.0371094 0.0449219 0.841797
9 0.981445 0.736328 0.0371094 0.046875 0.84082
6 0.422607 0.389648 0.0371094 0.0449219 0.836426
18 0.239258 0.384277 0.0683594 0.0517578 0.830078
4 0.171021 0.82666 0.0292969 0.0498047 0.830078
9 0.0667877 0.652344 0.040741 0.0449219 0.82666
0 0.833008 0.382812 0.0605469 0.0566406 0.813965
9 0.5625 0.916016 0.0410156 0.0449219 0.812988
24 0.668945 0.193848 0.0351562 0.0415039 0.809082
0 0.887695 0.90918 0.0859375 0.0605469 0.808105
22 0.923828 0.476318 0.0390625 0.0419922 0.804199
2 0.364746 0.651367 0.0532227 0.0429688 0.804199
23 0.191406 0.916992 0.0297852 0.0410156 0.79834
6 0.512695 0.916992 0.0595703 0.0458984 0.796875
24 0.527344 0.107666 0.0410156 0.0480957 0.785156
19 0.550781 0.476562 0.0273438 0.0439453 0.775879
22 0.854492 0.82959 0.0410156 0.0439453 0.775879
4 0.130157 0.918945 0.0263062 0.046875 0.751953
5 0.303711 0.126587 0.0664062 0.0488281 0.750488
7 0.258057 0.311035 0.0732422 0.0615234 0.749023
18 0.652344 0.64502 0.0566406 0.0585938 0.744629
2 0.1604 0.92041 0.03125 0.0458984 0.73877
2 0.145508 0.123169 0.0332031 0.0461426 0.73877
5 0.708496 0.0396729 0.0380859 0.05896 0.733887
11 0.696777 0.466309 0.0634766 0.0615234 0.732422
14 0.884766 0.818359 0.0175781 0.0664062 0.729492
2 0.34375 0.920898 0.03125 0.0478516 0.728027
5 0.878906 0.0390625 0.0742188 0.048584 0.726562
11 0.896484 0.732422 0.0371094 0.0634766 0.725098
6 0.691406 0.127686 0.0410156 0.0488281 0.71875
0 0.0681152 0.994141 0.0600586 0.0117188 0.71875
0 0.98291 0.649414 0.0341797 0.0429688 0.70752
10 0.4375 0.646973 0.0449219 0.0761719 0.704102
18 0.162354 0.202393 0.0500488 0.0649414 0.689453
5 0.660645 0.304199 0.0351562 0.0458984 0.689453
18 0.178467 0.379883 0.0478516 0.0585938 0.689453
22 0.362793 0.0343933 0.0390625 0.0420532 0.686035
6 0.0767822 0.475098 0.0366211 0.0429688 0.684082
10 0.0364075 0.290039 0.0648804 0.0664062 0.682617
13 0.958008 0.547363 0.0253906 0.0595703 0.682617
10 0.305664 0.380371 0.0390625 0.0712891 0.679199
12 0.266541 0.464355 0.0704346 0.0625 0.675781
4 0.359863 0.472412 0.0273438 0.0493164 0.649414
5 0.766602 0.993164 0.0390625 0.0136719 0.644043
22 0.860352 0.649902 0.0595703 0.0429688 0.642578
14 0.105713 0.464844 0.0230713 0.0634766 0.637207
5 0.645996 0.119263 0.0498047 0.064209 0.633301
5 0.390625 0.560547 0.0673828 0.0449219 0.624512
10 0.536133 0.821289 0.0371094 0.0664062 0.618652
2 0.416504 0.303223 0.0761719 0.0488281 0.615234
14 0.578613 0.204224 0.0224609 0.064209 0.611328
6 0.402344 0.476074 0.0419922 0.046875 0.609375
6 0.985352 0.918945 0.0292969 0.0429688 0.605957
24 0.474609 0.983398 0.0673828 0.0332031 0.605957
23 0.492432 0.743164 0.0356445 0.0449219 0.586914
6 0.23877 0.915527 0.059082 0.046875 0.57959
22 0.699219 0.654297 0.0390625 0.0458984 0.577637
6 0.957031 0.30127 0.0625 0.0429688 0.575684
13 0.599609 0.205322 0.0234375 0.0634766 0.571777
10 0.800781 0.206543 0.0341797 0.0634766 0.554688
13 0.189453 0.982422 0.0263672 0.0341797 0.550781
10 0.32373 0.467041 0.0419922 0.0634766 0.546875
5 0.219482 0.994141 0.0371094 0.0117188 0.542969
6 0.14856 0.473633 0.060791 0.0439453 0.535156
13 0.920898 0.986816 0.0205078 0.0263672 0.535156
0 0.706055 0.993164 0.0820312 0.0136719 0.533203
2 0.828613 0.916016 0.0322266 0.0449219 0.527344
13 0.988281 0.0293427 0.0234375 0.0566101 0.525391
2 0.389893 0.38916 0.0263672 0.0410156 0.515625
6 0.34668 0.743164 0.0390625 0.046875 0.515625
