12 0.603516 0.740234 0.0351562 0.0820312 0.994629
2 0.281738 0.577637 0.03125 0.0458984 0.989258
7 0.759766 0.577148 0.0371094 0.0625 0.987793
2 0.70752 0.736328 0.0322266 0.0478516 0.97998
2 0.378662 0.828125 0.0317383 0.0439453 0.977051
7 0.156494 0.760254 0.0378418 0.0595703 0.975586
5 0.688477 0.482422 0.0380859 0.0439453 0.974609
12 0.976562 0.967773 0.0332031 0.0644531 0.973633
7 0.898438 0.487549 0.0380859 0.0620117 0.968262
0 0.603516 0.822266 0.0585938 0.0429688 0.966797
0 0.0584106 0.835938 0.0638428 0.0478516 0.966309
20 0.549805 0.973633 0.0644531 0.0527344 0.96582
5 0.904297 0.814941 0.0390625 0.0449219 0.963867
22 0.570312 0.486816 0.0351562 0.0429688 0.962891
2 0.455078 0.490234 0.0268555 0.0419922 0.960449
5 0.223755 0.579102 0.0378418 0.0439453 0.959961
18 0.65332 0.565918 0.0371094 0.0527344 0.958496
12 0.922852 0.899414 0.0351562 0.078125 0.958008
5 0.707031 0.652344 0.0371094 0.0410156 0.957031
5 0.604004 0.984375 0.0380859 0.03125 0.95459
0 0.393555 0.662109 0.0605469 0.0449219 0.954102
22 0.908203 0.391113 0.03125 0.0400391 0.952637
19 0.738281 0.981445 0.0292969 0.0371094 0.952637
5 0.429688 0.401855 0.0390625 0.0507812 0.94873
5 0.698242 0.395996 0.0390625 0.0507812 0.94873
21 0.328369 0.506958 0.0405273 0.064209 0.94873
5 0.668945 0.904785 0.0351562 0.0410156 0.94873
5 0.25592 0.913086 0.0408936 0.0439453 0.945801
11 0.860352 0.80957 0.0371094 0.0644531 0.945312
0 0.343506 0.986816 0.0756836 0.0263672 0.944336
7 0.122803 0.507324 0.0390625 0.0625 0.943848
8 0.319336 0.57959 0.0410156 0.0439453 0.943848
14 0.254333 0.567383 0.0196533 0.0664062 0.941406
11 0.139648 0.82666 0.0356445 0.0664062 0.941406
7 0.658691 0.40625 0.0390625 0.0600586 0.94043
2 0.126587 0.407227 0.0268555 0.0488281 0.94043
18 0.876953 0.557617 0.0507812 0.0537109 0.939941
5 0.0476379 0.918945 0.0414429 0.0449219 0.9375
5 0.0844727 0.497559 0.0388184 0.0439453 0.935059
7 0.818359 0.741211 0.0400391 0.0625 0.93457
6 0.29248 0.663574 0.0419922 0.0439453 0.933594
8 0.924805 0.561523 0.0390625 0.0410156 0.933105
5 0.845215 0.391113 0.0400391 0.046875 0.930664
2 0.856934 0.732422 0.0302734 0.0449219 0.930664
13 0.19873 0.976562 0.0214844 0.046875 0.927246
0 0.755371 0.734863 0.0615234 0.046875 0.925781
5 0.32666 0.83252 0.0380859 0.0449219 0.922363
8 0.414062 0.82959 0.0366211 0.0400391 0.920898
0 0.436523 0.910156 0.0610352 0.0449219 0.919434
13 0.636719 0.727539 0.0253906 0.0742188 0.918945
14 0.224609 0.652344 0.0205078 0.0644531 0.917969
22 0.480957 0.401123 0.0356445 0.0454102 0.91748
6 0.88916 0.981445 0.0429688 0.0361328 0.915527
5 0.651855 0.820312 0.0341797 0.0429688 0.911133
8 0.489258 0.488281 0.0400391 0.0478516 0.909668
14 0.354492 0.819336 0.0166016 0.0644531 0.909668
7 0.844727 0.982422 0.0390625 0.0351562 0.909668
6 0.090271 0.411133 0.0430908 0.0449219 0.90918
9 0.130005 0.579102 0.0373535 0.0449219 0.908203
11 0.498779 0.813477 0.0366211 0.0644531 0.905762
0 0.143341 0.916504 0.0761108 0.0419922 0.900391
9 0.236572 0.830078 0.0385742 0.0429688 0.895508
0 0.4104 0.490723 0.0610352 0.0458984 0.89502
10 0.168091 0.39502 0.0390625 0.0751953 0.891113
14 0.71875 0.470215 0.0195312 0.0634766 0.889648
5 0.321777 0.404785 0.0390625 0.0517578 0.88623
13 0.202881 0.819824 0.0229492 0.0693359 0.883301
2 0.120239 0.75 0.029541 0.0429688 0.878418
9 0.202148 0.912109 0.0380859 0.0449219 0.871582
14 0.679688 0.727539 0.0175781 0.0644531 0.864258
8 0.608398 0.486328 0.0371094 0.0410156 0.85498
0 0.562012 0.896484 0.0634766 0.0644531 0.854004
0 0.272522 0.406006 0.055542 0.0498047 0.851074
6 0.791992 0.900879 0.0380859 0.0419922 0.851074
2 0.437744 0.661621 0.0258789 0.0390625 0.850098
5 0.364258 0.491455 0.03125 0.0405273 0.842773
14 0.990234 0.882812 0.0195312 0.0634766 0.841797
14 0.193237 0.483398 0.0202637 0.0693359 0.837402
5 0.251892 0.663086 0.0372314 0.0449219 0.837402
10 0.962891 0.376953 0.0410156 0.0703125 0.833496
9 0.749023 0.816895 0.0371094 0.0458984 0.833496
22 0.703125 0.982422 0.0351562 0.0351562 0.833496
18 0.468994 0.655273 0.0366211 0.0527344 0.832031
11 0.40625 0.563477 0.0351562 0.0634766 0.818848
21 0.700195 0.820312 0.0566406 0.0859375 0.813965
9 0.549805 0.400391 0.0351562 0.0444336 0.804199
14 0.822754 0.889648 0.0195312 0.0644531 0.801758
5 0.814453 0.649414 0.0546875 0.0449219 0.791992
0 0.440918 0.983887 0.0458984 0.03125 0.760742
0 0.883789 0.647461 0.0703125 0.0458984 0.749023
14 0.0353394 0.978027 0.0234985 0.0439453 0.744629
14 0.661133 0.728027 0.0195312 0.0654297 0.741699
6 0.863281 0.899414 0.0546875 0.046875 0.737305
6 0.563477 0.570312 0.0605469 0.046875 0.73584
6 0.818359 0.564453 0.0585938 0.0449219 0.733887
6 0.381836 0.742676 0.0546875 0.0517578 0.690918
2 0.067627 0.978027 0.0352783 0.0439453 0.673828
11 0.758301 0.468262 0.0556641 0.0654297 0.668945
12 0.960938 0.905273 0.0332031 0.0576172 0.642578
19 0.70459 0.90332 0.03125 0.0410156 0.642578
4 0.380371 0.391602 0.0551758 0.0722656 0.629883
13 0.170898 0.902344 0.0229492 0.0644531 0.62793
4 0.655273 0.980469 0.0625 0.0390625 0.620605
6 0.804688 0.817383 0.0449219 0.0449219 0.618652
21 0.278809 0.76123 0.0429688 0.0654297 0.611328
22 0.271484 0.987305 0.0371094 0.0253906 0.598145
14 0.230713 0.976562 0.0351562 0.046875 0.59082
0 0.958008 0.635742 0.078125 0.0664062 0.586914
5 0.121033 0.988281 0.0548096 0.0234375 0.583008
19 0.567383 0.65625 0.0263672 0.0429688 0.581543
22 0.53418 0.657227 0.0322266 0.0429688 0.577637
2 0.0854492 0.916992 0.0354004 0.0419922 0.565918
2 0.990723 0.468994 0.0185547 0.0498047 0.537109
5 0.325195 0.746094 0.0507812 0.0449219 0.53125
13 0.624023 0.644043 0.0214844 0.0654297 0.511719
