18 0.176758 0.0949707 0.0449219 0.0632324 0.97168
10 0.257324 0.334473 0.0341797 0.0751953 0.958984
2 0.216064 0.185303 0.0341797 0.0390625 0.958496
0 0.159912 0.0318298 0.0571289 0.0411987 0.951172
22 0.220581 0.424805 0.0349121 0.0415039 0.875
4 0.062561 0.19165 0.024292 0.0480957 0.853027
9 0.210083 0.0296478 0.0395508 0.0389709 0.824219
8 0.0998535 0.349609 0.0380859 0.0390625 0.823242
2 0.0301514 0.274414 0.0339355 0.0385742 0.818848
2 0.03479 0.192871 0.0299683 0.0380859 0.796875
13 0.142578 0.176147 0.0219727 0.0812988 0.771973
2 0.0142975 0.348877 0.028595 0.0371094 0.754883
13 0.22998 0.333008 0.0212402 0.0727539 0.753418
18 0.1875 0.333252 0.0632324 0.0698242 0.679199
4 0.132294 0.267517 0.0254517 0.0430908 0.663574
13 0.223389 0.25238 0.0205078 0.0635986 0.594727
10 0.106567 0.180664 0.0388184 0.0673828 0.546875
13 0.203613 0.250549 0.0195312 0.0682373 0.529297
