1 0.427246 0.929199 0.0849609 0.134766 0.993164
9 0.837402 0.29248 0.0888672 0.0986328 0.983887
7 0.97168 0.327881 0.0566406 0.127441 0.981445
2 0.313965 0.906738 0.0742188 0.0947266 0.97998
2 0.84082 0.0979614 0.0751953 0.0936279 0.976562
2 0.359863 0.296387 0.0742188 0.09375 0.976562
6 0.525391 0.904785 0.0996094 0.0888672 0.976074
6 0.741211 0.297852 0.0976562 0.0888672 0.973633
5 0.776367 0.700195 0.0820312 0.0898438 0.971191
8 0.868652 0.701172 0.09375 0.0957031 0.970215
11 0.416016 0.473389 0.145996 0.134277 0.969238
8 0.218506 0.902832 0.0942383 0.0898438 0.968262
8 0.961426 0.502075 0.0771484 0.0915527 0.967285
9 0.135254 0.099472 0.090332 0.0967102 0.959473
7 0.677734 0.726074 0.104492 0.129883 0.958984
6 0.416016 0.10083 0.154297 0.0964355 0.954102
22 0.625977 0.899902 0.0859375 0.0888672 0.953613
9 0.963867 0.898438 0.0722656 0.0898438 0.952637
4 0.958984 0.695801 0.0820312 0.104492 0.914062
13 0.0583191 0.0823975 0.0505981 0.143799 0.894043
11 0.839844 0.475098 0.146484 0.141602 0.889648
10 0.740723 0.874023 0.0888672 0.136719 0.841797
18 0.85791 0.891113 0.131836 0.118164 0.833496
1 0.47168 0.729492 0.135742 0.130859 0.81543
10 0.121216 0.876465 0.0952148 0.138672 0.759277
10 0.69873 0.079834 0.0957031 0.138428 0.602051
