16 0.813477 0.650391 0.0996094 0.0898438 0.994629
27 0.914062 0.083252 0.0546875 0.131836 0.993652
1 0.29303 0.872559 0.0877686 0.129883 0.993652
16 0.804688 0.454346 0.100586 0.0874023 0.993164
18 0.35791 0.0522156 0.110352 0.104309 0.990234
1 0.528198 0.674805 0.0881348 0.125 0.990234
18 0.554199 0.828125 0.111328 0.138672 0.987305
28 0.829102 0.0724487 0.105469 0.144897 0.984375
9 0.408691 0.646484 0.0849609 0.0976562 0.983398
2 0.725586 0.651367 0.0722656 0.09375 0.979004
8 0.813477 0.254883 0.0996094 0.0898438 0.978027
18 0.959473 0.638672 0.0810547 0.123047 0.978027
6 0.62793 0.650391 0.0996094 0.0917969 0.977539
2 0.84082 0.847656 0.0742188 0.09375 0.977051
9 0.135254 0.849609 0.090332 0.0966797 0.974121
13 0.885254 0.431641 0.0478516 0.137695 0.973145
5 0.916016 0.258362 0.0878906 0.0906982 0.968262
7 0.744629 0.871094 0.0927734 0.130859 0.967773
13 0.891602 0.630859 0.0478516 0.144531 0.967285
6 0.415527 0.851074 0.151367 0.0957031 0.956055
18 0.957031 0.444336 0.0859375 0.120117 0.942383
13 0.988281 0.0535278 0.0234375 0.107056 0.935059
6 0.0335999 0.0560913 0.0670776 0.0939941 0.930664
28 0.159454 0.652344 0.109802 0.207031 0.915039
7 0.290283 0.674805 0.148926 0.142578 0.901855
6 0.692383 0.254395 0.144531 0.0908203 0.853027
13 0.0580139 0.835449 0.0507202 0.143555 0.792969
13 0.619141 0.455078 0.0078125 0.0878906 0.695801
13 0.410645 0.453369 0.0253906 0.100098 0.677246
4 0.0216675 0.648438 0.0428467 0.105469 0.625977
18 0.479004 0.98584 0.104492 0.0283203 0.539062
