15 0.931641 0.642578 0.0761719 0.0644531 0.994629
2 0.762695 0.65625 0.0332031 0.0458984 0.981934
12 0.81543 0.486328 0.0351562 0.0820312 0.978516
0 0.726562 0.743164 0.0625 0.046875 0.970703
2 0.439697 0.75 0.0258789 0.0419922 0.96875
13 0.422852 0.56543 0.0195312 0.0615234 0.963379
7 0.6875 0.922852 0.0410156 0.0546875 0.955078
2 0.664062 0.986816 0.0332031 0.0263672 0.95459
0 0.449463 0.403809 0.0581055 0.0527344 0.94873
6 0.865723 0.908203 0.0410156 0.0390625 0.943848
7 0.816406 0.411133 0.0371094 0.0625 0.941895
9 0.770996 0.908203 0.0380859 0.0449219 0.941406
0 0.613281 0.986328 0.0615234 0.0273438 0.938477
2 0.853516 0.484863 0.03125 0.0439453 0.937012
2 0.49707 0.404297 0.0332031 0.0507812 0.936035
6 0.729492 0.910156 0.0429688 0.0400391 0.935547
4 0.769531 0.481445 0.0351562 0.0527344 0.934082
0 0.63623 0.911133 0.0615234 0.0429688 0.930664
10 0.364502 0.737305 0.0375977 0.0664062 0.929199
13 0.343018 0.483398 0.0263672 0.0722656 0.927246
7 0.823242 0.916016 0.0439453 0.0605469 0.919434
18 0.589844 0.824219 0.0400391 0.0507812 0.91748
5 0.337402 0.986816 0.0361328 0.0263672 0.91748
0 0.660645 0.658691 0.0615234 0.046875 0.916016
5 0.804688 0.985352 0.0371094 0.0292969 0.916016
0 0.602539 0.489502 0.0556641 0.0395508 0.912598
10 0.67041 0.477051 0.0351562 0.0644531 0.90918
5 0.866211 0.985352 0.0351562 0.0292969 0.908203
2 0.950684 0.984375 0.0341797 0.03125 0.905273
21 0.807129 0.751953 0.0693359 0.0664062 0.905273
18 0.391357 0.574219 0.0410156 0.0527344 0.902832
22 0.507324 0.82959 0.0341797 0.0419922 0.901367
4 0.879883 0.391357 0.0351562 0.0571289 0.899902
0 0.545898 0.402588 0.0625 0.0556641 0.896484
2 0.703125 0.396973 0.0566406 0.0507812 0.883301
6 0.936523 0.823242 0.0390625 0.0419922 0.875977
5 0.980469 0.736328 0.0390625 0.0449219 0.868652
4 0.650391 0.825195 0.0292969 0.046875 0.865234
7 0.894531 0.830078 0.0410156 0.0654297 0.850098
8 0.54834 0.828125 0.0439453 0.0488281 0.848145
2 0.588867 0.911621 0.03125 0.0439453 0.830078
2 0.302734 0.579102 0.0356445 0.046875 0.824219
14 0.304443 0.976562 0.0229492 0.046875 0.824219
13 0.62207 0.817383 0.0253906 0.0664062 0.817383
21 0.975586 0.835938 0.0429688 0.0595703 0.803223
2 0.833984 0.655762 0.0351562 0.0449219 0.795898
18 0.731445 0.821289 0.0527344 0.0507812 0.774414
22 0.359863 0.833008 0.0375977 0.0429688 0.753418
13 0.850586 0.38623 0.0253906 0.0742188 0.749023
11 0.78418 0.817383 0.0507812 0.0605469 0.744629
18 0.484375 0.983398 0.0400391 0.0332031 0.726562
8 0.745117 0.573242 0.0410156 0.0419922 0.725098
13 0.835938 0.969727 0.0234375 0.0605469 0.71875
24 0.387451 0.480957 0.0634766 0.0703125 0.694336
13 0.931152 0.556641 0.0263672 0.0683594 0.6875
18 0.706055 0.983398 0.0498047 0.0332031 0.666992
4 0.78418 0.563477 0.0410156 0.0576172 0.649414
4 0.836914 0.56543 0.0322266 0.0556641 0.647949
6 0.673828 0.741699 0.0429688 0.046875 0.640625
7 0.633301 0.582031 0.0537109 0.0664062 0.633301
21 0.608398 0.403809 0.0556641 0.0498047 0.594727
10 0.801758 0.646484 0.0449219 0.0683594 0.583008
22 0.900879 0.569336 0.0302734 0.0380859 0.581543
14 0.956055 0.555664 0.0195312 0.0654297 0.577637
21 0.927246 0.918945 0.0791016 0.0605469 0.57373
2 0.983398 0.903809 0.03125 0.0488281 0.57373
13 0.408203 0.814941 0.0351562 0.0820312 0.567871
24 0.398926 0.649414 0.0761719 0.0722656 0.550781
22 0.561523 0.988281 0.0341797 0.0234375 0.546875
18 0.585938 0.734375 0.0546875 0.0644531 0.529297
7 0.459961 0.839844 0.0546875 0.0664062 0.523438
8 0.600586 0.649414 0.0585938 0.0644531 0.505859
9 0.338867 0.580078 0.0375977 0.0449219 0.503906
