24 0.698242 0.285645 0.0429688 0.0664062 0.996582
12 0.202148 0.188477 0.0351562 0.0820312 0.990723
2 0.519043 0.10321 0.0322266 0.0452881 0.967773
2 0.594727 0.0205383 0.0390625 0.0410767 0.966309
7 0.769531 0.0307159 0.0390625 0.0614319 0.962402
2 0.927246 0.273926 0.0302734 0.0439453 0.947754
7 0.10675 0.196655 0.0401611 0.0566406 0.937988
19 0.866211 0.101257 0.0292969 0.0441895 0.935547
0 0.879883 0.27832 0.0625 0.0527344 0.926758
22 0.830078 0.102417 0.0351562 0.0424805 0.925781
5 0.370117 0.190552 0.0332031 0.0422363 0.918945
5 0.520996 0.0205383 0.0800781 0.0410767 0.914062
6 0.407471 0.189209 0.0405273 0.0429688 0.899902
13 0.248169 0.0877838 0.0280762 0.0727234 0.892578
13 0.0606689 0.264587 0.0236816 0.0723877 0.891113
8 0.861328 0.0195312 0.0371094 0.0390625 0.889648
6 0.582031 0.190918 0.0390625 0.0429688 0.884766
24 0.146606 0.110535 0.0402832 0.0640869 0.884277
5 0.0839233 0.0193024 0.0379639 0.0386047 0.881836
2 0.825195 0.185913 0.03125 0.0422363 0.876465
24 0.369873 0.28418 0.0600586 0.0649414 0.873047
4 0.765137 0.0992432 0.0302734 0.0500488 0.868652
7 0.554688 0.287598 0.0390625 0.065918 0.867188
7 0.0102234 0.0273438 0.0202637 0.0544434 0.858887
7 0.858398 0.19873 0.0361328 0.0622559 0.848145
24 0.0575562 0.198242 0.0385742 0.0664062 0.829102
22 0.072998 0.100098 0.0349121 0.0432129 0.811523
13 0.448975 0.0914307 0.0239258 0.0671387 0.790527
22 0.280273 0.273193 0.0361328 0.0473633 0.785156
13 0.139404 0.175903 0.0263672 0.0695801 0.773438
18 0.0436707 0.0177307 0.0365601 0.0354614 0.771973
24 0.217163 0.111877 0.0358887 0.0604248 0.763672
13 0.438965 0.178711 0.0219727 0.0639648 0.720215
14 0.894043 0.0901489 0.0224609 0.0653076 0.708984
11 0.468262 0.177734 0.0351562 0.0649414 0.684082
0 0.913086 0.0265198 0.0566406 0.0530396 0.677246
29 0.760742 0.191895 0.0917969 0.09375 0.672363
13 0.235352 0.17627 0.0288086 0.0688477 0.611328
22 0.922363 0.103271 0.0390625 0.0429688 0.577637
3 0.425537 0.26416 0.050293 0.0688477 0.577637
6 0.125763 0.0183411 0.0404663 0.0366821 0.565918
14 0.481445 0.0928345 0.0351562 0.0640869 0.563965
13 0.334961 0.259338 0.0244141 0.0916748 0.562012
6 0.673828 0.0197449 0.0390625 0.0388184 0.546875
18 0.640137 0.0196228 0.0283203 0.0392456 0.527344
