18 0.758301 0.0283813 0.0439453 0.0567627 0.987793
2 0.714844 0.275391 0.03125 0.0390625 0.973633
13 0.591797 0.261475 0.0214844 0.0703125 0.972168
11 0.784668 0.1073 0.0361328 0.0610352 0.970703
2 0.978027 0.0395432 0.0380859 0.0396881 0.967285
1 0.222046 0.287109 0.0356445 0.0537109 0.966797
2 0.797852 0.0395813 0.03125 0.0397339 0.964844
5 0.959961 0.119202 0.0371094 0.0401611 0.962402
5 0.566406 0.197021 0.0371094 0.0375977 0.961426
5 0.544434 0.11853 0.0361328 0.0378418 0.95752
0 0.410889 0.0406189 0.0556641 0.0386963 0.956543
0 0.15625 0.121704 0.0522461 0.0375977 0.953125
2 0.862305 0.0409546 0.03125 0.039917 0.952637
5 0.300781 0.355225 0.0351562 0.0380859 0.95166
22 0.602051 0.120056 0.0361328 0.039917 0.947754
5 0.74707 0.117493 0.0371094 0.0391846 0.947754
4 0.325195 0.117188 0.0224609 0.0415039 0.94043
8 0.931152 0.357178 0.0361328 0.0380859 0.939941
0 0.785156 0.428711 0.0585938 0.0454102 0.93457
6 0.584961 0.435059 0.0390625 0.0400391 0.927734
2 0.752441 0.352783 0.03125 0.0395508 0.922363
13 0.893066 0.344482 0.0214844 0.0644531 0.921875
13 0.944336 0.0308228 0.0214844 0.0616455 0.918457
13 0.618652 0.0325317 0.0205078 0.0650635 0.916504
8 0.788086 0.354004 0.0371094 0.0410156 0.906738
9 0.890625 0.27832 0.0351562 0.0385742 0.903809
14 0.572754 0.108032 0.015625 0.0595703 0.901367
24 0.652344 0.32373 0.0351562 0.0292969 0.887207
1 0.84668 0.443604 0.0390625 0.0561523 0.881836
16 0.689453 0.0364685 0.0488281 0.0440674 0.880859
5 0.283691 0.121399 0.0390625 0.0379639 0.879883
13 0.816406 0.105774 0.0195312 0.0665283 0.878418
6 0.317871 0.433105 0.0351562 0.0390625 0.871582
22 0.624023 0.19873 0.0371094 0.0419922 0.868652
5 0.1875 0.435547 0.0371094 0.0390625 0.861328
13 0.991211 0.182373 0.0175781 0.0737305 0.855957
23 0.355469 0.197266 0.0283203 0.0351562 0.851074
5 0.84668 0.118225 0.0400391 0.0401611 0.849121
12 0.958008 0.268799 0.0644531 0.0693359 0.845703
18 0.920898 0.0319214 0.0644531 0.0578613 0.844727
14 0.119751 0.110413 0.0166016 0.0621338 0.844727
14 0.118408 0.187988 0.0175781 0.059082 0.84375
4 0.643066 0.0375366 0.0253906 0.0443726 0.84082
2 0.466553 0.353516 0.0297852 0.0380859 0.833496
5 0.759277 0.195679 0.0234375 0.036377 0.81543
13 0.312012 0.0309143 0.019043 0.0618286 0.805664
23 0.867676 0.35498 0.03125 0.0380859 0.804199
5 0.359863 0.0394287 0.0449219 0.0411377 0.803223
2 0.65918 0.115906 0.03125 0.0386963 0.763672
14 0.59668 0.184326 0.0175781 0.0605469 0.762207
6 0.547852 0.0413742 0.0351562 0.0374908 0.757812
2 0.400391 0.197754 0.0576172 0.0388184 0.753418
22 0.973145 0.352783 0.0371094 0.0424805 0.753418
10 0.168091 0.263428 0.0349121 0.0639648 0.73584
14 0.330078 0.342773 0.0175781 0.0576172 0.725098
8 0.900391 0.201416 0.0371094 0.0380859 0.720215
11 0.847168 0.184814 0.0634766 0.0664062 0.713867
6 0.17627 0.042366 0.0332031 0.0401459 0.70752
13 0.160278 0.425537 0.0266113 0.0708008 0.705566
24 0.370605 0.246826 0.0380859 0.0263672 0.694336
4 0.596191 0.352051 0.0253906 0.046875 0.694336
27 0.350586 0.441895 0.0302734 0.0527344 0.689453
4 0.227539 0.0394592 0.027832 0.0441284 0.680664
14 0.71875 0.103027 0.0205078 0.0637207 0.660156
16 0.132782 0.0384445 0.0484009 0.0455475 0.654785
19 0.516602 0.0415344 0.0322266 0.0366821 0.640625
13 0.41748 0.126221 0.0117188 0.0385742 0.640625
6 0.854004 0.274902 0.0322266 0.0400391 0.62793
21 0.519409 0.346436 0.0471191 0.0556641 0.624512
6 0.355957 0.353516 0.0341797 0.0361328 0.602051
12 0.452148 0.269043 0.0703125 0.0810547 0.596191
6 0.897461 0.438477 0.0595703 0.0419922 0.596191
6 0.183105 0.35791 0.0581055 0.0371094 0.592773
21 0.209595 0.125275 0.0507812 0.0546265 0.563965
13 0.291748 0.419922 0.015625 0.0644531 0.554688
18 0.807617 0.271484 0.0546875 0.0498047 0.546875
12 0.960449 0.430176 0.0654297 0.0810547 0.544922
18 0.248779 0.417725 0.0688477 0.0737305 0.527344
