18 0.914551 0.116638 0.0429688 0.0611572 0.981445
1 0.660156 0.84668 0.0371094 0.0546875 0.977539
2 0.802246 0.601074 0.0292969 0.0351562 0.974609
18 0.19104 0.461426 0.0441895 0.0605469 0.973633
11 0.180908 0.852051 0.0375977 0.0576172 0.973633
13 0.0450439 0.77832 0.0216064 0.0664062 0.970703
2 0.392334 0.38916 0.0336914 0.0361328 0.970215
7 0.323242 0.785156 0.0419922 0.0546875 0.970215
18 0.70752 0.829102 0.0458984 0.0605469 0.969727
2 0.802734 0.987305 0.0322266 0.0253906 0.964355
2 0.70752 0.681641 0.0283203 0.0371094 0.963867
9 0.0762329 0.785156 0.0357666 0.0371094 0.960449
5 0.760742 0.137238 0.0351562 0.0375366 0.958984
2 0.580078 0.611328 0.0292969 0.0371094 0.958496
2 0.0402222 0.950684 0.0302124 0.0361328 0.95752
5 0.437012 0.151611 0.0371094 0.0400391 0.952148
11 0.799805 0.825195 0.0371094 0.0585938 0.950684
0 0.306152 0.390625 0.0585938 0.0361328 0.950195
5 0.374512 0.468262 0.0351562 0.0361328 0.950195
5 0.958984 0.981445 0.0410156 0.0371094 0.948242
2 0.735352 0.450195 0.0292969 0.0380859 0.946777
8 0.406982 0.774414 0.0351562 0.0390625 0.946289
22 0.761719 0.838379 0.0371094 0.0400391 0.944336
9 0.170654 0.94043 0.0380859 0.0390625 0.937988
4 0.922363 0.36084 0.0283203 0.0429688 0.9375
0 0.513794 0.926758 0.0661621 0.0410156 0.937012
9 0.519531 0.222412 0.0351562 0.0371094 0.936523
22 0.491211 0.771484 0.0371094 0.0371094 0.936523
1 0.862305 0.921387 0.0361328 0.0546875 0.933594
5 0.595215 0.765625 0.0371094 0.0380859 0.931641
0 0.693848 0.293457 0.0664062 0.0380859 0.926758
2 0.362305 0.229248 0.027832 0.0368652 0.92627
20 0.44751 0.922852 0.0600586 0.0791016 0.925293
13 0.591797 0.521484 0.0214844 0.0654297 0.921875
22 0.841797 0.366211 0.0351562 0.0390625 0.920898
9 0.144775 0.632812 0.0366211 0.0380859 0.919434
22 0.128906 0.942383 0.0371094 0.0410156 0.917969
13 0.0827637 0.0748138 0.0192871 0.0642395 0.915039
1 0.869141 0.136353 0.0390625 0.0529785 0.915039
24 0.576172 0.657227 0.0351562 0.0253906 0.915039
5 0.738281 0.987305 0.0292969 0.0253906 0.90918
5 0.302002 0.313477 0.0371094 0.0395508 0.907227
8 0.754883 0.525391 0.0361328 0.0380859 0.906738
5 0.313477 0.857422 0.0341797 0.0371094 0.905273
13 0.0125351 0.076416 0.0182037 0.0600586 0.903809
7 0.252197 0.867676 0.043457 0.0517578 0.903809
0 0.3125 0.625 0.0576172 0.0351562 0.90332
14 0.286621 0.845703 0.0166016 0.0605469 0.90332
5 0.911133 0.831055 0.0341797 0.0380859 0.902832
4 0.0986328 0.86377 0.0256348 0.0410156 0.901367
23 0.421387 0.543457 0.03125 0.0380859 0.900391
22 0.746094 0.916992 0.0341797 0.0380859 0.899902
2 0.858398 0.676758 0.0341797 0.0390625 0.897461
22 0.450439 0.464844 0.034668 0.0400391 0.896484
6 0.257263 0.938477 0.0352783 0.0390625 0.895508
13 0.20166 0.76416 0.0361328 0.0771484 0.89502
20 0.87207 0.595215 0.0605469 0.0771484 0.891113
19 0.391357 0.231567 0.0244141 0.0351562 0.888184
0 0.805176 0.132202 0.0546875 0.0397949 0.88623
2 0.577148 0.30127 0.03125 0.0380859 0.884277
29 0.0567932 0.0219421 0.0599976 0.0438843 0.879883
13 0.686523 0.976562 0.0224609 0.046875 0.879883
8 0.676758 0.606934 0.0390625 0.0371094 0.878418
5 0.0189362 0.401123 0.0378723 0.0375977 0.876465
0 0.828125 0.447021 0.0566406 0.0395508 0.875977
6 0.391602 0.0752563 0.0380859 0.0377197 0.874023
2 0.365234 0.854492 0.0625 0.0390625 0.874023
6 0.771484 0.759766 0.0351562 0.0380859 0.873047
13 0.209961 0.850586 0.0180664 0.0605469 0.872559
0 0.796875 0.0558472 0.0527344 0.0427246 0.868652
0 0.667969 0.918945 0.0537109 0.0371094 0.861328
4 0.108521 0.0852051 0.027832 0.041748 0.859863
1 0.736816 0.767578 0.0361328 0.0507812 0.85791
16 0.874023 0.0480957 0.0488281 0.0418701 0.856934
22 0.248413 0.627441 0.0368652 0.0390625 0.856934
2 0.294434 0.935547 0.0302734 0.0371094 0.855957
13 0.541016 0.287109 0.0214844 0.0664062 0.85498
13 0.865234 0.273987 0.0214844 0.0633545 0.854004
6 0.887695 0.36377 0.0390625 0.0371094 0.854004
21 0.802246 0.53125 0.0517578 0.0576172 0.854004
21 0.13147 0.791504 0.0419922 0.0566406 0.853027
13 0.445801 0.528809 0.0166016 0.0585938 0.851074
7 0.53125 0.77832 0.0390625 0.0527344 0.851074
22 0.79834 0.916016 0.0605469 0.0380859 0.848145
5 0.537109 0.84668 0.0351562 0.0371094 0.844727
2 0.73877 0.603516 0.0302734 0.0371094 0.834473
9 0.89502 0.286377 0.0361328 0.0410156 0.830078
23 0.705078 0.449951 0.03125 0.0361328 0.829102
6 0.899414 0.90918 0.0380859 0.0371094 0.827637
2 0.445068 0.849609 0.0258789 0.0351562 0.82666
10 0.122314 0.466064 0.0336914 0.0678711 0.823242
5 0.618164 0.989746 0.03125 0.0205078 0.820801
2 0.413818 0.309814 0.0288086 0.0356445 0.817383
2 0.0470276 0.241333 0.0353394 0.0397949 0.817383
8 0.0877686 0.943848 0.0358887 0.0371094 0.811523
6 0.489746 0.385254 0.0361328 0.0390625 0.808105
13 0.912598 0.0369263 0.0234375 0.0704346 0.805664
5 0.680664 0.140625 0.0410156 0.0388184 0.804199
2 0.287109 0.547852 0.0341797 0.0439453 0.801758
2 0.925781 0.5177 0.0332031 0.0368652 0.782715
6 0.482422 0.229614 0.0341797 0.0366211 0.78125
8 0.820312 0.677246 0.0351562 0.0390625 0.775879
12 0.252686 0.774414 0.0615234 0.0732422 0.773438
6 0.21167 0.396484 0.0371094 0.0410156 0.771973
22 0.853027 0.985352 0.0400391 0.0292969 0.771973
0 0.29248 0.471924 0.078125 0.0400391 0.762207
6 0.770508 0.216309 0.0351562 0.0351562 0.756348
7 0.485352 0.0801849 0.0400391 0.0539856 0.754883
23 0.414307 0.851562 0.03125 0.0410156 0.751953
13 0.313477 0.454102 0.0410156 0.0683594 0.750488
24 0.494141 0.466797 0.0478516 0.0507812 0.750488
6 0.394775 0.694336 0.0375977 0.0371094 0.743164
13 0.0124512 0.231812 0.024292 0.0656738 0.73877
10 0.621094 0.292969 0.0527344 0.0742188 0.73877
4 0.68457 0.758789 0.0244141 0.0410156 0.737305
2 0.936523 0.900391 0.0332031 0.0410156 0.723145
5 0.908203 0.673828 0.0371094 0.0400391 0.71875
8 0.566406 0.925293 0.0410156 0.0400391 0.710449
23 0.548828 0.612305 0.03125 0.0351562 0.708984
8 0.337891 0.310791 0.0361328 0.0356445 0.702637
4 0.230225 0.239868 0.0239258 0.0466309 0.700684
22 0.609375 0.92041 0.0371094 0.0390625 0.700684
5 0.65918 0.45459 0.0566406 0.0371094 0.694336
4 0.0519409 0.398438 0.026123 0.0419922 0.690918
24 0.179443 0.707031 0.0385742 0.0390625 0.689453
2 0.428711 0.617676 0.027832 0.0371094 0.6875
13 0.647461 0.365234 0.0214844 0.0625 0.677246
0 0.34082 0.93457 0.0566406 0.0419922 0.673828
22 0.923828 0.597656 0.0351562 0.0419922 0.668945
7 0.0166626 0.793945 0.0331421 0.0429688 0.666992
10 0.717773 0.592773 0.0302734 0.0644531 0.662109
14 0.717773 0.907227 0.0195312 0.0605469 0.660156
6 0.210205 0.316406 0.0371094 0.0390625 0.65332
13 0.455566 0.605469 0.0209961 0.0664062 0.65332
10 0.273438 0.690918 0.0371094 0.0625 0.645996
22 0.149658 0.320557 0.0371094 0.0361328 0.640625
11 0.654297 0.978027 0.0351562 0.0439453 0.640625
21 0.0143814 0.646484 0.0283966 0.0566406 0.635254
11 0.576172 0.979004 0.0390625 0.0419922 0.624512
8 0.408691 0.466797 0.0385742 0.0361328 0.622559
18 0.349121 0.693848 0.0571289 0.0458984 0.620605
13 0.162109 0.982422 0.0224609 0.0332031 0.620605
2 0.856445 0.753906 0.03125 0.0371094 0.618652
24 0.234497 0.145508 0.0495605 0.0742188 0.616699
4 0.564453 0.766602 0.0224609 0.0429688 0.611328
7 0.361328 0.161133 0.0424805 0.0541992 0.609375
14 0.180054 0.306641 0.0175781 0.0605469 0.605957
13 0.211426 0.539551 0.0185547 0.0644531 0.598145
2 0.600586 0.832031 0.0332031 0.0625 0.594727
13 0.376465 0.29834 0.0400391 0.0585938 0.592773
18 0.06604 0.477295 0.0578613 0.0449219 0.588867
5 0.817383 0.211426 0.0566406 0.0375977 0.575684
23 0.18335 0.239014 0.0268555 0.0380859 0.567871
4 0.476562 0.615234 0.0224609 0.0410156 0.550781
2 0.635742 0.609375 0.0449219 0.0351562 0.529297
13 0.0166359 0.989258 0.0172653 0.0214844 0.517578
23 0.771484 0.603516 0.0292969 0.0371094 0.513672
24 0.634766 0.681641 0.0527344 0.0449219 0.501953
