21 0.886719 0.0733643 0.0488281 0.0574951 0.983887
5 0.713379 0.381348 0.0351562 0.0390625 0.975098
2 0.914062 0.301514 0.0292969 0.0375977 0.97168
2 0.534668 0.144257 0.0351562 0.0386353 0.968262
18 0.923828 0.44873 0.046875 0.0639648 0.966797
2 0.925781 0.0662231 0.0292969 0.0355225 0.959961
2 0.594727 0.303955 0.0322266 0.0385742 0.956055
13 0.21106 0.0604858 0.020752 0.0651855 0.955078
9 0.833984 0.144287 0.0371094 0.0395508 0.950684
7 0.190674 0.469971 0.0395508 0.0561523 0.94873
5 0.456055 0.0721588 0.0351562 0.0409851 0.944824
2 0.258057 0.305664 0.03125 0.0419922 0.928711
18 0.176758 0.0604782 0.043457 0.0611725 0.927246
7 0.314453 0.157593 0.0419922 0.0549316 0.927246
8 0.362305 0.0742798 0.0371094 0.0389404 0.92627
6 0.586914 0.224731 0.0332031 0.0380859 0.924805
2 0.114258 0.463379 0.0290527 0.0390625 0.922852
0 0.42627 0.306641 0.0537109 0.0410156 0.921387
8 0.949707 0.301758 0.0371094 0.0410156 0.920898
5 0.87793 0.45752 0.0380859 0.0400391 0.919434
5 0.28418 0.0710449 0.0356445 0.039917 0.917969
13 0.765625 0.054718 0.0195312 0.0787964 0.909668
9 0.624023 0.224121 0.0361328 0.0405273 0.906738
0 0.976562 0.445557 0.046875 0.0703125 0.902832
9 0.666504 0.065918 0.0351562 0.039917 0.901367
2 0.832031 0.065979 0.0302734 0.0367432 0.896973
22 0.759766 0.224854 0.0351562 0.0400391 0.885742
12 0.831543 0.456543 0.0380859 0.078125 0.882324
8 0.719238 0.228638 0.0371094 0.0412598 0.880859
0 0.979492 0.135742 0.0390625 0.0556641 0.878418
13 0.679688 0.135986 0.0195312 0.0666504 0.877441
23 0.251892 0.227783 0.0284424 0.0419922 0.871582
8 0.861816 0.224365 0.0380859 0.0444336 0.870605
22 0.264587 0.149414 0.0343018 0.0405273 0.868652
0 0.979492 0.0662842 0.0410156 0.0379639 0.85791
8 0.33667 0.462891 0.0371094 0.0405273 0.836426
10 0.39209 0.370605 0.0332031 0.0629883 0.835449
7 0.807617 0.310303 0.0615234 0.0566406 0.832031
22 0.98584 0.299316 0.0283203 0.0410156 0.830078
0 0.302002 0.306152 0.0498047 0.0390625 0.830078
18 0.980957 0.364746 0.0380859 0.0668945 0.825684
0 0.0968018 0.307129 0.079834 0.0410156 0.823242
2 0.862305 0.302734 0.0429688 0.0380859 0.820801
2 0.879395 0.145752 0.0283203 0.0366211 0.813965
0 0.424805 0.214355 0.0595703 0.0615234 0.809082
9 0.904785 0.224487 0.0361328 0.0422363 0.805664
4 0.545898 0.381104 0.0273438 0.0424805 0.790527
6 0.23999 0.384766 0.0322266 0.0375977 0.785156
7 0.629883 0.154175 0.0566406 0.0549316 0.733887
2 0.740234 0.459229 0.0566406 0.0454102 0.710449
5 0.287109 0.385254 0.0566406 0.0380859 0.686035
4 0.492676 0.146851 0.0244141 0.0458984 0.682617
13 0.468262 0.213745 0.0229492 0.0683594 0.65332
2 0.825684 0.225098 0.03125 0.0356445 0.645996
10 0.281738 0.450684 0.03125 0.0634766 0.642578
2 0.688477 0.300049 0.03125 0.0405273 0.615234
8 0.476562 0.382812 0.0351562 0.0390625 0.615234
11 0.506348 0.0588074 0.0576172 0.0618286 0.613281
19 0.146973 0.460449 0.0332031 0.0371094 0.609375
6 0.707031 0.14856 0.0390625 0.0393066 0.600098
24 0.134521 0.0422974 0.0310059 0.0269775 0.584961
18 0.220703 0.147217 0.0534668 0.0429688 0.569824
13 0.467041 0.114502 0.0175781 0.0217285 0.563965
10 0.079361 0.372559 0.0361023 0.0634766 0.556641
6 0.55957 0.303223 0.0322266 0.0410156 0.550781
18 0.350098 0.380615 0.0517578 0.0493164 0.535156
6 0.450684 0.14978 0.0527344 0.0393066 0.507812
0 0.13623 0.384521 0.0419922 0.0410156 0.501953
