1 0.967285 0.444336 0.0654297 0.129883 0.994629
1 0.751953 0.833008 0.0957031 0.134766 0.991699
23 0.477295 0.816406 0.0688477 0.0820312 0.986816
9 0.626953 0.808594 0.0878906 0.0996094 0.980957
8 0.466797 0.217529 0.101562 0.0966797 0.980469
13 0.899414 0.199463 0.0449219 0.145996 0.977051
2 0.548828 0.813477 0.0693359 0.0859375 0.975098
4 0.899414 0.606445 0.0751953 0.114258 0.974609
2 0.956543 0.810547 0.0869141 0.0917969 0.972656
6 0.812988 0.612793 0.0947266 0.0869141 0.972168
5 0.969727 0.614258 0.0605469 0.0878906 0.972168
2 0.85498 0.417236 0.0683594 0.0913086 0.969238
6 0.857422 0.8125 0.09375 0.0878906 0.968262
23 0.584961 0.420898 0.0673828 0.0859375 0.966309
22 0.367676 0.216797 0.0922852 0.0913086 0.963867
6 0.947754 0.982422 0.0927734 0.0351562 0.960449
5 0.712402 0.981445 0.0859375 0.0371094 0.949707
0 0.831055 0.984375 0.138672 0.03125 0.946777
16 0.818359 0.222412 0.105469 0.0927734 0.943359
18 0.962402 0.209351 0.0751953 0.12915 0.929199
13 0.908203 0.392822 0.0380859 0.141113 0.910645
11 0.694336 0.39917 0.152344 0.137207 0.903809
6 0.36377 0.986328 0.0908203 0.0273438 0.875
5 0.263428 0.984863 0.0830078 0.0302734 0.85791
14 0.635742 0.958008 0.046875 0.0839844 0.825684
18 0.578613 0.604492 0.135742 0.123047 0.824219
7 0.489258 0.984863 0.148438 0.0302734 0.770508
14 0.589844 0.960449 0.0429688 0.0791016 0.651367
16 0.464355 0.421387 0.161133 0.09375 0.625977
