19 0.888184 0.656738 0.0673828 0.0927734 0.994141
18 0.682129 0.44043 0.112305 0.141602 0.991211
9 0.458496 0.853516 0.0869141 0.0957031 0.987793
2 0.78418 0.459229 0.0742188 0.0981445 0.983398
9 0.865234 0.459473 0.0839844 0.0957031 0.98291
2 0.728027 0.852539 0.0751953 0.0957031 0.980957
5 0.797852 0.655273 0.09375 0.0957031 0.980469
7 0.834961 0.877441 0.103516 0.137695 0.980469
13 0.396484 0.441406 0.0410156 0.136719 0.972168
14 0.833984 0.245117 0.0449219 0.138672 0.970215
5 0.458984 0.461914 0.0830078 0.09375 0.970215
14 0.787109 0.242432 0.0488281 0.143066 0.969727
14 0.657715 0.833984 0.0458984 0.140625 0.969727
14 0.980469 0.0568237 0.0390625 0.113647 0.964844
5 0.9375 0.852539 0.0839844 0.0917969 0.962891
22 0.917969 0.072937 0.0839844 0.0899658 0.961426
13 0.558594 0.831543 0.0488281 0.141602 0.943848
14 0.609863 0.830566 0.0458984 0.134766 0.938965
20 0.78418 0.0791626 0.148438 0.158325 0.924316
2 0.967773 0.459717 0.0644531 0.0932617 0.919434
5 0.907227 0.264648 0.0898438 0.0957031 0.842773
10 0.567871 0.437012 0.0908203 0.138672 0.827637
13 0.389648 0.979004 0.0351562 0.0419922 0.782715
16 0.97168 0.658203 0.0566406 0.0839844 0.729492
10 0.320312 0.241211 0.0966797 0.140625 0.615234
