2 0.769043 0.641602 0.0810547 0.09375 0.987793
0 0.901855 0.643555 0.146484 0.09375 0.987305
18 0.970215 0.43042 0.0595703 0.125977 0.986328
2 0.681152 0.842285 0.0771484 0.0957031 0.98584
18 0.566895 0.421631 0.116211 0.143066 0.984375
8 0.339844 0.838379 0.0996094 0.09375 0.984375
2 0.4375 0.842773 0.0830078 0.0927734 0.983887
23 0.767578 0.246216 0.0722656 0.0881348 0.980957
5 0.908203 0.248901 0.0917969 0.0925293 0.980469
6 0.979492 0.253479 0.0410156 0.0887451 0.978516
0 0.816895 0.450684 0.142578 0.0947266 0.978027
2 0.965332 0.844727 0.0693359 0.0888672 0.976074
8 0.767578 0.842773 0.0957031 0.09375 0.975098
4 0.0291138 0.231934 0.0582275 0.112793 0.974609
5 0.238281 0.844727 0.0986328 0.09375 0.974121
1 0.0222473 0.658203 0.0444946 0.138672 0.972656
2 0.0963135 0.237793 0.078125 0.100098 0.970215
2 0.90625 0.0492249 0.0722656 0.0929565 0.969727
14 0.84082 0.0516968 0.0488281 0.103271 0.967285
0 0.561035 0.844727 0.131836 0.0898438 0.967285
22 0.0646362 0.837891 0.0899658 0.0898438 0.958496
18 0.147095 0.973145 0.0964355 0.0537109 0.956543
6 0.130371 0.637207 0.151367 0.0976562 0.953125
6 0.492432 0.0480042 0.14209 0.0960083 0.947754
4 0.526367 0.23999 0.0966797 0.10498 0.947266
4 0.265625 0.433105 0.104492 0.10791 0.945801
8 0.448242 0.24353 0.0566406 0.0974121 0.905273
4 0.474121 0.985352 0.0605469 0.0292969 0.869629
4 0.87207 0.836914 0.0976562 0.101562 0.825684
6 0.683594 0.255859 0.0898438 0.0859375 0.777344
4 0.0215149 0.0618896 0.0430298 0.123779 0.726562
8 0.972168 0.0517273 0.0556641 0.0988159 0.594727
8 0.748047 0.0497742 0.132812 0.0990601 0.586914
12 0.634766 0.984375 0.078125 0.03125 0.554688
13 0.767578 0.42334 0.0449219 0.145508 0.535156
5 0.0156097 0.439209 0.0311584 0.0908203 0.511719
