21 0.43457 0.577148 0.0419922 0.0605469 0.992676
7 0.141113 0.491211 0.065918 0.0654297 0.988281
12 0.929688 0.896484 0.0351562 0.0800781 0.983398
2 0.931152 0.978516 0.0322266 0.0429688 0.98291
12 0.333984 0.650391 0.0351562 0.078125 0.974609
7 0.979492 0.742188 0.0390625 0.0585938 0.974121
2 0.697266 0.561523 0.0332031 0.0458984 0.969238
11 0.803711 0.717773 0.0371094 0.0644531 0.961914
5 0.73584 0.476562 0.0390625 0.0449219 0.959961
7 0.16748 0.75 0.0375977 0.0625 0.956543
6 0.0377121 0.396484 0.0435944 0.0488281 0.956055
8 0.456299 0.650391 0.0385742 0.0429688 0.955566
5 0.868652 0.38623 0.0371094 0.046875 0.954102
2 0.681641 0.645996 0.03125 0.0439453 0.950684
10 0.924805 0.630859 0.0371094 0.0673828 0.94873
5 0.652344 0.818359 0.0390625 0.0478516 0.94873
7 0.798828 0.90918 0.0410156 0.0625 0.948242
9 0.887207 0.729004 0.0371094 0.0439453 0.947266
5 0.258789 0.90625 0.0375977 0.0429688 0.945801
0 0.973633 0.979492 0.0527344 0.0410156 0.945801
6 0.84668 0.730469 0.0410156 0.0390625 0.943848
14 0.606445 0.466064 0.0195312 0.0644531 0.943359
6 0.237061 0.821289 0.0390625 0.0429688 0.942871
8 0.296631 0.90625 0.0410156 0.0429688 0.942383
6 0.104126 0.986328 0.0385742 0.0253906 0.939453
2 0.377441 0.394531 0.0332031 0.046875 0.938477
6 0.184326 0.654297 0.0380859 0.0488281 0.938477
5 0.419434 0.734863 0.0361328 0.0458984 0.938477
9 0.875 0.644531 0.0371094 0.0449219 0.9375
0 0.0298615 0.911621 0.0596008 0.0458984 0.934082
6 0.783691 0.561523 0.0419922 0.0429688 0.931641
13 0.227905 0.896484 0.0253906 0.0683594 0.930664
5 0.55957 0.818359 0.0410156 0.0449219 0.929199
8 0.458008 0.734375 0.0429688 0.0488281 0.928711
8 0.95459 0.557617 0.0400391 0.0439453 0.928223
0 0.604492 0.647461 0.078125 0.0449219 0.926758
2 0.37207 0.647949 0.0307617 0.046875 0.925293
12 0.610352 0.818359 0.0351562 0.0800781 0.923828
22 0.268555 0.650879 0.0341797 0.0419922 0.920898
18 0.498047 0.727539 0.0400391 0.0527344 0.916504
2 0.791016 0.980469 0.03125 0.0390625 0.913574
5 0.547852 0.392578 0.0390625 0.0458984 0.905273
5 0.205811 0.396973 0.0366211 0.0478516 0.903809
8 0.490234 0.478516 0.0419922 0.046875 0.898438
6 0.84082 0.897461 0.0400391 0.0429688 0.896484
0 0.960938 0.473145 0.078125 0.0439453 0.895508
8 0.374268 0.983398 0.0419922 0.0332031 0.894043
0 0.116577 0.740234 0.064209 0.0488281 0.893066
22 0.277344 0.821289 0.0371094 0.0449219 0.892578
23 0.6875 0.476562 0.0351562 0.0429688 0.891602
0 0.727051 0.647461 0.0585938 0.0449219 0.891113
0 0.0569458 0.820312 0.0584717 0.0585938 0.890137
0 0.847168 0.815918 0.0625 0.0419922 0.889648
4 0.131836 0.902344 0.0339355 0.0527344 0.887207
5 0.539062 0.732422 0.0371094 0.0449219 0.885742
13 0.139893 0.974609 0.0273438 0.0507812 0.875
0 0.553223 0.901367 0.0566406 0.0458984 0.872559
14 0.765625 0.4646 0.0214844 0.0678711 0.869629
5 0.00854492 0.400879 0.0169678 0.0400391 0.868652
13 0.77832 0.630859 0.0234375 0.078125 0.868164
2 0.987305 0.55957 0.0253906 0.0410156 0.867188
24 0.271484 0.486328 0.0405273 0.0732422 0.863281
6 0.667969 0.901855 0.0380859 0.0449219 0.862305
4 0.754883 0.383789 0.0566406 0.0561523 0.859863
18 0.145264 0.648438 0.0371094 0.0546875 0.859863
22 0.13504 0.568359 0.0346069 0.0449219 0.845703
0 0.586914 0.733398 0.0576172 0.0458984 0.841797
6 0.508667 0.390625 0.0373535 0.0488281 0.839844
13 0.841797 0.633789 0.0273438 0.0712891 0.834473
14 0.390625 0.722656 0.0214844 0.0664062 0.825684
10 0.322021 0.468506 0.0395508 0.065918 0.822266
22 0.939941 0.731445 0.0341797 0.0410156 0.819824
7 0.556641 0.980957 0.0664062 0.0380859 0.818848
13 0.632812 0.634766 0.0185547 0.0664062 0.804199
6 0.234863 0.484375 0.0410156 0.0478516 0.801758
23 0.438721 0.820801 0.0336914 0.0429688 0.78125
0 0.486816 0.560547 0.0625 0.0527344 0.779785
18 0.19751 0.816406 0.0375977 0.0546875 0.778809
2 0.984375 0.814453 0.03125 0.046875 0.777344
13 0.0101013 0.975586 0.0202026 0.0488281 0.775879
14 0.698242 0.890625 0.0195312 0.0644531 0.774414
21 0.479736 0.915039 0.0444336 0.0605469 0.769043
10 0.545898 0.638672 0.0371094 0.0683594 0.764648
7 0.033638 0.654297 0.0588226 0.0449219 0.764648
4 0.229248 0.643555 0.0483398 0.0605469 0.756348
22 0.0719604 0.568848 0.0341797 0.0439453 0.749023
9 0.27832 0.564453 0.0380859 0.0449219 0.744629
5 0.833008 0.562012 0.0527344 0.0439453 0.743164
8 0.742676 0.816406 0.0371094 0.0390625 0.743164
10 0.901367 0.462891 0.0390625 0.0664062 0.733887
2 0.0768433 0.483398 0.0391846 0.046875 0.730957
14 0.871094 0.890137 0.0195312 0.0664062 0.729492
13 0.527344 0.811523 0.0195312 0.0693359 0.723145
8 0.829102 0.390137 0.0419922 0.0488281 0.710449
5 0.189697 0.984375 0.0356445 0.03125 0.697754
18 0.281738 0.389648 0.0395508 0.0576172 0.682617
24 0.495605 0.617188 0.0390625 0.0244141 0.677246
6 0.187744 0.569336 0.0617676 0.0449219 0.675781
7 0.394531 0.829102 0.0556641 0.0664062 0.672363
6 0.282959 0.983398 0.0629883 0.0332031 0.665527
18 0.101807 0.649414 0.0524902 0.0566406 0.663574
14 0.50769 0.807617 0.0197754 0.0693359 0.662109
14 0.654785 0.635742 0.0195312 0.0683594 0.640625
18 0.831055 0.974609 0.046875 0.0507812 0.640625
12 0.23877 0.557617 0.0395508 0.0664062 0.611328
6 0.760742 0.731934 0.046875 0.0449219 0.611328
2 0.510864 0.902344 0.0270996 0.0449219 0.605957
6 0.359863 0.47998 0.0400391 0.0439453 0.584961
4 0.91748 0.376953 0.0605469 0.0639648 0.569824
0 0.0164185 0.737305 0.0328369 0.0517578 0.560059
19 0.657227 0.731445 0.03125 0.0449219 0.554688
13 0.303223 0.960938 0.0200195 0.0351562 0.544922
22 0.472412 0.982422 0.0532227 0.0351562 0.541016
12 0.209717 0.728516 0.0393066 0.0664062 0.53125
6 0.738281 0.896484 0.0566406 0.046875 0.507812
5 0.0628815 0.986328 0.0409851 0.0273438 0.507812
24 0.0214081 0.48877 0.0426331 0.0527344 0.505859
13 0.988281 0.46167 0.0214844 0.0668945 0.503906
