1 0.84082 0.0542908 0.0976562 0.108582 0.99707
24 0.699219 0.834961 0.0820312 0.132812 0.995117
19 0.868164 0.210693 0.0605469 0.0927734 0.992188
4 0.834473 0.972168 0.0742188 0.0556641 0.98291
5 0.856445 0.408203 0.0859375 0.0917969 0.980469
14 0.612305 0.591309 0.0488281 0.139648 0.979492
18 0.838867 0.591797 0.0957031 0.128906 0.977051
2 0.62207 0.811035 0.0751953 0.0966797 0.976074
19 0.972656 0.811523 0.0546875 0.09375 0.974609
4 0.935059 0.399902 0.0683594 0.121094 0.969727
6 0.95166 0.0334473 0.0966797 0.0668945 0.958008
2 0.957031 0.612305 0.0791016 0.0976562 0.955566
12 0.848633 0.793945 0.167969 0.148438 0.955078
6 0.744629 0.983398 0.0957031 0.0332031 0.953125
12 0.739258 0.190552 0.166992 0.147705 0.951172
13 0.663574 0.588867 0.0546875 0.144531 0.950195
2 0.750977 0.407715 0.121094 0.0927734 0.921875
5 0.928711 0.977539 0.0898438 0.0449219 0.915039
16 0.558472 0.980957 0.162354 0.0380859 0.911621
2 0.734375 0.032135 0.0742188 0.0639038 0.868164
0 0.961914 0.211426 0.0761719 0.101074 0.849121
14 0.666016 0.958008 0.0566406 0.0839844 0.785156
2 0.513672 0.811035 0.0839844 0.0976562 0.770508
14 0.990723 0.95459 0.0185547 0.0908203 0.753418
23 0.664062 0.0310822 0.0644531 0.0621643 0.715332
