2 0.543945 0.799805 0.0761719 0.0976562 0.986816
0 0.424805 0.801758 0.144531 0.0898438 0.981934
8 0.834961 0.198242 0.0976562 0.0952148 0.979492
0 0.291443 0.021225 0.14563 0.04245 0.979004
38 0.165649 0.371826 0.135986 0.151855 0.975098
2 0.657227 0.975098 0.0751953 0.0498047 0.971191
2 0.929688 0.196655 0.0742188 0.0915527 0.970703
0 0.77832 0.395752 0.147461 0.0922852 0.970703
5 0.613281 0.0215149 0.0859375 0.0430298 0.970215
13 0.725586 0.953125 0.0605469 0.09375 0.969727
23 0.543945 0.596191 0.0644531 0.0908203 0.967773
13 0.599609 0.570312 0.0410156 0.140625 0.960449
6 0.0510864 0.794434 0.0948486 0.0908203 0.960449
8 0.817383 0.977539 0.0976562 0.0449219 0.959961
13 0.465088 0.954102 0.0576172 0.0917969 0.953125
4 0.676758 0.583008 0.103516 0.115234 0.946777
2 0.179199 0.0192108 0.0717773 0.0384216 0.940918
5 0.916504 0.974121 0.0908203 0.0517578 0.937012
2 0.400146 0.0195618 0.0717773 0.0388794 0.93457
22 0.0278931 0.59375 0.0557861 0.0898438 0.911621
6 0.0888062 0.0179443 0.0924072 0.0358887 0.909668
2 0.983398 0.970703 0.0332031 0.0585938 0.90332
7 0.62793 0.418457 0.146484 0.136719 0.89502
19 0.698242 0.0210571 0.0644531 0.0421143 0.875977
8 0.966797 0.595703 0.0664062 0.0957031 0.868652
8 0.798828 0.0217896 0.09375 0.0435791 0.861328
4 0.0566406 0.18396 0.0997314 0.0969238 0.855957
27 0.933594 0.799316 0.0566406 0.0927734 0.851074
6 0.306152 0.80127 0.0898438 0.0927734 0.829102
6 0.982422 0.804688 0.0351562 0.0976562 0.822266
22 0.162842 0.791992 0.0812988 0.09375 0.810547
9 0.53894 0.97168 0.0959473 0.0566406 0.810547
27 0.53418 0.0230713 0.0605469 0.0460815 0.808105
8 0.491699 0.372314 0.0947266 0.14209 0.806641
6 0.0304565 0.970703 0.060791 0.0585938 0.771973
10 0.740234 0.175323 0.0878906 0.139099 0.770508
22 0.970703 0.0230865 0.0585938 0.04599 0.763672
1 0.186279 0.214722 0.136719 0.130127 0.730957
4 0.469727 0.0209961 0.0576172 0.0419312 0.702637
2 0.69043 0.795898 0.0722656 0.0957031 0.672363
4 0.986328 0.189209 0.0273438 0.112305 0.638672
18 0.623535 0.180695 0.138672 0.125916 0.635254
6 0.925781 0.384521 0.140625 0.11084 0.513672
