24 0.088501 0.829102 0.0388184 0.0585938 0.984863
12 0.17981 0.146729 0.0349121 0.0808105 0.978516
6 0.0909424 0.317383 0.0413818 0.0400391 0.972656
2 0.18103 0.229248 0.0314941 0.0454102 0.969727
13 0.163818 0.890625 0.0258789 0.0664062 0.962402
2 0.0528564 0.820312 0.0300293 0.0429688 0.955078
2 0.234985 0.0648804 0.0319824 0.0467529 0.945801
2 0.0475769 0.981445 0.0354614 0.0371094 0.942383
7 0.0443192 0.748047 0.0414886 0.0585938 0.941895
8 0.0841064 0.652832 0.0412598 0.0419922 0.941406
18 0.0859375 0.479736 0.0383301 0.0493164 0.937012
6 0.0910645 0.147217 0.0395508 0.043457 0.93457
2 0.0476074 0.654297 0.0316162 0.046875 0.933105
18 0.0814819 0.227051 0.048584 0.0561523 0.927246
14 0.0199242 0.969727 0.0200882 0.0585938 0.922852
0 0.0364685 0.563477 0.0728149 0.0585938 0.92041
7 0.129364 0.913086 0.0366821 0.0625 0.903809
9 0.130371 0.318359 0.0373535 0.0439453 0.884766
13 0.24585 0.962402 0.0273438 0.0751953 0.884766
6 0.0845947 0.736328 0.0385742 0.0429688 0.878418
0 0.227539 0.230835 0.0605469 0.0441895 0.868164
2 0.23584 0.900879 0.0361328 0.0439453 0.806641
2 0.205811 0.734863 0.0302734 0.0419922 0.805664
2 0.106812 0.567383 0.0273438 0.0410156 0.78418
21 0.148438 0.495361 0.0385742 0.0610352 0.769043
5 0.0829468 0.899902 0.0540771 0.0449219 0.762207
18 0.166382 0.816406 0.0375977 0.0517578 0.760742
5 0.127563 0.809082 0.0402832 0.0615234 0.723145
13 0.182007 0.381348 0.0229492 0.0820312 0.684082
14 0.0261993 0.80957 0.0198669 0.0625 0.625977
21 0.0952759 0.980469 0.0533447 0.0390625 0.616699
24 0.0210266 0.468018 0.0418091 0.0795898 0.607422
7 0.213867 0.983398 0.0356445 0.0332031 0.563965
23 0.237793 0.733887 0.0351562 0.0458984 0.529297
24 0.128204 0.621582 0.039978 0.0244141 0.525391
8 0.188843 0.485107 0.0395508 0.0415039 0.517578
