21 0.040863 0.577637 0.0383911 0.0576172 0.981934
2 0.135254 0.733398 0.0290527 0.0410156 0.981934
4 0.182861 0.0569458 0.0341797 0.0506592 0.949219
0 0.0424576 0.729492 0.0598602 0.0488281 0.944336
0 0.128296 0.396484 0.0773926 0.0429688 0.915527
5 0.0673218 0.814453 0.038208 0.0449219 0.912598
10 0.101685 0.720703 0.034668 0.0625 0.90332
6 0.0572205 0.981445 0.0376587 0.0371094 0.899902
2 0.140656 0.477051 0.0321655 0.0449219 0.898438
4 0.18396 0.309082 0.0341797 0.0566406 0.888672
8 0.179199 0.479004 0.0427246 0.0449219 0.868164
13 0.123657 0.21167 0.0202637 0.0751953 0.864258
13 0.0423508 0.133423 0.0254059 0.0664062 0.85791
10 0.131805 0.887207 0.038147 0.0634766 0.813965
22 0.0636139 0.649414 0.037323 0.0429688 0.812988
21 0.145508 0.65918 0.0412598 0.0595703 0.778809
24 0.0244293 0.485107 0.0488586 0.074707 0.777344
23 0.165894 0.730469 0.0322266 0.0410156 0.764648
4 0.0706177 0.139038 0.0325928 0.0546875 0.73584
13 0.194092 0.721191 0.0219727 0.0712891 0.729492
22 0.0928345 0.229248 0.0350342 0.0424805 0.70752
13 0.15625 0.379883 0.0214844 0.078125 0.694336
6 0.0919037 0.563477 0.0610657 0.0429688 0.594727
18 0.0145264 0.142456 0.0287476 0.0517578 0.583008
24 0.182007 0.570801 0.0412598 0.0634766 0.575684
13 0.10199 0.961426 0.0511475 0.0771484 0.560059
22 0.141724 0.5625 0.0334473 0.0410156 0.533203
18 0.0227966 0.811523 0.0455933 0.0507812 0.525391
4 0.184082 0.382324 0.0341797 0.0693359 0.515625
