0 0.865723 0.697266 0.139648 0.09375 0.988281
7 0.791016 0.124878 0.101562 0.135498 0.984375
5 0.849609 0.302734 0.0917969 0.0908203 0.98291
0 0.917969 0.898438 0.142578 0.0898438 0.980957
8 0.75 0.29541 0.09375 0.097168 0.975586
22 0.0340271 0.693848 0.0680542 0.0839844 0.972168
5 0.973145 0.699219 0.0537109 0.0917969 0.97168
6 0.691406 0.0995483 0.0878906 0.0948486 0.96875
23 0.679688 0.892578 0.0722656 0.0820312 0.961914
3 0.24939 0.874023 0.126221 0.15625 0.958984
22 0.757812 0.897949 0.0849609 0.0898438 0.957031
6 0.385498 0.890625 0.148926 0.0927734 0.946777
8 0.122925 0.692383 0.098877 0.0898438 0.888672
4 0.950195 0.296387 0.0996094 0.0996094 0.868164
8 0.29541 0.271484 0.0898438 0.137695 0.842773
23 0.61377 0.101303 0.0664062 0.0849915 0.82666
29 0.0548401 0.867188 0.108826 0.140625 0.818848
10 0.570312 0.468262 0.0927734 0.139648 0.816406
1 0.189575 0.0272522 0.102783 0.0545044 0.571777
