7 0.964844 0.950195 0.0703125 0.0996094 0.986328
2 0.213257 0.537109 0.072998 0.0957031 0.983398
7 0.472168 0.950195 0.0947266 0.0996094 0.983398
2 0.868652 0.349365 0.0771484 0.0981445 0.98291
2 0.949219 0.553711 0.0703125 0.0917969 0.982422
23 0.875977 0.550293 0.0732422 0.0878906 0.975098
23 0.431641 0.54187 0.0712891 0.0881348 0.972656
7 0.910156 0.180664 0.103516 0.13208 0.97168
14 0.483887 0.318848 0.0488281 0.140625 0.971191
22 0.949219 0.352783 0.0878906 0.0917969 0.970703
13 0.151489 0.51416 0.0383301 0.140625 0.957031
5 0.0682526 0.734863 0.0885925 0.0917969 0.955078
13 0.0162659 0.910156 0.0325317 0.148438 0.949219
8 0.25708 0.940918 0.0942383 0.0976562 0.940918
7 0.0648804 0.563965 0.129761 0.133789 0.928711
22 0.879395 0.948242 0.0898438 0.0957031 0.927734
13 0.541992 0.320801 0.0683594 0.143555 0.919434
13 0.318848 0.71582 0.0400391 0.134766 0.888672
18 0.22998 0.725586 0.131836 0.125 0.887207
6 0.59082 0.945312 0.136719 0.09375 0.844727
11 0.127686 0.912109 0.145752 0.141602 0.833496
6 0.353027 0.941406 0.0966797 0.0917969 0.832031
8 0.780273 0.169067 0.0927734 0.133057 0.73584
18 0.754883 0.536621 0.138672 0.125977 0.732422
14 0.994141 0.524902 0.0117188 0.134766 0.71875
4 0.621582 0.736328 0.101562 0.105469 0.716797
4 0.983398 0.144653 0.0332031 0.107666 0.59082
