1 0.709473 0.868164 0.0917969 0.136719 0.997559
18 0.924316 0.982422 0.116211 0.0351562 0.994629
18 0.894531 0.230591 0.107422 0.136963 0.992676
16 0.962402 0.651367 0.0751953 0.0917969 0.990723
21 0.474365 0.865723 0.0981445 0.138672 0.987793
19 0.874512 0.648438 0.0615234 0.0878906 0.986328
9 0.550293 0.643555 0.0849609 0.0976562 0.984863
2 0.314697 0.84668 0.0717773 0.0878906 0.981445
8 0.944336 0.449707 0.0986328 0.0908203 0.980957
2 0.904785 0.844238 0.0712891 0.0917969 0.980957
0 0.654785 0.452393 0.145508 0.0952148 0.980957
8 0.779297 0.252441 0.0976562 0.0947266 0.97998
23 0.389648 0.847656 0.0727539 0.0908203 0.97998
22 0.572266 0.84668 0.0888672 0.0917969 0.977539
2 0.471924 0.642578 0.0708008 0.09375 0.977051
2 0.806641 0.646484 0.0722656 0.09375 0.977051
2 0.16748 0.449951 0.0756836 0.0961914 0.974609
6 0.8125 0.845215 0.0976562 0.0888672 0.974609
0 0.180908 0.848633 0.13916 0.0917969 0.973145
5 0.978516 0.256836 0.0429688 0.0947266 0.966309
20 0.345459 0.450195 0.153809 0.18457 0.962402
22 0.841797 0.0561523 0.0839844 0.0908203 0.959961
2 0.0328064 0.258789 0.0656128 0.0952148 0.955078
8 0.937988 0.053009 0.0927734 0.0994263 0.954102
2 0.132935 0.0507507 0.0771484 0.0908813 0.953125
18 0.697266 0.0490112 0.113281 0.0980225 0.863281
10 0.315918 0.623047 0.0986328 0.140625 0.825684
4 0.448242 0.98584 0.0517578 0.0283203 0.805664
2 0.0090332 0.455566 0.0180664 0.0888672 0.763672
13 0.446289 0.0489197 0.0146484 0.0978394 0.729492
23 0.973633 0.848633 0.0527344 0.0898438 0.702637
13 0.554199 0.0489197 0.0126953 0.0974731 0.539062
27 0.461914 0.451172 0.0664062 0.0917969 0.513672
