1 0.0311127 0.779785 0.0622253 0.124023 0.995117
19 0.966797 0.962891 0.0644531 0.0742188 0.994141
18 0.35791 0.93457 0.111328 0.130859 0.992676
18 0.410645 0.342773 0.112305 0.141602 0.98877
23 0.791992 0.375977 0.0722656 0.0878906 0.98877
21 0.165009 0.384277 0.1026 0.136719 0.983398
8 0.241211 0.955078 0.0986328 0.0898438 0.979492
8 0.733398 0.573242 0.0996094 0.0927734 0.976562
4 0.55127 0.946289 0.0654297 0.107422 0.973145
13 0.437988 0.141968 0.0478516 0.143311 0.96875
8 0.919922 0.772461 0.0986328 0.0947266 0.962891
2 0.0171204 0.563477 0.0342407 0.0917969 0.955078
13 0.907227 0.938477 0.0507812 0.123047 0.952637
4 0.0896606 0.947266 0.0699463 0.103516 0.946289
11 0.978516 0.552246 0.0429688 0.137695 0.928711
2 0.156281 0.955566 0.0678101 0.0878906 0.927734
2 0.819336 0.573242 0.0703125 0.0917969 0.922363
2 0.570312 0.76709 0.121094 0.0947266 0.920898
1 0.98877 0.805664 0.0224609 0.140625 0.910645
4 0.633789 0.563965 0.0976562 0.100586 0.877441
22 0.0248871 0.954102 0.0497131 0.0917969 0.762207
6 0.148315 0.762695 0.156494 0.0917969 0.749023
5 0.991699 0.351562 0.0166016 0.0454102 0.712402
4 0.907227 0.570312 0.0996094 0.105469 0.67041
23 0.283203 0.36084 0.135742 0.0878906 0.662109
22 0.96875 0.013855 0.0615234 0.02771 0.622559
21 0.935059 0.377441 0.0927734 0.100586 0.616699
38 0.789062 0.9375 0.181641 0.125 0.604004
2 0.737305 0.768555 0.078125 0.09375 0.581543
6 0.194824 0.560547 0.154785 0.0917969 0.541016
13 0.195557 0.736328 0.065918 0.144531 0.529297
2 0.820312 0.779297 0.0419922 0.0507812 0.513672
4 0.66748 0.35791 0.109375 0.111328 0.501953
