1 0.848145 0.615234 0.0898438 0.136719 0.996582
19 0.251526 0.78125 0.0653076 0.0878906 0.989746
19 0.501465 0.791016 0.0605469 0.0957031 0.98877
7 0.390869 0.808594 0.143066 0.136719 0.987305
19 0.779297 0.393555 0.0605469 0.0898438 0.986816
16 0.178467 0.966797 0.102539 0.0664062 0.986328
4 0.772461 0.962891 0.0703125 0.0742188 0.981445
19 0.717773 0.394043 0.0625 0.0908203 0.978516
5 0.855469 0.392822 0.0888672 0.0917969 0.978516
19 0.57666 0.787109 0.0664062 0.0917969 0.977051
22 0.282959 0.970215 0.0874023 0.0595703 0.977051
4 0.614258 0.961914 0.0742188 0.0761719 0.973633
14 0.868164 0.772949 0.0429688 0.135742 0.969727
14 0.916016 0.769043 0.046875 0.135742 0.969238
5 0.525391 0.0196381 0.0859375 0.0392761 0.967285
8 0.529297 0.96875 0.0986328 0.0625 0.966797
6 0.949707 0.59375 0.100586 0.0917969 0.964355
2 0.974121 0.792969 0.0517578 0.0917969 0.963867
13 0.816406 0.767578 0.0488281 0.144531 0.961914
13 0.0874023 0.941406 0.048584 0.117188 0.961914
2 0.84668 0.96875 0.0761719 0.0625 0.960449
7 0.609863 0.416504 0.149414 0.137695 0.956543
7 0.964844 0.230225 0.0703125 0.157715 0.954102
4 0.735352 0.785156 0.0742188 0.105469 0.954102
6 0.427979 0.972656 0.0952148 0.0546875 0.952637
13 0.0161743 0.159668 0.0323486 0.146973 0.944336
22 0.879395 0.196289 0.0898438 0.0927734 0.9375
5 0.651367 0.790527 0.0830078 0.0917969 0.933594
5 0.968262 0.0225983 0.0634766 0.0451355 0.931641
5 0.695801 0.969727 0.0869141 0.0605469 0.926758
18 0.0305939 0.942383 0.0611877 0.115234 0.903809
0 0.0509949 0.783691 0.10199 0.0917969 0.894043
6 0.589844 0.195557 0.136719 0.0942383 0.879883
0 0.953125 0.973633 0.09375 0.0527344 0.875977
5 0.0684814 0.0153885 0.0939941 0.030777 0.875
14 0.353027 0.946289 0.0449219 0.107422 0.875
5 0.823242 0.0270996 0.0917969 0.0541992 0.849121
2 0.0532837 0.381836 0.105591 0.0991211 0.834473
11 0.129028 0.161163 0.14917 0.140076 0.831055
10 0.163849 0.759766 0.090271 0.140625 0.81543
8 0.423828 0.0196533 0.0957031 0.0393066 0.812988
27 0.278076 0.387939 0.0561523 0.0952148 0.779785
6 0.643555 0.0207977 0.138672 0.0415955 0.774414
4 0.951172 0.385742 0.0976562 0.108398 0.730957
4 0.0224609 0.557495 0.0449219 0.138916 0.712402
4 0.0222168 0.513184 0.0441895 0.0488281 0.613281
14 0.318115 0.0159607 0.0405273 0.0319214 0.535156
