20 0.232788 0.830078 0.0817871 0.0839844 0.989746
21 0.981445 0.758301 0.0371094 0.0566406 0.981934
4 0.532227 0.401855 0.0332031 0.0546875 0.973633
18 0.638672 0.741211 0.0527344 0.0527344 0.973633
4 0.948242 0.655762 0.0332031 0.0537109 0.970703
2 0.538086 0.832031 0.03125 0.0449219 0.970215
5 0.53125 0.661621 0.0351562 0.0488281 0.96582
2 0.259033 0.913086 0.0322266 0.0458984 0.965332
4 0.229492 0.742188 0.0302734 0.0507812 0.964844
10 0.405273 0.395752 0.0351562 0.0771484 0.963867
20 0.260315 0.662109 0.0770264 0.0898438 0.960938
5 0.725098 0.74707 0.0361328 0.0410156 0.959961
2 0.767578 0.404297 0.03125 0.046875 0.956543
0 0.468262 0.915527 0.0644531 0.0458984 0.95459
24 0.558594 0.924805 0.0371094 0.0605469 0.954102
7 0.227295 0.587891 0.0395508 0.0625 0.953125
20 0.625977 0.400391 0.0820312 0.0898438 0.950684
8 0.84668 0.491699 0.0410156 0.0449219 0.946289
2 0.895996 0.574219 0.0332031 0.0449219 0.944824
24 0.928711 0.499268 0.0371094 0.0620117 0.941895
0 0.541016 0.58252 0.078125 0.0419922 0.938965
5 0.417236 0.833496 0.0527344 0.0439453 0.937012
0 0.0240326 0.74707 0.0478821 0.0410156 0.936035
23 0.737305 0.662109 0.0351562 0.0429688 0.933594
22 0.364746 0.57959 0.0371094 0.0429688 0.933105
8 0.221802 0.916016 0.0358887 0.0410156 0.929199
2 0.90918 0.402832 0.03125 0.0478516 0.928223
4 0.836914 0.740234 0.0341797 0.0517578 0.928223
22 0.296875 0.832031 0.0341797 0.0410156 0.925781
5 0.521484 0.914551 0.0351562 0.0429688 0.925781
5 0.678223 0.914062 0.0361328 0.0419922 0.925293
5 0.804688 0.746094 0.0322266 0.0390625 0.922363
0 0.0254364 0.913086 0.0508118 0.046875 0.921387
2 0.156494 0.492188 0.0332031 0.0478516 0.920898
18 0.849609 0.822266 0.0371094 0.0546875 0.917969
22 0.180908 0.746094 0.0336914 0.0410156 0.911621
24 0.928711 0.58252 0.0351562 0.0556641 0.910645
22 0.294922 0.749023 0.0322266 0.0410156 0.903809
22 0.322266 0.664062 0.0341797 0.0458984 0.90332
5 0.114441 0.662598 0.0350342 0.0410156 0.896484
13 0.858887 0.643555 0.0263672 0.078125 0.895508
5 0.910645 0.74707 0.0371094 0.0449219 0.891113
0 0.0206299 0.987305 0.0408936 0.0253906 0.880859
0 0.618164 0.916992 0.0800781 0.0410156 0.877441
6 0.0842285 0.577637 0.0378418 0.0449219 0.875977
21 0.0754395 0.671387 0.0415039 0.0585938 0.875977
4 0.167725 0.573242 0.0307617 0.0507812 0.875977
0 0.0352173 0.390625 0.0704346 0.0732422 0.874023
21 0.0778961 0.84082 0.0409851 0.0585938 0.871582
14 0.566406 0.978516 0.0175781 0.0429688 0.863281
24 0.834961 0.986816 0.0351562 0.0253906 0.861328
0 0.304199 0.916016 0.0556641 0.0429688 0.859863
2 0.373291 0.830078 0.0317383 0.0429688 0.85791
2 0.640625 0.83252 0.0253906 0.0400391 0.85791
18 0.826172 0.657715 0.0390625 0.0498047 0.855957
18 0.374023 0.486328 0.0527344 0.0566406 0.851074
5 0.569336 0.494629 0.0371094 0.0488281 0.851074
8 0.143768 0.914062 0.0420532 0.0449219 0.847168
23 0.669434 0.831543 0.03125 0.0419922 0.838867
13 0.508301 0.821289 0.0234375 0.0683594 0.835449
8 0.773438 0.492188 0.0341797 0.0400391 0.827637
18 0.855469 0.395996 0.0507812 0.0595703 0.81543
4 0.411133 0.90918 0.0322266 0.0556641 0.81543
2 0.97168 0.490234 0.0488281 0.0458984 0.809082
18 0.478027 0.831543 0.0410156 0.0576172 0.801758
13 0.332031 0.569336 0.0253906 0.0703125 0.790527
5 0.668945 0.989258 0.0253906 0.0214844 0.790527
5 0.118591 0.831055 0.0362549 0.0429688 0.786621
0 0.0259705 0.480469 0.0518799 0.0703125 0.78418
2 0.065918 0.915039 0.0284424 0.0410156 0.78418
13 0.881348 0.392578 0.0214844 0.0654297 0.78125
2 0.896973 0.488281 0.0292969 0.0439453 0.778809
2 0.740234 0.48584 0.03125 0.0537109 0.773438
6 0.377686 0.75 0.0400391 0.046875 0.743164
22 0.328125 0.493652 0.0341797 0.0419922 0.732422
1 0.822754 0.583496 0.0361328 0.0654297 0.732422
10 0.884766 0.976562 0.0341797 0.046875 0.723145
18 0.530762 0.743164 0.0380859 0.0507812 0.72168
6 0.68457 0.748047 0.0371094 0.0390625 0.715332
13 0.911621 0.649414 0.0234375 0.0673828 0.710449
13 0.558594 0.737305 0.0195312 0.0634766 0.690918
6 0.418701 0.493408 0.0351562 0.0454102 0.668945
7 0.0965576 0.40918 0.0546875 0.0737305 0.665527
21 0.607422 0.505371 0.0410156 0.0625 0.649414
2 0.73584 0.916016 0.046875 0.0390625 0.644043
6 0.0362549 0.663086 0.0362549 0.0429688 0.635254
2 0.885254 0.661133 0.0283203 0.0429688 0.629883
6 0.89209 0.825195 0.0439453 0.0527344 0.622559
22 0.806641 0.489258 0.03125 0.0410156 0.620605
18 0.0430222 0.573242 0.0354156 0.0546875 0.609375
8 0.362793 0.654297 0.0429688 0.0664062 0.605957
22 0.184082 0.913086 0.0349121 0.0458984 0.605957
16 0.702148 0.577148 0.0390625 0.046875 0.602051
2 0.773438 0.663086 0.0371094 0.0449219 0.600098
13 0.298584 0.485596 0.0234375 0.0668945 0.594727
24 0.61084 0.832031 0.0332031 0.0429688 0.588867
4 0.154175 0.825195 0.0344238 0.0517578 0.581543
22 0.63623 0.579102 0.0322266 0.0390625 0.554688
6 0.0377121 0.831055 0.0372467 0.0410156 0.548828
7 0.274902 0.578125 0.0507812 0.0449219 0.544922
2 0.427246 0.747559 0.0546875 0.0458984 0.541016
10 0.367676 0.902344 0.0507812 0.0693359 0.541016
18 0.786621 0.90918 0.0498047 0.0478516 0.541016
24 0.261292 0.412109 0.0379639 0.0712891 0.539062
2 0.817383 0.830078 0.0273438 0.0410156 0.535156
4 0.440918 0.404541 0.0283203 0.0483398 0.533203
