1 0.238037 0.833496 0.0805664 0.141602 0.996582
14 0.150391 0.588379 0.0444336 0.136719 0.980957
2 0.159302 0.810547 0.0727539 0.0917969 0.979004
18 0.360352 0.591797 0.0976562 0.145508 0.977051
6 0.346191 0.813965 0.130859 0.0986328 0.966309
4 0.182983 0.40625 0.0598145 0.111328 0.965332
14 0.38916 0.201294 0.0351562 0.143311 0.964844
13 0.350098 0.179077 0.0390625 0.176514 0.929199
22 0.0362549 0.809082 0.0725098 0.0947266 0.922363
13 0.0987549 0.955566 0.0471191 0.0888672 0.879883
32 0.105286 0.443848 0.0797119 0.169922 0.859863
14 0.111511 0.0314941 0.0469971 0.0629883 0.84082
12 0.2771 0.192993 0.0947266 0.135986 0.800781
13 0.32666 0.0310974 0.0361328 0.0621338 0.763672
13 0.223389 0.0322571 0.0141602 0.0639038 0.695801
7 0.0167999 0.059906 0.0335388 0.119568 0.689453
23 0.0430908 0.979492 0.0673828 0.0410156 0.57959
4 0.245728 0.345215 0.0646973 0.0478516 0.517578
13 0.384766 0.791016 0.0527344 0.146484 0.501953
