1 0.81543 0.695312 0.0878906 0.134766 0.992188
18 0.828125 0.257568 0.0898438 0.123535 0.987305
2 0.709473 0.466797 0.0693359 0.0908203 0.986328
8 0.936523 0.474121 0.09375 0.0898438 0.97998
5 0.375488 0.859375 0.0888672 0.101562 0.979004
4 0.33667 0.0545349 0.0717773 0.108948 0.978516
13 0.905273 0.246826 0.0478516 0.142578 0.976074
6 0.892578 0.0718994 0.09375 0.0917969 0.971191
5 0.972656 0.074707 0.0546875 0.097168 0.971191
6 0.764648 0.871094 0.0898438 0.09375 0.969727
19 0.96875 0.272888 0.0625 0.0870361 0.966309
0 0.502075 0.86377 0.126709 0.0957031 0.966309
2 0.40332 0.0588989 0.0664062 0.0900879 0.961426
18 0.524292 0.0585938 0.13501 0.117188 0.910645
6 0.692871 0.267029 0.138672 0.0909424 0.779785
13 0.455078 0.837402 0.0332031 0.143555 0.777344
22 0.995605 0.486084 0.00878906 0.0717773 0.770508
8 0.911133 0.696777 0.0898438 0.131836 0.762207
7 0.563477 0.483398 0.154297 0.12793 0.72168
0 0.39209 0.678711 0.0830078 0.132812 0.712402
6 0.988281 0.668945 0.0234375 0.0976562 0.679199
5 0.763184 0.0706177 0.143555 0.0899658 0.505859
