11 0.787109 0.149536 0.0957031 0.137939 0.996094
0 0.362305 0.95459 0.144531 0.0908203 0.992188
1 0.359131 0.783203 0.101074 0.136719 0.989746
0 0.74707 0.956055 0.140625 0.0878906 0.987305
23 0.841797 0.375732 0.0664062 0.0913086 0.985352
2 0.580078 0.76416 0.0771484 0.0966797 0.985352
5 0.881836 0.178833 0.0859375 0.0935059 0.981934
5 0.101013 0.176025 0.0863037 0.0974121 0.979492
4 0.283203 0.170776 0.0766602 0.119873 0.979492
6 0.0933838 0.956543 0.0993652 0.0869141 0.979492
18 0.195923 0.940918 0.0969238 0.118164 0.979004
23 0.881348 0.760254 0.0703125 0.0976562 0.977051
8 0.899414 0.953125 0.101562 0.09375 0.976562
6 0.625977 0.955078 0.0996094 0.0898438 0.976074
6 0.193359 0.176636 0.0944824 0.0957031 0.972656
2 0.113159 0.763672 0.0754395 0.0996094 0.972656
13 0.0223694 0.922363 0.0447388 0.155273 0.97168
14 0.55127 0.931641 0.0478516 0.136719 0.97168
8 0.858398 0.567871 0.0957031 0.0966797 0.967773
6 0.95459 0.571289 0.0908203 0.09375 0.959961
2 0.807617 0.764648 0.0722656 0.0996094 0.958984
5 0.48291 0.956543 0.0917969 0.0869141 0.955078
2 0.742188 0.371582 0.125 0.0957031 0.945801
23 0.953125 0.761719 0.0742188 0.0869141 0.945801
0 0.141724 0.0148849 0.144775 0.0297699 0.941895
23 0.0203552 0.371094 0.0407104 0.102539 0.928223
11 0.731445 0.547729 0.144531 0.140869 0.897461
0 0.532227 0.0145798 0.136719 0.0290985 0.883301
4 0.926758 0.368164 0.0957031 0.110352 0.869629
5 0.265381 0.013855 0.0883789 0.02771 0.806641
22 0.992188 0.37793 0.015625 0.0913086 0.695801
8 0.673828 0.0145416 0.09375 0.0290833 0.684082
6 0.620117 0.171875 0.0585938 0.095459 0.679199
9 0.0223846 0.760742 0.0446472 0.101562 0.651367
18 0.978516 0.930664 0.0429688 0.137695 0.600098
14 0.33667 0.0120468 0.0444336 0.0240936 0.511719
