7 0.677734 0.826172 0.132812 0.136719 0.988281
4 0.484863 0.587891 0.0712891 0.109375 0.980469
9 0.763672 0.400879 0.09375 0.104492 0.979492
0 0.343506 0.196289 0.14209 0.097168 0.979004
9 0.566406 0.799316 0.0947266 0.100586 0.977539
2 0.178223 0.790039 0.0727539 0.0996094 0.977051
4 0.888672 0.798828 0.0664062 0.121094 0.977051
11 0.197144 0.94873 0.0939941 0.102539 0.977051
13 0.608398 0.583008 0.0429688 0.130859 0.976562
14 0.109619 0.77002 0.0461426 0.143555 0.972656
2 0.927246 0.414062 0.0771484 0.0927734 0.970703
2 0.958008 0.810059 0.0761719 0.0966797 0.970215
7 0.799805 0.831055 0.0957031 0.126953 0.969238
2 0.551758 0.601562 0.0683594 0.0957031 0.96582
19 0.252014 0.390625 0.0623779 0.09375 0.963379
2 0.409668 0.0197906 0.0751953 0.0393372 0.960938
5 0.100159 0.96875 0.100952 0.0625 0.956543
13 0.268555 0.949707 0.0454102 0.100586 0.949219
5 0.328613 0.395508 0.0874023 0.0961914 0.942871
6 0.855469 0.0286102 0.140625 0.0572205 0.936523
8 0.314453 0.0202942 0.0947266 0.0405884 0.910645
2 0.0410156 0.791992 0.0820312 0.09375 0.907227
9 0.982422 0.62207 0.0351562 0.119141 0.906738
7 0.359375 0.608398 0.163574 0.130859 0.898926
19 0.831055 0.980469 0.0703125 0.0390625 0.893066
10 0.773438 0.580566 0.0957031 0.145508 0.873047
2 0.881836 0.208496 0.0800781 0.0981445 0.85498
6 0.445312 0.976562 0.0947266 0.046875 0.847168
18 0.891602 0.595703 0.126953 0.12793 0.823242
0 0.97168 0.212646 0.0566406 0.0952148 0.812988
4 0.339844 0.96582 0.0908203 0.0683594 0.794434
6 0.0759888 0.59082 0.149292 0.0996094 0.764648
6 0.629883 0.195312 0.139648 0.106689 0.733887
6 0.666016 0.406006 0.09375 0.0976562 0.690918
13 0.0293579 0.952148 0.0585327 0.0957031 0.546875
4 0.224731 0.0164185 0.0739746 0.0328369 0.523438
2 0.558594 0.991211 0.0449219 0.0175781 0.505859
1 0.541504 0.0237274 0.0888672 0.0474548 0.501953
