5 0.764648 0.743164 0.0390625 0.0371094 0.977051
11 0.868652 0.419434 0.0361328 0.0605469 0.974609
1 0.916016 0.279297 0.0390625 0.0546875 0.973145
5 0.601562 0.124146 0.0351562 0.0373535 0.972656
23 0.758789 0.667969 0.0332031 0.0371094 0.972168
2 0.87207 0.115723 0.03125 0.0385742 0.970703
2 0.408691 0.282227 0.0341797 0.0380859 0.970703
2 0.839844 0.740234 0.0302734 0.0371094 0.969238
2 0.755371 0.354736 0.03125 0.0375977 0.96582
2 0.411865 0.358643 0.0322266 0.0375977 0.962891
0 0.51709 0.044136 0.0585938 0.0380707 0.961426
7 0.952148 0.198975 0.0390625 0.0522461 0.959961
2 0.545898 0.123657 0.0273438 0.0385742 0.95752
22 0.460449 0.589844 0.0361328 0.0390625 0.956543
8 0.824707 0.589355 0.0380859 0.0390625 0.954102
0 0.716797 0.820801 0.0566406 0.0400391 0.953125
19 0.846191 0.663574 0.0302734 0.0351562 0.952148
5 0.988281 0.19104 0.0234375 0.0393066 0.951172
2 0.667969 0.27832 0.0253906 0.0371094 0.950195
22 0.64209 0.979492 0.0361328 0.0390625 0.94873
18 0.647461 0.344727 0.0439453 0.0595703 0.947266
21 0.713867 0.362305 0.0507812 0.0576172 0.947266
9 0.506348 0.901367 0.0371094 0.0390625 0.943848
1 0.840332 0.201538 0.0380859 0.0529785 0.940918
7 0.944336 0.822266 0.0644531 0.0546875 0.938477
5 0.626953 0.746094 0.0351562 0.0371094 0.935059
5 0.774902 0.589355 0.0371094 0.0390625 0.933105
18 0.667969 0.734375 0.0429688 0.0585938 0.932129
13 0.551758 0.187988 0.0175781 0.0688477 0.931641
2 0.535156 0.979004 0.0332031 0.0390625 0.931641
0 0.422852 0.12854 0.0810547 0.041748 0.931152
5 0.905273 0.972656 0.0371094 0.0380859 0.929199
13 0.517578 0.110901 0.0234375 0.0662842 0.92627
7 0.704102 0.979004 0.0644531 0.0419922 0.923828
2 0.520996 0.591797 0.0273438 0.0371094 0.922363
5 0.810547 0.666992 0.0371094 0.0371094 0.916016
13 0.748535 0.496582 0.0224609 0.0605469 0.915039
2 0.973633 0.735352 0.03125 0.0361328 0.915039
18 0.48877 0.813965 0.0410156 0.0585938 0.913086
7 0.48584 0.130402 0.0371094 0.0512085 0.909668
13 0.446533 0.500977 0.0180664 0.0673828 0.908203
7 0.831055 0.901367 0.0380859 0.0546875 0.907227
8 0.789062 0.354492 0.0351562 0.0380859 0.906738
2 0.399902 0.0503616 0.0302734 0.0391693 0.901855
6 0.909668 0.426514 0.0390625 0.0400391 0.901367
13 0.53418 0.422363 0.0253906 0.0639648 0.901367
0 0.922363 0.586426 0.0585938 0.0419922 0.898926
0 0.541016 0.748047 0.0527344 0.0351562 0.898438
0 0.980469 0.891113 0.0371094 0.0361328 0.898438
13 0.521484 0.80957 0.0214844 0.0712891 0.895508
5 0.725586 0.433105 0.0351562 0.0390625 0.89502
13 0.572754 0.963867 0.0214844 0.0722656 0.89502
14 0.694824 0.422363 0.0175781 0.0595703 0.893066
13 0.828125 0.412109 0.0419922 0.0771484 0.892578
0 0.637695 0.199341 0.078125 0.0407715 0.885742
14 0.512207 0.422363 0.0166016 0.0615234 0.881836
5 0.676758 0.592285 0.0361328 0.0380859 0.878906
0 0.647949 0.511719 0.0576172 0.0390625 0.878418
5 0.481689 0.280762 0.0341797 0.0375977 0.875977
9 0.886719 0.351562 0.0371094 0.0419922 0.875
0 0.870117 0.819336 0.078125 0.0429688 0.868652
8 0.875977 0.740234 0.0390625 0.0371094 0.868164
8 0.422852 0.905273 0.0380859 0.0351562 0.864258
2 0.487549 0.979492 0.0561523 0.0410156 0.863281
13 0.770508 0.25531 0.0214844 0.0792236 0.86084
6 0.791504 0.974609 0.0341797 0.0371094 0.859863
6 0.623047 0.669922 0.0351562 0.0371094 0.856934
9 0.518555 0.277832 0.0351562 0.0390625 0.85498
9 0.948242 0.426025 0.0380859 0.0385742 0.853027
4 0.546387 0.822266 0.0263672 0.0429688 0.84375
14 0.943359 0.0283966 0.0175781 0.0567322 0.841797
9 0.656738 0.433594 0.0351562 0.0400391 0.831055
5 0.91748 0.738281 0.0361328 0.0371094 0.827637
1 0.946289 0.356934 0.0361328 0.0507812 0.823242
6 0.723633 0.666504 0.0332031 0.0390625 0.819824
5 0.828613 0.0390625 0.0371094 0.0415649 0.81543
0 0.50293 0.205688 0.0791016 0.0407715 0.812988
22 0.543945 0.669922 0.0410156 0.0390625 0.808105
13 0.811035 0.728516 0.0214844 0.0625 0.795898
13 0.678711 0.341309 0.0214844 0.0644531 0.792969
14 0.845703 0.10675 0.0195312 0.0604248 0.773438
7 0.983398 0.666016 0.0322266 0.0517578 0.771973
13 0.547852 0.886719 0.03125 0.0664062 0.762207
5 0.973633 0.0335999 0.0371094 0.0420532 0.760742
11 0.773438 0.42041 0.0625 0.0634766 0.759277
14 0.614258 0.966797 0.0166016 0.0605469 0.713867
0 0.594238 0.355957 0.0537109 0.0395508 0.684082
6 0.661621 0.666992 0.0390625 0.0429688 0.673828
10 0.973633 0.569824 0.0400391 0.0654297 0.672363
6 0.799805 0.509277 0.0332031 0.0380859 0.67041
4 0.861328 0.270508 0.0292969 0.0449219 0.656738
22 0.986328 0.503906 0.0273438 0.0400391 0.631836
21 0.683105 0.122253 0.0361328 0.0391846 0.62793
14 0.786133 0.0307617 0.0332031 0.0613403 0.616699
13 0.612305 0.887695 0.0205078 0.0625 0.607422
6 0.751465 0.0435486 0.0361328 0.0385132 0.600098
14 0.74707 0.96582 0.015625 0.0605469 0.57959
2 0.837891 0.351562 0.0585938 0.0410156 0.575684
4 0.578125 0.202637 0.0253906 0.043457 0.57373
13 0.92627 0.0980072 0.0214844 0.072052 0.569824
18 0.421631 0.433105 0.0566406 0.046875 0.567871
13 0.703613 0.734863 0.0214844 0.0664062 0.563965
14 0.573242 0.887695 0.0175781 0.0585938 0.562012
23 0.746094 0.19873 0.0292969 0.0400391 0.556641
6 0.701172 0.277344 0.0341797 0.0390625 0.546875
6 0.966797 0.267822 0.0605469 0.0458984 0.535156
13 0.91748 0.654785 0.0322266 0.0517578 0.529297
4 0.544434 0.357422 0.0253906 0.0390625 0.519531
2 0.76709 0.809082 0.0341797 0.0654297 0.517578
18 0.646484 0.887695 0.0449219 0.0625 0.509766
14 0.598633 0.967773 0.0273438 0.0625 0.505859
