24 0.52832 0.393066 0.0419922 0.0517578 0.987305
2 0.0187683 0.462646 0.0342407 0.0375977 0.969238
18 0.415039 0.761719 0.0444336 0.0605469 0.967773
18 0.191895 0.916992 0.0432129 0.0625 0.966797
5 0.132782 0.307129 0.0371704 0.0380859 0.966309
5 0.275146 0.614258 0.034668 0.0371094 0.966309
5 0.151367 0.0695801 0.0356445 0.0402832 0.963867
11 0.491943 0.449707 0.034668 0.0571289 0.962891
10 0.329834 0.214844 0.0327148 0.065918 0.957031
1 0.246582 0.777344 0.0385742 0.0566406 0.957031
11 0.0923462 0.0616455 0.0340576 0.0622559 0.956055
2 0.238525 0.850586 0.0317383 0.0371094 0.953125
5 0.43457 0.930664 0.0366211 0.0410156 0.953125
6 0.286377 0.770996 0.0385742 0.0371094 0.949707
0 0.0966797 0.388184 0.0544434 0.0380859 0.947266
2 0.496094 0.775391 0.0302734 0.0390625 0.945801
7 0.295654 0.46875 0.0395508 0.0527344 0.945312
2 0.348633 0.384277 0.0498047 0.0390625 0.944824
4 0.392822 0.929688 0.027832 0.0449219 0.944824
22 0.0661621 0.151733 0.0344238 0.0407715 0.944336
5 0.09375 0.695312 0.0367432 0.0380859 0.943848
0 0.542969 0.776367 0.0566406 0.0410156 0.941895
5 0.513794 0.932617 0.0368652 0.0371094 0.941406
22 0.367676 0.457031 0.0361328 0.0361328 0.939941
0 0.548828 0.150879 0.0527344 0.0390625 0.937988
13 0.325439 0.292236 0.0195312 0.0668945 0.931152
13 0.481445 0.681152 0.0224609 0.0761719 0.930664
46 0.433594 0.458984 0.0761719 0.0439453 0.930176
0 0.275818 0.306641 0.0792236 0.0419922 0.928711
0 0.101807 0.929688 0.0541992 0.0390625 0.925781
9 0.197021 0.772461 0.0375977 0.0400391 0.924316
4 0.632812 0.0686188 0.0322266 0.0527039 0.922852
9 0.618652 0.930664 0.0380859 0.0390625 0.921875
22 0.625977 0.231445 0.0351562 0.0395508 0.917969
5 0.156738 0.772949 0.0361328 0.0390625 0.917969
2 0.326172 0.771973 0.0332031 0.0390625 0.916504
5 0.322266 0.928711 0.0371094 0.0390625 0.916504
13 0.392822 0.137939 0.0205078 0.0649414 0.912598
13 0.519531 0.447754 0.0195312 0.0576172 0.911621
9 0.0735474 0.229736 0.0372314 0.0375977 0.908203
9 0.273193 0.929199 0.0356445 0.0410156 0.905273
5 0.390381 0.0704498 0.034668 0.0378113 0.904785
5 0.37207 0.775391 0.0371094 0.0380859 0.90332
5 0.3125 0.851562 0.0341797 0.0390625 0.901855
0 0.487305 0.229248 0.0566406 0.0402832 0.901367
8 0.601074 0.775391 0.0380859 0.0390625 0.899902
22 0.62207 0.620117 0.0351562 0.0390625 0.897461
8 0.445801 0.855469 0.0351562 0.0390625 0.894043
13 0.209717 0.214966 0.0209961 0.064209 0.893066
2 0.409668 0.852539 0.0302734 0.0429688 0.891602
27 0.344727 0.862305 0.0273438 0.0527344 0.891113
14 0.124023 0.0611572 0.0175781 0.0610352 0.873047
0 0.616211 0.460938 0.0527344 0.0400391 0.868652
0 0.0361328 0.931641 0.0720215 0.0449219 0.865234
2 0.119141 0.459961 0.0495605 0.0390625 0.863281
2 0.364746 0.228882 0.0302734 0.0388184 0.86084
6 0.628906 0.541016 0.0371094 0.0371094 0.859863
13 0.0204506 0.604004 0.0213547 0.0664062 0.858887
0 0.0305328 0.773438 0.0610657 0.0400391 0.85498
0 0.132568 0.227661 0.057373 0.0422363 0.854004
6 0.358887 0.930664 0.0361328 0.0390625 0.852051
10 0.395508 0.374023 0.0361328 0.0654297 0.84082
6 0.473145 0.931641 0.0385742 0.0410156 0.835449
4 0.0352783 0.694336 0.024231 0.0449219 0.832031
4 0.349609 0.304199 0.0263672 0.0400391 0.825684
19 0.194824 0.849609 0.0322266 0.0371094 0.823242
8 0.317871 0.61377 0.0458984 0.0390625 0.792969
13 0.389648 0.681152 0.0234375 0.0722656 0.786621
12 0.140503 0.842773 0.0668945 0.0664062 0.786621
22 0.0214081 0.307617 0.0379333 0.0419922 0.78418
24 0.569336 0.355713 0.0371094 0.0263672 0.782715
19 0.53418 0.616211 0.0332031 0.0390625 0.779785
13 0.62793 0.141357 0.0234375 0.0627441 0.771973
7 0.449219 0.704102 0.0371094 0.0546875 0.767578
4 0.254822 0.148193 0.0264893 0.0439453 0.766113
21 0.427734 0.157715 0.0458984 0.0585938 0.764648
2 0.00758743 0.0692749 0.0151291 0.0413818 0.763672
22 0.573242 0.00766754 0.0380859 0.0153351 0.744629
7 0.209473 0.0789185 0.0410156 0.0544434 0.740234
13 0.233765 0.918945 0.0354004 0.0644531 0.737305
2 0.53418 0.0599365 0.0429688 0.0598145 0.720215
13 0.482422 0.981445 0.0302734 0.0371094 0.715332
7 0.619141 0.861816 0.0625 0.0546875 0.699219
6 0.265686 0.536621 0.0565186 0.0371094 0.695801
0 0.289551 0.993652 0.0854492 0.0126953 0.695801
18 0.606445 0.304199 0.0683594 0.0478516 0.690918
12 0.26178 0.0636597 0.0565186 0.069458 0.689453
24 0.586914 0.199219 0.0361328 0.0258789 0.6875
9 0.549316 0.460693 0.0351562 0.0351562 0.686035
9 0.421143 0.537109 0.0356445 0.0390625 0.686035
6 0.235596 0.615723 0.0371094 0.0410156 0.682617
13 0.199463 0.37085 0.0358887 0.0742188 0.679199
23 0.54834 0.931641 0.03125 0.0400391 0.656738
13 0.00453186 0.603516 0.00906372 0.0703125 0.645996
18 0.368652 0.603516 0.0498047 0.0605469 0.616699
18 0.162476 0.378906 0.0495605 0.0537109 0.615234
10 0.387451 0.84082 0.0341797 0.0683594 0.598145
13 0.076767 0.755859 0.035675 0.0722656 0.584961
18 0.043457 0.53418 0.0620117 0.046875 0.583008
13 0.154053 0.448975 0.0170898 0.0639648 0.581543
4 0.307861 0.531738 0.0244141 0.0458984 0.552734
2 0.0119324 0.851562 0.0238037 0.0371094 0.548828
0 0.601074 0.992676 0.0693359 0.0146484 0.548828
0 0.33252 0.0628052 0.0771484 0.059082 0.546875
5 0.354004 0.994141 0.0361328 0.0117188 0.546875
2 0.116943 0.151001 0.057373 0.041748 0.539062
14 0.210205 0.375244 0.0178223 0.0620117 0.529297
23 0.465332 0.774414 0.0283203 0.0390625 0.525391
2 0.010376 0.696289 0.020752 0.0390625 0.521484
4 0.506836 0.694824 0.0244141 0.0400391 0.515625
0 0.312988 0.0703278 0.0380859 0.0382996 0.511719
8 0.210205 0.00657654 0.0195312 0.0130615 0.505859
