1 0.367188 0.819336 0.0893555 0.136719 0.996094
1 0.766602 0.04599 0.0898438 0.09198 0.995117
1 0.849609 0.624512 0.0957031 0.135742 0.994629
18 0.90625 0.380371 0.111328 0.141602 0.991699
23 0.509766 0.598145 0.0673828 0.0869141 0.98291
2 0.58252 0.600098 0.0771484 0.100586 0.98291
2 0.339844 0.972656 0.0742188 0.0546875 0.982422
2 0.237793 0.792969 0.0786133 0.0917969 0.981445
5 0.234619 0.023407 0.0957031 0.046814 0.977051
2 0.90625 0.800293 0.0722656 0.0908203 0.977051
8 0.792969 0.405762 0.0947266 0.0917969 0.974121
13 0.0670319 0.766113 0.04953 0.148438 0.970703
14 0.16626 0.769043 0.0463867 0.135742 0.969727
14 0.118347 0.772949 0.0426025 0.135742 0.96875
8 0.429199 0.972168 0.0996094 0.0556641 0.96875
6 0.952637 0.607422 0.0947266 0.09375 0.967285
4 0.0290833 0.962891 0.0578003 0.0742188 0.962891
2 0.0965576 0.96875 0.0771484 0.0625 0.956543
14 0.312744 0.0240173 0.0478516 0.0480347 0.950195
0 0.22644 0.973633 0.139893 0.0527344 0.949219
6 0.436035 0.0248566 0.0888672 0.0497131 0.94873
14 0.84082 0.783203 0.0488281 0.140625 0.947754
5 0.984375 0.408203 0.03125 0.0859375 0.942383
4 0.839844 0.19751 0.0703125 0.10376 0.94043
11 0.378418 0.570312 0.147461 0.142578 0.93457
11 0.692383 0.576172 0.146484 0.140625 0.932617
21 0.0268097 0.210693 0.0536194 0.128906 0.925293
6 0.896484 0.0294189 0.144531 0.0588379 0.917969
1 0.568359 0.02771 0.0957031 0.0553589 0.91748
6 0.493164 0.797852 0.142578 0.0976562 0.908691
14 0.644043 0.0242157 0.0488281 0.0484314 0.901367
2 0.90625 0.206299 0.0664062 0.0893555 0.901367
23 0.767578 0.975586 0.0742188 0.0488281 0.889648
5 0.910156 0.976562 0.0957031 0.046875 0.888672
5 0.0637207 0.0271454 0.111084 0.0542908 0.878906
13 0.540527 0.772949 0.0517578 0.144531 0.868652
4 0.0130768 0.796875 0.026062 0.154297 0.865234
14 0.693359 0.0267639 0.0371094 0.0535278 0.842773
6 0.224854 0.594238 0.151855 0.0927734 0.838867
14 0.361328 0.0251312 0.0380859 0.0502014 0.799316
6 0.977539 0.979492 0.0390625 0.0410156 0.790527
4 0.529785 0.96875 0.104492 0.0625 0.788086
8 0.970703 0.206299 0.0585938 0.0917969 0.778809
4 0.629883 0.962891 0.0878906 0.0742188 0.775879
8 0.972656 0.802734 0.0546875 0.0976562 0.613281
22 0.631836 0.799805 0.0839844 0.0917969 0.584961
4 0.222046 0.366211 0.140381 0.147461 0.563965
6 0.767578 0.803711 0.09375 0.09375 0.546875
