7 0.850586 0.500977 0.0917969 0.121094 0.98877
18 0.595703 0.864258 0.0957031 0.126953 0.984863
5 0.827148 0.0931244 0.0976562 0.0950012 0.984375
2 0.819824 0.679199 0.0712891 0.0917969 0.97998
22 0.844238 0.879395 0.0849609 0.0927734 0.978516
11 0.922363 0.072876 0.0957031 0.134521 0.978027
5 0.973633 0.676758 0.0527344 0.0898438 0.973145
6 0.950684 0.486084 0.09375 0.0913086 0.972656
8 0.371094 0.887695 0.0961914 0.0927734 0.971191
7 0.15979 0.90625 0.104248 0.133789 0.967773
5 0.262146 0.884766 0.0880127 0.0947266 0.96582
2 0.978516 0.292725 0.0429688 0.090332 0.965332
0 0.725586 0.875977 0.132812 0.0957031 0.965332
22 0.22876 0.494141 0.0874023 0.0908203 0.964355
2 0.891602 0.676758 0.0703125 0.0878906 0.952637
19 0.972168 0.875488 0.0556641 0.0908203 0.94873
7 0.132202 0.321777 0.152832 0.13623 0.933105
14 0.418457 0.470215 0.0527344 0.141602 0.888672
18 0.80957 0.275452 0.154297 0.126831 0.733887
22 0.468262 0.883789 0.0859375 0.0898438 0.695801
10 0.661133 0.462891 0.0976562 0.138672 0.680664
9 0.0151215 0.266357 0.0302429 0.152344 0.675781
11 0.532715 0.666016 0.149414 0.140625 0.67041
14 0.67041 0.658203 0.0664062 0.140625 0.651367
13 0.363037 0.0773926 0.0727539 0.154785 0.605957
14 0.940918 0.268066 0.0712891 0.140625 0.546875
