2 0.17749 0.27417 0.0297852 0.0444336 0.960449
19 0.116089 0.101196 0.0285645 0.0441895 0.9375
2 0.0745697 0.186157 0.0317688 0.0432129 0.937012
7 0.0196228 0.030899 0.0385132 0.0617981 0.927734
22 0.0797272 0.102417 0.0346375 0.0424805 0.921875
8 0.111084 0.019516 0.036377 0.039032 0.889648
7 0.108398 0.19873 0.0358887 0.0625 0.79834
4 0.0149765 0.0992432 0.0294342 0.0493164 0.747559
14 0.144043 0.0900879 0.0219727 0.0651855 0.743164
0 0.162842 0.0265503 0.0571289 0.0531006 0.702637
22 0.172607 0.103149 0.0390625 0.0429688 0.596191
