19 0.818848 0.846191 0.0654297 0.0908203 0.98877
18 0.677734 0.829102 0.0947266 0.123047 0.986328
4 0.976074 0.44043 0.0478516 0.118652 0.984375
13 0.832031 0.0527344 0.0439453 0.105225 0.983887
13 0.755859 0.819824 0.0478516 0.138672 0.983887
0 0.795898 0.457031 0.140625 0.0888672 0.98291
5 0.158417 0.249023 0.0908813 0.0922852 0.982422
23 0.577637 0.253906 0.0654297 0.0859375 0.981445
4 0.344727 0.241577 0.0722656 0.10376 0.980957
9 0.410156 0.842773 0.0908203 0.0976562 0.980469
22 0.768555 0.65625 0.0878906 0.0888672 0.978027
13 0.501099 0.821289 0.0466309 0.136719 0.976074
2 0.216797 0.844727 0.0737305 0.0888672 0.975098
6 0.255798 0.25238 0.0928955 0.0880127 0.974609
13 0.930176 0.431152 0.0419922 0.137207 0.97168
22 0.65625 0.260986 0.0859375 0.090332 0.970703
14 0.877441 0.0544128 0.0458984 0.106995 0.970215
8 0.306152 0.842773 0.0966797 0.0917969 0.969238
6 0.571289 0.844727 0.0898438 0.0859375 0.963379
22 0.744629 0.0608215 0.0878906 0.0910034 0.961914
6 0.0334473 0.0516357 0.0668945 0.0977783 0.957031
14 0.989258 0.632324 0.0214844 0.131836 0.954102
0 0.873047 0.24292 0.150391 0.133789 0.949219
5 0.897461 0.846191 0.0859375 0.0888672 0.943359
14 0.928711 0.053772 0.046875 0.107544 0.929199
4 0.765137 0.251404 0.0771484 0.113403 0.925781
2 0.980957 0.0651855 0.0380859 0.0887451 0.919434
8 0.0327759 0.842773 0.0655518 0.09375 0.911133
13 0.419434 0.052063 0.0419922 0.104126 0.875
6 0.678711 0.451172 0.0849609 0.0849609 0.861328
4 0.121826 0.836426 0.0981445 0.102539 0.838867
19 0.667969 0.645508 0.0996094 0.0878906 0.730957
5 0.925781 0.647461 0.0898438 0.0898438 0.613281
13 0.214355 0.973633 0.0839844 0.0527344 0.613281
0 0.982422 0.260803 0.0351562 0.0936279 0.604004
22 0.974609 0.852051 0.0507812 0.0869141 0.519531
