24 0.0551453 0.638672 0.0391235 0.0498047 0.987793
24 0.139893 0.253174 0.0415039 0.0488281 0.983887
2 0.0475464 0.789551 0.0313721 0.0400391 0.981445
1 0.534668 0.720703 0.0351562 0.0488281 0.980469
1 0.421387 0.486328 0.0361328 0.0507812 0.979492
5 0.301514 0.0908203 0.0371094 0.0383301 0.97168
5 0.28418 0.554688 0.0351562 0.0371094 0.96875
18 0.495117 0.623535 0.0458984 0.0605469 0.96875
5 0.209473 0.869141 0.0366211 0.0400391 0.964355
2 0.112549 0.791016 0.0307617 0.0400391 0.960449
2 0.473389 0.0897217 0.0332031 0.036377 0.959961
11 0.0347824 0.856934 0.0357819 0.0615234 0.95752
13 0.130371 0.157715 0.0180664 0.0585938 0.955078
7 0.481689 0.954102 0.0405273 0.0488281 0.952148
7 0.654297 0.489258 0.0429688 0.0517578 0.951172
18 0.365723 0.543457 0.0439453 0.0585938 0.951172
2 0.633789 0.0916748 0.0234375 0.036377 0.94873
0 0.274658 0.479492 0.0761719 0.0385742 0.94873
5 0.524414 0.945312 0.0351562 0.0371094 0.948242
5 0.413574 0.631836 0.0356445 0.0400391 0.947266
13 0.19397 0.774902 0.0209961 0.0732422 0.942871
0 0.0821533 0.479492 0.0585938 0.0390625 0.941895
2 0.385742 0.476074 0.0351562 0.0380859 0.937012
2 0.224487 0.789062 0.03125 0.0390625 0.93457
22 0.427979 0.710938 0.0375977 0.0390625 0.932617
18 0.436279 0.235352 0.0454102 0.0620117 0.931641
12 0.573242 0.780273 0.0380859 0.0664062 0.931641
9 0.0727692 0.552734 0.032196 0.0390625 0.931152
18 0.160156 0.783203 0.0424805 0.0546875 0.922852
12 0.188721 0.396729 0.0432129 0.0698242 0.916016
13 0.150635 0.312012 0.0197754 0.0654297 0.915039
9 0.445312 0.790527 0.0341797 0.0390625 0.915039
2 0.637207 0.947266 0.03125 0.0400391 0.915039
18 0.387207 0.313477 0.0439453 0.0585938 0.911133
2 0.178101 0.477051 0.029541 0.0351562 0.910645
2 0.296387 0.867676 0.0341797 0.0390625 0.910645
22 0.407227 0.790039 0.0351562 0.0390625 0.905762
11 0.533203 0.23938 0.0351562 0.0632324 0.904785
2 0.435303 0.946777 0.0332031 0.0380859 0.903809
2 0.0156898 0.246826 0.0311203 0.0390625 0.901367
9 0.352783 0.631836 0.0371094 0.0410156 0.896973
5 0.475098 0.869141 0.034668 0.0351562 0.89502
9 0.159912 0.168457 0.0380859 0.0395508 0.892578
1 0.30835 0.953125 0.0361328 0.0546875 0.891113
9 0.25885 0.790527 0.0360107 0.0380859 0.88623
22 0.341797 0.167236 0.0361328 0.0380859 0.881836
13 0.0666351 0.85498 0.0205383 0.0683594 0.880859
18 0.177246 0.623535 0.0415039 0.0556641 0.878418
18 0.015007 0.778809 0.029892 0.0605469 0.878418
2 0.069397 0.088623 0.0284424 0.0380859 0.877441
10 0.0333862 0.154999 0.0341797 0.0635376 0.877441
13 0.605957 0.777344 0.0214844 0.0664062 0.877441
13 0.607422 0.465576 0.0214844 0.0717773 0.876465
0 0.287598 0.0143356 0.0537109 0.0286713 0.873047
7 0.463379 0.564453 0.0869141 0.0576172 0.868164
0 0.260742 0.946777 0.0561523 0.0429688 0.868164
13 0.324219 0.620605 0.0195312 0.0644531 0.859863
21 0.29126 0.640625 0.0473633 0.0527344 0.849121
8 0.257324 0.870605 0.0356445 0.0371094 0.84082
13 0.604004 0.696777 0.0214844 0.0722656 0.833496
12 0.119385 0.314941 0.0378418 0.0673828 0.831055
22 0.35791 0.869141 0.0351562 0.0410156 0.831055
5 0.0966187 0.868164 0.039917 0.0400391 0.830078
38 0.308105 0.234497 0.0732422 0.067627 0.829102
6 0.436523 0.868164 0.0380859 0.0410156 0.81543
13 0.620117 0.991699 0.0126953 0.0166016 0.806641
2 0.20752 0.168701 0.0283203 0.0368652 0.806641
5 0.0448914 0.0142593 0.0464478 0.0285187 0.800781
6 0.358398 0.948242 0.0556641 0.0390625 0.78125
5 0.378906 0.0154572 0.0493164 0.0308838 0.777344
16 0.09375 0.165039 0.0515137 0.0419922 0.769043
24 0.181152 0.217163 0.0378418 0.0268555 0.763672
8 0.149902 0.95166 0.0368652 0.0380859 0.744629
22 0.134277 0.0132904 0.0422363 0.0265808 0.733887
8 0.36792 0.791016 0.0361328 0.0390625 0.732422
6 0.450684 0.632324 0.0371094 0.0400391 0.71875
23 0.571289 0.867188 0.0332031 0.0371094 0.70752
14 0.232422 0.621094 0.0166016 0.0605469 0.702637
22 0.520386 0.79248 0.060791 0.0361328 0.700684
22 0.0721436 0.402832 0.0371094 0.0366211 0.700684
6 0.566406 0.327148 0.0566406 0.0361328 0.697754
11 0.279541 0.391602 0.0605469 0.0615234 0.697754
6 0.612305 0.633789 0.0410156 0.0390625 0.695801
13 0.0919189 0.235718 0.034668 0.0593262 0.672363
22 0.226685 0.250488 0.0380859 0.043457 0.67041
12 0.541504 0.54834 0.0595703 0.0664062 0.67041
5 0.0762329 0.325684 0.0419922 0.0351562 0.666992
14 0.333008 0.856445 0.0175781 0.0634766 0.665527
4 0.583984 0.555664 0.0244141 0.0449219 0.662109
13 0.402832 0.54248 0.0244141 0.0673828 0.656738
16 0.396973 0.163818 0.0507812 0.0444336 0.654785
18 0.296631 0.166504 0.0527344 0.046875 0.65332
4 0.631836 0.709961 0.0292969 0.0429688 0.649414
1 0.488281 0.0244446 0.0576172 0.0488892 0.62793
2 0.0587769 0.247559 0.0286865 0.034668 0.624512
6 0.333496 0.326172 0.0566406 0.0361328 0.620605
11 0.316406 0.777344 0.0634766 0.0644531 0.605957
18 0.62793 0.865234 0.0625 0.0488281 0.596191
8 0.215576 0.478516 0.0390625 0.0390625 0.592773
1 0.139404 0.408936 0.0380859 0.0532227 0.59082
3 0.566895 0.157715 0.0537109 0.0690918 0.575684
13 0.666016 0.390137 0.03125 0.0576172 0.571777
27 0.525879 0.486084 0.0273438 0.0493164 0.567871
12 0.316406 0.70166 0.0664062 0.0673828 0.563965
1 0.396973 0.875977 0.0361328 0.0537109 0.563965
11 0.097229 0.935547 0.0635986 0.0664062 0.560059
6 0.0340881 0.0875244 0.0321655 0.0375977 0.542969
13 0.187744 0.991699 0.0219727 0.0166016 0.529297
4 0.175293 0.324219 0.0258789 0.0439453 0.513672
5 0.0104065 0.946289 0.020813 0.0371094 0.507812
24 0.676758 0.680664 0.0390625 0.03125 0.505859
5 0.493408 0.479492 0.0336914 0.0410156 0.501953
