5 0.948242 0.43335 0.0371094 0.0390625 0.981445
11 0.537109 0.972656 0.0371094 0.0546875 0.980469
2 0.760254 0.439209 0.0302734 0.0366211 0.979004
2 0.365723 0.600586 0.03125 0.0351562 0.979004
18 0.0826416 0.447754 0.0444336 0.0585938 0.977539
2 0.047821 0.69043 0.0317993 0.0371094 0.975586
2 0.810059 0.901367 0.0322266 0.0380859 0.975098
7 0.769531 0.218262 0.0449219 0.0654297 0.974609
0 0.908691 0.0432739 0.0576172 0.0391846 0.968262
22 0.397461 0.915039 0.0361328 0.0390625 0.967285
22 0.878906 0.820312 0.0380859 0.0400391 0.966797
4 0.987793 0.975098 0.0244141 0.0439453 0.96582
5 0.740234 0.667969 0.0371094 0.0390625 0.963867
5 0.958984 0.0409546 0.0371094 0.0383911 0.963379
0 0.910156 0.588379 0.0566406 0.0419922 0.959961
18 0.662598 0.814453 0.0429688 0.0595703 0.959473
9 0.693359 0.517578 0.0380859 0.0361328 0.958496
2 0.401123 0.212891 0.0307617 0.0373535 0.95752
0 0.216553 0.456543 0.0600586 0.0405273 0.95752
0 0.707031 0.905273 0.0546875 0.0371094 0.957031
18 0.601562 0.273438 0.046875 0.0625 0.955078
7 0.803711 0.364746 0.0400391 0.0517578 0.953613
38 0.539062 0.817383 0.0703125 0.0664062 0.953125
18 0.569824 0.040535 0.0429688 0.0601654 0.95166
5 0.852539 0.741211 0.0361328 0.0390625 0.950684
0 0.685547 0.982422 0.0546875 0.0351562 0.949707
1 0.204102 0.767578 0.0373535 0.0507812 0.949219
3 0.879883 0.88916 0.0595703 0.0722656 0.949219
0 0.844238 0.281494 0.0576172 0.0400391 0.948242
0 0.691895 0.0500488 0.078125 0.043457 0.947754
0 0.23999 0.142059 0.0527344 0.0361938 0.947266
5 0.813477 0.199463 0.0371094 0.0380859 0.945801
9 0.851562 0.0444946 0.0351562 0.0395508 0.944824
2 0.427734 0.598633 0.0302734 0.0351562 0.944824
5 0.498291 0.984375 0.0375977 0.03125 0.943359
1 0.755859 0.287109 0.0371094 0.0537109 0.941895
18 0.516113 0.354004 0.0429688 0.0610352 0.9375
7 0.19397 0.0724487 0.0637207 0.0546875 0.937012
2 0.484375 0.597168 0.0439453 0.0361328 0.936523
0 0.734863 0.746094 0.078125 0.0410156 0.936523
0 0.62793 0.983398 0.0546875 0.0332031 0.935059
18 0.265137 0.361816 0.0449219 0.0605469 0.93457
5 0.0687866 0.380859 0.0361328 0.0395508 0.93457
5 0.155518 0.22229 0.0371094 0.0375977 0.934082
5 0.910156 0.51062 0.0351562 0.0373535 0.933105
22 0.299805 0.837891 0.0371094 0.0429688 0.933105
18 0.912109 0.349854 0.0429688 0.0517578 0.931641
2 0.773438 0.82373 0.03125 0.0400391 0.930664
5 0.224365 0.918945 0.0361328 0.0390625 0.930664
5 0.919922 0.666504 0.0361328 0.0390625 0.929199
13 0.628906 0.507935 0.0175781 0.0583496 0.928711
0 0.679688 0.592773 0.0527344 0.0361328 0.927734
13 0.806641 0.807617 0.0195312 0.0722656 0.927734
22 0.173096 0.922852 0.0373535 0.0390625 0.927734
9 0.505859 0.286133 0.0371094 0.0400391 0.927246
13 0.0897217 0.751465 0.0239258 0.0615234 0.926758
9 0.566895 0.907227 0.0380859 0.0429688 0.926758
6 0.920898 0.743164 0.0332031 0.0371094 0.924316
18 0.961426 0.655273 0.0419922 0.0605469 0.922852
5 0.755859 0.902344 0.0351562 0.0390625 0.921875
7 0.0810699 0.151093 0.0382996 0.053772 0.919434
8 0.320312 0.759766 0.0390625 0.0390625 0.918945
9 0.96582 0.121704 0.0351562 0.0395508 0.918457
2 0.640625 0.205566 0.03125 0.0388184 0.916016
6 0.81543 0.663574 0.0371094 0.0390625 0.916016
5 0.0953979 0.689453 0.0531006 0.0371094 0.915527
5 0.976074 0.742188 0.0371094 0.0410156 0.915527
5 0.947266 0.19751 0.0351562 0.0385742 0.913086
22 0.908691 0.199219 0.0371094 0.0405273 0.912598
5 0.867188 0.123657 0.0371094 0.0368652 0.90918
4 0.257812 0.836426 0.0253906 0.0419922 0.908691
5 0.0778198 0.921387 0.0377197 0.0400391 0.908691
0 0.743164 0.359863 0.078125 0.0439453 0.908203
6 0.90918 0.432617 0.0371094 0.0410156 0.906738
18 0.19458 0.594238 0.0439453 0.0585938 0.905273
13 0.783203 0.0321655 0.0214844 0.060791 0.904785
19 0.468018 0.445801 0.0258789 0.0351562 0.904785
9 0.0893555 0.842773 0.0366211 0.0390625 0.904785
5 0.267822 0.454346 0.0351562 0.0366211 0.90332
5 0.811035 0.0431595 0.0371094 0.0374603 0.899902
0 0.804199 0.746582 0.0566406 0.0419922 0.898438
14 0.365723 0.903809 0.0214844 0.0634766 0.898438
0 0.425049 0.756836 0.0581055 0.0410156 0.897461
6 0.0471878 0.844727 0.0367279 0.0390625 0.897461
5 0.685547 0.205566 0.0585938 0.0385742 0.897461
13 0.604492 0.0369568 0.0214844 0.0671997 0.896973
5 0.654785 0.517578 0.0351562 0.0361328 0.895508
9 0.628906 0.668945 0.0371094 0.0390625 0.895508
24 0.44873 0.0657806 0.0400391 0.0549622 0.893066
2 0.382812 0.833984 0.0322266 0.0371094 0.891602
0 0.120117 0.0689087 0.0783691 0.0426025 0.890137
22 0.808105 0.121826 0.0361328 0.0390625 0.890137
0 0.495117 0.518677 0.0537109 0.0427246 0.890137
23 0.728516 0.437012 0.03125 0.0380859 0.888672
5 0.573242 0.750977 0.0351562 0.0390625 0.887207
13 0.775879 0.103256 0.0224609 0.0857239 0.884766
5 0.989258 0.0336304 0.0214844 0.043396 0.882324
24 0.371094 0.456543 0.0458984 0.0507812 0.882324
22 0.580078 0.983398 0.0390625 0.0332031 0.879883
9 0.855469 0.663086 0.0371094 0.0390625 0.878418
21 0.625 0.370361 0.0634766 0.0610352 0.875977
14 0.372803 0.204468 0.019043 0.0617676 0.873047
6 0.606445 0.129028 0.0332031 0.0378418 0.869629
8 0.26416 0.915039 0.0385742 0.0429688 0.865234
7 0.445312 0.683594 0.0654297 0.0556641 0.863281
6 0.294678 0.0612183 0.0341797 0.0360107 0.86084
14 0.783203 0.890625 0.015625 0.0585938 0.858887
10 0.887695 0.966797 0.0341797 0.0664062 0.855957
22 0.539551 0.178711 0.0292969 0.0300293 0.853027
8 0.776367 0.666992 0.0371094 0.0371094 0.850098
14 0.947266 0.730469 0.0175781 0.0644531 0.850098
2 0.351074 0.678711 0.0327148 0.0371094 0.847168
13 0.273926 0.742188 0.0234375 0.0761719 0.845703
13 0.298584 0.442139 0.0229492 0.0698242 0.844727
7 0.0357971 0.930176 0.0403442 0.0517578 0.844727
9 0.649902 0.904785 0.0351562 0.0400391 0.838867
22 0.530273 0.445068 0.0351562 0.0385742 0.837402
6 0.0400467 0.612305 0.0408783 0.0371094 0.836426
9 0.611328 0.746582 0.0351562 0.0400391 0.833496
8 0.435791 0.134796 0.0366211 0.0385132 0.831055
22 0.825195 0.51123 0.0351562 0.0380859 0.82666
14 0.144531 0.910156 0.0175781 0.0605469 0.816406
22 0.32666 0.450195 0.0351562 0.0380859 0.813965
14 0.880859 0.188232 0.0195312 0.0615234 0.809082
14 0.017746 0.676758 0.0154724 0.0625 0.806641
4 0.263184 0.0599976 0.0268555 0.0484619 0.804199
22 0.86084 0.585938 0.0361328 0.0410156 0.804199
0 0.448242 0.831543 0.0566406 0.0390625 0.800781
10 0.475098 0.741211 0.0366211 0.0654297 0.799316
4 0.136719 0.686523 0.0253906 0.0410156 0.79834
7 0.751465 0.0537186 0.0390625 0.0514984 0.791992
6 0.851074 0.200928 0.0361328 0.0375977 0.791992
13 0.648438 0.347656 0.0195312 0.0654297 0.78418
2 0.618164 0.90625 0.0292969 0.0400391 0.78418
19 0.888184 0.743164 0.0283203 0.0371094 0.782715
6 0.0415955 0.224365 0.0328979 0.0368652 0.779785
13 0.734375 0.506348 0.0234375 0.0722656 0.773438
4 0.628906 0.0469894 0.0273438 0.0431061 0.770508
2 0.725586 0.82373 0.0566406 0.0400391 0.770508
13 0.963867 0.264709 0.0371094 0.0662842 0.769043
2 0.0168762 0.0588684 0.0335083 0.0667114 0.767578
2 0.399902 0.137451 0.0332031 0.0368652 0.760742
13 0.0462646 0.446289 0.0216064 0.0634766 0.749023
5 0.919922 0.121704 0.0527344 0.0397949 0.730957
6 0.468262 0.910156 0.0351562 0.0390625 0.726562
12 0.922852 0.266663 0.0390625 0.0701904 0.723145
6 0.116028 0.923828 0.0367432 0.0400391 0.720215
9 0.950195 0.509277 0.0371094 0.0380859 0.716797
6 0.235596 0.761719 0.0205078 0.0371094 0.712402
7 0.489014 0.0621338 0.0395508 0.0524902 0.70752
13 0.541016 0.658203 0.0234375 0.0625 0.705566
9 0.442627 0.983398 0.0375977 0.0332031 0.700684
4 0.161377 0.761719 0.0253906 0.0429688 0.699219
10 0.347168 0.826172 0.0527344 0.0644531 0.699219
7 0.393799 0.98584 0.0595703 0.0283203 0.699219
2 0.541992 0.130615 0.0292969 0.0366211 0.697754
9 0.677246 0.36084 0.0351562 0.0419922 0.695801
14 0.839355 0.110657 0.0175781 0.0592041 0.692871
23 0.832031 0.982422 0.0351562 0.0351562 0.692871
5 0.136475 0.287598 0.0400391 0.0625 0.690918
24 0.574219 0.450439 0.0449219 0.0522461 0.682617
7 0.400879 0.301758 0.0400391 0.0546875 0.680664
14 0.0995483 0.368652 0.0183105 0.0634766 0.679199
22 0.480225 0.210693 0.0356445 0.0390625 0.673828
6 0.529297 0.90918 0.0332031 0.0410156 0.67041
23 0.289551 0.987305 0.0332031 0.0253906 0.658203
13 0.298828 0.364502 0.0214844 0.0673828 0.656738
21 0.577148 0.680664 0.0605469 0.0703125 0.647949
6 0.955078 0.978027 0.03125 0.0361328 0.638672
6 0.461182 0.368896 0.0556641 0.0385742 0.631836
23 0.762695 0.51416 0.0292969 0.0361328 0.624512
5 0.621094 0.58252 0.0429688 0.0585938 0.605957
2 0.00940704 0.76709 0.0187225 0.0439453 0.600098
2 0.924316 0.976562 0.0302734 0.0371094 0.600098
5 0.237671 0.60498 0.0388184 0.0400391 0.596191
23 0.573242 0.129272 0.0302734 0.0383301 0.592773
7 0.0569458 0.774902 0.0378418 0.0507812 0.586914
13 0.122559 0.36377 0.0205078 0.0786133 0.584961
21 0.810059 0.441406 0.0458984 0.0576172 0.583008
5 0.0941162 0.992188 0.0400391 0.015625 0.583008
8 0.0129242 0.847656 0.0258484 0.0371094 0.581543
14 0.84668 0.80957 0.0234375 0.0664062 0.577637
6 0.263672 0.761719 0.0380859 0.0371094 0.575684
13 0.735352 0.96875 0.0351562 0.0625 0.575684
24 0.151611 0.577148 0.0356445 0.0253906 0.571777
9 0.984375 0.347412 0.03125 0.0395508 0.563965
10 0.520508 0.739746 0.0332031 0.0654297 0.544922
18 0.664062 0.282715 0.0537109 0.0439453 0.541016
5 0.989258 0.742188 0.0175781 0.0410156 0.525391
18 0.124878 0.750977 0.0439453 0.0664062 0.519531
2 0.440186 0.291748 0.0297852 0.0361328 0.509766
