2 0.641602 0.564453 0.0302734 0.0429688 0.986816
2 0.850586 0.141724 0.0302734 0.0437012 0.978516
5 0.441406 0.898438 0.0390625 0.0449219 0.977539
2 0.833008 0.393555 0.0292969 0.0463867 0.974609
5 0.322754 0.901367 0.0297852 0.0390625 0.965332
7 0.558105 0.828125 0.0380859 0.0527344 0.963379
5 0.717773 0.483154 0.0361328 0.0395508 0.962891
0 0.496094 0.821289 0.0820312 0.0449219 0.961426
21 0.147217 0.833984 0.0390625 0.0683594 0.961426
5 0.303711 0.0701904 0.0390625 0.0445557 0.958984
2 0.109802 0.411133 0.0294189 0.0439453 0.958984
0 0.123169 0.907715 0.0661621 0.0439453 0.95752
11 0.803711 0.970215 0.0361328 0.0595703 0.957031
6 0.571289 0.234375 0.0380859 0.0439453 0.950684
0 0.804688 0.144043 0.0605469 0.043457 0.94873
4 0.356445 0.896484 0.0341797 0.0527344 0.945801
0 0.911133 0.0473633 0.0664062 0.0637207 0.944824
0 0.812012 0.477051 0.0644531 0.0458984 0.942871
7 0.281738 0.749023 0.0400391 0.0585938 0.942383
5 0.224365 0.983398 0.0361328 0.0332031 0.941895
2 0.40625 0.655273 0.0332031 0.0449219 0.938965
4 0.711426 0.225098 0.0341797 0.0512695 0.938477
7 0.0147705 0.920898 0.029541 0.0605469 0.937988
6 0.263611 0.407227 0.0391846 0.0410156 0.937012
9 0.655762 0.895508 0.0371094 0.0449219 0.936523
9 0.525391 0.483154 0.0380859 0.0444336 0.936035
5 0.108032 0.828125 0.0380859 0.0410156 0.935547
2 0.271484 0.822266 0.0302734 0.0429688 0.934082
0 0.648926 0.979492 0.0830078 0.0410156 0.927734
10 0.154297 0.398193 0.0390625 0.0678711 0.926758
5 0.115112 0.241943 0.0349121 0.043457 0.924805
18 0.219971 0.572266 0.0395508 0.0546875 0.924805
4 0.932617 0.806641 0.0341797 0.0507812 0.923828
1 0.420898 0.0768433 0.0390625 0.0638428 0.920898
8 0.38916 0.822266 0.0419922 0.0410156 0.920898
22 0.348389 0.822266 0.034668 0.0390625 0.919434
0 0.22876 0.825195 0.0571289 0.0410156 0.916016
0 0.349609 0.151611 0.0615234 0.0458984 0.911621
22 0.615723 0.899414 0.0351562 0.0449219 0.911621
5 0.132324 0.984863 0.034668 0.0302734 0.910645
5 0.185303 0.828125 0.0297852 0.0361328 0.908691
5 0.858398 0.0569458 0.0390625 0.0428467 0.907227
13 0.874023 0.964355 0.0205078 0.0712891 0.900391
5 0.751953 0.978516 0.0410156 0.0429688 0.899902
5 0.0349731 0.412354 0.0582275 0.0444336 0.897461
4 0.404053 0.564453 0.0336914 0.0576172 0.897461
8 0.887207 0.143433 0.0429688 0.0461426 0.896973
5 0.168213 0.322754 0.0410156 0.0439453 0.896484
5 0.887207 0.394043 0.0371094 0.0458984 0.896484
5 0.536621 0.317139 0.0361328 0.0424805 0.895508
9 0.321533 0.320801 0.0361328 0.0424805 0.89502
2 0.718262 0.893555 0.0527344 0.0478516 0.891602
12 0.711914 0.969238 0.0371094 0.0615234 0.891602
24 0.151855 0.251221 0.0419922 0.0600586 0.889648
4 0.867676 0.22168 0.0322266 0.0532227 0.88623
4 0.753906 0.641602 0.0302734 0.0507812 0.884277
13 0.824219 0.039978 0.0273438 0.0799561 0.883301
14 0.688477 0.470703 0.0195312 0.0634766 0.879883
7 0.883789 0.486816 0.0527344 0.0605469 0.878906
6 0.498047 0.981445 0.0371094 0.0371094 0.878906
0 0.451416 0.981445 0.0571289 0.0371094 0.878418
9 0.793945 0.729492 0.0371094 0.0429688 0.874023
21 0.515625 0.912109 0.0400391 0.0585938 0.871582
13 0.780762 0.550781 0.0273438 0.0664062 0.870605
22 0.843262 0.979004 0.0351562 0.0419922 0.869629
8 0.308105 0.822754 0.0429688 0.0439453 0.867188
18 0.746582 0.559082 0.0380859 0.0498047 0.862305
7 0.0731049 0.166504 0.0447083 0.0620117 0.86084
0 0.0517654 0.485596 0.0604095 0.0610352 0.859863
6 0.658203 0.485596 0.0371094 0.043457 0.85791
21 0.0855713 0.339844 0.0385742 0.0581055 0.850098
18 0.441162 0.651367 0.0380859 0.0507812 0.850098
0 0.0697174 0.984375 0.0761414 0.03125 0.849121
6 0.247803 0.908203 0.0375977 0.0419922 0.844727
9 0.927246 0.644043 0.0380859 0.0458984 0.842773
6 0.615723 0.401367 0.0390625 0.0419922 0.84082
0 0.348633 0.561035 0.0830078 0.0654297 0.839844
8 0.0544128 0.830078 0.0449829 0.0429688 0.838867
13 0.0863037 0.232544 0.0200195 0.0593262 0.838867
18 0.84668 0.724609 0.0400391 0.0488281 0.837402
8 0.30249 0.408203 0.0356445 0.0419922 0.825684
2 0.158569 0.663086 0.0305176 0.0410156 0.825684
5 0.532227 0.149414 0.0322266 0.0400391 0.824219
23 0.190674 0.662109 0.0336914 0.0419922 0.818848
7 0.575195 0.0761719 0.0371094 0.0594482 0.817383
13 0.79248 0.883789 0.0253906 0.0664062 0.817383
2 0.630859 0.138702 0.0351562 0.0639038 0.816406
5 0.20874 0.905273 0.0388184 0.0458984 0.81543
8 0.83252 0.229492 0.0390625 0.0410156 0.813965
8 0.751953 0.81543 0.0429688 0.0429688 0.813965
5 0.620117 0.480957 0.0400391 0.0488281 0.810547
23 0.233398 0.743164 0.0361328 0.0449219 0.810547
4 0.396973 0.147339 0.0302734 0.0510254 0.808105
22 0.856934 0.644531 0.0361328 0.0449219 0.805664
14 0.525879 0.970703 0.0175781 0.0585938 0.805664
23 0.797363 0.30957 0.0361328 0.046875 0.803223
2 0.664062 0.313721 0.0292969 0.0493164 0.801758
22 0.0443192 0.662109 0.0336761 0.0429688 0.786621
6 0.32373 0.739258 0.0400391 0.0410156 0.786621
6 0.185913 0.0733032 0.0393066 0.041626 0.778809
14 0.0860596 0.402344 0.0234375 0.0605469 0.778809
2 0.820312 0.560547 0.0546875 0.0449219 0.774414
2 0.760742 0.397217 0.0253906 0.0424805 0.771973
23 0.554688 0.737305 0.0605469 0.0439453 0.771973
23 0.456543 0.48584 0.0292969 0.0419922 0.769043
5 0.796875 0.646484 0.0507812 0.0429688 0.753418
22 0.487305 0.48584 0.0322266 0.0390625 0.744629
23 0.0134201 0.665039 0.0265045 0.0429688 0.743164
6 0.751953 0.727539 0.0439453 0.0449219 0.73877
19 0.107788 0.744141 0.0296631 0.0449219 0.728027
7 0.414551 0.48584 0.0546875 0.046875 0.723145
6 0.414062 0.320068 0.0400391 0.0415039 0.72168
23 0.383545 0.982422 0.0390625 0.0332031 0.720215
22 0.702148 0.148193 0.0341797 0.0424805 0.713867
6 0.101929 0.580078 0.0457764 0.0439453 0.710449
4 0.820312 0.888672 0.0332031 0.0546875 0.710449
21 0.224854 0.0861206 0.0390625 0.0582275 0.70752
8 0.673828 0.230713 0.0419922 0.0419922 0.705566
4 0.575195 0.306885 0.0410156 0.0668945 0.695801
23 0.931641 0.890625 0.0361328 0.046875 0.692871
2 0.234375 0.154297 0.0322266 0.0483398 0.6875
4 0.884766 0.306152 0.0292969 0.0478516 0.684082
18 0.2771 0.317383 0.0517578 0.0507812 0.658203
18 0.465332 0.0583496 0.0419922 0.0671387 0.642578
5 0.6875 0.566406 0.0546875 0.0429688 0.640625
5 0.913574 0.225098 0.0546875 0.046875 0.635254
18 0.929199 0.136108 0.0341797 0.0571289 0.624512
21 0.177734 0.168213 0.0771484 0.0629883 0.624512
2 0.516602 0.230469 0.0673828 0.0488281 0.622559
23 0.500977 0.401855 0.0371094 0.0424805 0.611328
4 0.012619 0.746094 0.0244141 0.046875 0.611328
22 0.709961 0.81543 0.0351562 0.0429688 0.611328
4 0.727051 0.0580444 0.0341797 0.0527344 0.607422
24 0.246582 0.246948 0.0625 0.0563965 0.600098
2 0.170898 0.409668 0.03125 0.0410156 0.600098
0 0.28125 0.98291 0.0712891 0.0341797 0.598145
4 0.145264 0.48999 0.0341797 0.0493164 0.594727
38 0.637695 0.637695 0.0527344 0.0634766 0.581543
5 0.84668 0.802734 0.0537109 0.0605469 0.577637
13 0.573242 0.390625 0.0390625 0.0654297 0.575684
7 0.0219421 0.578125 0.0436401 0.046875 0.567871
12 0.0213051 0.266602 0.0300217 0.0883789 0.565918
18 0.761719 0.891602 0.0332031 0.0488281 0.554688
6 0.623047 0.232422 0.0585938 0.0415039 0.552734
6 0.537109 0.0683746 0.0390625 0.0431824 0.542969
5 0.564941 0.979492 0.0595703 0.0410156 0.533203
8 0.265076 0.0734711 0.0391846 0.0432434 0.525391
4 0.757812 0.47583 0.0449219 0.0483398 0.525391
21 0.042717 0.017334 0.0417633 0.034668 0.523438
6 0.56543 0.893555 0.0605469 0.0566406 0.523438
22 0.566406 0.568359 0.0332031 0.0390625 0.519531
6 0.382812 0.233276 0.0576172 0.048584 0.513672
46 0.289062 0.156982 0.0585938 0.0419922 0.511719
2 0.599609 0.662109 0.0234375 0.0224609 0.511719
10 0.514648 0.0569458 0.03125 0.0667725 0.507812
0 0.87793 0.558594 0.0585938 0.0449219 0.501953
