1 0.382812 0.905273 0.09375 0.142578 0.996582
18 0.635742 0.866699 0.0927734 0.126953 0.990234
18 0.919922 0.665039 0.107422 0.141602 0.983398
14 0.273193 0.859375 0.0859375 0.140625 0.983398
18 0.865234 0.279358 0.0976562 0.127808 0.981934
13 0.83252 0.666992 0.046875 0.142578 0.981445
7 0.76123 0.906738 0.108398 0.142578 0.97998
8 0.791992 0.48999 0.101562 0.0952148 0.979004
6 0.51123 0.884766 0.147461 0.0996094 0.976562
2 0.619629 0.303223 0.0722656 0.0976562 0.976074
22 0.921875 0.885742 0.0859375 0.0927734 0.968262
23 0.397705 0.294922 0.0703125 0.0927734 0.966309
8 0.543823 0.6875 0.0998535 0.0976562 0.966309
23 0.304932 0.692383 0.0722656 0.106445 0.96582
5 0.0758057 0.883301 0.0894775 0.0966797 0.95752
13 0.943359 0.275879 0.0507812 0.14502 0.946777
4 0.174683 0.868164 0.107666 0.126953 0.927246
23 0.330322 0.295898 0.0708008 0.0932617 0.913086
6 0.0481567 0.687988 0.0955811 0.0927734 0.86084
22 0.89209 0.492188 0.0878906 0.0859375 0.782715
16 0.979492 0.491943 0.0410156 0.0883789 0.712402
6 0.552734 0.295654 0.0585938 0.0952148 0.663574
19 0.987305 0.288086 0.0253906 0.100586 0.607422
4 0.014679 0.861328 0.0293274 0.148438 0.605957
27 0.849609 0.882812 0.0527344 0.0996094 0.598145
