24 0.541504 0.415283 0.0439453 0.0454102 0.99707
0 0.359863 0.0928345 0.0581055 0.0384521 0.978516
5 0.184326 0.253662 0.0375977 0.0395508 0.978027
5 0.855469 0.0149841 0.0371094 0.0299683 0.976074
5 0.325684 0.0189209 0.0332031 0.0377808 0.973145
2 0.613281 0.792969 0.03125 0.0371094 0.973145
2 0.209351 0.334961 0.0327148 0.0390625 0.97168
11 0.817383 0.471436 0.0351562 0.0581055 0.970703
5 0.777344 0.560059 0.0361328 0.0380859 0.970215
2 0.491211 0.0163269 0.03125 0.0326538 0.969727
2 0.370117 0.560547 0.0292969 0.0371094 0.967285
5 0.706543 0.868164 0.0351562 0.0380859 0.966797
11 0.746094 0.473389 0.0351562 0.0649414 0.965332
2 0.518555 0.950684 0.03125 0.0361328 0.963379
7 0.902832 0.95459 0.0400391 0.0537109 0.958984
0 0.874023 0.637695 0.0537109 0.0351562 0.958496
29 0.90332 0.557617 0.0585938 0.0771484 0.95752
2 0.662598 0.635742 0.0283203 0.0371094 0.95752
6 0.38623 0.714844 0.0371094 0.0390625 0.955566
2 0.296143 0.333496 0.0307617 0.0419922 0.954102
18 0.42334 0.474609 0.0410156 0.0556641 0.954102
14 0.492188 0.9375 0.0175781 0.0605469 0.954102
0 0.246338 0.79541 0.0678711 0.0390625 0.953125
2 0.0883789 0.640625 0.0297852 0.0351562 0.952637
1 0.617188 0.876953 0.0351562 0.0527344 0.95166
5 0.704102 0.251221 0.0351562 0.0405273 0.951172
0 0.849609 0.328125 0.0566406 0.0390625 0.950684
5 0.953125 0.561035 0.0351562 0.0371094 0.949707
5 0.91748 0.481445 0.0341797 0.0361328 0.948242
0 0.792969 0.406006 0.0527344 0.0371094 0.947754
2 0.0722046 0.951172 0.0299072 0.0371094 0.947266
5 0.409668 0.0957031 0.0341797 0.0366211 0.946777
7 0.0709839 0.260803 0.0411377 0.0545654 0.946777
2 0.84375 0.560547 0.0371094 0.0371094 0.946777
0 0.853027 0.944336 0.0537109 0.0380859 0.946777
2 0.819336 0.638672 0.0292969 0.0351562 0.946289
2 0.128052 0.256104 0.0283203 0.0375977 0.945312
9 0.616211 0.636719 0.0371094 0.0351562 0.945312
5 0.962891 0.867188 0.0371094 0.0371094 0.944824
5 0.312012 0.714844 0.0371094 0.0390625 0.944336
5 0.135223 0.176514 0.0357056 0.0385742 0.943848
9 0.323242 0.561523 0.0380859 0.0371094 0.943848
1 0.501099 0.879395 0.0368652 0.0537109 0.942383
9 0.939453 0.17041 0.0371094 0.0395508 0.941895
13 0.0630035 0.396973 0.0241394 0.0683594 0.941895
46 0.772461 0.710449 0.0742188 0.0458984 0.941895
22 0.459961 0.872559 0.0341797 0.0371094 0.940918
9 0.506348 0.0926514 0.0361328 0.0380859 0.937988
1 0.79248 0.257812 0.0332031 0.0522461 0.936523
9 0.334961 0.487793 0.0366211 0.0390625 0.936523
0 0.223145 0.0204926 0.081543 0.0406189 0.935547
5 0.413086 0.950195 0.0361328 0.0371094 0.935059
22 0.387451 0.872559 0.0356445 0.0371094 0.933594
5 0.483887 0.174072 0.0361328 0.0395508 0.932617
4 0.62207 0.0922852 0.0253906 0.0410156 0.932129
2 0.704102 0.948242 0.0332031 0.0390625 0.930664
2 0.168945 0.873047 0.0283203 0.0371094 0.929199
8 0.3125 0.79541 0.0371094 0.0361328 0.928711
22 0.346924 0.175049 0.0375977 0.0424805 0.927734
0 0.579102 0.0935059 0.0517578 0.0356445 0.927246
19 0.952148 0.482666 0.0292969 0.0366211 0.92627
13 0.801758 0.855469 0.0195312 0.0654297 0.918945
22 0.353516 0.794922 0.0361328 0.0371094 0.918457
2 0.165771 0.333984 0.0322266 0.0366211 0.91748
10 0.389404 0.938477 0.0336914 0.0585938 0.91748
2 0.939941 0.248413 0.03125 0.0368652 0.916504
0 0.978516 0.247803 0.0429688 0.0385742 0.909668
5 0.25708 0.0979004 0.034668 0.0379639 0.907227
2 0.879883 0.867188 0.0273438 0.0390625 0.907227
8 0.946289 0.946777 0.0371094 0.0400391 0.905762
2 0.645508 0.561035 0.0283203 0.0361328 0.905273
11 0.570801 0.237183 0.0634766 0.0627441 0.901367
18 0.569824 0.945312 0.0507812 0.046875 0.901367
5 0.233643 0.486328 0.0351562 0.0371094 0.900391
2 0.393799 0.412598 0.0292969 0.0351562 0.899902
13 0.947754 0.773438 0.0205078 0.0732422 0.898438
8 0.0693359 0.798828 0.0375977 0.0410156 0.897461
7 0.152832 0.960938 0.0397949 0.0507812 0.897461
2 0.0711517 0.870117 0.0317688 0.0390625 0.895508
9 0.152588 0.0206909 0.0375977 0.0395508 0.893066
2 0.435791 0.330078 0.0288086 0.0380859 0.888672
22 0.860352 0.788086 0.0371094 0.0390625 0.888672
22 0.538086 0.32959 0.0351562 0.0390625 0.888184
0 0.908203 0.787109 0.0546875 0.0439453 0.883301
0 0.0809937 0.0983887 0.0552979 0.0375977 0.882324
8 0.204346 0.873047 0.036377 0.0371094 0.880859
13 0.905273 0.393066 0.0253906 0.0634766 0.878418
13 0.811523 0.77832 0.0332031 0.0605469 0.878418
0 0.584961 0.318848 0.0527344 0.0605469 0.875977
11 0.625977 0.9375 0.0566406 0.0605469 0.865234
9 0.661133 0.869141 0.0351562 0.0371094 0.864258
10 0.488037 0.325684 0.0356445 0.0727539 0.863281
14 0.430176 0.859863 0.0175781 0.0595703 0.856934
12 0.451172 0.552246 0.0634766 0.0615234 0.854004
9 0.744141 0.248657 0.0429688 0.0407715 0.852051
24 0.71582 0.798828 0.0371094 0.0507812 0.84375
6 0.899414 0.170898 0.0351562 0.0373535 0.842773
8 0.898926 0.251465 0.0371094 0.0400391 0.834473
6 0.194946 0.953125 0.0356445 0.0332031 0.829102
24 0.681641 0.567383 0.0371094 0.046875 0.819824
2 0.110107 0.793457 0.0327148 0.0361328 0.819824
22 0.740234 0.329834 0.0351562 0.0419922 0.817383
1 0.525391 0.0254974 0.0351562 0.0509338 0.81543
8 0.327637 0.63916 0.0380859 0.0361328 0.81543
4 0.365234 0.0174255 0.0361328 0.0348511 0.813965
11 0.532227 0.160645 0.0556641 0.0620117 0.813965
11 0.771484 0.857422 0.0351562 0.0566406 0.812988
2 0.847656 0.0870361 0.0478516 0.0407715 0.808105
9 0.792969 0.0915527 0.0400391 0.0395508 0.804199
0 0.853027 0.404785 0.0458984 0.0351562 0.801758
13 0.470947 0.0878906 0.0317383 0.0620117 0.796875
5 0.52002 0.48877 0.0332031 0.0361328 0.788086
13 0.758789 0.624023 0.0195312 0.0644531 0.779785
4 0.282227 0.946777 0.0214844 0.0449219 0.774414
8 0.0722809 0.720703 0.0387878 0.0390625 0.773438
2 0.0889893 0.485596 0.0302734 0.0415039 0.769043
13 0.777832 0.472412 0.0224609 0.0668945 0.766113
18 0.217651 0.162964 0.0429688 0.0627441 0.757812
2 0.343994 0.950195 0.0317383 0.0351562 0.756348
8 0.110779 0.0220795 0.0386963 0.0393372 0.744629
3 0.913086 0.0809174 0.0605469 0.0708313 0.73584
14 0.793945 0.625977 0.015625 0.0585938 0.732422
22 0.15686 0.10083 0.0344238 0.036377 0.729492
10 0.376953 0.244507 0.0322266 0.067627 0.726562
4 0.674805 0.249268 0.0244141 0.0444336 0.716797
13 0.615234 0.4021 0.0253906 0.081543 0.715332
12 0.172607 0.787109 0.0656738 0.0654297 0.705566
22 0.949219 0.404785 0.0605469 0.0371094 0.700684
7 0.428711 0.416504 0.0380859 0.0537109 0.682617
13 0.144653 0.546387 0.0217285 0.0791016 0.673828
6 0.550781 0.87207 0.0546875 0.0371094 0.673828
6 0.850586 0.170898 0.0527344 0.0366211 0.67041
2 0.342773 0.416992 0.0644531 0.0419922 0.668945
6 0.571289 0.0173035 0.0546875 0.0346069 0.662109
24 0.171631 0.378906 0.0273438 0.0234375 0.662109
13 0.830078 0.392578 0.0175781 0.059082 0.662109
13 0.848633 0.989258 0.0253906 0.0214844 0.660156
24 0.253479 0.552246 0.0526123 0.0634766 0.658203
14 0.163574 0.164795 0.0166016 0.0605469 0.656738
8 0.892578 0.0154114 0.0371094 0.0308228 0.654785
2 0.169067 0.628906 0.0407715 0.0625 0.649414
7 0.330322 0.875 0.0673828 0.0703125 0.645996
4 0.295166 0.0201874 0.0258789 0.0403748 0.637207
13 0.688965 0.779297 0.0195312 0.0634766 0.637207
2 0.390625 0.793945 0.0263672 0.0351562 0.637207
22 0.287109 0.254395 0.0581055 0.0361328 0.633301
19 0.670898 0.17334 0.0253906 0.0380859 0.631836
12 0.585938 0.557617 0.0595703 0.0712891 0.631836
23 0.670898 0.947266 0.0302734 0.0390625 0.629883
13 0.861328 0.237305 0.0253906 0.0644531 0.62793
6 0.436035 0.795898 0.046875 0.0371094 0.62793
10 0.891113 0.468262 0.0322266 0.0585938 0.625977
22 0.634766 0.171875 0.0371094 0.0380859 0.624512
0 0.98584 0.564453 0.0283203 0.0410156 0.624512
2 0.921875 0.635742 0.03125 0.0371094 0.620605
8 0.556152 0.48877 0.0361328 0.0390625 0.618652
8 0.338135 0.253967 0.0371094 0.0389404 0.615234
2 0.984375 0.469482 0.03125 0.0600586 0.609375
8 0.810059 0.560547 0.0292969 0.0371094 0.607422
3 0.793945 0.162354 0.0546875 0.0678711 0.604004
2 0.929199 0.015686 0.0302734 0.0313721 0.602051
13 0.461426 0.0191193 0.0180664 0.0382385 0.600098
13 0.570312 0.858398 0.0214844 0.0625 0.577637
0 0.652832 0.0161133 0.0800781 0.0322266 0.571777
11 0.982422 0.780273 0.0351562 0.0683594 0.567871
13 0.991211 0.0782471 0.0175781 0.0649414 0.562012
2 0.383789 0.55957 0.0498047 0.0410156 0.548828
14 0.268311 0.322754 0.0214844 0.0673828 0.539062
13 0.983887 0.156982 0.0322266 0.0625 0.537109
13 0.461426 0.473389 0.0292969 0.0600586 0.533203
13 0.990723 0.0562439 0.0175781 0.020813 0.505859
2 0.324219 0.416748 0.0302734 0.0390625 0.505859
