11 0.901367 0.0409241 0.0820312 0.0818481 0.991699
18 0.154907 0.820312 0.0908203 0.123047 0.98877
8 0.914062 0.429199 0.0878906 0.0927734 0.987305
18 0.529297 0.804688 0.105469 0.138672 0.987305
18 0.562012 0.60791 0.106445 0.141602 0.984375
7 0.65918 0.0662231 0.0976562 0.132446 0.983887
23 0.366211 0.832031 0.0693359 0.0859375 0.983887
2 0.65918 0.626953 0.0683594 0.0898438 0.98291
19 0.295166 0.834961 0.0644531 0.0917969 0.981445
2 0.442871 0.833984 0.0693359 0.0859375 0.980957
8 0.957031 0.234253 0.0859375 0.0925293 0.977539
2 0.863281 0.233521 0.0673828 0.0900879 0.977051
5 0.973633 0.0394897 0.0527344 0.0789795 0.97168
2 0.330322 0.632812 0.0751953 0.0917969 0.970703
7 0.771484 0.261719 0.0917969 0.12793 0.968262
2 0.90918 0.986328 0.0683594 0.0273438 0.966309
5 0.46167 0.0442505 0.0854492 0.088501 0.961426
22 0.813477 0.039978 0.078125 0.0799561 0.95459
5 0.974121 0.974609 0.0517578 0.0507812 0.928223
2 0.0114899 0.446045 0.0228577 0.0932617 0.917969
6 0.0533752 0.842285 0.106384 0.09375 0.915039
2 0.98291 0.424316 0.0341797 0.0927734 0.891602
2 0.625 0.827637 0.0703125 0.0908203 0.868164
4 0.152954 0.240234 0.0976562 0.102539 0.858887
8 0.827148 0.986328 0.0820312 0.0273438 0.844727
10 0.451904 0.607422 0.0917969 0.144531 0.831055
10 0.0948486 0.416504 0.092041 0.139648 0.825684
2 0.388428 0.049469 0.0356445 0.039978 0.809082
8 0.439697 0.214966 0.0932617 0.136475 0.79834
8 0.283752 0.992188 0.0955811 0.015625 0.763672
10 0.400391 0.410645 0.0966797 0.142578 0.756348
27 0.329102 0.0455322 0.0546875 0.0900879 0.747559
13 0.740234 0.963379 0.0898438 0.0732422 0.665527
19 0.742188 0.0411987 0.0664062 0.0823975 0.656738
11 0.0298462 0.666016 0.0595703 0.133789 0.656738
2 0.389648 0.992676 0.0585938 0.0146484 0.577637
6 0.227905 0.045166 0.138428 0.090332 0.527344
