19 0.461914 0.901367 0.0605469 0.0878906 0.984375
9 0.0872955 0.29248 0.0888367 0.0986328 0.983398
7 0.775879 0.930664 0.117188 0.134766 0.983398
5 0.0352173 0.700195 0.0703125 0.0908203 0.981934
9 0.221069 0.896484 0.0871582 0.0957031 0.980957
4 0.878906 0.112045 0.0654297 0.109894 0.979492
4 0.318848 0.097229 0.0742188 0.105591 0.979004
2 0.899414 0.515137 0.0703125 0.0927734 0.978027
6 0.0198059 0.297852 0.0396118 0.0898438 0.975586
5 0.749023 0.712891 0.0859375 0.09375 0.972656
5 0.928711 0.320312 0.0820312 0.0947266 0.972168
6 0.798828 0.11731 0.0898438 0.0871582 0.966797
0 0.357666 0.905273 0.132812 0.0859375 0.966309
2 0.941406 0.12146 0.0585938 0.0871582 0.964355
13 0.625488 0.882812 0.0410156 0.140625 0.958984
0 0.861328 0.716797 0.125 0.0869141 0.95459
12 0.54834 0.880859 0.104492 0.132812 0.953613
8 0.758789 0.315918 0.0498047 0.0908203 0.938965
14 0.98584 0.889648 0.0283203 0.125 0.938965
14 0.674805 0.88623 0.046875 0.129883 0.916016
18 0.983398 0.701172 0.0332031 0.121094 0.890137
11 0.0908203 0.474854 0.147461 0.141113 0.878418
18 0.907227 0.896973 0.123047 0.117188 0.873047
4 0.217285 0.695801 0.100098 0.104492 0.836426
6 0.490234 0.511719 0.0859375 0.0908203 0.831055
11 0.0266571 0.0726318 0.0533142 0.142822 0.830078
18 0.107788 0.890625 0.131348 0.119141 0.822266
13 0.01828 0.873047 0.0365601 0.138672 0.726562
4 0.567383 0.303223 0.0957031 0.102539 0.679199
4 0.832031 0.30957 0.0878906 0.103516 0.679199
0 0.985352 0.324951 0.0292969 0.0893555 0.611328
4 0.418457 0.105576 0.100098 0.100861 0.607422
