0 0.810059 0.728516 0.146484 0.105469 0.987305
18 0.943359 0.112366 0.09375 0.127319 0.986816
7 0.873047 0.9375 0.111328 0.125 0.986328
6 0.853516 0.524536 0.0976562 0.095459 0.971191
7 0.834961 0.353027 0.0996094 0.134766 0.966797
23 0.503906 0.131592 0.0742188 0.0908203 0.966309
13 0.594238 0.299866 0.0449219 0.143433 0.96582
6 0.95166 0.526855 0.0898438 0.0957031 0.962891
5 0.754883 0.931152 0.0976562 0.0957031 0.95752
7 0.75 0.55127 0.0976562 0.135742 0.956543
2 0.577637 0.124084 0.0712891 0.0987549 0.955566
7 0.691406 0.347168 0.154297 0.139648 0.935059
6 0.812988 0.134552 0.149414 0.0980835 0.921875
14 0.632324 0.897461 0.0478516 0.140625 0.909668
10 0.931641 0.699219 0.0908203 0.142578 0.880859
5 0.55957 0.92627 0.100586 0.100586 0.757812
2 0.982422 0.328125 0.0351562 0.0966797 0.744629
10 0.509766 0.900879 0.0849609 0.148438 0.665527
14 0.954102 0.304932 0.0859375 0.140625 0.586914
