7 0.387207 0.67627 0.0400391 0.0605469 0.983887
5 0.807617 0.835938 0.0361328 0.046875 0.980469
2 0.915527 0.838867 0.0322266 0.046875 0.972656
22 0.874512 0.669922 0.0341797 0.0410156 0.967773
0 0.42627 0.496582 0.0585938 0.0439453 0.964844
6 0.63623 0.666992 0.0410156 0.0429688 0.964355
0 0.908691 0.754883 0.0615234 0.0488281 0.962891
24 0.5 0.928711 0.0380859 0.0664062 0.962891
12 0.87793 0.839355 0.0361328 0.0810547 0.961914
2 0.424805 0.989258 0.0351562 0.0214844 0.957031
5 0.616211 0.751953 0.0410156 0.0439453 0.955566
2 0.734375 0.837891 0.0332031 0.0449219 0.955078
13 0.418945 0.654297 0.0224609 0.0703125 0.953613
5 0.450439 0.750977 0.0380859 0.046875 0.951172
5 0.660645 0.837891 0.0371094 0.0429688 0.949707
0 0.621582 0.580078 0.0585938 0.0527344 0.949219
10 0.539062 0.65625 0.0361328 0.0673828 0.947266
7 0.763672 0.508911 0.0410156 0.0622559 0.946777
22 0.490723 0.66748 0.0371094 0.0439453 0.946777
5 0.433594 0.833984 0.0400391 0.046875 0.946777
2 0.640137 0.921875 0.0498047 0.0400391 0.944824
14 0.630859 0.825195 0.0195312 0.0664062 0.941406
0 0.689453 0.498291 0.0644531 0.0483398 0.939941
0 0.563477 0.920898 0.0625 0.0429688 0.937012
0 0.823242 0.67041 0.0625 0.0488281 0.935059
5 0.895508 0.499023 0.0390625 0.0449219 0.932617
2 0.416992 0.40918 0.0322266 0.0527344 0.931152
0 0.785156 0.583984 0.0625 0.046875 0.931152
6 0.406738 0.750977 0.0429688 0.0429688 0.930664
13 0.603516 0.909668 0.0195312 0.0644531 0.925293
22 0.500977 0.412842 0.0351562 0.0463867 0.92041
0 0.947266 0.584961 0.0605469 0.046875 0.919434
19 0.603516 0.836426 0.0302734 0.0449219 0.915527
22 0.835938 0.584961 0.0351562 0.0458984 0.914062
8 0.65625 0.755371 0.0400391 0.0429688 0.912598
18 0.694336 0.75 0.0371094 0.0527344 0.908691
14 0.313965 0.977539 0.0205078 0.0449219 0.907227
0 0.697266 0.912109 0.0605469 0.0605469 0.891113
8 0.392578 0.834961 0.0419922 0.0478516 0.884766
5 0.795898 0.755859 0.0351562 0.046875 0.878906
23 0.383789 0.917969 0.0327148 0.0429688 0.877441
1 0.363281 0.757812 0.0410156 0.0664062 0.86084
13 0.971191 0.400879 0.0263672 0.0712891 0.855957
0 0.844727 0.753418 0.0644531 0.0498047 0.847168
8 0.853516 0.500488 0.0429688 0.0488281 0.842773
16 0.485596 0.496338 0.0424805 0.0473633 0.839844
13 0.944336 0.65918 0.0253906 0.0673828 0.834473
5 0.62207 0.990723 0.0292969 0.0185547 0.830078
8 0.87793 0.922852 0.0429688 0.0410156 0.816406
22 0.958984 0.755859 0.0371094 0.0449219 0.816406
5 0.347168 0.990234 0.0317383 0.0195312 0.813965
4 0.577148 0.398193 0.0351562 0.0751953 0.809082
5 0.894531 0.58252 0.0429688 0.0488281 0.78418
0 0.861816 0.408691 0.0634766 0.0566406 0.782715
22 0.41748 0.916992 0.0341797 0.0429688 0.777344
0 0.96582 0.830078 0.0644531 0.0625 0.771973
9 0.748047 0.922852 0.0351562 0.0439453 0.767578
18 0.53125 0.580078 0.0390625 0.0507812 0.766113
4 0.751953 0.664062 0.0605469 0.0527344 0.747559
5 0.919922 0.921387 0.0371094 0.046875 0.73877
10 0.677734 0.575195 0.0351562 0.0673828 0.732422
35 0.3479 0.57666 0.078125 0.0693359 0.732422
0 0.775391 0.404785 0.0585938 0.0639648 0.726562
10 0.701172 0.402344 0.0458984 0.0693359 0.72168
8 0.987305 0.499268 0.0253906 0.0454102 0.71875
13 0.991211 0.913086 0.0175781 0.0644531 0.702637
0 0.640625 0.412842 0.0742188 0.0444336 0.700684
4 0.699219 0.987305 0.0537109 0.0253906 0.697754
10 0.617188 0.488281 0.0351562 0.0703125 0.690918
4 0.842285 0.833984 0.03125 0.0527344 0.675781
13 0.939941 0.979492 0.0195312 0.0410156 0.67041
6 0.969727 0.922852 0.0605469 0.046875 0.662109
12 0.496582 0.741211 0.0546875 0.0664062 0.649414
5 0.735352 0.745605 0.0400391 0.0644531 0.644043
6 0.379883 0.989258 0.0253906 0.0214844 0.622559
22 0.674805 0.672363 0.0332031 0.0449219 0.604004
2 0.468018 0.916504 0.0307617 0.0449219 0.600098
13 0.87793 0.981934 0.0175781 0.0361328 0.586914
5 0.989258 0.584961 0.0214844 0.0292969 0.584961
10 0.873047 0.573242 0.0332031 0.0683594 0.544922
2 0.773438 0.839844 0.0253906 0.0263672 0.529297
46 0.335938 0.915039 0.0610352 0.0458984 0.517578
