19 0.178345 0.947266 0.0566406 0.0898438 0.988281
4 0.244507 0.740234 0.064209 0.105469 0.987305
9 0.069519 0.942383 0.0811768 0.0957031 0.987305
23 0.0182495 0.545898 0.0362549 0.0878906 0.982422
2 0.0689697 0.549805 0.064209 0.0898438 0.980957
18 0.146271 0.535156 0.0888062 0.118164 0.966309
2 0.304688 0.939453 0.0605469 0.0898438 0.965332
0 0.132782 0.360107 0.129944 0.0893555 0.962402
23 0.242798 0.941406 0.0617676 0.0839844 0.943848
18 0.15625 0.146942 0.124023 0.117737 0.907227
0 0.0212097 0.745117 0.0422974 0.0820312 0.820801
5 0.0122299 0.946289 0.0244598 0.0898438 0.712402
14 0.992676 0.2146 0.0146484 0.142578 0.658203
14 0.990234 0.805664 0.0195312 0.142578 0.631836
13 0.995117 0.983887 0.00976562 0.0322266 0.565918
