21 0.761719 0.576172 0.0996094 0.132812 0.997559
7 0.704102 0.776367 0.0908203 0.132812 0.991211
8 0.868164 0.552734 0.0957031 0.0957031 0.987793
13 0.780762 0.733398 0.0449219 0.145508 0.986816
1 0.404297 0.952637 0.0927734 0.0947266 0.986816
6 0.505371 0.947266 0.100586 0.0927734 0.984863
8 0.914062 0.354004 0.0996094 0.0917969 0.980469
4 0.182495 0.535034 0.0769043 0.111572 0.97998
22 0.606934 0.950195 0.0869141 0.0898438 0.97998
0 0.589844 0.754395 0.136719 0.0947266 0.979492
23 0.381836 0.750977 0.0742188 0.0917969 0.978516
8 0.0848389 0.948242 0.0983887 0.0957031 0.978516
22 0.78125 0.352783 0.0859375 0.0922852 0.975586
6 0.0413208 0.143677 0.0822754 0.0932617 0.974609
6 0.466553 0.753906 0.090332 0.09375 0.973145
8 0.87793 0.753906 0.0996094 0.0996094 0.97168
2 0.17981 0.946777 0.0734863 0.0917969 0.97168
5 0.263428 0.545898 0.0913086 0.0986328 0.970703
2 0.721191 0.946289 0.0742188 0.0947266 0.970703
4 0.258057 0.941406 0.0727539 0.105469 0.950684
6 0.960449 0.550781 0.0791016 0.0898438 0.921387
6 0.618652 0.148895 0.151367 0.0928345 0.908691
13 0.666016 0.125 0.0605469 0.14209 0.902832
7 0.935547 0.956055 0.126953 0.0878906 0.899902
5 0.983887 0.353516 0.0322266 0.0996094 0.89502
13 0.233643 0.144165 0.0195312 0.0957031 0.86084
13 0.0174561 0.924805 0.0349121 0.140625 0.844727
12 0.554199 0.327637 0.128906 0.141602 0.804199
27 0.311035 0.750488 0.0634766 0.09375 0.716797
5 0.804688 0.925781 0.0869141 0.141602 0.702637
2 0.196045 0.351318 0.0375977 0.0458984 0.679199
0 0.979492 0.163055 0.0410156 0.105042 0.602051
2 0.580078 0.351562 0.0742188 0.0917969 0.563965
8 0.0491028 0.723633 0.0950317 0.139648 0.529297
22 0.01017 0.550781 0.02034 0.0839844 0.509766
