18 0.758789 0.942383 0.105469 0.115234 0.995117
1 0.867188 0.60498 0.0859375 0.135742 0.993164
16 0.928711 0.966797 0.102539 0.0664062 0.989746
22 0.437988 0.963379 0.0800781 0.0732422 0.986328
8 0.567383 0.777344 0.0917969 0.0947266 0.978027
2 0.672852 0.779297 0.0742188 0.0917969 0.977539
29 0.368896 0.766602 0.123047 0.166992 0.977051
2 0.550781 0.580566 0.0664062 0.0986328 0.974609
6 0.959961 0.582031 0.0800781 0.0898438 0.970703
2 0.760742 0.582031 0.0703125 0.09375 0.969727
2 0.690918 0.583008 0.0654297 0.09375 0.967285
22 0.474121 0.772461 0.0791016 0.0898438 0.967285
8 0.346924 0.956055 0.0913086 0.0878906 0.958984
8 0.652344 0.963379 0.0957031 0.0732422 0.958008
7 0.720703 0.038269 0.0859375 0.0765381 0.95166
13 0.836914 0.941406 0.0488281 0.117188 0.948242
0 0.78418 0.785156 0.134766 0.0917969 0.941406
5 0.354004 0.0168304 0.0839844 0.0336609 0.937012
5 0.818359 0.015419 0.09375 0.030838 0.872559
18 0.791016 0.369141 0.132812 0.124023 0.831055
11 0.87793 0.160919 0.146484 0.139587 0.809082
23 0.619141 0.581055 0.0683594 0.0917969 0.786621
10 0.914062 0.759766 0.0898438 0.140625 0.751953
6 0.957031 0.018692 0.0859375 0.037384 0.740234
2 0.545898 0.962891 0.113281 0.0742188 0.679199
0 0.979492 0.189453 0.0410156 0.0952148 0.577637
19 0.984375 0.780762 0.03125 0.0908203 0.519531
