11 0.0855713 0.834473 0.036377 0.0664062 0.977539
4 0.173462 0.501953 0.0334473 0.0546875 0.969727
4 0.177002 0.164062 0.0366211 0.0566406 0.958984
18 0.148926 0.0809937 0.0380859 0.0523682 0.949707
2 0.0189514 0.501953 0.0326538 0.0458984 0.946777
5 0.0446777 0.845703 0.0390625 0.0429688 0.946289
5 0.0740356 0.76123 0.0405273 0.0449219 0.939941
4 0.174561 0.924805 0.0371094 0.0566406 0.9375
2 0.0742188 0.674805 0.0334473 0.0488281 0.936035
2 0.103943 0.164795 0.0317383 0.0473633 0.921875
2 0.148926 0.675293 0.0322266 0.0488281 0.90918
6 0.168701 0.847656 0.0444336 0.0429688 0.898438
8 0.135529 0.507812 0.043396 0.0478516 0.89502
13 0.104126 0.0740967 0.0241699 0.0700684 0.890137
6 0.148438 0.253662 0.0390625 0.0429688 0.859863
13 0.0352783 0.156036 0.0254517 0.0653687 0.854004
5 0.109863 0.421387 0.0361328 0.0458984 0.850098
4 0.0994873 0.326172 0.0532227 0.0644531 0.833496
6 0.0733795 0.0852051 0.039032 0.0446777 0.808105
8 0.139526 0.170044 0.0373535 0.0449219 0.767578
2 0.175171 0.0127869 0.0305176 0.0255737 0.762207
2 0.0498657 0.249756 0.0374756 0.0473633 0.730957
23 0.0232391 0.929688 0.0403748 0.0429688 0.658203
23 0.173706 0.763672 0.0383301 0.0429688 0.656738
2 0.0236206 0.757812 0.0380859 0.0488281 0.625977
2 0.176514 0.421143 0.0419922 0.0527344 0.622559
4 0.131134 0.758789 0.0473022 0.0488281 0.57373
5 0.0432663 0.333496 0.0594635 0.0537109 0.550781
12 0.137329 0.919434 0.0351562 0.0644531 0.525391
4 0.18335 0.670898 0.0371094 0.0605469 0.505859
