14 0.554688 0.980469 0.015625 0.0390625 0.988281
4 0.0159912 0.665039 0.0316162 0.0527344 0.985352
15 0.771484 0.745117 0.0761719 0.0703125 0.984863
11 0.272949 0.911133 0.0366211 0.0654297 0.983887
5 0.405518 0.583008 0.0375977 0.0429688 0.981934
5 0.0576172 0.835938 0.036377 0.046875 0.980469
0 0.033844 0.583984 0.0641479 0.046875 0.978027
22 0.124329 0.669922 0.0345459 0.0429688 0.973145
2 0.165649 0.838867 0.0319824 0.046875 0.972656
21 0.72168 0.852539 0.0429688 0.0585938 0.972168
2 0.799316 0.501953 0.0322266 0.0458984 0.970215
7 0.308105 0.679688 0.0361328 0.0585938 0.970215
0 0.158569 0.754883 0.0617676 0.0488281 0.963379
6 0.450684 0.924316 0.0390625 0.0400391 0.962891
8 0.803223 0.586426 0.0419922 0.046875 0.961914
9 0.354004 0.921387 0.0380859 0.0458984 0.961426
2 0.549805 0.923828 0.03125 0.0449219 0.960938
12 0.127686 0.838867 0.0349121 0.0791016 0.959961
4 0.598145 0.838867 0.0302734 0.0507812 0.958008
2 0.435547 0.838867 0.0283203 0.0410156 0.955078
24 0.728516 0.934082 0.0605469 0.0634766 0.954102
0 0.687012 0.754883 0.0810547 0.0488281 0.953125
6 0.61084 0.671875 0.0400391 0.0419922 0.951172
0 0.502441 0.921875 0.0605469 0.0449219 0.947266
0 0.931641 0.503906 0.0605469 0.0458984 0.946289
5 0.762207 0.836914 0.0361328 0.0449219 0.936523
5 0.628906 0.754883 0.0371094 0.0478516 0.935547
2 0.938477 0.922363 0.0351562 0.0439453 0.933594
0 0.254333 0.499512 0.0596924 0.0458984 0.932129
13 0.221191 0.400391 0.0270996 0.0712891 0.928711
13 0.19397 0.658691 0.0249023 0.0693359 0.928711
0 0.197754 0.584961 0.0610352 0.046875 0.927734
6 0.313232 0.924316 0.0400391 0.046875 0.925781
0 0.629883 0.495117 0.0585938 0.0546875 0.92041
8 0.833984 0.501953 0.0351562 0.0410156 0.916016
8 0.273926 0.584961 0.0371094 0.0410156 0.916016
8 0.104248 0.499268 0.0444336 0.0483398 0.915039
0 0.54248 0.499756 0.0634766 0.0473633 0.914062
2 0.496094 0.497559 0.0253906 0.0458984 0.913574
10 0.250732 0.658203 0.0327148 0.0664062 0.912598
4 0.325195 0.498291 0.0292969 0.043457 0.911621
22 0.0855713 0.584961 0.0356445 0.0458984 0.90918
7 0.325195 0.848633 0.0556641 0.0644531 0.898438
0 0.311768 0.755859 0.0571289 0.0449219 0.893066
38 0.65625 0.97998 0.0371094 0.0400391 0.891602
5 0.578125 0.584961 0.0351562 0.046875 0.889648
0 0.388672 0.991699 0.0595703 0.0166016 0.885742
5 0.045105 0.755859 0.0356445 0.046875 0.884766
24 0.682129 0.922363 0.0351562 0.0615234 0.881836
2 0.501953 0.838867 0.0302734 0.0429688 0.880859
7 0.360352 0.76709 0.0380859 0.0605469 0.879883
8 0.899414 0.923828 0.0449219 0.0429688 0.879883
0 0.810547 0.838867 0.0605469 0.0449219 0.877441
8 0.468018 0.839844 0.0361328 0.0390625 0.866211
7 0.0169067 0.508789 0.0338135 0.0634766 0.863281
5 0.943359 0.588379 0.0410156 0.046875 0.859863
14 0.825195 0.982422 0.0195312 0.0351562 0.858887
5 0.755859 0.586914 0.0546875 0.0449219 0.85498
0 0.111694 0.408691 0.0632324 0.0566406 0.853027
0 0.0946045 0.753906 0.0646973 0.0488281 0.853027
22 0.620117 0.922852 0.0351562 0.0410156 0.852051
2 0.828125 0.754883 0.0332031 0.046875 0.848145
6 0.220581 0.922852 0.0627441 0.0488281 0.845703
14 0.47168 0.488281 0.0205078 0.0683594 0.844727
7 0.693359 0.414062 0.0664062 0.0908203 0.84375
22 0.209229 0.755859 0.0366211 0.0449219 0.84375
10 0.261475 0.744141 0.0356445 0.0664062 0.838867
18 0.84375 0.582031 0.0380859 0.0546875 0.831055
22 0.252686 0.413086 0.034668 0.0458984 0.827637
0 0.874023 0.74707 0.0585938 0.0625 0.822266
5 0.424316 0.411621 0.0361328 0.0507812 0.81543
8 0.127655 0.922852 0.0425415 0.0410156 0.809082
18 0.90332 0.584473 0.0371094 0.0517578 0.803223
2 0.863281 0.922852 0.0292969 0.046875 0.796875
6 0.403564 0.838867 0.0351562 0.0419922 0.792969
13 0.875 0.579102 0.0214844 0.0605469 0.791992
18 0.433594 0.491211 0.0507812 0.0546875 0.786621
5 0.14502 0.582031 0.0422363 0.0488281 0.78418
5 0.0238495 0.839844 0.0256653 0.0273438 0.771973
8 0.395996 0.925293 0.0195312 0.0478516 0.764648
5 0.170044 0.921387 0.0378418 0.046875 0.757812
22 0.313965 0.583008 0.0361328 0.046875 0.746094
5 0.685547 0.585938 0.0527344 0.046875 0.741699
9 0.265381 0.837891 0.0361328 0.0449219 0.73584
23 0.583008 0.924805 0.0332031 0.0429688 0.712402
24 0.517578 0.670898 0.0615234 0.0527344 0.692871
9 0.00785828 0.923828 0.0157166 0.0429688 0.692871
8 0.943848 0.417725 0.0498047 0.0512695 0.690918
7 0.560547 0.76416 0.0410156 0.0585938 0.686035
0 0.215088 0.828613 0.0629883 0.0644531 0.680664
7 0.87207 0.680664 0.0683594 0.0654297 0.675781
13 0.19043 0.978516 0.0202637 0.0429688 0.672363
22 0.838867 0.412598 0.0361328 0.0473633 0.660156
7 0.933105 0.672852 0.0566406 0.0507812 0.656738
4 0.285645 0.409668 0.0273438 0.0556641 0.645996
4 0.0921631 0.833984 0.0314941 0.0527344 0.644043
24 0.664551 0.926758 0.0458984 0.0605469 0.635254
13 0.128174 0.981934 0.0185547 0.0361328 0.62793
13 0.804688 0.402344 0.0253906 0.0722656 0.618652
2 0.241089 0.991211 0.0378418 0.0175781 0.618652
23 0.368164 0.839844 0.0322266 0.0410156 0.613281
0 0.487305 0.992188 0.0742188 0.015625 0.586914
2 0.51062 0.75293 0.0373535 0.046875 0.583008
18 0.932129 0.749023 0.0576172 0.0605469 0.581543
18 0.188599 0.40625 0.0366211 0.0585938 0.577637
10 0.383545 0.402832 0.0439453 0.0703125 0.562012
13 0.891113 0.985352 0.0351562 0.0292969 0.550781
10 0.123413 0.573242 0.0339355 0.0683594 0.517578
9 0.712402 0.67041 0.0361328 0.0478516 0.515625
13 0.116028 0.743164 0.0186768 0.0664062 0.509766
2 0.296875 0.498535 0.0244141 0.0283203 0.507812
12 0.40332 0.744629 0.0371094 0.0615234 0.501953
