24 0.0893555 0.0796051 0.0402832 0.0590515 0.992676
2 0.0533142 0.0701294 0.0299683 0.0430908 0.965332
13 0.163696 0.140503 0.0266113 0.0693359 0.960449
7 0.172363 0.329102 0.0395508 0.0615234 0.959961
5 0.0468445 0.574219 0.0344849 0.0390625 0.947266
0 0.214844 0.655273 0.0854492 0.046875 0.941895
13 0.129364 0.897461 0.0210571 0.0703125 0.935547
0 0.104248 0.489746 0.0627441 0.0478516 0.93457
2 0.236328 0.154297 0.0371094 0.0512695 0.933594
11 0.0620117 0.898926 0.038208 0.0644531 0.930176
18 0.197266 0.737305 0.0390625 0.0527344 0.91748
6 0.214355 0.320312 0.0380859 0.0439453 0.916016
8 0.0231476 0.913086 0.0387878 0.046875 0.913574
12 0.101135 0.646484 0.0389404 0.0664062 0.904785
18 0.21167 0.90332 0.0390625 0.0527344 0.901367
7 0.213135 0.244873 0.0375977 0.0581055 0.900391
6 0.037384 0.827148 0.0403442 0.0449219 0.899902
9 0.138153 0.823242 0.0366821 0.0429688 0.893066
18 0.133667 0.73584 0.0373535 0.0546875 0.891113
5 0.0832367 0.149658 0.0539856 0.0449219 0.887207
18 0.165771 0.0655518 0.0371094 0.0526123 0.875977
8 0.0823975 0.575195 0.036377 0.0390625 0.853027
13 0.243896 0.899414 0.0239258 0.0683594 0.824219
18 0.119019 0.569336 0.0371094 0.0527344 0.812988
14 0.247559 0.308105 0.0229492 0.0693359 0.811523
8 0.0984497 0.741211 0.0384521 0.0449219 0.794434
7 0.0412292 0.329102 0.0645142 0.0634766 0.782715
7 0.0428772 0.0144653 0.0355835 0.0289307 0.715332
5 0.0518875 0.741211 0.0563812 0.046875 0.712402
13 0.00564957 0.975586 0.0112228 0.0488281 0.699219
22 0.23645 0.488281 0.0368652 0.0478516 0.690918
0 0.0197906 0.561523 0.0395813 0.0644531 0.656738
7 0.00485229 0.338867 0.00950623 0.0810547 0.635254
4 0.197754 0.974609 0.0419922 0.0507812 0.622559
13 0.108887 0.814453 0.0202637 0.0644531 0.583008
5 0.182617 0.825684 0.0288086 0.0283203 0.583008
21 0.0141144 0.150391 0.0278015 0.0454102 0.563965
8 0.152466 0.986816 0.0405273 0.0263672 0.539062
5 0.0411377 0.152832 0.0245361 0.027832 0.525391
35 0.165894 0.570312 0.0539551 0.0488281 0.523438
5 0.228516 0.82373 0.059082 0.0429688 0.517578
7 0.00531769 0.495117 0.0106354 0.0664062 0.509766
