21 0.165649 0.0646362 0.100586 0.12854 0.995117
1 0.81543 0.84375 0.0917969 0.134766 0.98877
0 0.552612 0.820312 0.142822 0.09375 0.985352
4 0.771484 0.0440063 0.0761719 0.0880127 0.984863
2 0.444824 0.816406 0.0673828 0.0878906 0.982422
0 0.696289 0.625977 0.131836 0.0957031 0.981445
18 0.615234 0.407715 0.0917969 0.123047 0.978516
8 0.806641 0.232178 0.0986328 0.0966797 0.977051
4 0.894043 0.227783 0.0703125 0.105469 0.975586
6 0.932617 0.040741 0.0917969 0.0814819 0.974609
2 0.112793 0.428711 0.0769043 0.0966797 0.974121
2 0.960938 0.821289 0.0742188 0.0957031 0.972168
18 0.504883 0.0432434 0.130859 0.0864868 0.97168
22 0.674316 0.818359 0.0859375 0.0898438 0.97168
6 0.986816 0.434326 0.0263672 0.0952148 0.971191
14 0.902344 0.406738 0.0488281 0.141602 0.966797
22 0.167725 0.822754 0.0849609 0.0898438 0.96582
8 0.266174 0.0437927 0.10144 0.0875854 0.965332
16 0.272888 0.985352 0.102661 0.0292969 0.962402
13 0.541016 0.407471 0.046875 0.144043 0.957031
23 0.375977 0.822754 0.065918 0.0839844 0.953613
13 0.35498 0.960449 0.0478516 0.0791016 0.952148
14 0.892578 0.800293 0.0507812 0.137695 0.94873
9 0.021637 0.42627 0.0432739 0.0942383 0.943848
5 0.833496 0.430176 0.0849609 0.09375 0.942383
20 0.0547485 0.8125 0.109009 0.192383 0.937012
23 0.0234985 0.0431519 0.046814 0.0863037 0.935059
2 0.081543 0.042511 0.0705566 0.085022 0.912598
8 0.550781 0.986328 0.0878906 0.0273438 0.89502
4 0.87207 0.982422 0.0917969 0.0351562 0.873047
10 0.967773 0.601074 0.0644531 0.138672 0.854004
13 0.949219 0.414551 0.046875 0.131836 0.831055
5 0.870605 0.602051 0.09375 0.131836 0.818848
2 0.793945 0.629883 0.0371094 0.0449219 0.792969
10 0.408203 0.212646 0.0947266 0.138184 0.751953
23 0.848633 0.0420837 0.0742188 0.0841675 0.749023
14 0.0854492 0.962891 0.0449219 0.0742188 0.697754
14 0.0582886 0.960938 0.0894775 0.078125 0.695801
7 0.769531 0.990234 0.0966797 0.0195312 0.65332
0 0.963867 0.986328 0.0722656 0.0273438 0.649414
8 0.708984 0.21106 0.0957031 0.138916 0.563965
13 0.621094 0.0409546 0.0205078 0.0817871 0.548828
10 0.976562 0.20874 0.046875 0.13916 0.513672
