11 0.255371 0.307373 0.0961914 0.137695 0.990723
9 0.237671 0.926758 0.0895996 0.105469 0.97998
13 0.333008 0.315369 0.0527344 0.151489 0.978516
4 0.239868 0.520996 0.0773926 0.114258 0.977539
2 0.31543 0.532715 0.0761719 0.100586 0.974121
8 0.136841 0.927246 0.0983887 0.0976562 0.96582
13 0.145752 0.0877075 0.0454102 0.175415 0.928711
2 0.0429688 0.924805 0.0859375 0.0908203 0.92627
10 0.243652 0.71582 0.0761719 0.144531 0.901367
9 0.0205383 0.317383 0.0410767 0.101562 0.900391
1 0.129272 0.753418 0.107178 0.144531 0.71875
2 0.00674057 0.729492 0.0133743 0.0800781 0.708984
4 0.00583649 0.518555 0.0116119 0.0878906 0.620605
29 0.0629883 0.100891 0.125488 0.151733 0.556641
2 0.0778809 0.325928 0.0419922 0.0483398 0.546875
