13 0.539062 0.21167 0.0195312 0.0771484 0.975586
5 0.195312 0.231934 0.0378418 0.0527344 0.975586
11 0.0888062 0.0541382 0.0386963 0.0629883 0.969727
2 0.21228 0.143921 0.0270996 0.0407715 0.968262
0 0.254883 0.144073 0.0551758 0.0404663 0.949219
12 0.48877 0.138458 0.0351562 0.078064 0.94873
5 0.419189 0.139923 0.0385742 0.0438843 0.941895
5 0.474854 0.0556641 0.0385742 0.0438232 0.922852
18 0.43335 0.0531006 0.0380859 0.050415 0.921875
22 0.394043 0.0578003 0.0351562 0.0424805 0.901855
4 0.0877686 0.141602 0.0344238 0.0527344 0.899902
8 0.186035 0.0621948 0.0356445 0.0372314 0.871582
24 0.0206299 0.227661 0.0409546 0.0705566 0.861328
0 0.411133 0.219727 0.0878906 0.0688477 0.861328
13 0.601562 0.128296 0.0195312 0.0610352 0.851074
18 0.233276 0.0544739 0.0549316 0.0563354 0.838867
6 0.59375 0.0574341 0.0585938 0.0426025 0.806641
22 0.0320435 0.0622559 0.0372925 0.0397949 0.799316
12 0.51355 0.0473022 0.0354004 0.0623779 0.789062
8 0.629883 0.139435 0.0371094 0.0380249 0.771973
13 0.247803 0.222778 0.0224609 0.0769043 0.744629
2 0.668945 0.135468 0.0332031 0.053772 0.71875
6 0.580566 0.13913 0.0605469 0.0405884 0.700684
7 0.152832 0.243408 0.0415039 0.0639648 0.689453
23 0.512695 0.225342 0.03125 0.0458984 0.672363
6 0.0387573 0.142212 0.0424805 0.0532227 0.625977
13 0.145996 0.135986 0.019043 0.067627 0.57959
21 0.0687256 0.226562 0.0534668 0.0717773 0.562012
19 0.453613 0.140503 0.0273438 0.0437012 0.552734
13 0.276367 0.041626 0.0253906 0.0717773 0.519531
