21 0.136444 0.0733643 0.0484009 0.0576172 0.984375
5 0.448486 0.45459 0.034668 0.0390625 0.975586
2 0.175781 0.0663452 0.0288086 0.0355225 0.966309
2 0.479492 0.0648193 0.0336914 0.0390625 0.960938
2 0.165039 0.30127 0.0302734 0.0380859 0.958008
0 0.245117 0.458496 0.0820312 0.0410156 0.943848
5 0.37793 0.221924 0.0361328 0.0375977 0.942871
5 0.30249 0.0628052 0.0351562 0.039917 0.932617
0 0.237305 0.144165 0.0537109 0.0366211 0.927734
8 0.33667 0.0651855 0.0356445 0.0388184 0.924805
0 0.253662 0.0649414 0.0551758 0.0406494 0.923828
22 0.0137253 0.225342 0.0272064 0.0410156 0.905273
22 0.379395 0.0657806 0.0361328 0.0386047 0.904785
8 0.42627 0.145752 0.0351562 0.0378418 0.903809
22 0.265625 0.222656 0.0361328 0.0405273 0.896484
2 0.129272 0.145752 0.0280762 0.0366211 0.893066
35 0.581543 0.128784 0.0576172 0.065918 0.888672
2 0.0821533 0.065918 0.0302734 0.0366211 0.887207
12 0.3125 0.291992 0.0410156 0.0693359 0.885742
5 0.38623 0.301514 0.0341797 0.0410156 0.884766
5 0.538086 0.451172 0.0410156 0.0380859 0.874023
8 0.111877 0.224609 0.0379639 0.0444336 0.865234
2 0.109863 0.302734 0.0388184 0.0380859 0.86084
14 0.481934 0.363281 0.0166016 0.0634766 0.86084
4 0.42334 0.375977 0.0234375 0.0429688 0.85498
13 0.0155182 0.0548096 0.0193787 0.0805664 0.833496
7 0.586426 0.224609 0.0634766 0.0507812 0.827637
9 0.154785 0.224365 0.0361328 0.0419922 0.819824
12 0.0820312 0.456543 0.0385742 0.078125 0.792969
4 0.00970459 0.459717 0.0192261 0.0493164 0.789062
4 0.0322266 0.301758 0.0252686 0.046875 0.767578
5 0.532227 0.0318298 0.0322266 0.0280151 0.764648
6 0.454102 0.377441 0.034668 0.0405273 0.753418
6 0.572266 0.373535 0.0390625 0.0371094 0.746094
18 0.236206 0.363525 0.0476074 0.0678711 0.73877
12 0.586914 0.0525513 0.0644531 0.0688477 0.728027
19 0.412109 0.221069 0.0263672 0.0368652 0.700684
9 0.418457 0.0637207 0.0361328 0.0412598 0.668945
10 0.463379 0.129395 0.0302734 0.0644531 0.660156
2 0.0755005 0.225098 0.0316162 0.0354004 0.658203
10 0.362305 0.290039 0.0332031 0.0683594 0.644043
2 0.276611 0.300049 0.0292969 0.0390625 0.635254
13 0.501953 0.361816 0.0195312 0.0644531 0.613281
13 0.350586 0.209106 0.0175781 0.0637207 0.584961
22 0.523926 0.217285 0.0371094 0.0390625 0.567871
13 0.49585 0.439209 0.0219727 0.0737305 0.556641
2 0.443848 0.216797 0.0351562 0.0478516 0.546875
13 0.480469 0.435547 0.0283203 0.0830078 0.546875
22 0.340088 0.380371 0.0620117 0.0385742 0.517578
