18 0.964844 0.180145 0.0703125 0.128967 0.992676
13 0.800293 0.171021 0.0458984 0.147217 0.990723
14 0.753906 0.169922 0.0449219 0.144043 0.989746
2 0.0947266 0.187744 0.0756836 0.0952148 0.97998
13 0.546387 0.17395 0.0458984 0.147705 0.977051
6 0.873047 0.196289 0.0957031 0.0957031 0.976562
0 0.26416 0.200073 0.140625 0.095459 0.974121
14 0.594727 0.17038 0.0488281 0.142151 0.962891
4 0.267822 0.0206604 0.0678711 0.0413208 0.944336
5 0.953125 0.0192261 0.0878906 0.0384521 0.898438
8 0.849609 0.0189056 0.0976562 0.0378113 0.89502
9 0.712891 0.0158386 0.0820312 0.0314331 0.868164
2 0.163574 0.195923 0.0415039 0.0483398 0.759277
6 0.180786 0.0175629 0.0905762 0.0351257 0.654785
4 0.0472107 0.0146561 0.0698853 0.0293121 0.651367
