1 0.929688 0.228882 0.0878906 0.135986 0.996094
21 0.16626 0.811523 0.101807 0.134766 0.995605
4 0.773438 0.77832 0.0722656 0.117188 0.983887
2 0.830078 0.397217 0.0693359 0.0854492 0.981934
0 0.935547 0.399414 0.128906 0.0888672 0.981445
16 0.677734 0.785645 0.101562 0.0947266 0.979492
6 0.778809 0.592773 0.0927734 0.0898438 0.977539
8 0.807617 0.966797 0.101562 0.0664062 0.977539
2 0.597656 0.591309 0.0722656 0.0917969 0.976562
2 0.600586 0.969727 0.078125 0.0605469 0.976074
9 0.875977 0.587891 0.0917969 0.0976562 0.97168
6 0.819336 0.0281982 0.09375 0.0563965 0.96875
13 0.59082 0.765625 0.0410156 0.142578 0.967285
8 0.265137 0.787598 0.0976562 0.100586 0.963379
4 0.0114594 0.371582 0.0229187 0.134766 0.960449
5 0.810547 0.202881 0.0878906 0.0927734 0.959961
2 0.136444 0.0280762 0.0806274 0.0561523 0.959473
2 0.0811615 0.787598 0.0696106 0.0947266 0.958008
6 0.506836 0.970703 0.0957031 0.0585938 0.955078
7 0.210205 0.414795 0.165039 0.125977 0.954102
6 0.368652 0.785645 0.0927734 0.0878906 0.952637
6 0.932617 0.784668 0.0917969 0.09375 0.950195
23 0.0232849 0.787598 0.0464478 0.0966797 0.930664
4 0.893555 0.962891 0.0693359 0.0742188 0.930176
23 0.847656 0.791016 0.0722656 0.0859375 0.921875
18 0.502441 0.776367 0.130859 0.121094 0.892578
16 0.959473 0.0275421 0.0810547 0.0550842 0.747559
14 0.743164 0.0272522 0.046875 0.0545044 0.723145
1 0.210938 0.0263062 0.0673828 0.0526123 0.67041
1 0.67334 0.0279388 0.0908203 0.0558777 0.604004
18 0.110107 0.569458 0.156982 0.144287 0.584961
6 0.991211 0.202393 0.0175781 0.0917969 0.575684
7 0.976562 0.944336 0.046875 0.111328 0.529297
10 0.407227 0.946777 0.0927734 0.106445 0.527344
4 0.351562 0.391602 0.0947266 0.0976562 0.511719
