20 0.616699 0.160187 0.0830078 0.086853 0.988281
2 0.912109 0.830078 0.0292969 0.0439453 0.987305
21 0.47583 0.265198 0.0405273 0.0584717 0.984375
18 0.476562 0.913574 0.0380859 0.0498047 0.97998
16 0.916016 0.984863 0.0419922 0.0302734 0.976562
16 0.53125 0.417236 0.0410156 0.0429688 0.973145
2 0.720703 0.666992 0.0332031 0.0449219 0.972656
8 0.470215 0.754883 0.0410156 0.0458984 0.972656
5 0.655273 0.583008 0.0351562 0.0419922 0.97168
0 0.954102 0.74707 0.0625 0.0478516 0.965332
11 0.879883 0.402832 0.0361328 0.0673828 0.963867
6 0.416016 0.167358 0.0400391 0.0444336 0.963379
0 0.745117 0.750488 0.0644531 0.0458984 0.961914
8 0.809082 0.668945 0.0449219 0.0498047 0.961426
8 0.662109 0.330078 0.0449219 0.0478516 0.958008
5 0.854492 0.830566 0.0410156 0.0449219 0.956543
8 0.581055 0.0777588 0.0410156 0.0446777 0.955078
10 0.701172 0.904297 0.0332031 0.0644531 0.953125
0 0.385742 0.989258 0.0644531 0.0214844 0.951172
15 0.876953 0.571777 0.0761719 0.0664062 0.949707
5 0.728516 0.159424 0.0390625 0.0449219 0.94873
0 0.864258 0.913086 0.0644531 0.046875 0.947754
0 0.75293 0.498535 0.0585938 0.0449219 0.942383
13 0.513184 0.977539 0.03125 0.0449219 0.941895
14 0.883789 0.820312 0.0214844 0.0644531 0.939941
0 0.625977 0.666016 0.0605469 0.0429688 0.937988
2 0.611328 0.583008 0.0332031 0.0449219 0.9375
6 0.492676 0.333252 0.0380859 0.043457 0.935059
0 0.384766 0.838867 0.0585938 0.0449219 0.934082
2 0.4375 0.335449 0.0322266 0.0478516 0.932617
5 0.658203 0.987305 0.0351562 0.0253906 0.932129
0 0.640625 0.913574 0.0800781 0.0419922 0.927246
0 0.386719 0.753906 0.0644531 0.0507812 0.925781
5 0.80127 0.498535 0.0380859 0.0458984 0.924805
5 0.849609 0.748047 0.0371094 0.0449219 0.924805
6 0.983887 0.0722046 0.0322266 0.0424805 0.924316
13 0.520508 0.658203 0.0273438 0.0644531 0.92041
6 0.582031 0.916016 0.0371094 0.0390625 0.918945
0 0.806641 0.0716553 0.0585938 0.055542 0.916504
13 0.667969 0.65332 0.0234375 0.0683594 0.914062
5 0.385254 0.921875 0.0615234 0.0449219 0.911133
4 0.369873 0.666504 0.0317383 0.0507812 0.90918
2 0.93457 0.579102 0.03125 0.046875 0.904785
0 0.444092 0.0797119 0.0825195 0.0566406 0.898438
7 0.487793 0.848633 0.0390625 0.0605469 0.897461
8 0.948242 0.830078 0.0429688 0.0449219 0.894043
8 0.437988 0.920898 0.0439453 0.0419922 0.893066
0 0.575195 0.490234 0.0625 0.0664062 0.890137
13 0.979492 0.146606 0.0273438 0.0700684 0.888672
4 0.881836 0.152588 0.0341797 0.0532227 0.879883
0 0.445801 0.502808 0.0585938 0.045166 0.877441
5 0.849609 0.663086 0.0361328 0.0449219 0.874023
0 0.77832 0.160889 0.0605469 0.0454102 0.868652
14 0.692383 0.65625 0.0214844 0.0654297 0.86084
14 0.602539 0.405273 0.0195312 0.0654297 0.859863
7 0.916016 0.0158539 0.0292969 0.0317078 0.858887
22 0.552734 0.835938 0.0351562 0.0429688 0.85498
13 0.734375 0.317383 0.0283203 0.0693359 0.850098
9 0.754883 0.666016 0.0351562 0.0439453 0.848145
5 0.814453 0.243408 0.0390625 0.0444336 0.845703
13 0.510254 0.90625 0.0292969 0.0644531 0.832031
18 0.543945 0.912109 0.0390625 0.0488281 0.830078
22 0.921875 0.495605 0.0332031 0.0449219 0.819824
2 0.694336 0.244629 0.0527344 0.0410156 0.813965
18 0.767578 0.326172 0.0390625 0.0512695 0.810547
18 0.489258 0.665039 0.0390625 0.0527344 0.808105
19 0.868652 0.325928 0.0292969 0.0410156 0.800781
5 0.94043 0.241333 0.0371094 0.045166 0.791992
2 0.456543 0.669922 0.0249023 0.0332031 0.789062
10 0.98584 0.565918 0.0283203 0.0664062 0.777344
6 0.865234 0.244873 0.0595703 0.0424805 0.773438
2 0.600586 0.835449 0.0507812 0.0400391 0.769043
18 0.947754 0.0664215 0.0380859 0.0544128 0.763672
2 0.793457 0.413818 0.0263672 0.0444336 0.763672
14 0.628906 0.977539 0.015625 0.0449219 0.763672
22 0.953125 0.910156 0.0351562 0.0439453 0.754883
10 0.761719 0.23584 0.0527344 0.0678711 0.730957
8 0.882812 0.495605 0.0410156 0.0458984 0.730957
2 0.554199 0.988281 0.0361328 0.0234375 0.729492
6 0.691406 0.752441 0.0390625 0.0449219 0.728027
22 0.533203 0.163818 0.0351562 0.0439453 0.695801
1 0.978516 0.246582 0.0390625 0.0649414 0.695801
5 0.498779 0.0101776 0.0415039 0.0203552 0.694336
22 0.688965 0.498291 0.0361328 0.0473633 0.692871
13 0.887695 0.231934 0.0214844 0.0664062 0.689453
13 0.957031 0.400391 0.0273438 0.0693359 0.6875
2 0.434082 0.754883 0.03125 0.0429688 0.680664
2 0.852051 0.984863 0.0322266 0.0302734 0.673828
6 0.703125 0.988281 0.0175781 0.0234375 0.672363
8 0.515747 0.24707 0.0407715 0.0439453 0.668945
18 0.598633 0.746094 0.0546875 0.0605469 0.65332
2 0.842773 0.329346 0.0214844 0.0297852 0.640625
18 0.703125 0.325684 0.0390625 0.0537109 0.638672
6 0.396484 0.502441 0.0390625 0.0429688 0.637207
18 0.984375 0.820312 0.03125 0.0605469 0.633301
22 0.621094 0.0769653 0.0351562 0.0419922 0.62793
2 0.489014 0.503784 0.0258789 0.0354004 0.625977
8 0.957031 0.985352 0.0371094 0.0292969 0.624512
16 0.810547 0.833008 0.0410156 0.0478516 0.616699
13 0.471436 0.0730591 0.0283203 0.0650635 0.611328
5 0.834961 0.413574 0.0546875 0.0478516 0.607422
16 0.810547 0.751953 0.0390625 0.0439453 0.607422
5 0.955566 0.664062 0.0556641 0.0410156 0.605957
23 0.423096 0.421631 0.0458984 0.0454102 0.596191
24 0.602051 0.977051 0.0341797 0.0458984 0.571777
13 0.960938 0.563965 0.0205078 0.0732422 0.569824
21 0.791992 0.584961 0.0351562 0.0458984 0.558105
0 0.983887 0.485107 0.0322266 0.0561523 0.554688
22 0.439453 0.01017 0.0380859 0.02034 0.541016
14 0.478027 0.978516 0.0351562 0.0429688 0.521484
4 0.38916 0.583008 0.0639648 0.0527344 0.517578
16 0.754883 0.832031 0.0507812 0.0488281 0.509766
