21 0.766113 0.670898 0.0917969 0.134766 0.99707
1 0.845703 0.0904541 0.0839844 0.132812 0.995117
27 0.909668 0.473633 0.0527344 0.135742 0.993164
19 0.512573 0.844727 0.0627441 0.0908203 0.992676
27 0.916992 0.0835571 0.0507812 0.134644 0.990234
16 0.616211 0.845703 0.0957031 0.0908203 0.989746
9 0.316406 0.652832 0.0869141 0.0947266 0.986816
5 0.0775146 0.842773 0.097168 0.0957031 0.984375
2 0.905762 0.26178 0.0732422 0.0985107 0.98291
13 0.692383 0.821289 0.0449219 0.140625 0.981934
5 0.395508 0.454346 0.0830078 0.0898438 0.980469
5 0.434082 0.847168 0.0844727 0.0908203 0.97998
29 0.755859 0.45459 0.115234 0.176758 0.979492
11 0.172607 0.822754 0.0947266 0.133789 0.977051
23 0.608398 0.45752 0.0683594 0.0888672 0.975586
6 0.821777 0.263184 0.0839844 0.0883789 0.973145
8 0.753906 0.0670166 0.0820312 0.086792 0.972656
2 0.850586 0.453613 0.0605469 0.0888672 0.963867
0 0.0626221 0.654297 0.125244 0.0957031 0.959961
5 0.757812 0.840332 0.0820312 0.0927734 0.958008
10 0.425537 0.626953 0.0947266 0.140625 0.95752
12 0.330078 0.825684 0.113281 0.133789 0.94873
22 0.546387 0.973145 0.09375 0.0537109 0.941895
19 0.193359 0.974121 0.0625 0.0517578 0.933594
6 0.595703 0.261658 0.0820312 0.0909424 0.933105
27 0.09375 0.47998 0.0539551 0.131836 0.924316
18 0.48877 0.247192 0.129883 0.123291 0.911621
18 0.886719 0.826172 0.125 0.119141 0.82666
13 0.65332 0.975586 0.0703125 0.0488281 0.801758
13 0.473145 0.969727 0.043457 0.0605469 0.800781
9 0.926758 0.98877 0.0800781 0.0224609 0.744629
6 0.506836 0.449707 0.131836 0.104492 0.666992
6 0.640625 0.0653687 0.136719 0.0992432 0.622559
6 0.49707 0.0588379 0.126953 0.107422 0.607422
