4 0.177002 0.914062 0.0366211 0.0566406 0.96582
2 0.104004 0.751953 0.0275879 0.0390625 0.943359
2 0.174683 0.754395 0.0307617 0.0458984 0.942383
18 0.150024 0.831055 0.0407715 0.0527344 0.941895
2 0.103882 0.915039 0.0317383 0.046875 0.94043
6 0.072937 0.835449 0.0386963 0.0439453 0.870605
2 0.049614 0.987793 0.0372467 0.0244141 0.868652
13 0.104248 0.823242 0.0244141 0.0703125 0.866211
8 0.0864868 0.332031 0.0389404 0.0439453 0.865234
0 0.121582 0.499023 0.0598145 0.046875 0.85498
1 0.0308228 0.842285 0.0395508 0.0634766 0.844727
8 0.139435 0.919922 0.0375366 0.0449219 0.844727
2 0.0494995 0.327148 0.0313721 0.0478516 0.84375
13 0.18042 0.825195 0.0229492 0.0664062 0.806641
7 0.168945 0.0271759 0.0498047 0.0542908 0.806641
2 0.174316 0.49707 0.0397949 0.0439453 0.794434
2 0.010025 0.161743 0.0198669 0.0454102 0.789062
21 0.0347366 0.594238 0.0423431 0.0605469 0.785156
2 0.104248 0.988281 0.039917 0.0234375 0.757812
18 0.119019 0.406982 0.0568848 0.059082 0.753418
13 0.0415115 0.062439 0.0245209 0.0720215 0.723145
6 0.0706635 0.751953 0.0368958 0.0429688 0.723145
13 0.0354309 0.90625 0.0255127 0.0644531 0.637207
10 0.129395 0.234619 0.034668 0.0664062 0.594727
8 0.169312 0.658691 0.0446777 0.0654297 0.586914
6 0.0955811 0.076355 0.0612793 0.043335 0.583008
13 0.180664 0.979004 0.0214844 0.0419922 0.558105
22 0.0134964 0.328125 0.0267181 0.0449219 0.552734
12 0.0615845 0.150909 0.0268555 0.0668335 0.505859
