1 0.332275 0.926758 0.090332 0.136719 0.996094
1 0.621094 0.934082 0.0839844 0.131836 0.991211
23 0.217285 0.516602 0.0786133 0.0898438 0.990723
2 0.632324 0.717773 0.0703125 0.0908203 0.98877
23 0.56543 0.719238 0.0644531 0.0849609 0.983887
18 0.868652 0.712891 0.0859375 0.125 0.983398
2 0.769531 0.730957 0.0722656 0.0869141 0.98291
13 0.224121 0.879883 0.0463867 0.136719 0.979004
13 0.941895 0.716797 0.0449219 0.146484 0.978516
6 0.465576 0.326904 0.0932617 0.0957031 0.974609
22 0.120544 0.709473 0.0882568 0.0898438 0.974609
9 0.564453 0.326172 0.0878906 0.110352 0.972656
2 0.142822 0.513184 0.0700684 0.09375 0.970703
4 0.0756836 0.504761 0.06604 0.107666 0.969727
8 0.152802 0.899414 0.0952759 0.0976562 0.969727
2 0.0183716 0.317871 0.0367432 0.0996094 0.963379
6 0.455322 0.907227 0.141113 0.0957031 0.961426
6 0.711914 0.918945 0.0859375 0.0898438 0.960449
22 0.922363 0.350586 0.0839844 0.0898438 0.958008
21 0.734375 0.359131 0.0996094 0.137207 0.948242
5 0.856934 0.540527 0.0810547 0.0957031 0.947754
2 0.343262 0.709961 0.0678711 0.0898438 0.946777
10 0.902344 0.907715 0.0820312 0.142578 0.944336
8 0.829102 0.342773 0.0917969 0.0957031 0.937988
5 0.801758 0.922363 0.0859375 0.0947266 0.937012
2 0.067688 0.893555 0.0765381 0.0917969 0.931152
13 0.942383 0.520386 0.046875 0.140869 0.916016
4 0.767578 0.525879 0.0888672 0.113281 0.896973
11 0.114807 0.298889 0.147827 0.143433 0.816406
