9 0.92041 0.196533 0.0927734 0.0976562 0.989258
5 0.890137 0.0221558 0.0839844 0.0443115 0.98291
9 0.904297 0.597656 0.0917969 0.101562 0.98291
2 0.132324 0.801758 0.0761719 0.0898438 0.98291
2 0.928223 0.396484 0.0761719 0.0917969 0.980957
2 0.595215 0.799805 0.0742188 0.0917969 0.97998
18 0.398926 0.783691 0.0917969 0.123047 0.979492
6 0.798828 0.599609 0.09375 0.0917969 0.978516
7 0.252441 0.824219 0.0981445 0.132812 0.977539
18 0.89502 0.956055 0.108398 0.0878906 0.973145
6 0.0391235 0.805176 0.0782471 0.0898438 0.972656
2 0.69043 0.977539 0.0722656 0.0449219 0.969238
4 0.193481 0.96875 0.0686035 0.0625 0.967773
0 0.0843506 0.029007 0.139404 0.0580139 0.964355
22 0.820801 0.198975 0.0849609 0.0917969 0.960938
0 0.578125 0.979492 0.144531 0.0410156 0.95752
2 0.0295715 0.981445 0.059021 0.0371094 0.957031
2 0.262451 0.977051 0.0678711 0.0458984 0.956543
22 0.841797 0.806641 0.0839844 0.0917969 0.954102
14 0.0846558 0.957031 0.0418701 0.0859375 0.953613
8 0.156982 0.402344 0.0947266 0.0947266 0.953125
8 0.938477 0.804688 0.0917969 0.0957031 0.951172
8 0.779297 0.977539 0.0966797 0.0449219 0.942871
13 0.477051 0.773438 0.0498047 0.161133 0.940918
14 0.526367 0.78125 0.0449219 0.138672 0.936523
13 0.137573 0.956543 0.0527344 0.0869141 0.929199
6 0.286682 0.0271912 0.155151 0.0543823 0.922363
7 0.393066 0.618164 0.15918 0.135742 0.908691
7 0.461426 0.977539 0.0800781 0.0449219 0.901367
6 0.463379 0.404297 0.0917969 0.0927734 0.878418
16 0.0548706 0.407715 0.109741 0.0888672 0.806641
23 0.391357 0.40625 0.0874023 0.0878906 0.757812
4 0.402832 0.0269623 0.0644531 0.0539246 0.666992
23 0.340088 0.978516 0.074707 0.0429688 0.642578
6 0.488281 0.403564 0.0410156 0.0913086 0.629883
5 0.978516 0.974609 0.0429688 0.0488281 0.62793
1 0.570312 0.0275726 0.111328 0.0551453 0.571777
