2 0.104187 0.816406 0.0731201 0.0957031 0.98584
5 0.449219 0.615234 0.0922852 0.0957031 0.981934
8 0.777344 0.612305 0.0976562 0.0917969 0.981934
23 0.177002 0.821289 0.0708008 0.0917969 0.980957
2 0.47998 0.981445 0.0732422 0.0371094 0.980957
13 0.850586 0.790039 0.0410156 0.138672 0.978516
8 0.833496 0.225586 0.0996094 0.0986328 0.975586
1 0.835449 0.981445 0.09375 0.0371094 0.972656
4 0.315918 0.214233 0.0742188 0.105713 0.970215
4 0.92334 0.412842 0.078125 0.113281 0.969727
22 0.214233 0.224731 0.0866699 0.0910645 0.967773
14 0.802734 0.791016 0.0507812 0.142578 0.965332
2 0.731445 0.982422 0.0703125 0.0351562 0.965332
5 0.726562 0.811035 0.0908203 0.0908203 0.963867
2 0.467773 0.81543 0.0712891 0.09375 0.961914
6 0.925781 0.814941 0.0957031 0.0888672 0.959961
5 0.9375 0.226196 0.0996094 0.0964355 0.958008
4 0.865234 0.605957 0.0703125 0.114258 0.957031
5 0.980957 0.422852 0.0380859 0.09375 0.956055
6 0.810059 0.427246 0.144531 0.0976562 0.943359
23 0.397949 0.815918 0.0703125 0.0898438 0.935547
5 0.563477 0.980469 0.0917969 0.0390625 0.922363
1 0.315369 0.642578 0.132935 0.134766 0.912598
6 0.943359 0.982422 0.109375 0.0351562 0.907227
0 0.345703 0.985352 0.138672 0.0292969 0.901855
6 0.0426636 0.620117 0.0853271 0.0976562 0.898438
23 0.65918 0.983398 0.0703125 0.0332031 0.844727
10 0.962402 0.59375 0.0751953 0.138672 0.811523
5 0.0162354 0.219971 0.0324707 0.106934 0.808105
13 0.0714722 0.963867 0.0400391 0.0722656 0.754883
18 0.102051 0.209961 0.137207 0.125 0.699219
6 0.167023 0.616699 0.151794 0.0986328 0.67041
7 0.411621 0.422607 0.172852 0.17627 0.631836
18 0.666992 0.40625 0.138672 0.124023 0.523438
1 0.208496 0.984375 0.0771484 0.03125 0.523438
14 0.993164 0.199585 0.0136719 0.140381 0.505859
