1 0.908203 0.27124 0.0908203 0.143555 0.995117
4 0.979492 0.643555 0.0410156 0.123047 0.994141
13 0.97998 0.205109 0.0400391 0.189392 0.97998
22 0.75 0.857422 0.0839844 0.09375 0.975586
8 0.569824 0.65918 0.0927734 0.0927734 0.974121
23 0.671875 0.855957 0.0664062 0.0898438 0.962891
23 0.610352 0.26416 0.0722656 0.0942383 0.95752
22 0.473633 0.663086 0.0800781 0.0898438 0.956055
13 0.664062 0.23999 0.0390625 0.141113 0.955078
7 0.716797 0.680664 0.15625 0.136719 0.94873
10 0.84668 0.42749 0.0917969 0.143555 0.835449
27 0.985352 0.852539 0.0292969 0.105469 0.78125
38 0.412354 0.252441 0.175293 0.151367 0.750488
0 0.881836 0.634766 0.154297 0.146484 0.684082
