16 0.803711 0.637207 0.0917969 0.0859375 0.996094
27 0.164062 0.833008 0.0546875 0.130859 0.994141
18 0.856445 0.419434 0.0996094 0.131836 0.993652
18 0.706055 0.409424 0.101562 0.140137 0.990723
18 0.886719 0.223999 0.0976562 0.139893 0.988281
9 0.673828 0.827148 0.0839844 0.0947266 0.983887
19 0.491699 0.425781 0.0664062 0.0859375 0.981934
5 0.890625 0.833008 0.0742188 0.0888672 0.980469
2 0.0294952 0.216675 0.0589294 0.0969238 0.97998
0 0.296875 0.8125 0.137695 0.0878906 0.977539
13 0.874023 0.615234 0.0390625 0.134766 0.977051
2 0.408203 0.814453 0.0703125 0.0917969 0.976562
2 0.31543 0.615234 0.0712891 0.0859375 0.973633
6 0.576172 0.823242 0.0927734 0.0898438 0.973633
13 0.927734 0.420654 0.0400391 0.14209 0.972656
13 0.780273 0.41333 0.0419922 0.138184 0.970703
28 0.078476 0.805664 0.104279 0.179688 0.969238
14 0.325928 0.959473 0.0454102 0.0810547 0.96875
2 0.267578 0.982422 0.0703125 0.0351562 0.96582
12 0.760742 0.212769 0.149414 0.137451 0.96582
5 0.969727 0.249146 0.0605469 0.0935059 0.962891
18 0.951172 0.630371 0.0957031 0.119141 0.959961
2 0.62207 0.429688 0.0683594 0.0908203 0.959473
13 0.508301 0.796875 0.0371094 0.136719 0.958008
8 0.0639801 0.97998 0.099823 0.0400391 0.955566
6 0.597168 0.987305 0.0810547 0.0253906 0.955078
12 0.797852 0.806641 0.101562 0.134766 0.94873
5 0.171661 0.981445 0.100525 0.0371094 0.943359
14 0.462891 0.797852 0.0332031 0.132812 0.932617
8 0.967285 0.84082 0.0654297 0.0898438 0.92041
13 0.666992 0.962891 0.0498047 0.0742188 0.919434
14 0.975586 0.423584 0.0488281 0.134277 0.918457
22 0.407959 0.986328 0.0874023 0.0273438 0.89502
5 0.121155 0.199463 0.117065 0.134766 0.848145
1 0.505737 0.986328 0.076416 0.0273438 0.820801
18 0.869629 0.975586 0.12793 0.0488281 0.705566
22 0.741211 0.989258 0.0800781 0.0214844 0.697754
21 0.0765991 0.4375 0.11145 0.129883 0.692871
13 0.0058136 0.953613 0.0116272 0.0927734 0.686035
22 0.0827637 0.344727 0.0620117 0.0458984 0.658203
27 0.574219 0.231812 0.0664062 0.0925293 0.638672
13 0.709961 0.605469 0.0791016 0.137695 0.541016
