0 0.788086 0.266357 0.149414 0.0927734 0.987305
23 0.123352 0.851562 0.0738525 0.0917969 0.986328
23 0.19751 0.854004 0.0737305 0.0878906 0.986328
5 0.827148 0.842773 0.0976562 0.0957031 0.984863
19 0.278076 0.0750885 0.0620117 0.0900574 0.983887
0 0.434326 0.662598 0.145996 0.0986328 0.983887
5 0.518677 0.847168 0.0837402 0.09375 0.980957
11 0.924316 0.822266 0.0927734 0.134766 0.97998
2 0.210205 0.0711823 0.0751953 0.0954285 0.979492
2 0.0460205 0.855469 0.0806885 0.0957031 0.979004
18 0.79541 0.0564575 0.0927734 0.112915 0.976562
22 0.949219 0.453369 0.0878906 0.0932617 0.976074
27 0.84375 0.479736 0.0537109 0.131348 0.976074
5 0.977539 0.263245 0.0449219 0.0906982 0.974121
0 0.937012 0.65332 0.125977 0.0917969 0.970703
5 0.233276 0.65625 0.088623 0.0917969 0.966797
6 0.612305 0.847656 0.0976562 0.09375 0.966309
4 0.69873 0.83252 0.0703125 0.116211 0.965332
1 0.021759 0.487305 0.0435181 0.132812 0.959961
22 0.280273 0.850098 0.0864258 0.0888672 0.955566
4 0.313477 0.642578 0.0673828 0.126953 0.950684
0 0.775391 0.65332 0.193359 0.0927734 0.950195
21 0.594727 0.677246 0.167969 0.131836 0.932129
19 0.943848 0.974121 0.0634766 0.0517578 0.920898
22 0.39502 0.983887 0.0820312 0.0322266 0.885742
18 0.769531 0.981934 0.0761719 0.0361328 0.848145
4 0.126831 0.262451 0.102295 0.0996094 0.766113
27 0.903809 0.241821 0.0771484 0.12085 0.679199
11 0.0159302 0.96875 0.0316162 0.0625 0.539062
2 0.77832 0.462402 0.0751953 0.0917969 0.521484
