12 0.179932 0.896973 0.034668 0.0810547 0.98877
2 0.18103 0.978516 0.0317383 0.0429688 0.983887
7 0.0486755 0.90918 0.0415649 0.0625 0.955566
5 0.118652 0.38623 0.0371094 0.046875 0.953613
0 0.227661 0.979492 0.0612793 0.0410156 0.95166
2 0.234863 0.814941 0.0322266 0.046875 0.950195
7 0.230713 0.742188 0.0415039 0.0585938 0.94873
4 0.0166016 0.383301 0.0331421 0.0605469 0.944824
6 0.0330811 0.561035 0.0427246 0.0419922 0.942871
2 0.0406189 0.980469 0.031189 0.0390625 0.913086
0 0.21167 0.473877 0.0791016 0.0439453 0.909668
6 0.0908813 0.897461 0.039917 0.0429688 0.901367
0 0.097168 0.815918 0.0625 0.0419922 0.896484
14 0.0144348 0.464355 0.0206299 0.0683594 0.881836
2 0.238892 0.560547 0.0241699 0.0390625 0.875
13 0.0285034 0.632812 0.0231323 0.0800781 0.855957
22 0.189697 0.730957 0.0341797 0.0400391 0.84375
14 0.121338 0.890137 0.0202637 0.0664062 0.746094
8 0.0789948 0.389893 0.0419617 0.0483398 0.73877
10 0.151123 0.462891 0.0385742 0.0664062 0.73584
5 0.083313 0.561523 0.052002 0.0449219 0.729492
13 0.0924072 0.633301 0.027832 0.0712891 0.67041
4 0.16748 0.376953 0.0605469 0.0634766 0.637207
24 0.415039 0.473145 0.0478516 0.0322266 0.607422
18 0.0814209 0.974609 0.0476074 0.0507812 0.588867
