1 0.751953 0.311523 0.0410156 0.0605469 0.989258
11 0.231445 0.0248108 0.0375977 0.0496216 0.984863
19 0.825195 0.571289 0.03125 0.0429688 0.984863
16 0.913086 0.392822 0.0429688 0.0419922 0.978516
7 0.73291 0.224121 0.0439453 0.0576172 0.972656
2 0.583984 0.297363 0.0332031 0.0439453 0.97168
5 0.910156 0.480713 0.0390625 0.0405273 0.971191
11 0.657227 0.380371 0.0400391 0.0615234 0.970703
2 0.133423 0.0232849 0.0319824 0.0449829 0.968262
18 0.490723 0.46875 0.0410156 0.0576172 0.967285
18 0.25415 0.287109 0.0439453 0.0576172 0.966309
5 0.584961 0.211182 0.0390625 0.0432129 0.961426
6 0.494629 0.299316 0.0390625 0.0410156 0.958984
2 0.885742 0.570312 0.03125 0.0429688 0.958008
5 0.711914 0.130157 0.0371094 0.0429077 0.95752
2 0.585449 0.127441 0.0322266 0.0449219 0.956543
9 0.535156 0.297852 0.0390625 0.0439453 0.956543
2 0.188599 0.383301 0.0322266 0.0463867 0.956055
12 0.820801 0.0336304 0.0498047 0.0672607 0.95459
18 0.856445 0.289307 0.0410156 0.0556641 0.95459
5 0.393066 0.299072 0.0410156 0.0415039 0.954102
4 0.623047 0.208862 0.0371094 0.0478516 0.95166
22 0.65332 0.480957 0.0380859 0.0400391 0.95166
2 0.833984 0.126434 0.0332031 0.0425415 0.950684
22 0.437012 0.122131 0.0375977 0.0401611 0.950195
5 0.847656 0.393066 0.0410156 0.0449219 0.948242
18 0.622559 0.118286 0.0410156 0.0585938 0.946777
13 0.947266 0.38208 0.0214844 0.0698242 0.946777
13 0.942383 0.291748 0.0195312 0.0644531 0.946289
21 0.94043 0.578613 0.078125 0.0615234 0.945312
8 0.465332 0.56543 0.0439453 0.0458984 0.944824
18 0.951172 0.473145 0.0410156 0.0576172 0.942871
5 0.319336 0.564453 0.0390625 0.0439453 0.941895
9 0.145996 0.561523 0.0390625 0.0449219 0.936035
16 0.169922 0.284424 0.0766602 0.0620117 0.933594
13 0.869141 0.473145 0.0292969 0.0664062 0.933105
2 0.477051 0.387695 0.0283203 0.0419922 0.931641
14 0.857422 0.560547 0.0234375 0.0644531 0.931641
5 0.616211 0.391602 0.0371094 0.043457 0.930664
22 0.698242 0.300293 0.0419922 0.0419922 0.930176
13 0.423828 0.376465 0.0214844 0.0625 0.915039
7 0.275879 0.572266 0.0429688 0.0585938 0.914062
24 0.416504 0.181641 0.0400391 0.0229492 0.913086
0 0.960938 0.204102 0.0644531 0.0585938 0.913086
7 0.506836 0.0387268 0.0664062 0.0487671 0.911621
24 0.416992 0.201904 0.0429688 0.0629883 0.905762
5 0.157227 0.114014 0.0410156 0.0432129 0.903809
7 0.774414 0.401367 0.0449219 0.0595703 0.903809
0 0.0863647 0.562012 0.0802002 0.0478516 0.895508
18 0.337891 0.024292 0.0585938 0.048584 0.891602
23 0.275391 0.382812 0.0292969 0.0419922 0.889648
18 0.255432 0.46582 0.0565186 0.0546875 0.88623
4 0.81543 0.392578 0.0253906 0.0458984 0.885742
13 0.122437 0.183838 0.0192871 0.0717773 0.875
13 0.990234 0.114746 0.0195312 0.0673828 0.874023
7 0.391357 0.395508 0.0410156 0.0581055 0.873047
9 0.512573 0.387207 0.0393066 0.0429688 0.871582
18 0.207642 0.554199 0.0583496 0.0576172 0.871582
13 0.324707 0.462891 0.0180664 0.0683594 0.868652
18 0.153442 0.46582 0.0612793 0.0566406 0.863281
18 0.910156 0.293457 0.0410156 0.0566406 0.862305
10 0.42334 0.554688 0.0410156 0.0664062 0.86084
8 0.114807 0.111694 0.0438232 0.043457 0.858887
21 0.653809 0.305664 0.0439453 0.0605469 0.842773
5 0.350586 0.475586 0.0390625 0.0449219 0.838867
2 0.612793 0.569336 0.0302734 0.0449219 0.837402
2 0.306152 0.380859 0.0302734 0.0498047 0.836426
13 0.220215 0.284668 0.0219727 0.0654297 0.830078
5 0.181885 0.0235748 0.0605469 0.0467834 0.811523
9 0.555664 0.474121 0.0429688 0.0458984 0.811523
21 0.351562 0.308105 0.0410156 0.0585938 0.810547
4 0.955078 0.0297241 0.0292969 0.0494385 0.801758
2 0.560547 0.0255737 0.0390625 0.0510254 0.79834
13 0.988281 0.460693 0.0234375 0.081543 0.79834
11 0.894043 0.200684 0.0634766 0.0644531 0.791992
6 0.803223 0.299561 0.0595703 0.0419922 0.788086
4 0.286377 0.0249939 0.027832 0.0498657 0.778809
13 0.260742 0.0245972 0.0185547 0.0490723 0.756348
18 0.407715 0.0253754 0.0595703 0.0498352 0.73584
9 0.765625 0.0331497 0.0390625 0.0442963 0.70752
18 0.298096 0.114136 0.0595703 0.0559082 0.704102
13 0.780273 0.468994 0.0195312 0.065918 0.673828
29 0.0372314 0.0359802 0.0744629 0.0719604 0.658203
23 0.696777 0.390869 0.0332031 0.0419922 0.651367
7 0.991211 0.0280914 0.0175781 0.0561829 0.645996
10 0.247314 0.11084 0.0415039 0.0632324 0.620605
24 0.693848 0.221191 0.0322266 0.0522461 0.607422
0 0.764648 0.5625 0.0839844 0.0625 0.607422
5 0.30957 0.296631 0.0405273 0.0419922 0.588867
22 0.793945 0.127197 0.0390625 0.0395508 0.586914
4 0.0458374 0.189453 0.0394287 0.0561523 0.550781
18 0.415527 0.474365 0.0615234 0.0454102 0.537109
10 0.205811 0.463379 0.0385742 0.0629883 0.535156
18 0.950684 0.120605 0.0576172 0.0546875 0.521484
