27 0.708008 0.165741 0.0585938 0.13092 0.994141
0 0.827148 0.155487 0.138672 0.0991821 0.987793
1 0.959961 0.951172 0.0800781 0.0976562 0.981934
5 0.94873 0.155029 0.0869141 0.0969238 0.979492
2 0.645508 0.146362 0.0761719 0.098877 0.978027
14 0.202637 0.114502 0.0458984 0.138672 0.977539
8 0.858887 0.35376 0.0947266 0.0947266 0.977539
9 0.397461 0.136444 0.0869141 0.101135 0.976562
4 0.821289 0.942383 0.0703125 0.115234 0.976562
2 0.808594 0.75 0.0761719 0.09375 0.976074
6 0.893555 0.749023 0.0898438 0.0957031 0.975586
13 0.970703 0.529785 0.0410156 0.144531 0.975098
2 0.952148 0.348633 0.0761719 0.0957031 0.974609
13 0.746094 0.328613 0.0498047 0.149414 0.973145
2 0.673828 0.945312 0.0742188 0.0966797 0.96875
14 0.255371 0.115112 0.0561523 0.14502 0.968262
9 0.71875 0.548828 0.0927734 0.102539 0.967773
14 0.442383 0.917969 0.0478516 0.144531 0.963379
2 0.973633 0.751465 0.0527344 0.102539 0.956055
13 0.35498 0.710938 0.0419922 0.142578 0.95166
5 0.371582 0.943359 0.09375 0.0986328 0.950195
7 0.574219 0.765625 0.150391 0.132812 0.915527
18 0.883301 0.537109 0.133789 0.128906 0.913086
2 0.605957 0.544922 0.12207 0.0966797 0.907227
27 0.295898 0.0145187 0.0410156 0.0290375 0.803223
6 0.541016 0.944336 0.140625 0.105469 0.764648
13 0.564941 0.345947 0.0146484 0.0947266 0.677246
27 0.691406 0.348633 0.0585938 0.0927734 0.615234
10 0.314453 0.91748 0.0791016 0.146484 0.600098
14 0.757812 0.727539 0.0722656 0.142578 0.548828
24 0.212646 0.931641 0.0874023 0.136719 0.501953
