21 0.496826 0.913574 0.0395508 0.0595703 0.981445
0 0.438965 0.563965 0.0791016 0.0429688 0.978027
2 0.850586 0.891602 0.0302734 0.0429688 0.977539
6 0.84375 0.723633 0.0380859 0.0410156 0.974121
5 0.326904 0.392334 0.0390625 0.0463867 0.968262
7 0.0667572 0.413574 0.0381165 0.0654297 0.968262
24 0.754883 0.737305 0.0390625 0.0644531 0.966797
1 0.421143 0.827148 0.0395508 0.0644531 0.962891
5 0.303711 0.820312 0.0390625 0.0449219 0.962402
5 0.45752 0.899902 0.0400391 0.0439453 0.961426
2 0.833496 0.639648 0.0302734 0.0449219 0.957031
13 0.29541 0.384277 0.0209961 0.0683594 0.955078
13 0.824219 0.792969 0.0273438 0.0742188 0.95459
5 0.506836 0.729492 0.0390625 0.046875 0.954102
6 0.571777 0.980469 0.0400391 0.0390625 0.954102
2 0.861328 0.553711 0.03125 0.0449219 0.953613
0 0.911133 0.796875 0.0664062 0.0644531 0.953613
2 0.200928 0.984375 0.0341797 0.03125 0.95166
6 0.115601 0.908203 0.0407715 0.0390625 0.94873
13 0.689941 0.804688 0.0224609 0.0625 0.947266
2 0.731445 0.556641 0.0292969 0.0449219 0.946289
8 0.741211 0.896484 0.0429688 0.0429688 0.939453
10 0.251465 0.470215 0.0288086 0.0673828 0.938965
8 0.368652 0.562012 0.0405273 0.0458984 0.937012
0 0.804688 0.894043 0.0605469 0.0439453 0.936523
2 0.103699 0.484863 0.0318604 0.0439453 0.932129
5 0.835938 0.384277 0.0439453 0.0527344 0.928223
4 0.342773 0.472168 0.0351562 0.0576172 0.927734
0 0.584473 0.474121 0.0615234 0.0498047 0.927734
8 0.666016 0.897461 0.0371094 0.0429688 0.927734
5 0.858398 0.806641 0.0390625 0.0429688 0.926758
0 0.349609 0.902344 0.0615234 0.0449219 0.919434
7 0.0733643 0.916016 0.0440674 0.0605469 0.919434
4 0.711426 0.974609 0.0341797 0.0507812 0.918457
2 0.768555 0.640137 0.0273438 0.0429688 0.91748
8 0.366211 0.392578 0.0380859 0.0478516 0.916504
0 0.907715 0.552246 0.0625 0.0419922 0.916504
5 0.0544434 0.985352 0.0378418 0.0292969 0.916504
13 0.607422 0.805664 0.0273438 0.0664062 0.916016
2 0.0141754 0.655762 0.0281677 0.0458984 0.915527
0 0.725098 0.639648 0.0556641 0.0488281 0.913574
5 0.115967 0.985352 0.0356445 0.0292969 0.910645
2 0.629883 0.475098 0.0292969 0.0454102 0.905762
0 0.580078 0.899414 0.0634766 0.0429688 0.904785
8 0.289551 0.564453 0.0410156 0.046875 0.900391
18 0.277832 0.730469 0.0556641 0.0546875 0.899902
5 0.806152 0.723633 0.0371094 0.0390625 0.897461
8 0.887207 0.893555 0.0429688 0.0458984 0.89502
6 0.186279 0.823242 0.0385742 0.0410156 0.884766
13 0.673828 0.634277 0.0234375 0.0654297 0.883301
4 0.129608 0.391113 0.034729 0.0566406 0.882324
7 0.575195 0.826172 0.0380859 0.0585938 0.872559
18 0.465332 0.808594 0.0419922 0.0664062 0.867188
6 0.537109 0.561523 0.0410156 0.046875 0.86084
4 0.727539 0.808105 0.0371094 0.0537109 0.856934
0 0.441895 0.982422 0.0605469 0.0351562 0.85498
7 0.14502 0.830078 0.0405273 0.0654297 0.853027
5 0.36377 0.735352 0.0327148 0.0410156 0.851074
2 0.629883 0.888672 0.0332031 0.0644531 0.851074
5 0.532227 0.899414 0.0332031 0.0390625 0.84082
22 0.280273 0.650391 0.0380859 0.0429688 0.831055
22 0.702148 0.898926 0.0332031 0.0410156 0.827637
9 0.579102 0.560059 0.0390625 0.0439453 0.823242
21 0.0571594 0.751953 0.069519 0.0664062 0.823242
9 0.0206146 0.907715 0.0393372 0.0458984 0.817383
7 0.774414 0.386475 0.0517578 0.0454102 0.78125
24 0.643555 0.650391 0.0341797 0.0625 0.773438
2 0.398438 0.646973 0.0673828 0.0498047 0.760742
4 0.396973 0.897461 0.0297852 0.0507812 0.750488
22 0.533691 0.477539 0.0361328 0.0439453 0.746094
13 0.0859375 0.969238 0.0229492 0.0615234 0.73877
4 0.867676 0.97168 0.0322266 0.0527344 0.73877
4 0.0193329 0.48291 0.0381165 0.0556641 0.728027
4 0.032074 0.560059 0.0372925 0.0644531 0.720215
13 0.100403 0.385742 0.0251465 0.0732422 0.713867
8 0.832031 0.979492 0.0390625 0.0410156 0.710449
21 0.224731 0.835938 0.0390625 0.0585938 0.705566
0 0.913086 0.974609 0.0546875 0.046875 0.702637
8 0.673828 0.97998 0.0419922 0.0400391 0.702637
14 0.863281 0.369141 0.0224609 0.0732422 0.700684
12 0.607422 0.637207 0.0371094 0.0644531 0.699219
8 0.497559 0.564453 0.0361328 0.0410156 0.692871
2 0.51709 0.977539 0.0693359 0.0449219 0.666992
4 0.778809 0.466309 0.0605469 0.0527344 0.65332
8 0.331055 0.984375 0.0400391 0.03125 0.645996
6 0.296387 0.479492 0.0576172 0.0429688 0.644043
18 0.405273 0.390625 0.0361328 0.0498047 0.637207
13 0.18103 0.556641 0.0266113 0.0683594 0.631836
8 0.264893 0.823242 0.0395508 0.0429688 0.625977
6 0.623535 0.980469 0.0585938 0.0390625 0.607422
8 0.800781 0.642578 0.0371094 0.0410156 0.604004
18 0.929199 0.885742 0.0341797 0.0576172 0.600098
13 0.447754 0.637207 0.0273438 0.0703125 0.596191
4 0.0865479 0.564941 0.0324707 0.0566406 0.594727
2 0.234131 0.904297 0.0317383 0.046875 0.594727
21 0.635742 0.560547 0.0527344 0.0859375 0.59082
21 0.443848 0.391602 0.0371094 0.0488281 0.57959
21 0.177368 0.918945 0.0788574 0.0605469 0.571777
6 0.537109 0.818359 0.0390625 0.0429688 0.565918
14 0.205811 0.556152 0.0209961 0.0673828 0.554688
10 0.0522995 0.646484 0.046524 0.0693359 0.548828
22 0.781738 0.978516 0.0537109 0.0429688 0.539062
22 0.150879 0.569336 0.0302734 0.0380859 0.537109
12 0.861328 0.62793 0.0253906 0.0664062 0.533203
18 0.540039 0.388672 0.0341797 0.0488281 0.523438
4 0.501953 0.641602 0.0605469 0.0566406 0.511719
46 0.289062 0.906738 0.059082 0.0419922 0.503906
