2 0.911133 0.190186 0.0722656 0.0961914 0.979492
23 0.727539 0.194824 0.0722656 0.0952148 0.977051
6 0.109985 0.0208588 0.0927734 0.0417175 0.971191
0 0.341064 0.0221405 0.138184 0.04422 0.966797
7 0.615234 0.214966 0.146484 0.138428 0.942871
2 0.111572 0.19873 0.0734863 0.0986328 0.941895
0 0.640625 0.0187988 0.0878906 0.0375977 0.911621
5 0.028244 0.0218201 0.0563049 0.0436401 0.905273
2 0.941406 0.0195618 0.0742188 0.0391235 0.890137
4 0.194824 0.0208435 0.0563965 0.041687 0.881836
9 0.75 0.0197449 0.0839844 0.0394897 0.812988
13 0.462646 0.0388794 0.0473633 0.0777588 0.613281
19 0.870117 0.0171814 0.0673828 0.0343628 0.571777
