2 0.949219 0.646484 0.0742188 0.09375 0.980957
2 0.882812 0.0511169 0.0761719 0.0910034 0.97998
2 0.917969 0.450195 0.0761719 0.0966797 0.979492
5 0.586914 0.650391 0.0966797 0.0927734 0.978027
6 0.783203 0.0537415 0.0908203 0.0907593 0.977539
7 0.976562 0.0733643 0.046875 0.13501 0.976074
0 0.930664 0.849609 0.138672 0.09375 0.974609
4 0.943359 0.244995 0.0664062 0.114502 0.972656
13 0.885742 0.235596 0.0478516 0.144531 0.972656
7 0.305725 0.478516 0.172729 0.133789 0.954102
14 0.837891 0.233154 0.0488281 0.140137 0.953125
27 0.529297 0.282166 0.0585938 0.132935 0.949219
18 0.747559 0.243652 0.130859 0.124023 0.940918
18 0.402832 0.0519409 0.136719 0.103882 0.913086
18 0.719727 0.983398 0.0732422 0.0332031 0.903809
8 0.279297 0.052887 0.101074 0.102966 0.887207
10 0.270752 0.630371 0.097168 0.140625 0.838867
10 0.625977 0.231812 0.09375 0.144287 0.827637
