1 0.298828 0.702148 0.0449219 0.0644531 0.98291
2 0.566406 0.787598 0.03125 0.0449219 0.975586
2 0.791016 0.879883 0.0351562 0.046875 0.972168
5 0.547852 0.966309 0.0380859 0.046875 0.969238
2 0.0681305 0.783203 0.0336609 0.0439453 0.967285
2 0.212646 0.874023 0.03125 0.0449219 0.96582
18 0.635742 0.691406 0.0419922 0.0625 0.964355
5 0.358398 0.606445 0.0390625 0.0429688 0.963867
0 0.429932 0.785645 0.0629883 0.0449219 0.961914
7 0.157227 0.610352 0.0605469 0.0625 0.960938
1 0.0657959 0.609375 0.0427246 0.0644531 0.959473
7 0.894531 0.886719 0.0449219 0.0585938 0.958008
2 0.234497 0.696289 0.036377 0.0488281 0.957031
7 0.304932 0.97168 0.0449219 0.0566406 0.953613
2 0.256836 0.963867 0.0332031 0.0449219 0.953125
18 0.479492 0.867188 0.0429688 0.0585938 0.952637
18 0.815918 0.782227 0.0419922 0.0605469 0.95166
0 0.225708 0.787598 0.0598145 0.0458984 0.951172
5 0.862793 0.966797 0.0410156 0.0449219 0.951172
6 0.193115 0.695312 0.0427246 0.046875 0.944336
1 0.148438 0.70459 0.0449219 0.0605469 0.942383
11 0.248047 0.86377 0.0400391 0.0634766 0.941895
0 0.496582 0.966797 0.0615234 0.0449219 0.941895
5 0.431152 0.605469 0.0380859 0.0439453 0.937012
7 0.602539 0.523438 0.078125 0.0634766 0.93457
5 0.853027 0.515625 0.0380859 0.046875 0.934082
22 0.628906 0.964844 0.0371094 0.0410156 0.933594
0 0.0374146 0.867188 0.074707 0.0585938 0.932617
12 0.945312 0.869629 0.0517578 0.0761719 0.927734
5 0.928711 0.607422 0.0371094 0.0429688 0.925293
0 0.569336 0.594238 0.0654297 0.0673828 0.922852
23 0.726562 0.512817 0.0351562 0.0505371 0.919434
13 0.782227 0.780273 0.0234375 0.0673828 0.916016
0 0.975586 0.967773 0.0488281 0.0488281 0.910645
22 0.115723 0.963867 0.0388184 0.0429688 0.908203
4 0.395508 0.600586 0.0332031 0.0546875 0.904785
0 0.0632935 0.962891 0.0633545 0.0449219 0.903809
9 0.789062 0.60498 0.0410156 0.0478516 0.903809
0 0.904297 0.515503 0.0605469 0.0471191 0.901855
0 0.0702515 0.694336 0.0626221 0.0458984 0.900391
7 0.750488 0.797852 0.0429688 0.0605469 0.900391
1 0.37085 0.883301 0.043457 0.0634766 0.900391
5 0.338135 0.510254 0.0371094 0.0498047 0.895508
23 0.758789 0.699219 0.0371094 0.0517578 0.89502
18 0.214111 0.957031 0.0427246 0.0605469 0.891602
7 0.884766 0.614258 0.0488281 0.0585938 0.888184
5 0.279297 0.785645 0.0400391 0.0429688 0.884766
2 0.0237999 0.692383 0.0310745 0.046875 0.879883
10 0.776367 0.510254 0.0429688 0.0722656 0.875977
6 0.48291 0.788086 0.0410156 0.0449219 0.868652
13 0.66748 0.687012 0.0224609 0.0683594 0.863281
13 0.983398 0.865234 0.0234375 0.0693359 0.858887
2 0.665039 0.606445 0.0341797 0.046875 0.85791
7 0.0189667 0.791992 0.0379333 0.0644531 0.854004
2 0.390625 0.962891 0.0332031 0.046875 0.853027
27 0.417969 0.703125 0.0268555 0.0585938 0.852051
5 0.708984 0.791992 0.0371094 0.0566406 0.852051
0 0.436523 0.96582 0.0566406 0.0507812 0.849121
9 0.731445 0.875977 0.0390625 0.0449219 0.842773
21 0.322266 0.796387 0.0439453 0.0605469 0.829102
5 0.981445 0.701172 0.0361328 0.0527344 0.81543
6 0.745117 0.606934 0.0429688 0.0429688 0.801758
4 0.65918 0.509766 0.03125 0.0576172 0.796875
4 0.848145 0.601562 0.0283203 0.0488281 0.78418
5 0.303711 0.876953 0.0664062 0.0507812 0.78125
2 0.145996 0.873047 0.0322266 0.046875 0.779785
6 0.691406 0.878906 0.0390625 0.0507812 0.750488
14 0.677734 0.776855 0.0214844 0.0683594 0.728027
2 0.691895 0.517578 0.0322266 0.0507812 0.71875
5 0.879395 0.789062 0.0732422 0.046875 0.705566
14 0.516113 0.775391 0.0195312 0.0664062 0.705566
18 0.0139847 0.959473 0.0276947 0.0683594 0.6875
6 0.425049 0.871094 0.0620117 0.0527344 0.682617
13 0.537109 0.775879 0.0234375 0.0683594 0.660156
5 0.527344 0.867188 0.0429688 0.0644531 0.65332
22 0.362793 0.784668 0.0385742 0.0410156 0.604004
5 0.645996 0.869141 0.0498047 0.0644531 0.596191
14 0.472168 0.504883 0.0234375 0.0654297 0.558105
2 0.668945 0.958008 0.0371094 0.0664062 0.548828
8 0.378906 0.510254 0.0419922 0.0537109 0.53125
10 0.80127 0.957031 0.0341797 0.0644531 0.515625
