1 0.68457 0.898438 0.0917969 0.137695 0.996094
1 0.878906 0.708008 0.0898438 0.126953 0.991211
18 0.943359 0.862305 0.09375 0.126953 0.986328
14 0.807617 0.469971 0.0507812 0.138184 0.969238
22 0.768066 0.300781 0.0859375 0.0864258 0.96875
6 0.964844 0.685547 0.0703125 0.0917969 0.966309
14 0.986328 0.279785 0.0273438 0.131348 0.965332
14 0.858398 0.4646 0.0488281 0.137207 0.962891
23 0.503906 0.881348 0.0742188 0.0908203 0.959961
2 0.577637 0.874023 0.0712891 0.0976562 0.956543
8 0.670898 0.300049 0.0957031 0.097168 0.955078
6 0.933105 0.489258 0.09375 0.0917969 0.952637
11 0.539062 0.274658 0.151367 0.138184 0.90918
14 0.513672 0.469238 0.0859375 0.139648 0.897461
6 0.813477 0.884766 0.148438 0.0976562 0.865234
