1 0.964844 0.710449 0.0703125 0.141602 0.997559
1 0.580078 0.896484 0.0820312 0.136719 0.99707
27 0.652344 0.897461 0.0507812 0.135742 0.992188
8 0.415039 0.868164 0.0878906 0.0976562 0.987793
8 0.806641 0.681641 0.0927734 0.0957031 0.986816
7 0.822266 0.303162 0.0976562 0.138794 0.984863
9 0.658691 0.671875 0.0830078 0.0996094 0.984375
2 0.584961 0.674805 0.0644531 0.0976562 0.984375
22 0.925781 0.283142 0.0878906 0.0909424 0.98291
8 0.808105 0.0802155 0.0917969 0.0920105 0.982422
14 0.988281 0.26709 0.0234375 0.130371 0.982422
2 0.895508 0.682617 0.0693359 0.0917969 0.982422
0 0.766602 0.884766 0.130859 0.0947266 0.981934
22 0.880859 0.886719 0.0839844 0.0898438 0.980957
6 0.486328 0.0745697 0.0830078 0.0964661 0.979492
2 0.411133 0.0738525 0.0664062 0.0983887 0.979004
2 0.899414 0.0855865 0.0742188 0.0986023 0.979004
2 0.502075 0.875977 0.0759277 0.0957031 0.979004
4 0.868164 0.472168 0.0742188 0.112305 0.978027
14 0.953125 0.865234 0.0449219 0.136719 0.973145
13 0.807617 0.458496 0.0410156 0.142578 0.97168
22 0.978516 0.0856934 0.0429688 0.0947266 0.95752
14 0.588379 0.454834 0.0458984 0.140137 0.953613
14 0.988281 0.867188 0.0234375 0.144531 0.950195
2 0.405518 0.987793 0.0610352 0.0244141 0.888672
8 0.71875 0.0665894 0.0878906 0.133179 0.750488
