9 0.679688 0.887207 0.0839844 0.0976562 0.984863
0 0.733398 0.298828 0.138672 0.09375 0.98291
4 0.913574 0.869141 0.0546875 0.113281 0.982422
9 0.810547 0.0982666 0.0859375 0.10083 0.980957
6 0.59082 0.889648 0.0859375 0.0878906 0.979492
8 0.791992 0.69043 0.0917969 0.0917969 0.978027
9 0.941406 0.288818 0.0820312 0.106934 0.977539
5 0.0532837 0.89209 0.0927734 0.09375 0.975586
7 0.187378 0.914062 0.16333 0.134766 0.974609
5 0.967285 0.0999756 0.0654297 0.0932617 0.973633
6 0.850586 0.296387 0.0878906 0.0888672 0.973145
6 0.967285 0.687988 0.0654297 0.0878906 0.972656
7 0.234619 0.72168 0.107422 0.136719 0.971191
8 0.785156 0.491943 0.0917969 0.0922852 0.96875
13 0.0181885 0.0803223 0.036377 0.152832 0.96582
22 0.451904 0.88916 0.0878906 0.0917969 0.965332
7 0.184692 0.522461 0.114014 0.141602 0.948242
14 0.523926 0.867188 0.0488281 0.140625 0.946289
7 0.811523 0.908203 0.137695 0.132812 0.939453
2 0.734375 0.101013 0.0693359 0.0931396 0.924316
23 0.970215 0.880859 0.0566406 0.0820312 0.911621
13 0.646484 0.277588 0.0449219 0.132324 0.911133
10 0.658203 0.669922 0.0703125 0.138672 0.903809
2 0.0159149 0.5 0.0317078 0.0927734 0.875
4 0.884766 0.685059 0.0869141 0.0976562 0.79834
4 0.494629 0.681641 0.102539 0.107422 0.750488
10 0.196899 0.0818481 0.098877 0.141479 0.695801
8 0.342773 0.867188 0.128906 0.140625 0.649414
18 0.641602 0.0775146 0.103516 0.145996 0.598145
13 0.320557 0.477295 0.0576172 0.14502 0.57959
