1 0.959961 0.224121 0.0800781 0.144043 0.989746
4 0.821289 0.19397 0.0703125 0.118408 0.970215
2 0.808105 0.0232239 0.0771484 0.0464478 0.968262
14 0.442383 0.167938 0.0478516 0.144104 0.960449
5 0.37207 0.193604 0.09375 0.0986328 0.952148
9 0.431641 0.0167084 0.0761719 0.0334167 0.879883
7 0.57373 0.0410461 0.147461 0.0820923 0.837402
6 0.893066 0.0236664 0.0888672 0.0473328 0.796875
19 0.685547 0.0185242 0.0654297 0.0370483 0.789062
24 0.20813 0.200806 0.0964355 0.14624 0.785156
6 0.541016 0.193115 0.141602 0.106201 0.770508
14 0.130127 0.0114746 0.034668 0.0229492 0.647949
13 0.745117 0.0243988 0.0410156 0.0487976 0.635254
2 0.972656 0.0260162 0.0546875 0.0520325 0.59082
18 0.0775146 0.154999 0.132812 0.135315 0.571777
23 0.749023 0.197632 0.0683594 0.0939941 0.541016
