19 0.517578 0.880859 0.0683594 0.09375 0.992188
0 0.867676 0.297424 0.141602 0.0965576 0.987305
18 0.193604 0.862305 0.0932617 0.126953 0.98584
2 0.688477 0.884277 0.0742188 0.100586 0.981934
0 0.633789 0.68457 0.138672 0.0996094 0.978027
0 0.825195 0.498047 0.138672 0.0947266 0.975586
23 0.879883 0.68457 0.0683594 0.0878906 0.975098
6 0.227173 0.685547 0.0959473 0.0917969 0.973633
6 0.601074 0.882324 0.0898438 0.100586 0.973633
5 0.95166 0.490234 0.0869141 0.0927734 0.972656
22 0.0304718 0.300781 0.0609436 0.0869141 0.970215
22 0.325195 0.684082 0.0878906 0.0878906 0.967285
8 0.310059 0.881836 0.0947266 0.0957031 0.967285
2 0.972656 0.686523 0.0546875 0.100586 0.966797
13 0.75293 0.86084 0.0507812 0.145508 0.96582
5 0.825684 0.883301 0.0898438 0.0966797 0.958496
5 0.0147781 0.497314 0.0293427 0.0932617 0.956543
2 0.97998 0.300293 0.0400391 0.0927734 0.949707
14 0.110046 0.464111 0.0518799 0.138184 0.946777
22 0.410889 0.880371 0.0864258 0.0888672 0.945312
14 0.248779 0.277344 0.0512695 0.13623 0.9375
4 0.924805 0.868164 0.107422 0.126953 0.936523
14 0.0581055 0.469971 0.0506592 0.138184 0.932129
14 0.30249 0.268311 0.050293 0.156738 0.906738
8 0.0270844 0.686523 0.0540466 0.0908203 0.836426
6 0.0689697 0.884277 0.137939 0.0976562 0.791992
14 0.990234 0.860352 0.0195312 0.136719 0.760742
2 0.21228 0.992188 0.0727539 0.015625 0.651367
11 0.332031 0.471924 0.152344 0.140137 0.624512
4 0.760742 0.675781 0.106445 0.113281 0.620605
