7 0.42749 0.0723877 0.0932617 0.128662 0.990234
19 0.039032 0.84082 0.0675659 0.0898438 0.987305
2 0.835938 0.455078 0.0703125 0.09375 0.98584
13 0.114258 0.82373 0.0441895 0.141602 0.984375
7 0.791016 0.875 0.101562 0.135742 0.983887
21 0.923828 0.475586 0.103516 0.133789 0.981934
2 0.962891 0.256409 0.0742188 0.0926514 0.979004
8 0.759766 0.652344 0.0976562 0.0966797 0.978516
7 0.188843 0.870117 0.105713 0.134766 0.972168
6 0.0234222 0.445801 0.0468445 0.0966797 0.970703
6 0.691406 0.849609 0.0878906 0.0947266 0.970215
11 0.601562 0.22876 0.151367 0.138672 0.96875
6 0.333984 0.0499268 0.0927734 0.0915527 0.968262
22 0.804688 0.0593262 0.0898438 0.0895996 0.963379
27 0.185303 0.0482178 0.0605469 0.0949707 0.962402
22 0.861328 0.652344 0.0878906 0.0878906 0.958008
7 0.973633 0.682129 0.0527344 0.132812 0.952148
5 0.986816 0.453613 0.0263672 0.0859375 0.945312
7 0.938965 0.0761719 0.12207 0.137695 0.92627
6 0.556641 0.651855 0.0917969 0.0947266 0.90918
23 0.61377 0.851562 0.0664062 0.0859375 0.876465
5 0.294434 0.849609 0.0859375 0.0898438 0.869629
6 0.831543 0.257324 0.0966797 0.0874023 0.825684
10 0.208374 0.42334 0.092041 0.140625 0.819824
7 0.358887 0.469727 0.152832 0.131836 0.789062
22 0.402832 0.974609 0.102539 0.0507812 0.773438
2 0.297363 0.976074 0.0859375 0.0478516 0.764648
14 0.173584 0.975098 0.0537109 0.0498047 0.744629
19 0.0352478 0.974609 0.0576782 0.0507812 0.654785
6 0.285706 0.244995 0.139526 0.101807 0.640625
18 0.074585 0.0476685 0.140869 0.0930176 0.550781
