24 0.805176 0.638672 0.0390625 0.0488281 0.995605
18 0.758301 0.777832 0.0429688 0.0576172 0.991211
24 0.88916 0.25293 0.0400391 0.0478516 0.98877
21 0.617676 0.252686 0.0498047 0.0585938 0.988281
2 0.797363 0.789551 0.03125 0.0400391 0.980957
2 0.290527 0.248535 0.0332031 0.0375977 0.980469
13 0.724609 0.775879 0.0195312 0.0634766 0.977539
18 0.227783 0.158203 0.0444336 0.0605469 0.976074
5 0.546875 0.401367 0.0371094 0.0371094 0.973633
18 0.605469 0.699219 0.0429688 0.0585938 0.973145
2 0.978027 0.789551 0.0380859 0.0390625 0.970703
2 0.611328 0.404053 0.03125 0.0380859 0.969238
6 0.942383 0.0907593 0.0351562 0.0374756 0.968262
11 0.784668 0.857422 0.0361328 0.0605469 0.968262
5 0.701172 0.245605 0.0351562 0.0380859 0.967773
38 0.836426 0.700684 0.0683594 0.0703125 0.967285
0 0.516724 0.949219 0.0563965 0.0390625 0.966797
5 0.74707 0.867188 0.0371094 0.0390625 0.965332
0 0.288574 0.712891 0.0585938 0.0390625 0.963867
5 0.430664 0.713867 0.0361328 0.0371094 0.961914
7 0.22876 0.26001 0.0429688 0.0541992 0.960938
5 0.959961 0.869141 0.0371094 0.0400391 0.959473
2 0.862305 0.791016 0.03125 0.0400391 0.958984
0 0.140747 0.0159302 0.0561523 0.0318604 0.958496
0 0.612305 0.324707 0.0566406 0.0395508 0.958008
21 0.463623 0.4104 0.0512695 0.0561523 0.958008
5 0.212891 0.0916748 0.0336914 0.0373535 0.956543
7 0.181763 0.414307 0.0637207 0.0556641 0.954102
0 0.15625 0.87207 0.0522461 0.0371094 0.953125
0 0.831055 0.479004 0.0566406 0.0385742 0.952148
13 0.619141 0.776855 0.0214844 0.0761719 0.95166
13 0.944336 0.777832 0.0214844 0.0673828 0.95166
13 0.880371 0.156738 0.0195312 0.0600586 0.950684
9 0.497559 0.243164 0.0371094 0.0405273 0.949707
5 0.300537 0.32666 0.0361328 0.0371094 0.949707
5 0.514648 0.556152 0.0351562 0.0371094 0.949707
7 0.472656 0.486572 0.0537109 0.0512695 0.949219
5 0.543945 0.868164 0.0371094 0.0380859 0.94873
0 0.411133 0.790527 0.0556641 0.0390625 0.947754
5 0.789062 0.0141068 0.0361328 0.0282135 0.947266
2 0.214355 0.557617 0.0332031 0.0390625 0.946777
2 0.630859 0.626953 0.0292969 0.0429688 0.944336
12 0.239014 0.397217 0.0375977 0.0644531 0.943848
2 0.765625 0.246826 0.03125 0.0375977 0.940918
5 0.439697 0.869141 0.0405273 0.0419922 0.940918
22 0.602051 0.870117 0.0361328 0.0400391 0.939941
5 0.289551 0.170654 0.034668 0.0373535 0.939453
13 0.900391 0.312988 0.0195312 0.0634766 0.936523
7 0.900391 0.0993042 0.0429688 0.0523682 0.935059
10 0.73291 0.93457 0.0380859 0.0605469 0.934082
9 0.822754 0.552734 0.0322266 0.0390625 0.933594
5 0.567383 0.946289 0.0371094 0.0371094 0.933594
5 0.170898 0.48291 0.0356445 0.0351562 0.929199
11 0.311035 0.393555 0.0585938 0.0605469 0.928223
0 0.49585 0.869141 0.0561523 0.0400391 0.928223
10 0.783203 0.155548 0.0351562 0.0643921 0.92627
0 0.771973 0.47998 0.0576172 0.0390625 0.922852
5 0.451172 0.090332 0.0332031 0.0375977 0.922363
13 0.794922 0.541016 0.0185547 0.0683594 0.921387
2 0.928223 0.477051 0.0292969 0.0351562 0.919434
8 0.50769 0.402832 0.0334473 0.0371094 0.918457
18 0.910156 0.783203 0.0429688 0.0546875 0.918457
2 0.819336 0.088623 0.0283203 0.0380859 0.917969
24 0.735352 0.410645 0.046875 0.0498047 0.91748
5 0.922852 0.0151367 0.0351562 0.0302734 0.915039
13 0.111511 0.703125 0.0211182 0.0654297 0.915039
24 0.48877 0.293457 0.0361328 0.0244141 0.914062
4 0.203003 0.480957 0.0275879 0.0390625 0.913574
9 0.910156 0.168457 0.0390625 0.0397949 0.908203
2 0.324463 0.948242 0.03125 0.0380859 0.908203
0 0.543945 0.324219 0.0537109 0.0385742 0.906738
12 0.936523 0.396973 0.0390625 0.0703125 0.906738
5 0.978027 0.403809 0.0361328 0.0371094 0.901367
2 0.280518 0.483643 0.0258789 0.0336914 0.896973
13 0.883789 0.611328 0.0234375 0.0761719 0.89502
13 0.816406 0.856445 0.0195312 0.0664062 0.891602
21 0.670898 0.637695 0.0527344 0.0566406 0.891113
0 0.544922 0.166992 0.0566406 0.0380859 0.888672
13 0.270508 0.394043 0.0205078 0.0654297 0.885742
4 0.481934 0.0881348 0.0244141 0.0397949 0.882324
13 0.3125 0.779785 0.0205078 0.0654297 0.881836
5 0.880859 0.478027 0.0371094 0.0395508 0.879883
7 0.293945 0.027771 0.0576172 0.055542 0.877441
5 0.459473 0.946289 0.0366211 0.0390625 0.875977
6 0.333496 0.635742 0.0361328 0.0390625 0.874023
7 0.585449 0.798828 0.0390625 0.0507812 0.874023
5 0.283936 0.871094 0.0390625 0.0371094 0.872559
10 0.383789 0.468994 0.03125 0.0620117 0.862305
13 0.991211 0.932617 0.0175781 0.0722656 0.85791
13 0.361816 0.621582 0.0234375 0.0654297 0.856934
14 0.572754 0.858398 0.015625 0.0595703 0.85498
0 0.141846 0.0930176 0.0603027 0.0400391 0.854004
19 0.516602 0.791992 0.0322266 0.0371094 0.851074
6 0.17627 0.791016 0.0332031 0.0410156 0.848145
5 0.389893 0.865234 0.0351562 0.046875 0.842773
14 0.118286 0.9375 0.0175781 0.0585938 0.842773
18 0.927734 0.623535 0.0410156 0.0546875 0.841797
5 0.84668 0.868164 0.0400391 0.0400391 0.84082
14 0.262207 0.236816 0.0170898 0.0600586 0.836426
4 0.607422 0.554199 0.0234375 0.0419922 0.835449
14 0.119751 0.860352 0.0166016 0.0625 0.835449
22 0.977051 0.248169 0.0380859 0.0393066 0.833496
5 0.356934 0.789551 0.0507812 0.0410156 0.823242
5 0.706055 0.0887451 0.0351562 0.0371094 0.820801
12 0.869141 0.314941 0.0371094 0.0673828 0.818848
6 0.313477 0.483398 0.0341797 0.0341797 0.817383
2 0.71875 0.0147858 0.0273438 0.0295715 0.81543
9 0.482422 0.0154495 0.0341797 0.0306549 0.813965
2 0.396973 0.711914 0.027832 0.0371094 0.812988
22 0.880859 0.0136185 0.0351562 0.0272369 0.810547
19 0.65625 0.403809 0.0273438 0.0351562 0.809082
22 0.624023 0.948242 0.0371094 0.0419922 0.804199
2 0.575195 0.243042 0.0332031 0.0378418 0.801758
16 0.689941 0.786133 0.0478516 0.0449219 0.800781
14 0.71875 0.853516 0.0214844 0.0625 0.796875
18 0.133911 0.322266 0.0546875 0.0478516 0.789062
16 0.880371 0.549805 0.0507812 0.0410156 0.789062
13 0.924805 0.674805 0.0195312 0.0175781 0.775879
2 0.658203 0.866211 0.0292969 0.0390625 0.775879
22 0.481689 0.167236 0.0317383 0.0371094 0.771973
16 0.84375 0.165161 0.0517578 0.0419922 0.771973
8 0.899414 0.951172 0.0371094 0.0371094 0.771973
14 0.59668 0.93457 0.0175781 0.0605469 0.766113
7 0.932129 0.255798 0.0400391 0.053833 0.756348
14 0.151733 0.702148 0.0163574 0.0615234 0.747559
14 0.985352 0.620117 0.0214844 0.0605469 0.741699
9 0.733398 0.164062 0.0351562 0.0400391 0.740234
0 0.980469 0.0894775 0.0380859 0.0380859 0.73584
2 0.672852 0.324707 0.0566406 0.0395508 0.730957
2 0.59375 0.478516 0.0332031 0.0371094 0.728027
9 0.519531 0.710938 0.0380859 0.0390625 0.725098
2 0.33667 0.0898438 0.0595703 0.0402832 0.715332
8 0.717773 0.631348 0.0371094 0.0400391 0.713867
13 0.348633 0.315186 0.0214844 0.0620117 0.712402
3 0.385742 0.15744 0.0527344 0.0737915 0.710449
23 0.355713 0.947266 0.027832 0.0371094 0.705566
2 0.339355 0.0160522 0.0292969 0.0321045 0.702637
22 0.258728 0.636719 0.0372314 0.0410156 0.702637
8 0.542969 0.248169 0.03125 0.0383301 0.695801
23 0.391846 0.404297 0.0307617 0.0380859 0.6875
18 0.969727 0.0151825 0.0488281 0.030365 0.686035
8 0.840332 0.0146027 0.0361328 0.0292053 0.684082
9 0.954102 0.710938 0.0351562 0.0371094 0.672363
4 0.228027 0.790039 0.0273438 0.0439453 0.672363
22 0.822266 0.402832 0.0371094 0.0371094 0.666992
14 0.132324 0.703613 0.0180664 0.0605469 0.660156
2 0.417969 0.0861206 0.0288086 0.0480957 0.65332
10 0.378662 0.236572 0.0366211 0.0634766 0.645996
1 0.88916 0.408936 0.0380859 0.0537109 0.642578
13 0.841797 0.235718 0.0341797 0.0593262 0.633301
7 0.667969 0.716309 0.0410156 0.0527344 0.633301
2 0.991211 0.789062 0.0175781 0.0390625 0.616699
10 0.750977 0.0836182 0.0332031 0.0723877 0.604004
10 0.246094 0.470215 0.0361328 0.0634766 0.602051
16 0.132782 0.788574 0.0484009 0.0458984 0.602051
2 0.808594 0.247681 0.0283203 0.0349121 0.600098
2 0.957031 0.168579 0.0273438 0.036377 0.594727
13 0.203369 0.624023 0.0219727 0.0644531 0.592773
19 0.790039 0.946289 0.03125 0.0390625 0.588867
14 0.328369 0.312988 0.0166016 0.0615234 0.586914
5 0.751953 0.946777 0.0390625 0.0380859 0.575684
4 0.31958 0.166504 0.0244141 0.0439453 0.569824
13 0.757812 0.613281 0.0371094 0.0761719 0.569824
2 0.424805 0.553711 0.0341797 0.0371094 0.567871
4 0.353271 0.404541 0.0239258 0.0410156 0.565918
6 0.415527 0.632324 0.0341797 0.0390625 0.563965
11 0.847168 0.935547 0.0634766 0.0664062 0.546875
0 0.549805 0.015274 0.0585938 0.0305481 0.541016
23 0.464844 0.712891 0.0302734 0.0400391 0.533203
18 0.387451 0.315918 0.0483398 0.0664062 0.529297
18 0.136963 0.555176 0.0561523 0.0488281 0.527344
5 0.824707 0.325684 0.0449219 0.0356445 0.523438
23 0.831055 0.790039 0.03125 0.0371094 0.517578
21 0.209106 0.875488 0.0498047 0.0546875 0.515625
18 0.985352 0.541016 0.0292969 0.0664062 0.511719
13 0.59375 0.984375 0.0214844 0.03125 0.503906
