35 0.754883 0.657227 0.0507812 0.0605469 0.985352
0 0.758789 0.499878 0.0585938 0.0412598 0.964355
2 0.938477 0.667969 0.0292969 0.0410156 0.961426
20 0.970703 0.0803223 0.0585938 0.0838623 0.958008
0 0.767578 0.162354 0.0654297 0.0473633 0.954102
8 0.974121 0.669434 0.0400391 0.0419922 0.952637
7 0.832031 0.0175629 0.0390625 0.0351257 0.94043
0 0.888184 0.667969 0.0644531 0.0429688 0.936035
5 0.86084 0.332031 0.0380859 0.0424805 0.931641
0 0.762695 0.248535 0.0644531 0.0493164 0.928223
7 0.986328 0.510742 0.0273438 0.0625 0.928223
0 0.960938 0.833984 0.0585938 0.0429688 0.926758
2 0.807617 0.498535 0.0292969 0.0410156 0.924805
0 0.757812 0.833008 0.0644531 0.0507812 0.924805
22 0.77832 0.582031 0.0332031 0.0410156 0.921387
2 0.890625 0.414062 0.0283203 0.0454102 0.913086
11 0.925781 0.405762 0.0371094 0.0615234 0.911133
8 0.97168 0.165771 0.0351562 0.0410156 0.90918
2 0.984863 0.75 0.0302734 0.0458984 0.90918
7 0.973145 0.260742 0.0390625 0.0620117 0.905273
21 0.801758 0.680664 0.0410156 0.0595703 0.898926
2 0.766602 0.751465 0.03125 0.0449219 0.898926
2 0.787109 0.919922 0.0273438 0.046875 0.896973
22 0.969238 0.916992 0.0322266 0.0410156 0.896484
6 0.978027 0.583984 0.0400391 0.0449219 0.895508
8 0.932129 0.917969 0.0361328 0.0410156 0.884766
21 0.828125 0.0911255 0.0410156 0.0582275 0.883301
12 0.907715 0.979492 0.0605469 0.0410156 0.879883
0 0.812012 0.755371 0.0527344 0.0400391 0.878906
8 0.84375 0.498535 0.0390625 0.0410156 0.876465
13 0.861328 0.404785 0.0273438 0.0664062 0.875977
8 0.893555 0.164307 0.0429688 0.0454102 0.856934
18 0.828613 0.411133 0.0380859 0.0517578 0.854004
6 0.910156 0.836914 0.0390625 0.0380859 0.852051
12 0.825195 0.824219 0.0507812 0.0644531 0.838867
13 0.749023 0.902832 0.0400391 0.0703125 0.816406
5 0.972168 0.989258 0.03125 0.0214844 0.804199
4 0.870117 0.911621 0.0292969 0.0537109 0.799316
21 0.937012 0.347656 0.0390625 0.0556641 0.790527
5 0.868652 0.0811768 0.0361328 0.0429688 0.78418
2 0.930176 0.499023 0.0371094 0.0449219 0.777344
10 0.751953 0.0682983 0.0371094 0.0675049 0.751953
2 0.815918 0.165039 0.0283203 0.0410156 0.746094
11 0.750977 0.981445 0.0351562 0.0371094 0.73584
10 0.915039 0.23999 0.0390625 0.0708008 0.733887
16 0.87207 0.753418 0.0390625 0.0410156 0.733887
24 0.944336 0.762695 0.0488281 0.0576172 0.730957
22 0.930664 0.00819397 0.0341797 0.0163879 0.723145
1 0.841797 0.591797 0.0371094 0.0644531 0.622559
13 0.924805 0.744141 0.0234375 0.0664062 0.620605
6 0.869629 0.82373 0.0380859 0.0625 0.59082
8 0.874023 0.00858307 0.0292969 0.0170746 0.581543
2 0.786133 0.989258 0.0292969 0.0214844 0.562012
8 0.850586 0.162354 0.0410156 0.0458984 0.556641
18 0.936035 0.579102 0.0380859 0.0517578 0.552734
4 0.903809 0.0749664 0.0332031 0.0514832 0.548828
22 0.934082 0.163086 0.0351562 0.0454102 0.539062
9 0.80957 0.330566 0.0351562 0.0458984 0.513672
