24 0.0889893 0.436523 0.0412598 0.0625 0.992676
12 0.764648 0.256104 0.0332031 0.0795898 0.991211
2 0.588379 0.342285 0.0292969 0.0429688 0.98877
12 0.885254 0.679199 0.0341797 0.0810547 0.987793
2 0.427246 0.842773 0.0283203 0.0390625 0.983398
5 0.0585938 0.0861816 0.038208 0.046875 0.981934
6 0.496094 0.342285 0.0419922 0.0429688 0.981445
35 0.790039 0.32959 0.0458984 0.0595703 0.981445
9 0.923828 0.84375 0.0371094 0.0439453 0.980957
5 0.291504 0.678711 0.0327148 0.0429688 0.979004
11 0.272949 0.161133 0.0366211 0.0644531 0.978027
14 0.557129 0.832031 0.0166016 0.0605469 0.977539
24 0.728516 0.184204 0.0605469 0.0637207 0.974609
5 0.560547 0.594727 0.0371094 0.0410156 0.971191
12 0.477539 0.509644 0.0341797 0.0783691 0.970703
2 0.866699 0.425293 0.03125 0.0458984 0.967285
2 0.444824 0.679688 0.03125 0.0449219 0.966797
2 0.324951 0.426758 0.0268555 0.0444336 0.966309
24 0.386719 0.933594 0.0390625 0.0625 0.966309
24 0.666016 0.854492 0.0585938 0.0585938 0.964355
5 0.761719 0.0874023 0.0371094 0.0449219 0.961914
2 0.549805 0.173462 0.03125 0.045166 0.961914
2 0.351807 0.509277 0.0317383 0.046875 0.960938
0 0.702148 0.763672 0.0644531 0.046875 0.960938
2 0.600098 0.924805 0.0302734 0.0458984 0.959961
2 0.435791 0.259277 0.0258789 0.043457 0.958984
14 0.556641 0.244873 0.0175781 0.0668945 0.95752
6 0.893066 0.257874 0.0419922 0.0418701 0.956055
11 0.0235901 0.913086 0.0375366 0.0644531 0.95459
6 0.766602 0.425781 0.0371094 0.0439453 0.952148
9 0.557617 0.760742 0.0361328 0.0449219 0.95166
24 0.35791 0.930664 0.0234375 0.0429688 0.95166
6 0.451172 0.174072 0.0400391 0.0405273 0.950684
0 0.380859 0.842773 0.0605469 0.0410156 0.950195
8 0.358887 0.42749 0.0371094 0.046875 0.949219
9 0.298828 0.509888 0.0341797 0.0446777 0.946777
9 0.238281 0.84375 0.0375977 0.0439453 0.946777
6 0.196899 0.845703 0.0361328 0.0410156 0.944336
2 0.527832 0.922852 0.0292969 0.0449219 0.944336
0 0.768555 0.681641 0.0556641 0.0429688 0.941895
6 0.0662994 0.924805 0.0402527 0.0410156 0.940918
8 0.240356 0.762207 0.0354004 0.0390625 0.94043
24 0.807129 0.93457 0.0371094 0.0625 0.94043
5 0.773438 0.594727 0.0410156 0.046875 0.937988
24 0.882812 0.770508 0.0371094 0.0625 0.937988
6 0.517578 0.76123 0.0390625 0.0410156 0.9375
6 0.889648 0.510254 0.0400391 0.0419922 0.936523
8 0.710449 0.512695 0.0390625 0.0429688 0.935547
7 0.059906 0.773438 0.0641479 0.0634766 0.935547
2 0.435547 0.0889893 0.0283203 0.0407715 0.93457
0 0.87793 0.921875 0.0820312 0.0625 0.933105
14 0.133331 0.583984 0.0209351 0.0664062 0.932129
2 0.938965 0.172363 0.0351562 0.0439453 0.931152
10 0.13327 0.500977 0.0440063 0.0615234 0.930664
2 0.751953 0.762695 0.03125 0.046875 0.930664
12 0.807129 0.845703 0.0341797 0.0800781 0.930664
5 0.886719 0.847656 0.0371094 0.0410156 0.930664
24 0.584473 0.852539 0.0400391 0.0566406 0.930176
5 0.875977 0.341797 0.0351562 0.0429688 0.929199
6 0.107178 0.84375 0.0563965 0.0419922 0.929199
5 0.0447693 0.0145645 0.0363159 0.029068 0.928711
9 0.932617 0.509766 0.0429688 0.0488281 0.928711
24 0.597656 0.26709 0.0644531 0.0644531 0.927246
0 0.6875 0.0146255 0.0800781 0.0292511 0.925293
6 0.628418 0.424072 0.0419922 0.0478516 0.925293
9 0.936523 0.25708 0.0371094 0.0463867 0.923828
22 0.368164 0.678223 0.0371094 0.046875 0.923828
7 0.436523 0.519531 0.0400391 0.0634766 0.920898
5 0.059967 0.844727 0.038269 0.0449219 0.920898
8 0.334229 0.760742 0.0375977 0.0429688 0.919434
11 0.157471 0.833008 0.0375977 0.0625 0.916016
2 0.799805 0.25592 0.0302734 0.0467529 0.915527
11 0.477295 0.751465 0.0366211 0.0605469 0.915039
6 0.649414 0.760742 0.0410156 0.0449219 0.913086
14 0.670898 0.982422 0.0175781 0.0351562 0.913086
6 0.891602 0.594727 0.0371094 0.0449219 0.912598
5 0.750977 0.50769 0.0371094 0.0471191 0.907227
7 0.324951 0.0987549 0.0556641 0.0644531 0.902832
8 0.65918 0.508789 0.0429688 0.0478516 0.901367
0 0.817383 0.425781 0.0615234 0.0458984 0.898926
11 0.848633 0.497559 0.0371094 0.0664062 0.898926
23 0.701172 0.257324 0.0351562 0.0439453 0.897461
22 0.398682 0.425781 0.0356445 0.046875 0.896973
0 0.246582 0.922852 0.0571289 0.046875 0.895508
24 0.681641 0.173828 0.0351562 0.0625 0.89502
22 0.491699 0.844238 0.0322266 0.0380859 0.89502
6 0.328125 0.84375 0.0410156 0.0390625 0.893066
5 0.817383 0.681152 0.0371094 0.0458984 0.888184
0 0.159302 0.014389 0.0612793 0.0287781 0.88623
7 0.00819397 0.375488 0.0162048 0.113281 0.881836
8 0.608398 0.765625 0.0380859 0.0439453 0.881836
6 0.19751 0.923828 0.0390625 0.0419922 0.878906
9 0.240723 0.25531 0.0371094 0.0469971 0.875977
0 0.810059 0.0889893 0.0595703 0.0449219 0.874023
8 0.899902 0.173828 0.0439453 0.043457 0.871582
0 0.617676 0.59375 0.0791016 0.0429688 0.871582
8 0.157959 0.922852 0.0366211 0.0419922 0.871582
8 0.468262 0.0895996 0.0361328 0.0395508 0.868652
6 0.314209 0.173828 0.0415039 0.0463867 0.868164
22 0.263428 0.593262 0.0341797 0.0410156 0.868164
22 0.518066 0.508911 0.0341797 0.0446777 0.861328
14 0.532227 0.583008 0.0214844 0.0644531 0.86084
13 0.2854 0.982422 0.0288086 0.0351562 0.86084
0 0.21582 0.0819702 0.0639648 0.0578613 0.854004
8 0.680176 0.595215 0.0429688 0.0449219 0.854004
6 0.0998535 0.255432 0.0378418 0.0477295 0.852051
2 0.501953 0.0894775 0.03125 0.0432129 0.847168
0 0.312256 0.0135498 0.0561523 0.0270996 0.845703
14 0.904297 0.333496 0.0195312 0.0644531 0.84375
5 0.372314 0.760742 0.0361328 0.0410156 0.84375
19 0.851562 0.678223 0.03125 0.0458984 0.841797
22 0.620117 0.17334 0.0351562 0.0415039 0.832031
5 0.0238495 0.0899658 0.0256042 0.0268555 0.830078
24 0.150513 0.769531 0.0393066 0.0585938 0.823242
9 0.0106659 0.509277 0.0213318 0.0449219 0.820801
8 0.287598 0.847168 0.0380859 0.0400391 0.818848
18 0.852539 0.589844 0.0390625 0.0537109 0.816406
9 0.105713 0.923828 0.0378418 0.0439453 0.813965
24 0.620117 0.851562 0.0332031 0.0585938 0.811523
2 0.863281 0.172363 0.0283203 0.0461426 0.808105
2 0.0357056 0.341064 0.0320435 0.0498047 0.801758
6 0.526367 0.425293 0.0390625 0.043457 0.79834
24 0.387207 0.510254 0.0361328 0.0498047 0.79834
6 0.403564 0.0889282 0.0351562 0.0421143 0.794434
6 0.339355 0.250732 0.0415039 0.0581055 0.791992
8 0.5625 0.925293 0.0390625 0.046875 0.790527
2 0.773438 0.925293 0.0332031 0.0458984 0.788086
22 0.651367 0.342285 0.0351562 0.0449219 0.786621
0 0.0250244 0.257568 0.0492554 0.0493164 0.782715
10 0.835938 0.331543 0.0429688 0.0625 0.782715
6 0.423828 0.762207 0.0615234 0.0410156 0.779785
7 0.361328 0.0234375 0.0371094 0.046875 0.777344
2 0.694336 0.343506 0.0234375 0.027832 0.777344
22 0.209229 0.0137405 0.0361328 0.0274811 0.773438
6 0.220947 0.171387 0.0615234 0.0512695 0.773438
38 0.245483 0.982422 0.0373535 0.0351562 0.769043
6 0.267334 0.343506 0.0532227 0.043457 0.763672
12 0.11377 0.750977 0.0344238 0.0605469 0.760742
6 0.442627 0.0146255 0.0419922 0.0292511 0.750488
5 0.018631 0.680664 0.0368958 0.0439453 0.750488
22 0.32666 0.923828 0.0322266 0.0419922 0.747559
13 0.558105 0.414551 0.0195312 0.0654297 0.746094
2 0.827148 0.0142136 0.0332031 0.0284271 0.723145
4 0.0545044 0.670898 0.0334473 0.0546875 0.72168
6 0.192871 0.678711 0.0415039 0.0449219 0.72168
2 0.0534363 0.428467 0.0314331 0.0498047 0.715332
18 0.611328 0.502441 0.0527344 0.0566406 0.713867
12 0.925293 0.755859 0.0478516 0.0742188 0.705566
5 0.403076 0.0124969 0.0371094 0.0249939 0.702637
5 0.115356 0.342773 0.0373535 0.0439453 0.702637
13 0.152832 0.981445 0.027832 0.0371094 0.700684
22 0.93457 0.427246 0.0351562 0.0439453 0.694336
2 0.393066 0.59375 0.03125 0.0449219 0.692871
9 0.00793457 0.17395 0.0158691 0.043457 0.690918
13 0.432617 0.98291 0.0205078 0.0332031 0.689453
22 0.847656 0.841797 0.0332031 0.0410156 0.684082
5 0.852539 0.255859 0.0371094 0.0458984 0.675781
2 0.512695 0.0135193 0.0351562 0.0270386 0.660156
9 0.0085144 0.425537 0.0170288 0.046875 0.649414
13 0.876953 0.984375 0.0429688 0.03125 0.649414
6 0.798828 0.510254 0.0566406 0.0419922 0.629883
13 0.932129 0.917969 0.0253906 0.0664062 0.620605
8 0.0189819 0.844238 0.0374146 0.0419922 0.615234
7 0.560547 0.0211487 0.0410156 0.0421753 0.609375
35 0.673828 0.0861664 0.0585938 0.0827942 0.605957
7 0.797852 0.76123 0.0615234 0.0449219 0.602051
13 0.794922 0.983398 0.0214844 0.0332031 0.584961
12 0.428223 0.916016 0.0400391 0.0625 0.581543
5 0.478516 0.992188 0.0283203 0.015625 0.577637
23 0.583008 0.174561 0.0332031 0.043457 0.575684
13 0.291504 0.321289 0.0209961 0.0859375 0.567871
24 0.0358276 0.597656 0.0373535 0.0703125 0.567871
23 0.368164 0.0898438 0.0322266 0.0407715 0.552734
2 0.899414 0.426758 0.0322266 0.0439453 0.539062
14 0.452637 0.982422 0.0166016 0.0351562 0.539062
24 0.931152 0.603516 0.0449219 0.0605469 0.535156
13 0.199951 0.23999 0.0410156 0.0795898 0.533203
5 0.920898 0.994141 0.0351562 0.0117188 0.527344
18 0.813477 0.589844 0.0371094 0.0527344 0.525391
2 0.197998 0.76123 0.0458984 0.0400391 0.521484
2 0.164551 0.427246 0.0571289 0.0458984 0.513672
11 0.731445 0.332764 0.0439453 0.0698242 0.509766
24 0.659668 0.177368 0.0380859 0.059082 0.507812
