21 0.474365 0.115845 0.0981445 0.138916 0.98877
1 0.957031 0.918945 0.0859375 0.136719 0.987793
0 0.567871 0.889648 0.140625 0.0917969 0.983887
2 0.314941 0.0965576 0.0722656 0.0876465 0.98291
2 0.904785 0.0942383 0.0712891 0.0915527 0.980469
4 0.881348 0.484619 0.0703125 0.112793 0.97998
9 0.941406 0.690918 0.0878906 0.0976562 0.977539
22 0.837402 0.692871 0.0869141 0.0908203 0.976074
23 0.389404 0.0977783 0.0727539 0.0910645 0.975586
2 0.15506 0.888184 0.0717163 0.0927734 0.975586
6 0.8125 0.0950775 0.0976562 0.0896301 0.974609
2 0.696777 0.892578 0.0683594 0.0917969 0.974609
8 0.244385 0.889648 0.100586 0.0898438 0.974121
18 0.344482 0.870117 0.0927734 0.125 0.973633
22 0.572266 0.0963135 0.0888672 0.0917969 0.973145
6 0.449219 0.891602 0.0966797 0.0898438 0.973145
5 0.958008 0.495605 0.0820312 0.0927734 0.971191
13 0.823242 0.470703 0.046875 0.142578 0.967773
18 0.90918 0.276855 0.0917969 0.125 0.966797
22 0.810547 0.292542 0.0917969 0.0887451 0.963379
6 0.114746 0.496582 0.0927734 0.0917969 0.962891
4 0.0340271 0.490967 0.0680542 0.11377 0.955566
6 0.0641022 0.886719 0.0890808 0.0917969 0.94873
4 0.00959778 0.874023 0.0191956 0.12207 0.946777
11 0.0164795 0.290039 0.032959 0.172852 0.782715
23 0.369873 0.492676 0.0786133 0.0957031 0.778809
10 0.362793 0.266846 0.101562 0.14209 0.694336
23 0.973633 0.0988159 0.0527344 0.0899658 0.675781
