1 0.0446472 0.764648 0.0892944 0.134766 0.990234
14 0.270996 0.529175 0.0463867 0.138916 0.972168
14 0.323242 0.529297 0.0507812 0.130859 0.969727
5 0.186035 0.952148 0.0839844 0.09375 0.954102
0 0.375977 0.73291 0.119141 0.132812 0.893066
4 0.286621 0.948242 0.101074 0.102539 0.892578
6 0.397949 0.548828 0.0908203 0.0917969 0.854004
27 0.404297 0.956543 0.0556641 0.0869141 0.740234
13 0.243164 0.149902 0.0136719 0.0883789 0.726562
18 0.0722656 0.938477 0.135742 0.123047 0.682617
13 0.147705 0.547852 0.00512695 0.0839844 0.567871
6 0.0192871 0.341064 0.0383301 0.0913086 0.513672
5 0.0150757 0.534668 0.0299377 0.107422 0.503906
