2 0.912109 0.0800171 0.0292969 0.0440674 0.989258
18 0.476807 0.16394 0.0375977 0.0510254 0.984375
2 0.852539 0.243774 0.0332031 0.0476074 0.981934
10 0.603027 0.236694 0.0361328 0.0661621 0.979004
2 0.804688 0.328613 0.03125 0.0439453 0.973633
7 0.379883 0.939941 0.0429688 0.0615234 0.970703
2 0.722656 0.584961 0.0292969 0.0449219 0.970215
5 0.378418 0.84375 0.0429688 0.046875 0.964355
13 0.413574 0.916992 0.0234375 0.0683594 0.964355
11 0.916016 0.317383 0.0371094 0.0644531 0.963867
7 0.927734 0.592773 0.0371094 0.0605469 0.962402
10 0.625977 0.743652 0.0332031 0.0664062 0.961914
5 0.854492 0.0807495 0.0410156 0.0450439 0.960449
10 0.701172 0.154266 0.0332031 0.0630493 0.958008
5 0.658203 0.246338 0.0371094 0.0415039 0.956543
0 0.388428 0.675293 0.0688477 0.0498047 0.953613
7 0.874023 0.762695 0.0390625 0.0625 0.95166
0 0.387207 0.252502 0.0664062 0.0457764 0.951172
14 0.883789 0.0704956 0.0214844 0.0640869 0.950684
0 0.384766 0.088562 0.0585938 0.0445557 0.948242
5 0.385254 0.171631 0.0615234 0.0444336 0.944336
8 0.925293 0.921387 0.0410156 0.0478516 0.943359
0 0.864258 0.163574 0.0644531 0.0463867 0.942871
6 0.694336 0.248291 0.0371094 0.0405273 0.941406
11 0.483398 0.746094 0.0371094 0.0654297 0.939941
2 0.643555 0.418945 0.0332031 0.0458984 0.938477
6 0.583008 0.166016 0.0371094 0.0400391 0.930664
0 0.827148 0.837891 0.0585938 0.0449219 0.928711
5 0.708008 0.668945 0.0371094 0.0410156 0.928223
2 0.955078 0.667969 0.03125 0.0449219 0.928223
9 0.711914 0.922852 0.0371094 0.0439453 0.926758
0 0.518555 0.416504 0.0742188 0.0419922 0.924316
0 0.509277 0.84082 0.0585938 0.046875 0.923828
18 0.38623 0.58252 0.0585938 0.0546875 0.922363
6 0.523438 0.757324 0.0410156 0.0439453 0.922363
0 0.496094 0.333984 0.0771484 0.0439453 0.921387
22 0.376221 0.506836 0.0419922 0.0449219 0.914062
5 0.477539 0.589844 0.0371094 0.046875 0.908203
5 0.609375 0.923828 0.0371094 0.0449219 0.906738
6 0.96875 0.581055 0.0390625 0.0410156 0.903809
2 0.437744 0.671875 0.03125 0.0458984 0.900391
0 0.673828 0.839355 0.0625 0.0449219 0.899902
5 0.986328 0.485352 0.0273438 0.0644531 0.896484
5 0.802734 0.5 0.0546875 0.0449219 0.894043
13 0.991211 0.907227 0.0175781 0.0664062 0.890137
0 0.527832 0.585449 0.0615234 0.0458984 0.888184
22 0.721191 0.838867 0.0322266 0.0410156 0.888184
18 0.884766 0.495117 0.0371094 0.0517578 0.88623
12 0.407715 0.421875 0.0351562 0.0820312 0.883301
0 0.854492 0.583008 0.0546875 0.0449219 0.883301
18 0.375977 0.329834 0.0454102 0.0546875 0.880859
13 0.918945 0.486816 0.0273438 0.0683594 0.880859
8 0.849121 0.5 0.0371094 0.0419922 0.878418
8 0.94873 0.0798492 0.0429688 0.0446472 0.876465
8 0.680664 0.417969 0.0390625 0.0410156 0.861328
13 0.813477 0.40625 0.0234375 0.0625 0.86084
13 0.626953 0.983398 0.0195312 0.0332031 0.842773
13 0.474854 0.913574 0.0249023 0.0742188 0.841797
22 0.552734 0.0859375 0.0361328 0.0432129 0.839844
8 0.959473 0.243896 0.0410156 0.0458984 0.838867
13 0.51123 0.23938 0.0263672 0.0700684 0.837402
9 0.508301 0.924805 0.0380859 0.046875 0.831055
21 0.967285 0.932617 0.0419922 0.0605469 0.829102
14 0.856445 0.910156 0.0214844 0.0664062 0.825684
5 0.958008 0.321289 0.0390625 0.0595703 0.820801
18 0.543945 0.162354 0.0390625 0.0478516 0.818848
2 0.523926 0.0132294 0.0546875 0.0264587 0.809082
18 0.538086 0.990234 0.0371094 0.0195312 0.809082
14 0.411133 0.83252 0.0205078 0.0664062 0.808105
13 0.920898 0.982422 0.0175781 0.0351562 0.789062
9 0.520996 0.501953 0.0371094 0.0439453 0.786621
10 0.600586 0.576172 0.0351562 0.0683594 0.785156
18 0.468506 0.665039 0.0361328 0.0546875 0.78418
13 0.68457 0.489258 0.0214844 0.0683594 0.774414
22 0.953125 0.1604 0.0351562 0.0439453 0.771973
6 0.65918 0.756348 0.0439453 0.0419922 0.763672
7 0.561523 0.343018 0.0537109 0.0639648 0.757812
13 0.510254 0.156494 0.0283203 0.0639648 0.756348
2 0.629395 0.840332 0.0263672 0.0400391 0.756348
16 0.781738 0.415039 0.0390625 0.046875 0.743164
13 0.624023 0.652832 0.0253906 0.0810547 0.743164
22 0.885254 0.92041 0.0351562 0.0439453 0.741699
10 0.56543 0.828125 0.0351562 0.0664062 0.730957
13 0.573242 0.981934 0.0292969 0.0361328 0.725098
8 0.758789 0.584473 0.0410156 0.0449219 0.723145
5 0.81543 0.668945 0.0527344 0.0458984 0.71875
6 0.65918 0.923828 0.0634766 0.046875 0.716797
13 0.5 0.661133 0.0263672 0.0683594 0.710449
5 0.450684 0.842285 0.0576172 0.046875 0.702637
14 0.581543 0.913086 0.0185547 0.0664062 0.697754
10 0.970703 0.741211 0.0410156 0.0605469 0.695801
2 0.600586 0.0856934 0.0507812 0.0397949 0.695801
22 0.438965 0.251465 0.0356445 0.0415039 0.67041
12 0.48291 0.493164 0.0380859 0.0664062 0.662109
22 0.597168 0.839355 0.0332031 0.0419922 0.660156
18 0.984375 0.0710449 0.03125 0.0593262 0.65332
10 0.759766 0.827148 0.0390625 0.0683594 0.644043
6 0.990234 0.242554 0.0195312 0.0441895 0.640625
12 0.855957 0.981934 0.0351562 0.0361328 0.640625
6 0.432617 0.503784 0.0600586 0.0490723 0.638672
22 0.731934 0.247559 0.0351562 0.0424805 0.625977
2 0.804688 0.246094 0.0566406 0.0454102 0.624512
5 0.621094 0.584961 0.0410156 0.0507812 0.624512
2 0.554688 0.247803 0.0371094 0.043457 0.607422
24 0.824707 0.760742 0.0419922 0.0625 0.602051
5 0.387207 0.748047 0.0625 0.0673828 0.584961
18 0.951172 0.493408 0.0371094 0.0463867 0.558105
13 0.351074 0.0152283 0.00878906 0.030304 0.550781
13 0.680176 0.912109 0.0205078 0.0644531 0.544922
6 0.649414 0.0136261 0.0439453 0.0272217 0.539062
5 0.487305 0.993652 0.0371094 0.0126953 0.535156
13 0.866211 0.402832 0.0195312 0.0673828 0.511719
