13 0.302734 0.630371 0.046875 0.137695 0.979492
18 0.0526733 0.224121 0.105347 0.145508 0.976074
22 0.412598 0.849609 0.0859375 0.0966797 0.976074
7 0.203247 0.875 0.0983887 0.136719 0.974121
14 0.255615 0.625977 0.0463867 0.143555 0.96875
4 0.310303 0.841797 0.0981445 0.113281 0.944824
6 0.103088 0.851562 0.0924072 0.0976562 0.769043
6 0.330566 0.249146 0.0336914 0.0895996 0.677246
4 0.263916 0.239258 0.105469 0.111328 0.635254
14 0.075058 0.979004 0.0783997 0.0419922 0.602051
14 0.0979614 0.979004 0.0357666 0.0419922 0.558105
11 0.00719452 0.42334 0.0142365 0.138672 0.533203
