11 0.142456 0.756836 0.0876465 0.137695 0.989258
38 0.102554 0.944336 0.121552 0.111328 0.980957
9 0.237549 0.176147 0.0898438 0.104492 0.979492
22 0.287659 0.791992 0.0906982 0.0917969 0.977051
13 0.214111 0.763672 0.0444336 0.144531 0.973633
6 0.0449219 0.773438 0.0898438 0.0917969 0.969727
2 0.0444946 0.174316 0.0889893 0.0913086 0.952148
16 0.0208282 0.371826 0.0415344 0.081543 0.937988
4 0.184814 0.570312 0.103516 0.107422 0.922363
5 0.304932 0.0209961 0.097168 0.0419922 0.902832
6 0.262207 0.970215 0.147461 0.0595703 0.72168
7 0.0235901 0.601074 0.046814 0.134766 0.712402
6 0.254883 0.583008 0.0371094 0.0869141 0.529297
