12 0.952148 0.188599 0.0351562 0.0817871 0.993652
24 0.487549 0.279541 0.0415039 0.0649414 0.961914
2 0.775391 0.186523 0.0332031 0.0454102 0.960449
24 0.807617 0.197754 0.0371094 0.0668945 0.951172
23 0.535156 0.272949 0.0332031 0.0429688 0.951172
13 0.404297 0.0918579 0.0205078 0.0628662 0.936035
7 0.856934 0.196655 0.0400391 0.0563965 0.931641
2 0.337402 0.269531 0.0322266 0.0463867 0.926758
0 0.52832 0.188232 0.0791016 0.0458984 0.918457
0 0.655273 0.185303 0.0625 0.0424805 0.916016
24 0.896484 0.110535 0.0390625 0.0640869 0.915527
0 0.410645 0.185913 0.0791016 0.0441895 0.905762
13 0.810547 0.264648 0.0234375 0.0727539 0.904785
5 0.833984 0.0195465 0.0390625 0.039093 0.896973
24 0.566406 0.028656 0.0390625 0.057312 0.878906
8 0.918457 0.275391 0.0380859 0.0439453 0.866211
18 0.793945 0.0177765 0.0361328 0.035553 0.863281
11 0.703125 0.179199 0.03125 0.0546875 0.855957
20 0.688477 0.0254974 0.0761719 0.0509949 0.831055
22 0.823242 0.0999756 0.0332031 0.0419922 0.831055
13 0.992188 0.0912933 0.015625 0.0657043 0.812988
13 0.438965 0.17627 0.0224609 0.0610352 0.792969
24 0.967285 0.111816 0.0361328 0.0598145 0.78125
13 0.88916 0.175781 0.0263672 0.0690918 0.773438
8 0.746582 0.102783 0.0439453 0.0439453 0.770508
0 0.382324 0.270264 0.0581055 0.0449219 0.753418
22 0.569824 0.271973 0.0341797 0.0429688 0.737305
18 0.608398 0.272949 0.0390625 0.0634766 0.689453
2 0.536133 0.0146103 0.0263672 0.0288544 0.673828
24 0.930664 0.112122 0.0371094 0.0614014 0.605957
6 0.778809 0.276367 0.0390625 0.046875 0.605957
13 0.984375 0.174927 0.0273438 0.0720215 0.577637
6 0.875977 0.0183411 0.0410156 0.0366821 0.562012
18 0.595215 0.176514 0.0537109 0.057373 0.541016
2 0.327148 0.179443 0.0634766 0.0517578 0.519531
13 0.459717 0.0966797 0.0361328 0.0844727 0.509766
