23 0.448242 0.44043 0.0732422 0.0878906 0.987793
18 0.304199 0.211914 0.106445 0.141602 0.987305
2 0.163086 0.63916 0.0673828 0.0898438 0.987305
2 0.689453 0.845703 0.0800781 0.0976562 0.98584
8 0.879395 0.441895 0.0957031 0.0966797 0.984375
13 0.787109 0.420898 0.046875 0.143066 0.983887
4 0.898438 0.634277 0.0703125 0.114258 0.983887
6 0.800781 0.0453796 0.0957031 0.0899048 0.979004
7 0.432129 0.862305 0.103516 0.138672 0.978027
23 0.253357 0.833496 0.0684814 0.0888672 0.976562
2 0.966309 0.640625 0.0673828 0.0976562 0.976074
23 0.521973 0.440918 0.0722656 0.0839844 0.974609
4 0.144165 0.983398 0.0703125 0.0332031 0.970215
6 0.332275 0.833984 0.0878906 0.0917969 0.965332
6 0.767578 0.64209 0.0898438 0.0927734 0.955078
14 0.838867 0.620605 0.0449219 0.139648 0.952148
6 0.484619 0.973145 0.0874023 0.0537109 0.94873
2 0.240479 0.634766 0.074707 0.0957031 0.943359
8 0.380371 0.639648 0.0966797 0.09375 0.941895
22 0.40625 0.239014 0.0878906 0.0932617 0.932129
13 0.0769043 0.969727 0.0421143 0.0605469 0.921875
6 0.927734 0.848633 0.0878906 0.0839844 0.889648
11 0.773926 0.974609 0.0771484 0.0507812 0.858887
10 0.528809 0.615234 0.0927734 0.142578 0.856934
13 0.84668 0.972656 0.0605469 0.0546875 0.829102
4 0.605469 0.41626 0.0898438 0.140137 0.824219
8 0.190552 0.411133 0.0927734 0.138672 0.803223
22 0.966797 0.450439 0.0664062 0.0883789 0.771973
0 0.987305 0.846191 0.0253906 0.0947266 0.592773
6 0.741211 0.233643 0.142578 0.115234 0.53125
18 0.206787 0.0422363 0.10791 0.0838623 0.529297
5 0.587891 0.994141 0.0449219 0.0117188 0.505859
