5 0.65332 0.96875 0.0371094 0.0449219 0.988281
12 0.634277 0.255859 0.0742188 0.0791016 0.985352
2 0.949219 0.0797729 0.0292969 0.0432129 0.982422
2 0.573242 0.345703 0.0332031 0.043457 0.976562
5 0.793457 0.882812 0.0371094 0.0449219 0.972656
4 0.976074 0.615234 0.0322266 0.0507812 0.972168
1 0.910645 0.448486 0.0429688 0.0620117 0.97168
0 0.569336 0.874512 0.0595703 0.0429688 0.963379
2 0.51416 0.258545 0.03125 0.0454102 0.961914
24 0.425049 0.971191 0.0336914 0.0576172 0.95752
5 0.869141 0.260986 0.0351562 0.0410156 0.957031
5 0.378418 0.171387 0.0390625 0.046875 0.956055
10 0.878418 0.787109 0.0410156 0.0625 0.954102
9 0.876465 0.349121 0.0400391 0.0444336 0.953613
6 0.764648 0.439453 0.0429688 0.0429688 0.952637
0 0.818848 0.260193 0.0615234 0.0421143 0.949707
2 0.710938 0.616211 0.0332031 0.0449219 0.942871
21 0.931641 0.719238 0.0419922 0.0615234 0.942871
5 0.971191 0.259033 0.0400391 0.0424805 0.94043
2 0.385986 0.783691 0.03125 0.0439453 0.939453
7 0.839844 0.0907135 0.0429688 0.0597839 0.938965
0 0.521484 0.348633 0.0615234 0.0478516 0.938965
2 0.802246 0.0810699 0.0302734 0.04245 0.938477
18 0.606445 0.780273 0.0410156 0.0566406 0.938477
9 0.854492 0.435547 0.0410156 0.0458984 0.937988
6 0.884766 0.0825195 0.0429688 0.0412598 0.93457
5 0.539062 0.079834 0.0390625 0.0452881 0.933594
6 0.791992 0.618164 0.0429688 0.0439453 0.932617
0 0.371094 0.0791168 0.0810547 0.0507507 0.932129
7 0.742676 0.890625 0.0625 0.0605469 0.930664
6 0.788574 0.793945 0.0380859 0.0410156 0.930176
22 0.811035 0.438232 0.0390625 0.0415039 0.927246
23 0.558594 0.788086 0.0332031 0.0439453 0.927246
2 0.525879 0.787109 0.0283203 0.046875 0.925293
14 0.611816 0.958984 0.0263672 0.0664062 0.925293
0 0.600586 0.700195 0.0644531 0.0478516 0.924316
4 0.98584 0.70459 0.0283203 0.0498047 0.922852
13 0.612305 0.426514 0.0234375 0.065918 0.921875
5 0.619141 0.875488 0.0371094 0.0429688 0.921875
27 0.946289 0.443115 0.0253906 0.0561523 0.919434
5 0.9375 0.970703 0.0429688 0.0449219 0.918945
5 0.676758 0.439453 0.0371094 0.0449219 0.917969
18 0.578125 0.427734 0.0400391 0.0556641 0.91748
8 0.674805 0.169434 0.0410156 0.0473633 0.911621
5 0.414551 0.875 0.0654297 0.046875 0.911621
13 0.70459 0.959961 0.0205078 0.0644531 0.911621
7 0.96875 0.0157776 0.0605469 0.0315552 0.911133
5 0.631836 0.172119 0.0410156 0.0424805 0.90918
13 0.578125 0.604492 0.0214844 0.0644531 0.907227
0 0.833008 0.171021 0.0605469 0.0461426 0.903809
5 0.458496 0.16748 0.0380859 0.0471191 0.90332
13 0.79541 0.341309 0.0224609 0.065918 0.901855
20 0.912598 0.879883 0.0664062 0.0820312 0.901367
14 0.772461 0.340088 0.0214844 0.0644531 0.899902
13 0.499756 0.955078 0.0268555 0.0644531 0.897461
5 0.751465 0.705078 0.0390625 0.0429688 0.894043
0 0.478027 0.0795288 0.0800781 0.0457764 0.892578
0 0.746582 0.248047 0.0615234 0.0668945 0.884766
1 0.929199 0.358154 0.0439453 0.0629883 0.884766
4 0.620605 0.510742 0.0332031 0.0742188 0.884277
9 0.863281 0.970703 0.0410156 0.046875 0.882324
23 0.349609 0.786133 0.0371094 0.0507812 0.881836
19 0.706055 0.351074 0.03125 0.0429688 0.880859
23 0.799805 0.707031 0.03125 0.0429688 0.879883
6 0.95166 0.795898 0.0390625 0.0419922 0.878418
22 0.403809 0.259033 0.0380859 0.043457 0.877441
14 0.599609 0.336182 0.0205078 0.0620117 0.875
4 0.640137 0.432861 0.03125 0.0463867 0.874023
1 0.789551 0.0166016 0.0429688 0.0332031 0.872559
4 0.619141 0.0775146 0.0273438 0.0517578 0.865234
7 0.972656 0.537109 0.0488281 0.0605469 0.861328
23 0.775879 0.169922 0.0341797 0.0449219 0.86084
2 0.829102 0.709961 0.0253906 0.0449219 0.86084
0 0.919922 0.249512 0.0625 0.0639648 0.859863
5 0.422363 0.787109 0.0380859 0.0449219 0.847168
22 0.908691 0.524414 0.0380859 0.0390625 0.84082
18 0.988281 0.428955 0.0234375 0.0581055 0.839844
6 0.415527 0.608398 0.0405273 0.0410156 0.839844
5 0.626953 0.346191 0.0371094 0.0439453 0.838867
19 0.723633 0.791016 0.0273438 0.0390625 0.838867
23 0.941406 0.166504 0.0302734 0.0415039 0.835449
23 0.573242 0.169067 0.0292969 0.0454102 0.833496
4 0.920898 0.0766754 0.0292969 0.0500183 0.831055
14 0.69873 0.696289 0.0234375 0.0654297 0.824219
7 0.523438 0.622559 0.0449219 0.0595703 0.818848
14 0.822266 0.87207 0.0214844 0.0605469 0.813965
2 0.645508 0.790039 0.0292969 0.0429688 0.808105
4 0.344727 0.166016 0.0327148 0.059082 0.806641
10 0.417969 0.51062 0.0410156 0.0666504 0.804199
13 0.979492 0.15686 0.0410156 0.0649414 0.794434
13 0.72168 0.695801 0.0234375 0.0625 0.790527
6 0.936035 0.619141 0.0439453 0.0429688 0.785156
19 0.87207 0.526855 0.0292969 0.0410156 0.782715
4 0.879883 0.168945 0.0253906 0.046875 0.763672
8 0.979492 0.970215 0.0410156 0.0458984 0.759277
10 0.418457 0.158691 0.0395508 0.0664062 0.753418
22 0.74707 0.618164 0.0371094 0.0419922 0.753418
14 0.45459 0.775391 0.0234375 0.0644531 0.751953
10 0.607422 0.160889 0.0351562 0.0654297 0.728027
14 0.446777 0.599609 0.0185547 0.0644531 0.72168
7 0.71582 0.0920258 0.0615234 0.0600891 0.713867
1 0.883789 0.0156097 0.0390625 0.0312195 0.708984
6 0.969727 0.883301 0.0429688 0.0449219 0.682617
2 0.910156 0.17041 0.03125 0.0458984 0.67041
6 0.974609 0.347168 0.0488281 0.0458984 0.65332
14 0.424316 0.0692291 0.0234375 0.0644226 0.645996
4 0.666016 0.604004 0.046875 0.0615234 0.644043
8 0.985352 0.0789795 0.0292969 0.0463867 0.607422
13 0.474854 0.776367 0.0205078 0.0625 0.596191
0 0.986328 0.797852 0.0273438 0.0449219 0.562012
10 0.911621 0.960938 0.0380859 0.0683594 0.560059
22 0.678711 0.876953 0.0605469 0.0419922 0.556641
10 0.358643 0.867188 0.0507812 0.0644531 0.554688
14 0.68457 0.959473 0.0224609 0.0654297 0.515625
14 0.557129 0.602539 0.0205078 0.0644531 0.509766
13 0.855469 0.87207 0.046875 0.0625 0.509766
6 0.995605 0.879883 0.00878906 0.0498047 0.501953
