11 0.753906 0.242554 0.09375 0.139893 0.994629
4 0.980469 0.652832 0.0390625 0.104492 0.989258
2 0.865234 0.859375 0.0683594 0.0898438 0.986328
2 0.854004 0.0661469 0.0732422 0.0959778 0.985352
9 0.51416 0.863281 0.0917969 0.101562 0.983398
6 0.90918 0.662109 0.0957031 0.0888672 0.978516
8 0.947266 0.856934 0.0927734 0.09375 0.977539
7 0.804688 0.688477 0.0996094 0.136719 0.974121
21 0.771484 0.490967 0.09375 0.138184 0.973633
23 0.926758 0.071228 0.0703125 0.0928955 0.973145
0 0.522339 0.274902 0.131104 0.0917969 0.972656
21 0.369385 0.88623 0.104492 0.136719 0.970703
13 0.823242 0.248047 0.0419922 0.143555 0.967773
4 0.358398 0.265686 0.0654297 0.115112 0.963379
13 0.837891 0.441895 0.0380859 0.139648 0.961914
2 0.949707 0.97998 0.0996094 0.0400391 0.942871
13 0.441895 0.843262 0.0410156 0.134766 0.919434
2 0.42627 0.275452 0.0683594 0.0936279 0.908203
2 0.688477 0.464844 0.0722656 0.0966797 0.897461
18 0.535645 0.060791 0.129883 0.118652 0.880859
4 0.889648 0.453613 0.0683594 0.116211 0.873047
6 0.383301 0.665039 0.139648 0.105469 0.861328
4 0.621094 0.460449 0.0683594 0.110352 0.848145
18 0.395752 0.461914 0.146973 0.126953 0.836426
13 0.651367 0.984375 0.0527344 0.03125 0.737305
6 0.982422 0.0670166 0.0351562 0.0870361 0.692871
4 0.432129 0.985352 0.0732422 0.0292969 0.649414
5 0.665039 0.86084 0.0898438 0.0908203 0.620605
27 0.771484 0.0679932 0.0566406 0.0964355 0.607422
14 0.527832 0.987305 0.0556641 0.0253906 0.575684
6 0.67041 0.064209 0.135742 0.107666 0.571777
