21 0.25293 0.259766 0.101562 0.134766 0.994141
11 0.946777 0.216797 0.0927734 0.138672 0.993652
18 0.780273 0.820312 0.111328 0.142578 0.989258
2 0.87793 0.845215 0.0742188 0.0986328 0.985352
2 0.0289459 0.233887 0.0577698 0.0942383 0.984863
19 0.0460205 0.635742 0.065918 0.0878906 0.98291
9 0.958496 0.837891 0.0830078 0.107422 0.98291
2 0.149384 0.835938 0.0742798 0.0976562 0.97998
4 0.129913 0.626953 0.0668335 0.111328 0.979492
8 0.0584106 0.830078 0.0911865 0.0927734 0.978516
5 0.845703 0.236084 0.09375 0.0961914 0.975098
7 0.343018 0.868164 0.09375 0.126953 0.974609
23 0.0916138 0.233643 0.0672607 0.0859375 0.973145
14 0.785156 0.423828 0.0478516 0.148438 0.972168
2 0.929199 0.0444336 0.0732422 0.0888672 0.966797
5 0.949219 0.446289 0.09375 0.0966797 0.96582
13 0.817871 0.621094 0.0488281 0.140625 0.963379
21 0.900391 0.666992 0.103516 0.136719 0.955566
13 0.421387 0.812012 0.0458984 0.147461 0.942871
14 0.859375 0.0455933 0.046875 0.0911865 0.942383
22 0.248779 0.835938 0.0825195 0.0917969 0.940918
8 0.206299 0.65918 0.0839844 0.135742 0.892578
8 0.387695 0.0404053 0.09375 0.0808105 0.870605
12 0.540161 0.0450134 0.167725 0.0900269 0.836426
11 0.519653 0.814453 0.14624 0.142578 0.785156
2 0.770996 0.0445862 0.125 0.0888062 0.78125
6 0.617188 0.972656 0.0429688 0.0546875 0.728027
10 0.667969 0.816895 0.09375 0.141602 0.715332
19 0.675781 0.975586 0.0644531 0.0488281 0.712402
1 0.292725 0.969238 0.119629 0.0615234 0.695801
13 0.253662 0.0387268 0.0107422 0.0769653 0.649414
8 0.983887 0.0527954 0.0322266 0.105591 0.631836
10 0.536011 0.217773 0.076416 0.142578 0.622559
10 0.609375 0.616699 0.0917969 0.141602 0.577637
13 0.00719452 0.8125 0.014328 0.142578 0.550781
