4 0.142578 0.247803 0.0305176 0.0541992 0.983398
6 0.276367 0.0776367 0.0400391 0.041748 0.974609
0 0.539551 0.153564 0.0566406 0.0449219 0.950684
0 0.133301 0.164795 0.0656738 0.0458984 0.937988
18 0.47998 0.0691986 0.0400391 0.0513 0.936523
7 0.319336 0.172485 0.0390625 0.0600586 0.927246
7 0.515625 0.0143738 0.0390625 0.0287476 0.921875
5 0.817383 0.0650482 0.0380859 0.0449524 0.919434
9 0.498779 0.24646 0.0375977 0.0505371 0.915527
13 0.149414 0.0667877 0.0185547 0.0683289 0.909668
6 0.456787 0.24707 0.0424805 0.0454102 0.903809
0 0.720215 0.23645 0.0576172 0.0432129 0.888184
9 0.315674 0.074585 0.0341797 0.0412598 0.872559
5 0.357666 0.249023 0.0380859 0.0512695 0.869629
0 0.0710297 0.166016 0.0542297 0.0437012 0.868164
5 0.179688 0.0793457 0.0371094 0.0426025 0.867188
0 0.405518 0.246582 0.059082 0.0561523 0.86084
7 0.23877 0.0188751 0.0615234 0.0377502 0.849121
20 0.0602417 0.0805054 0.0845947 0.0894775 0.839844
13 0.32959 0.237549 0.0224609 0.0688477 0.808105
6 0.807129 0.235596 0.0361328 0.0454102 0.804199
10 0.881836 0.137085 0.0380859 0.0637207 0.799316
14 0.353027 0.151886 0.0224609 0.0648804 0.796875
6 0.226929 0.164551 0.0410156 0.0410156 0.796875
18 0.427246 0.151611 0.046875 0.0634766 0.789062
18 0.768555 0.231934 0.0410156 0.0541992 0.725098
2 0.0121002 0.265381 0.0238342 0.0693359 0.705566
9 0.267578 0.161377 0.0371094 0.0463867 0.666992
18 0.768555 0.0609741 0.0527344 0.0511475 0.638672
13 0.538574 0.237793 0.0234375 0.0761719 0.613281
1 0.623047 0.0774994 0.0410156 0.0676575 0.552734
6 0.427734 0.074646 0.0625 0.0423584 0.527344
5 0.941406 0.0634155 0.0273438 0.0354004 0.515625
22 0.0226288 0.163208 0.0357361 0.0510254 0.509766
