11 0.943359 0.82373 0.0957031 0.140625 0.992676
7 0.738281 0.278076 0.0996094 0.134277 0.986328
2 0.395264 0.644531 0.0756836 0.103516 0.98584
18 0.29126 0.623047 0.108887 0.142578 0.98291
5 0.958984 0.453857 0.0820312 0.0922852 0.981445
14 0.218628 0.428711 0.048584 0.13916 0.97998
2 0.227905 0.252686 0.0812988 0.100586 0.979492
23 0.323242 0.842773 0.0761719 0.09375 0.979492
4 0.151978 0.839844 0.0666504 0.121094 0.979004
8 0.521973 0.252991 0.100586 0.0926514 0.977539
29 0.870117 0.657227 0.130859 0.192383 0.977051
4 0.302246 0.240723 0.0683594 0.119141 0.973633
13 0.870117 0.820312 0.0488281 0.162109 0.973633
13 0.265381 0.428711 0.0439453 0.142578 0.972656
5 0.223145 0.845703 0.0810547 0.0996094 0.97168
2 0.365234 0.253967 0.0683594 0.0906982 0.970703
4 0.635742 0.831543 0.0683594 0.119141 0.970703
14 0.0958252 0.832031 0.0510254 0.141602 0.96582
6 0.84082 0.255859 0.0957031 0.0961914 0.964355
0 0.946289 0.255432 0.107422 0.100464 0.958008
23 0.433594 0.248657 0.0654297 0.0891113 0.955078
5 0.974609 0.649414 0.0507812 0.09375 0.939941
12 0.751953 0.428711 0.115234 0.137695 0.930664
12 0.10968 0.437012 0.157104 0.145508 0.916504
6 0.0360718 0.865234 0.0720215 0.0996094 0.903809
8 0.0436401 0.25885 0.0870361 0.0994873 0.885742
4 0.0149918 0.463867 0.0297089 0.0996094 0.880859
8 0.409668 0.841797 0.0986328 0.0996094 0.822266
6 0.887695 0.453857 0.0488281 0.0888672 0.794434
14 0.882812 0.976562 0.0410156 0.046875 0.774414
18 0.533203 0.831055 0.131836 0.126953 0.637207
13 0.861328 0.42627 0.0869141 0.140625 0.596191
13 0.368652 0.976562 0.0458984 0.046875 0.57959
2 0.0887451 0.979492 0.0878906 0.0410156 0.565918
14 0.00712967 0.637695 0.0142136 0.148438 0.563965
