1 0.950195 0.52002 0.0908203 0.139648 0.997559
11 0.943359 0.0734863 0.0957031 0.141113 0.991699
13 0.870117 0.0766602 0.0478516 0.149902 0.990234
9 0.818848 0.492188 0.0927734 0.100586 0.985352
19 0.642578 0.492676 0.0683594 0.09375 0.980469
7 0.520508 0.913086 0.0996094 0.140625 0.97998
7 0.890625 0.918945 0.09375 0.132812 0.97998
4 0.325195 0.868164 0.0756836 0.137695 0.977051
14 0.879883 0.274658 0.0488281 0.140625 0.976074
9 0.470703 0.489258 0.0917969 0.104492 0.976074
8 0.240601 0.890625 0.0900879 0.09375 0.975586
6 0.730469 0.697266 0.150391 0.0996094 0.972168
6 0.952148 0.302979 0.0957031 0.0996094 0.971191
14 0.600586 0.870117 0.046875 0.138672 0.970215
9 0.775391 0.886719 0.0917969 0.106445 0.966797
4 0.635742 0.0811615 0.0683594 0.120392 0.965332
5 0.42334 0.888672 0.0820312 0.0917969 0.964355
2 0.956055 0.693848 0.0859375 0.100586 0.943848
8 0.409424 0.0913086 0.0991211 0.100098 0.941895
4 0.659668 0.284119 0.106445 0.105591 0.892578
6 0.0359497 0.115356 0.0718994 0.101318 0.887207
6 0.671875 0.890625 0.0917969 0.0917969 0.884766
18 0.129028 0.882812 0.131104 0.128906 0.875
6 0.27124 0.297852 0.146484 0.0952148 0.82666
18 0.0844116 0.689941 0.130981 0.12207 0.803223
6 0.199951 0.496094 0.133789 0.102539 0.792969
5 0.972656 0.891602 0.0546875 0.09375 0.785156
8 0.0875854 0.280762 0.0914307 0.141113 0.728027
18 0.533203 0.0800171 0.131836 0.130249 0.672363
29 0.786621 0.0977783 0.120117 0.195557 0.550781
13 0.0291443 0.874023 0.0579834 0.140625 0.505859
