4 0.199219 0.591797 0.027832 0.0449219 0.975098
9 0.0385437 0.982422 0.0345459 0.0351562 0.969727
5 0.136505 0.908203 0.0346069 0.0390625 0.955078
2 0.0312195 0.832031 0.0338745 0.0390625 0.954102
12 0.0933228 0.900391 0.043335 0.0703125 0.953125
2 0.189453 0.671387 0.0327148 0.0380859 0.950195
11 0.0414124 0.898438 0.0374146 0.0605469 0.94873
5 0.199463 0.829102 0.0356445 0.0380859 0.918945
19 0.208252 0.90625 0.03125 0.0371094 0.899902
23 0.131073 0.827148 0.0293579 0.0351562 0.89502
4 0.126831 0.591797 0.0280762 0.0488281 0.894043
13 0.0978394 0.585449 0.0305176 0.0625 0.889648
8 0.171631 0.907227 0.0375977 0.0390625 0.888672
0 0.195312 0.981445 0.0776367 0.0361328 0.884766
6 0.0983887 0.983398 0.0389404 0.0332031 0.875
14 0.00611496 0.820801 0.0121841 0.0605469 0.858887
21 0.129425 0.757812 0.0482788 0.0585938 0.852051
4 0.0917969 0.671875 0.0241699 0.0429688 0.838867
2 0.00933838 0.675781 0.0186768 0.0410156 0.778809
2 0.0627289 0.673828 0.0293274 0.0390625 0.771973
2 0.0892334 0.750977 0.0299072 0.0371094 0.715332
4 0.166504 0.589355 0.0385742 0.0478516 0.708984
22 0.00911713 0.911621 0.0180206 0.0439453 0.575684
7 0.0881958 0.836914 0.0592041 0.0507812 0.552734
