2 0.481689 0.966797 0.0302734 0.0371094 0.995117
18 0.666016 0.558594 0.0429688 0.0605469 0.985352
6 0.919434 0.887695 0.0351562 0.0371094 0.981445
2 0.572266 0.96875 0.03125 0.0390625 0.981445
2 0.586914 0.886719 0.03125 0.0390625 0.980957
5 0.447754 0.574219 0.0356445 0.0390625 0.980469
12 0.709961 0.87793 0.0390625 0.0683594 0.974609
2 0.939453 0.969727 0.0332031 0.0410156 0.973633
2 0.82373 0.967773 0.0302734 0.0371094 0.972168
12 0.785156 0.958984 0.0390625 0.0703125 0.969727
5 0.479492 0.654297 0.0302734 0.0361328 0.968262
8 0.730469 0.808594 0.0371094 0.0390625 0.961426
7 0.384277 0.582031 0.0410156 0.0546875 0.955566
0 0.798828 0.884766 0.0576172 0.0410156 0.952637
1 0.723633 0.660156 0.0351562 0.0507812 0.950195
0 0.214844 0.96875 0.0561523 0.0410156 0.950195
13 0.553711 0.560547 0.0214844 0.0664062 0.947754
22 0.138306 0.810059 0.0375977 0.0410156 0.946289
22 0.178345 0.735352 0.0358887 0.0400391 0.941895
2 0.945312 0.722656 0.03125 0.0390625 0.939453
14 0.456787 0.95752 0.0166016 0.0644531 0.936523
5 0.84668 0.887695 0.0371094 0.0371094 0.924805
8 0.441406 0.886719 0.0371094 0.0410156 0.921875
4 0.73584 0.568848 0.0263672 0.0488281 0.921387
0 0.524902 0.966309 0.0556641 0.0410156 0.920898
5 0.704102 0.570801 0.0332031 0.0410156 0.918457
8 0.386719 0.812988 0.0380859 0.0371094 0.91748
0 0.869141 0.572266 0.0546875 0.0410156 0.902832
9 0.819336 0.649414 0.0371094 0.0410156 0.901855
6 0.348633 0.96875 0.0371094 0.0390625 0.898926
18 0.368652 0.643555 0.0419922 0.0605469 0.897461
5 0.314209 0.735352 0.0385742 0.0410156 0.897461
22 0.918945 0.570312 0.0371094 0.0419922 0.896973
2 0.82373 0.571777 0.03125 0.0400391 0.892578
13 0.576172 0.797852 0.0195312 0.0625 0.890137
6 0.622559 0.570801 0.0380859 0.0400391 0.888672
22 0.347168 0.811035 0.0371094 0.0371094 0.883301
6 0.750488 0.888184 0.0371094 0.0380859 0.878906
8 0.785156 0.570312 0.0371094 0.0400391 0.875
1 0.295898 0.900391 0.0322266 0.0517578 0.871582
22 0.689941 0.811035 0.0371094 0.0400391 0.861328
8 0.60791 0.970215 0.0371094 0.0429688 0.86084
7 0.16748 0.573242 0.0908203 0.0820312 0.859863
8 0.9375 0.647461 0.0361328 0.0390625 0.859863
6 0.979492 0.644531 0.0371094 0.0390625 0.84375
6 0.411865 0.654785 0.0385742 0.0380859 0.841797
8 0.307129 0.813965 0.0361328 0.0371094 0.84082
2 0.398926 0.731445 0.0527344 0.0390625 0.832031
8 0.898926 0.966797 0.0361328 0.0371094 0.824219
13 0.790039 0.632812 0.0175781 0.0742188 0.822266
8 0.858887 0.970703 0.0341797 0.0410156 0.822266
8 0.648438 0.808594 0.0351562 0.0390625 0.820801
9 0.391113 0.886719 0.0361328 0.0390625 0.820801
9 0.650391 0.966797 0.0361328 0.0390625 0.816406
23 0.550781 0.806641 0.0273438 0.0390625 0.803223
9 0.725586 0.726562 0.0371094 0.0410156 0.801758
1 0.624512 0.739258 0.0341797 0.0546875 0.789062
8 0.882324 0.887695 0.0351562 0.0371094 0.789062
10 0.967773 0.555664 0.0371094 0.0664062 0.78125
9 0.38916 0.969238 0.0375977 0.0410156 0.775879
6 0.672852 0.729492 0.0595703 0.0390625 0.770508
21 0.714355 0.972656 0.0458984 0.0546875 0.760742
7 0.792969 0.817383 0.0644531 0.0527344 0.753418
13 0.234375 0.638184 0.0270996 0.0693359 0.730957
4 0.49292 0.571289 0.0541992 0.046875 0.729492
11 0.885742 0.636719 0.0625 0.0644531 0.71875
38 0.160278 0.882812 0.0715332 0.0800781 0.715332
10 0.308105 0.641113 0.0410156 0.0644531 0.697754
0 0.981445 0.966309 0.0371094 0.0371094 0.695801
14 0.575195 0.561523 0.015625 0.0634766 0.682617
2 0.431396 0.969727 0.027832 0.0390625 0.672363
6 0.770508 0.649414 0.0556641 0.0390625 0.654785
13 0.690918 0.713867 0.0273438 0.0683594 0.642578
13 0.361328 0.859375 0.0175781 0.0273438 0.611328
21 0.269531 0.976074 0.0473633 0.0478516 0.605957
0 0.249878 0.8125 0.0578613 0.0361328 0.575684
2 0.506348 0.810059 0.0605469 0.0351562 0.529297
24 0.190308 0.818359 0.0568848 0.0498047 0.527344
