4 0.892578 0.247803 0.0302734 0.0541992 0.985352
20 0.974609 0.253662 0.0507812 0.0942383 0.983398
7 0.603516 0.18103 0.0546875 0.0666504 0.978027
18 0.681152 0.0807495 0.0390625 0.0537109 0.975098
2 0.757812 0.255127 0.0332031 0.0493164 0.969727
2 0.444336 0.0889282 0.03125 0.043335 0.969238
4 0.702637 0.164795 0.0332031 0.0512695 0.962891
11 0.93457 0.152466 0.0380859 0.0671387 0.959473
0 0.882812 0.165283 0.0644531 0.0449219 0.950684
0 0.537231 0.172363 0.0817871 0.0473633 0.949707
5 0.367676 0.0892334 0.0351562 0.0446777 0.941406
13 0.712891 0.0725708 0.0253906 0.0733643 0.936035
7 0.716797 0.265869 0.0410156 0.0639648 0.932617
0 0.974609 0.0759277 0.0507812 0.0424805 0.927734
6 0.406494 0.0898438 0.0405273 0.0441895 0.919434
7 0.979004 0.0176239 0.0419922 0.0352478 0.918457
13 0.359863 0.162842 0.0283203 0.067627 0.913086
5 0.929688 0.0794678 0.0371094 0.0428467 0.912598
13 0.899414 0.0668945 0.0185547 0.0686035 0.90918
0 0.541016 0.0784302 0.0595703 0.0628662 0.902832
6 0.977539 0.165161 0.0410156 0.0432129 0.890137
13 0.672363 0.244629 0.0292969 0.0698242 0.884766
2 0.756836 0.0895386 0.0234375 0.02771 0.883301
6 0.379883 0.259521 0.0400391 0.0454102 0.875977
0 0.821289 0.166016 0.0546875 0.0439453 0.866211
8 0.326172 0.0911865 0.0449219 0.0471191 0.863281
2 0.400146 0.176514 0.0522461 0.0444336 0.859863
4 0.54541 0.254639 0.0322266 0.0473633 0.853027
20 0.810547 0.0801849 0.0839844 0.0891418 0.852051
9 0.480469 0.0871582 0.0390625 0.0452881 0.844727
5 0.508667 0.259033 0.0432129 0.0483398 0.746094
0 0.583496 0.0116119 0.0576172 0.0232239 0.726562
2 0.600586 0.0848999 0.0546875 0.0441895 0.725098
5 0.659668 0.17041 0.0488281 0.0444336 0.720215
22 0.419922 0.263245 0.0361328 0.0477295 0.689453
2 0.453369 0.172852 0.0561523 0.0463867 0.605957
6 0.515625 0.0128555 0.0537109 0.0257111 0.604004
21 0.581055 0.274353 0.0439453 0.069458 0.560059
22 0.630859 0.0106964 0.0351562 0.0213928 0.519531
7 0.453613 0.0226593 0.0683594 0.0453186 0.509766
2 0.708496 0.0101013 0.0292969 0.0202026 0.507812
