1 0.551758 0.943848 0.0888672 0.112305 0.998535
12 0.617188 0.127441 0.164062 0.148682 0.988281
2 0.962891 0.537231 0.0722656 0.095459 0.983398
7 0.722656 0.760742 0.0859375 0.131836 0.981934
9 0.796387 0.141968 0.0888672 0.0949707 0.979004
6 0.362793 0.936523 0.0908203 0.0947266 0.977539
6 0.645508 0.935547 0.0898438 0.0917969 0.975586
18 0.957031 0.725586 0.0859375 0.125 0.971191
5 0.818359 0.734375 0.0878906 0.0917969 0.971191
13 0.886719 0.125977 0.0449219 0.137207 0.970703
8 0.45459 0.929688 0.0888672 0.0976562 0.967773
8 0.928223 0.342041 0.0849609 0.0893555 0.966797
6 0.954102 0.141113 0.0917969 0.092041 0.966309
13 0.901367 0.51416 0.0390625 0.140625 0.955078
7 0.808105 0.565552 0.141602 0.136475 0.950684
18 0.554565 0.723633 0.133057 0.130859 0.918945
11 0.87793 0.912109 0.146484 0.142578 0.824219
5 0.739258 0.935059 0.0839844 0.09375 0.813965
0 0.979492 0.941406 0.0410156 0.0996094 0.571777
0 0.98877 0.3396 0.0224609 0.0908203 0.539062
