7 0.949219 0.0417786 0.09375 0.0835571 0.983398
13 0.688965 0.563477 0.046875 0.146484 0.982422
19 0.973633 0.191528 0.0527344 0.0952148 0.981934
8 0.81543 0.194092 0.0957031 0.0917969 0.980469
2 0.90625 0.191772 0.0722656 0.0964355 0.978516
22 0.891602 0.587891 0.0839844 0.0917969 0.978516
6 0.729492 0.787598 0.09375 0.0947266 0.978516
38 0.615234 0.766602 0.125 0.152344 0.978027
22 0.824219 0.788086 0.0859375 0.0927734 0.975586
4 0.459473 0.779297 0.0673828 0.121094 0.96875
2 0.822754 0.38623 0.0722656 0.0927734 0.961426
0 0.851562 0.97168 0.140625 0.0566406 0.961426
23 0.751953 0.381348 0.0761719 0.0917969 0.952637
23 0.372559 0.776367 0.103516 0.0976562 0.94873
5 0.466797 0.0180359 0.0849609 0.0360718 0.936035
8 0.471924 0.183594 0.0942383 0.0913086 0.880859
6 0.551758 0.382812 0.0488281 0.0869141 0.880859
0 0.384277 0.966309 0.139648 0.0673828 0.844727
6 0.758789 0.97168 0.0332031 0.0566406 0.831055
10 0.375488 0.157928 0.0859375 0.143127 0.785156
2 0.962891 0.970703 0.0722656 0.0585938 0.774414
18 0.782227 0.573242 0.132812 0.125977 0.773438
13 0.408203 0.755859 0.0351562 0.136719 0.753418
2 0.719727 0.195312 0.0439453 0.046875 0.749023
10 0.498535 0.942383 0.0839844 0.114258 0.730957
8 0.986328 0.587402 0.0273438 0.0976562 0.71875
14 0.527344 0.580078 0.0351562 0.0898438 0.586914
5 0.855469 0.0162964 0.0849609 0.0325928 0.550781
