29 0.801758 0.755371 0.0566406 0.078125 0.992676
2 0.898438 0.754883 0.0332031 0.0380859 0.978027
18 0.936523 0.900391 0.0410156 0.0625 0.972656
5 0.396484 0.930664 0.0380859 0.0419922 0.96875
18 0.474121 0.982422 0.0419922 0.0351562 0.967773
18 0.630371 0.832031 0.0439453 0.0566406 0.966797
0 0.377441 0.856934 0.0585938 0.0400391 0.966797
11 0.414062 0.765625 0.0361328 0.0605469 0.96582
5 0.890625 0.599609 0.0351562 0.0390625 0.964355
0 0.84082 0.915039 0.0585938 0.0410156 0.964355
2 0.795898 0.986328 0.0332031 0.0273438 0.958496
2 0.556152 0.926758 0.0283203 0.0390625 0.95752
18 0.446777 0.92334 0.0439453 0.0517578 0.95752
0 0.761719 0.606445 0.0566406 0.0371094 0.955078
22 0.850586 0.679688 0.0351562 0.0380859 0.955078
13 0.548828 0.600586 0.0185547 0.0615234 0.953125
2 0.477783 0.617188 0.0327148 0.0371094 0.941895
22 0.97998 0.910156 0.0361328 0.0390625 0.941406
13 0.833008 0.824219 0.0195312 0.0644531 0.940918
18 0.516479 0.603516 0.0432129 0.0595703 0.935059
22 0.943359 0.836914 0.0371094 0.0429688 0.92627
1 0.583984 0.853516 0.0410156 0.0546875 0.92627
2 0.424316 0.852051 0.0292969 0.0419922 0.925781
0 0.856445 0.986328 0.0585938 0.0273438 0.925781
6 0.982422 0.832031 0.0351562 0.0371094 0.925293
2 0.904297 0.985352 0.03125 0.0292969 0.922852
13 0.480469 0.84082 0.0195312 0.0625 0.922852
13 0.719238 0.973633 0.0195312 0.0527344 0.918457
5 0.491699 0.927734 0.0361328 0.0380859 0.909668
6 0.453369 0.773438 0.0375977 0.0410156 0.907227
22 0.57666 0.610352 0.0341797 0.0390625 0.877441
23 0.647461 0.92041 0.0332031 0.0361328 0.868164
22 0.857422 0.759766 0.0371094 0.0390625 0.867188
13 0.762695 0.826172 0.015625 0.0585938 0.866211
9 0.48999 0.771973 0.0356445 0.0390625 0.86084
5 0.573242 0.767578 0.0371094 0.0410156 0.853027
13 0.613281 0.978027 0.0351562 0.0439453 0.84375
13 0.752441 0.975586 0.0449219 0.0488281 0.839844
4 0.364746 0.932129 0.027832 0.0410156 0.838867
16 0.918945 0.674316 0.0488281 0.0419922 0.832031
14 0.821289 0.670898 0.0195312 0.0625 0.823242
13 0.537598 0.980957 0.0195312 0.0371094 0.804199
5 0.530273 0.694336 0.0419922 0.0380859 0.803223
23 0.36084 0.777344 0.0292969 0.0380859 0.791992
13 0.38623 0.765137 0.0166016 0.0615234 0.789062
8 0.965332 0.671875 0.0361328 0.0371094 0.777344
4 0.85791 0.834961 0.0263672 0.0429688 0.715332
14 0.920898 0.584961 0.0234375 0.0625 0.660156
7 0.786133 0.689453 0.0390625 0.0546875 0.644043
8 0.898438 0.836914 0.0371094 0.0371094 0.644043
2 0.536133 0.769531 0.0292969 0.0371094 0.583008
8 0.525879 0.928711 0.0292969 0.0371094 0.575684
13 0.958008 0.974609 0.0175781 0.0507812 0.563965
7 0.681152 0.847656 0.0390625 0.0595703 0.558105
22 0.625977 0.609375 0.0341797 0.0390625 0.529297
6 0.889648 0.907715 0.0371094 0.046875 0.507812
46 0.704102 0.917969 0.0585938 0.0410156 0.507812
22 0.769043 0.916016 0.0595703 0.0410156 0.501953
