1 0.78418 0.764648 0.0917969 0.134766 0.991699
16 0.647461 0.954102 0.103516 0.0917969 0.990723
13 0.0501175 0.921875 0.0462494 0.149414 0.987305
18 0.22583 0.929688 0.0922852 0.128906 0.987305
18 0.350586 0.929199 0.0927734 0.126953 0.986816
19 0.898438 0.343506 0.0644531 0.0893555 0.984863
0 0.917969 0.148315 0.141602 0.0900879 0.980469
8 0.845703 0.544922 0.0996094 0.0917969 0.978516
2 0.827148 0.337402 0.0742188 0.0908203 0.977051
6 0.123169 0.946289 0.0949707 0.0957031 0.976074
13 0.431641 0.924805 0.0507812 0.150391 0.973633
6 0.889648 0.749023 0.0996094 0.0927734 0.972168
6 0.946289 0.546875 0.0957031 0.0898438 0.971191
22 0.758301 0.148071 0.0849609 0.0900879 0.964355
13 0.726562 0.925781 0.0429688 0.148438 0.954102
14 0.0134277 0.919922 0.0268555 0.144531 0.943848
5 0.936523 0.952148 0.0839844 0.09375 0.942383
11 0.137817 0.317627 0.146729 0.138184 0.925293
6 0.385742 0.140411 0.147949 0.0927124 0.891113
11 0.355225 0.514648 0.150879 0.139648 0.808105
5 0.973145 0.722656 0.0537109 0.140625 0.799316
6 0.324219 0.732422 0.138672 0.103516 0.751953
0 0.0214539 0.343262 0.0427246 0.0927734 0.723145
11 0.00899506 0.50769 0.0179901 0.133057 0.704102
18 0.822266 0.938477 0.135742 0.123047 0.690918
29 0.0542603 0.116943 0.107788 0.140381 0.620605
0 0.975586 0.349121 0.0488281 0.0898438 0.562012
