1 0.973145 0.923828 0.0400391 0.0585938 0.994141
18 0.710449 0.725098 0.0449219 0.0595703 0.989258
22 0.745117 0.911133 0.0371094 0.0429688 0.982422
4 0.767578 0.818359 0.0332031 0.0507812 0.979004
21 0.949707 0.833984 0.0439453 0.0566406 0.979004
11 0.856445 0.287109 0.0371094 0.0634766 0.977539
2 0.87207 0.114929 0.0527344 0.0450439 0.974609
4 0.792969 0.0224609 0.0332031 0.0449219 0.973633
2 0.929688 0.649902 0.0332031 0.0458984 0.970703
5 0.995605 0.646484 0.00878906 0.0488281 0.96875
5 0.931641 0.735352 0.0371094 0.0429688 0.964355
2 0.859863 0.987305 0.0332031 0.0253906 0.960449
2 0.84082 0.647949 0.03125 0.046875 0.958008
14 0.873047 0.813477 0.0214844 0.0644531 0.958008
0 0.791992 0.649902 0.0615234 0.0449219 0.956055
8 0.87793 0.647949 0.0410156 0.0478516 0.953125
5 0.740723 0.639648 0.0361328 0.0605469 0.95166
13 0.913086 0.103333 0.0205078 0.071167 0.944824
5 0.731445 0.816406 0.0390625 0.0429688 0.944336
0 0.876465 0.0292053 0.0615234 0.0452881 0.934082
5 0.818359 0.29541 0.0371094 0.0458984 0.932617
2 0.912109 0.823242 0.0332031 0.0429688 0.928711
7 0.736328 0.0340881 0.0761719 0.0673218 0.92627
0 0.855469 0.912109 0.0576172 0.0429688 0.925781
6 0.898438 0.298828 0.0439453 0.0429688 0.925293
2 0.810547 0.913574 0.0292969 0.0419922 0.895508
5 0.719727 0.112183 0.0410156 0.0439453 0.869629
23 0.706055 0.911621 0.0361328 0.0449219 0.867188
5 0.84082 0.734375 0.0625 0.0429688 0.865234
24 0.962891 0.652832 0.0351562 0.0537109 0.858887
22 0.943359 0.474609 0.0390625 0.0390625 0.836426
13 0.989258 0.285156 0.0214844 0.0761719 0.835449
10 0.89502 0.725586 0.0400391 0.0644531 0.830078
18 0.974121 0.0249939 0.0517578 0.0499878 0.806641
6 0.98291 0.118286 0.0341797 0.0419922 0.800781
13 0.833984 0.0250854 0.0214844 0.0435181 0.778809
2 0.921387 0.913086 0.0400391 0.0429688 0.771973
5 0.990723 0.737305 0.0185547 0.0410156 0.769043
22 0.925781 0.0268097 0.0380859 0.0435486 0.762207
11 0.771484 0.101868 0.0625 0.0640869 0.740234
13 0.834961 0.104004 0.0214844 0.0632324 0.72168
10 0.883789 0.199463 0.0390625 0.0639648 0.72168
14 0.969727 0.724121 0.0214844 0.0644531 0.697754
13 0.915527 0.463867 0.0214844 0.0644531 0.686035
14 0.941406 0.106201 0.03125 0.0668945 0.622559
10 0.953125 0.549316 0.0410156 0.0615234 0.618652
8 0.983887 0.387451 0.0322266 0.0419922 0.604004
2 0.898438 0.990234 0.0390625 0.0195312 0.59082
9 0.811523 0.988281 0.0410156 0.0234375 0.575684
4 0.772461 0.290771 0.0332031 0.0463867 0.537109
