2 0.284668 0.803711 0.0693359 0.0917969 0.98584
16 0.886719 0.59375 0.101562 0.0878906 0.984375
4 0.874023 0.385742 0.0664062 0.109375 0.983887
16 0.793457 0.976562 0.106445 0.046875 0.98291
0 0.393799 0.805664 0.138672 0.0908203 0.98291
5 0.140015 0.0220795 0.0837402 0.0441589 0.980469
22 0.551758 0.798828 0.0859375 0.0878906 0.980469
2 0.374268 0.0262604 0.0810547 0.0525208 0.977051
5 0.97168 0.594727 0.0566406 0.0878906 0.975098
7 0.624023 0.0444946 0.0957031 0.0887451 0.974609
18 0.14505 0.956055 0.107849 0.0878906 0.972168
0 0.256287 0.0245209 0.131958 0.0490417 0.970703
7 0.677734 0.822266 0.151367 0.130859 0.967285
2 0.71875 0.0188446 0.0742188 0.0376892 0.966309
5 0.98584 0.196533 0.0283203 0.0908203 0.959961
22 0.092041 0.806152 0.0847168 0.0917969 0.956543
8 0.187744 0.804688 0.0927734 0.0957031 0.953125
6 0.574707 0.978516 0.100586 0.0429688 0.949707
0 0.546875 0.402588 0.197266 0.0913086 0.949219
4 0.330566 0.966797 0.0693359 0.0664062 0.945801
1 0.473633 0.976562 0.0849609 0.046875 0.943848
5 0.25415 0.979004 0.0961914 0.0419922 0.938965
4 0.954102 0.787109 0.0917969 0.105469 0.930664
5 0.796387 0.395996 0.0849609 0.0893555 0.927246
8 0.959961 0.0205231 0.0800781 0.0410461 0.924805
7 0.363037 0.222412 0.144043 0.133301 0.881836
2 0.0111237 0.4021 0.0222168 0.100586 0.863281
8 0.021225 0.802734 0.0420227 0.0878906 0.816406
8 0.464844 0.0229645 0.0898438 0.045929 0.792969
4 0.898438 0.969727 0.0878906 0.0605469 0.757812
5 0.866211 0.0213623 0.0917969 0.0427246 0.756348
4 0.0644684 0.0226898 0.0600281 0.0453796 0.692871
8 0.0380249 0.977539 0.0760498 0.0449219 0.675781
10 0.294678 0.378906 0.0830078 0.139648 0.620605
13 0.549805 0.0262909 0.03125 0.0525818 0.604004
0 0.114563 0.37915 0.178589 0.140137 0.544922
27 0.783203 0.178192 0.078125 0.119202 0.509766
