1 0.51123 0.363281 0.0888672 0.140625 0.99707
19 0.698242 0.744141 0.0664062 0.0947266 0.993652
19 0.814453 0.548828 0.0664062 0.0898438 0.992676
2 0.937012 0.146271 0.0742188 0.0951538 0.981934
8 0.834961 0.948242 0.0976562 0.0957031 0.97998
12 0.686523 0.523926 0.163086 0.143555 0.97998
4 0.868164 0.334473 0.0712891 0.115234 0.979492
18 0.528809 0.521362 0.116211 0.144775 0.979492
2 0.431396 0.34082 0.0742188 0.0966797 0.977539
4 0.470703 0.732422 0.0673828 0.119141 0.976562
5 0.788086 0.34375 0.0859375 0.0957031 0.975098
13 0.115845 0.512573 0.0405273 0.150635 0.974609
4 0.932617 0.535034 0.0771484 0.111572 0.973633
2 0.929688 0.946777 0.0732422 0.0917969 0.96875
0 0.291443 0.743164 0.149536 0.101562 0.964355
5 0.983887 0.546875 0.0322266 0.0917969 0.959961
12 0.19519 0.11731 0.165283 0.143311 0.958984
12 0.326416 0.915039 0.112305 0.138672 0.952148
6 0.586914 0.346191 0.0419922 0.0898438 0.929199
2 0.014801 0.539185 0.0294495 0.0915527 0.911133
8 0.799805 0.723633 0.09375 0.140625 0.898438
4 0.0565186 0.93457 0.0998535 0.0976562 0.856934
13 0.594727 0.14563 0.0136719 0.0891113 0.806641
8 0.419189 0.118225 0.0976562 0.140015 0.800781
7 0.0202637 0.76123 0.0401611 0.129883 0.756348
10 0.740234 0.924805 0.0878906 0.138672 0.723145
2 0.946289 0.351074 0.0380859 0.0449219 0.712402
23 0.057251 0.539185 0.0744629 0.0876465 0.684082
18 0.624023 0.930664 0.138672 0.125 0.645996
4 0.742188 0.133911 0.101562 0.108643 0.618652
1 0.187012 0.950195 0.137207 0.0996094 0.607422
4 0.98584 0.939453 0.0283203 0.112305 0.523438
