15 0.171509 0.814941 0.0754395 0.0673828 0.994629
1 0.240479 0.489746 0.0405273 0.0664062 0.987793
0 0.907715 0.826172 0.0654297 0.046875 0.972656
4 0.303223 0.388916 0.0322266 0.0581055 0.972168
2 0.204956 0.395264 0.0310059 0.0522461 0.971191
8 0.371582 0.822266 0.0410156 0.0449219 0.970215
2 0.233643 0.822754 0.0317383 0.0429688 0.96875
2 0.745117 0.655762 0.03125 0.0458984 0.967773
8 0.233887 0.910645 0.0415039 0.0410156 0.966309
5 0.488525 0.654785 0.0375977 0.0439453 0.961426
0 0.914062 0.65918 0.0644531 0.046875 0.960449
8 0.516602 0.911133 0.0400391 0.0410156 0.958008
19 0.414062 0.739258 0.0302734 0.0449219 0.956543
6 0.285156 0.481201 0.0351562 0.0385742 0.956055
8 0.155273 0.908203 0.0410156 0.0410156 0.95459
18 0.829102 0.981445 0.0390625 0.0371094 0.95166
2 0.322266 0.482178 0.0336914 0.043457 0.946777
22 0.293457 0.651367 0.0351562 0.0390625 0.942871
2 0.0362549 0.737793 0.0299072 0.0478516 0.938965
2 0.689453 0.909668 0.03125 0.0458984 0.938477
5 0.518555 0.98584 0.0371094 0.0283203 0.938477
5 0.862305 0.48291 0.0361328 0.0439453 0.936035
0 0.180908 0.648438 0.0629883 0.0527344 0.935547
4 0.0935059 0.902344 0.0317383 0.0546875 0.932617
14 0.288574 0.975586 0.0214844 0.0488281 0.930664
6 0.859375 0.65625 0.0429688 0.0429688 0.927246
13 0.321777 0.893555 0.0263672 0.0761719 0.926758
2 0.105225 0.740234 0.0310059 0.0458984 0.924316
23 0.0965576 0.823242 0.0339355 0.0419922 0.921875
2 0.317871 0.984375 0.03125 0.03125 0.918457
5 0.414062 0.560547 0.0351562 0.0566406 0.91748
0 0.279541 0.822266 0.0615234 0.0449219 0.911133
22 0.557129 0.909668 0.0341797 0.0410156 0.907227
2 0.757324 0.911133 0.0253906 0.0400391 0.906738
0 0.922363 0.568359 0.0693359 0.0488281 0.905762
2 0.544434 0.568359 0.03125 0.046875 0.905762
8 0.508911 0.567871 0.0407715 0.046875 0.899902
10 0.666016 0.643555 0.0361328 0.0634766 0.899902
8 0.787598 0.393555 0.0400391 0.0488281 0.898438
0 0.759766 0.480957 0.0605469 0.0478516 0.895508
6 0.57666 0.480957 0.0410156 0.0410156 0.888184
18 0.817383 0.65332 0.0380859 0.0566406 0.883301
6 0.530273 0.396973 0.0390625 0.0488281 0.878906
5 0.0418396 0.47998 0.0344238 0.0410156 0.878418
5 0.789062 0.98584 0.0361328 0.0283203 0.874023
8 0.0697021 0.985352 0.0397949 0.0292969 0.873047
18 0.47998 0.975098 0.0390625 0.0498047 0.871582
14 0.440918 0.729492 0.0195312 0.0703125 0.868164
4 0.174927 0.733398 0.0314941 0.0527344 0.868164
13 0.890625 0.734375 0.0253906 0.0703125 0.867188
6 0.624023 0.397217 0.0585938 0.0463867 0.864258
18 0.371582 0.477051 0.0390625 0.0517578 0.862305
5 0.263245 0.739746 0.0379639 0.0439453 0.856934
10 0.540039 0.469238 0.0351562 0.0664062 0.855957
5 0.113159 0.984375 0.0378418 0.03125 0.841797
22 0.194824 0.909668 0.0341797 0.0419922 0.833496
18 0.0133972 0.389404 0.0266724 0.065918 0.832031
6 0.900391 0.483398 0.0390625 0.0419922 0.82666
9 0.64502 0.826172 0.0361328 0.0429688 0.82666
13 0.750977 0.973633 0.03125 0.0527344 0.825684
5 0.469238 0.739258 0.0366211 0.0449219 0.818848
8 0.822266 0.484131 0.0410156 0.043457 0.816406
8 0.140625 0.740723 0.0385742 0.0410156 0.816406
11 0.716309 0.975586 0.0390625 0.0488281 0.816406
8 0.779297 0.657227 0.0371094 0.0429688 0.809082
23 0.466064 0.910156 0.0361328 0.0419922 0.801758
7 0.920898 0.753418 0.0400391 0.0634766 0.786621
2 0.230225 0.737305 0.0292969 0.0410156 0.78125
8 0.165283 0.39209 0.0424805 0.0556641 0.770508
0 0.873047 0.389404 0.0566406 0.0581055 0.767578
2 0.518066 0.822266 0.0546875 0.0439453 0.750488
8 0.0574951 0.908203 0.0430908 0.0488281 0.750488
5 0.657715 0.470215 0.0537109 0.0654297 0.728027
8 0.619629 0.984863 0.0449219 0.0302734 0.726562
6 0.858887 0.571289 0.0585938 0.0429688 0.72168
18 0.36377 0.901367 0.0541992 0.0546875 0.72168
8 0.15271 0.985352 0.0419922 0.0292969 0.699219
8 0.0481567 0.389893 0.0394287 0.0566406 0.690918
18 0.826172 0.393555 0.0351562 0.0517578 0.679199
4 0.700195 0.474121 0.0322266 0.0556641 0.675781
13 0.791504 0.811035 0.0244141 0.0751953 0.662109
2 0.0116577 0.482422 0.0233154 0.0527344 0.656738
13 0.38501 0.554688 0.0219727 0.0722656 0.611328
5 0.351562 0.394043 0.0410156 0.0517578 0.607422
4 0.14209 0.564453 0.0578613 0.0566406 0.607422
4 0.20166 0.981934 0.0541992 0.0361328 0.59082
2 0.351318 0.986328 0.0380859 0.0273438 0.588867
2 0.845703 0.740234 0.0410156 0.046875 0.577637
21 0.65332 0.75293 0.0400391 0.0595703 0.57373
6 0.786133 0.569336 0.0605469 0.046875 0.571777
5 0.390381 0.974609 0.0400391 0.0507812 0.571777
13 0.808594 0.558594 0.0234375 0.0664062 0.567871
9 0.793945 0.741211 0.0390625 0.046875 0.558105
1 0.714844 0.833008 0.0449219 0.0654297 0.552734
6 0.845215 0.827148 0.0605469 0.0449219 0.548828
13 0.497314 0.727539 0.0229492 0.0722656 0.521484
6 0.768555 0.825684 0.0615234 0.0439453 0.521484
16 0.285645 0.909668 0.0385742 0.0439453 0.521484
1 0.919922 0.912109 0.0429688 0.0839844 0.519531
22 0.330078 0.822266 0.0341797 0.0429688 0.511719
24 0.253418 0.383545 0.0654297 0.0708008 0.509766
24 0.907227 0.977539 0.0703125 0.0449219 0.505859
