1 0.218262 0.949707 0.090332 0.100586 0.994141
23 0.727539 0.945312 0.0712891 0.0957031 0.98291
13 0.78418 0.516113 0.046875 0.143555 0.97998
4 0.636719 0.338867 0.0742188 0.103516 0.978516
5 0.553711 0.344482 0.0859375 0.0947266 0.978516
5 0.803711 0.14209 0.0917969 0.0942383 0.978027
2 0.910645 0.941406 0.0722656 0.0996094 0.975586
18 0.324707 0.92334 0.0947266 0.137695 0.974121
7 0.927734 0.16272 0.144531 0.132812 0.972656
5 0.445312 0.944336 0.0878906 0.0957031 0.971191
13 0.826172 0.319275 0.0517578 0.14563 0.970215
7 0.536011 0.763672 0.105713 0.140625 0.96875
23 0.866211 0.738281 0.0742188 0.0917969 0.966797
2 0.112305 0.94873 0.0754395 0.0996094 0.964355
2 0.939453 0.741211 0.0703125 0.0957031 0.962891
5 0.438965 0.145386 0.0849609 0.097168 0.959473
13 0.139526 0.32959 0.0388184 0.137695 0.955566
11 0.879395 0.516113 0.142578 0.138672 0.903809
23 0.975586 0.544434 0.0488281 0.0830078 0.899902
29 0.0600281 0.326416 0.120056 0.150879 0.869629
10 0.651367 0.717285 0.0996094 0.139648 0.848145
7 0.614258 0.948242 0.148438 0.103516 0.841797
4 0.0275879 0.148712 0.0551758 0.110291 0.831055
6 0.969727 0.345703 0.0371094 0.0908203 0.774414
14 0.990234 0.712891 0.0195312 0.130859 0.766113
6 0.410645 0.546387 0.152344 0.0927734 0.62793
19 0.0350952 0.546875 0.0701904 0.0957031 0.62793
6 0.559082 0.134644 0.145508 0.106934 0.620605
13 0.559082 0.521606 0.0537109 0.142334 0.560059
13 0.739746 0.521973 0.0419922 0.141602 0.541016
