11 0.787109 0.899414 0.0957031 0.138672 0.995117
21 0.898438 0.353027 0.103516 0.129883 0.993164
7 0.532227 0.939453 0.107422 0.121094 0.986328
4 0.281982 0.921875 0.0751953 0.121094 0.981934
7 0.87793 0.556641 0.103516 0.128906 0.979004
7 0.76123 0.156036 0.108398 0.142029 0.977539
22 0.921875 0.135498 0.0849609 0.0927734 0.976562
5 0.881836 0.928711 0.0859375 0.09375 0.975586
23 0.0466309 0.333008 0.0710449 0.0947266 0.974609
2 0.768555 0.726562 0.0722656 0.0957031 0.973633
0 0.760254 0.539917 0.130859 0.101807 0.971191
21 0.855469 0.750977 0.0996094 0.134766 0.96875
22 0.69043 0.928711 0.0839844 0.0917969 0.967285
5 0.100708 0.926758 0.0864258 0.0976562 0.966309
5 0.792969 0.32666 0.0898438 0.0947266 0.96582
22 0.123779 0.331787 0.0864258 0.0922852 0.959961
6 0.511719 0.134644 0.151367 0.100342 0.959473
6 0.193359 0.927246 0.0942383 0.0976562 0.959473
2 0.936523 0.728516 0.0664062 0.09375 0.930664
7 0.0153732 0.0192261 0.0302582 0.0377197 0.888672
0 0.408447 0.928711 0.141113 0.103516 0.874023
4 0.986328 0.717773 0.0273438 0.123047 0.867188
9 0.0152283 0.723633 0.0302734 0.107422 0.801758
2 0.980469 0.525513 0.0390625 0.095459 0.720215
13 0.0101929 0.545044 0.0203857 0.154053 0.694336
6 0.985352 0.132782 0.0292969 0.0903931 0.613281
27 0.849609 0.133057 0.0527344 0.0986328 0.605957
8 0.978027 0.330078 0.0439453 0.0976562 0.567871
