1 0.758789 0.831055 0.0888672 0.134766 0.995605
5 0.279541 0.808594 0.0922852 0.0976562 0.984375
8 0.899414 0.206299 0.101562 0.101074 0.983398
9 0.71875 0.411621 0.0898438 0.0991211 0.98291
7 0.21228 0.431641 0.104736 0.138672 0.981445
2 0.833496 0.404785 0.0771484 0.0947266 0.980957
0 0.158569 0.817871 0.139893 0.102539 0.980957
5 0.564453 0.807617 0.0898438 0.0976562 0.976074
6 0.32373 0.411621 0.0986328 0.0996094 0.974609
2 0.673828 0.605957 0.0742188 0.0976562 0.974609
4 0.412109 0.405273 0.0634766 0.118164 0.974121
5 0.487305 0.408691 0.0888672 0.0976562 0.972168
2 0.9375 0.408936 0.0742188 0.097168 0.971191
19 0.883789 0.0296631 0.0683594 0.0593262 0.970703
14 0.634766 0.788086 0.0449219 0.140625 0.970703
23 0.595215 0.603516 0.0751953 0.0888672 0.968262
0 0.251404 0.979492 0.14563 0.0410156 0.967773
6 0.888184 0.810059 0.149414 0.0986328 0.966309
8 0.901367 0.606445 0.0996094 0.0976562 0.965332
22 0.427246 0.807617 0.0878906 0.09375 0.965332
9 0.0306854 0.803711 0.0613708 0.103516 0.961426
1 0.782227 0.626953 0.0917969 0.136719 0.955078
13 0.683594 0.785156 0.046875 0.146484 0.953613
5 0.380859 0.980469 0.0976562 0.0390625 0.950684
2 0.808594 0.0325928 0.0761719 0.0651855 0.945801
14 0.353271 0.79248 0.0458984 0.148438 0.941406
18 0.984375 0.789551 0.03125 0.128906 0.930176
9 0.0964355 0.97168 0.0834961 0.0566406 0.915039
7 0.038147 0.0583191 0.0762939 0.116638 0.887207
6 0.672852 0.982422 0.0976562 0.0351562 0.881836
14 0.457031 0.95459 0.0585938 0.0908203 0.865234
18 0.978516 0.581543 0.0429688 0.142578 0.800781
4 0.584961 0.396973 0.0996094 0.112305 0.794434
13 0.935547 0.955078 0.0507812 0.0898438 0.791992
13 0.0270996 0.952637 0.0541992 0.0947266 0.673828
7 0.549805 0.979492 0.125 0.0410156 0.666992
8 0.683594 0.0302277 0.128906 0.0604553 0.644043
16 0.0241699 0.416016 0.0482178 0.1875 0.642578
4 0.958008 0.0274353 0.0722656 0.0548706 0.637207
22 0.462891 0.0288239 0.0957031 0.0576477 0.521484
