21 0.136444 0.823242 0.0484009 0.0566406 0.98877
7 0.586426 0.975098 0.0634766 0.0498047 0.979004
13 0.336426 0.340576 0.0185547 0.0634766 0.973145
2 0.175781 0.816406 0.0288086 0.0351562 0.973145
5 0.182373 0.504395 0.0356445 0.0380859 0.972168
1 0.306641 0.199951 0.0371094 0.0566406 0.968262
2 0.479492 0.814941 0.0332031 0.0390625 0.968262
18 0.479492 0.339355 0.0429688 0.0595703 0.965332
18 0.100342 0.728516 0.041748 0.0585938 0.962891
7 0.315186 0.976562 0.0449219 0.0458984 0.962891
9 0.603027 0.345703 0.0400391 0.0400391 0.961914
7 0.152832 0.204346 0.0400391 0.0534668 0.960449
0 0.103027 0.194458 0.0539551 0.0383301 0.956543
5 0.46582 0.115479 0.0351562 0.0390625 0.954102
0 0.0634766 0.431152 0.0532227 0.0400391 0.954102
5 0.275879 0.579102 0.0332031 0.0371094 0.945801
9 0.0837402 0.894531 0.0375977 0.0390625 0.942871
5 0.388672 0.272461 0.0380859 0.0410156 0.9375
13 0.580078 0.721191 0.0214844 0.0693359 0.93457
5 0.302734 0.8125 0.0351562 0.0410156 0.93457
18 0.544922 0.723145 0.0410156 0.0585938 0.933105
2 0.0820312 0.816406 0.0302734 0.0371094 0.928223
13 0.0519714 0.105591 0.0197754 0.0656738 0.927734
22 0.265564 0.972656 0.0352783 0.0410156 0.926758
22 0.379395 0.815918 0.0361328 0.0390625 0.92627
5 0.482422 0.194336 0.0380859 0.0424805 0.925781
7 0.0583191 0.36377 0.0360718 0.0566406 0.925781
8 0.196045 0.196777 0.0366211 0.0400391 0.921875
8 0.33667 0.81543 0.0356445 0.0390625 0.918457
0 0.157959 0.0380249 0.0541992 0.041626 0.916504
22 0.0796051 0.508301 0.0370789 0.0380859 0.914062
14 0.350098 0.959961 0.0175781 0.0625 0.914062
5 0.542969 0.27002 0.0332031 0.0390625 0.90918
35 0.581543 0.878906 0.0576172 0.0664062 0.908691
8 0.42627 0.895508 0.0351562 0.0371094 0.908203
8 0.111816 0.972656 0.0380859 0.0410156 0.903809
0 0.254395 0.814453 0.0537109 0.0410156 0.902832
13 0.512207 0.337402 0.0205078 0.0649414 0.89502
46 0.559082 0.578125 0.0830078 0.046875 0.894043
0 0.589844 0.271973 0.0585938 0.0429688 0.891602
9 0.133301 0.353027 0.0336914 0.0405273 0.891113
12 0.443604 0.493652 0.0395508 0.0683594 0.891113
0 0.349365 0.737305 0.0517578 0.0371094 0.891113
11 0.0206909 0.106689 0.0344849 0.060791 0.890137
2 0.129883 0.117371 0.0270996 0.038208 0.889648
14 0.608887 0.56543 0.0166016 0.0625 0.889648
13 0.19812 0.0299988 0.020752 0.0599976 0.888672
5 0.378174 0.97168 0.0356445 0.0371094 0.888184
22 0.0213623 0.555664 0.0303955 0.0292969 0.887207
18 0.368164 0.491455 0.0419922 0.0571289 0.88623
8 0.282715 0.893555 0.0351562 0.0390625 0.874023
22 0.325195 0.894531 0.0361328 0.0390625 0.868652
22 0.0137482 0.975098 0.0274658 0.0410156 0.864258
13 0.477539 0.566406 0.0214844 0.0664062 0.863281
0 0.23645 0.893555 0.0529785 0.0380859 0.862305
13 0.0154495 0.804199 0.0193024 0.0820312 0.836426
12 0.587891 0.805176 0.0625 0.0742188 0.830078
8 0.1875 0.73877 0.0380859 0.0400391 0.829102
5 0.625977 0.654297 0.0585938 0.0390625 0.822266
13 0.404053 0.492432 0.0224609 0.0678711 0.819824
8 0.484131 0.973633 0.0375977 0.0449219 0.81543
22 0.109802 0.0386887 0.0360107 0.0400543 0.813965
7 0.157471 0.433594 0.0375977 0.0488281 0.812988
2 0.0751953 0.974609 0.0318604 0.0361328 0.811523
13 0.0952148 0.263611 0.0205078 0.0675049 0.810547
24 0.44165 0.743652 0.0395508 0.0517578 0.808105
18 0.231445 0.651855 0.0581055 0.0488281 0.795898
2 0.129272 0.895508 0.0285645 0.0371094 0.792969
19 0.412109 0.97168 0.0263672 0.0371094 0.785156
22 0.218262 0.349121 0.0390625 0.0405273 0.777344
6 0.350586 0.272949 0.0351562 0.0380859 0.757812
22 0.524414 0.968262 0.0361328 0.0400391 0.756348
13 0.0621033 0.0291443 0.0337524 0.0582886 0.753418
7 0.544922 0.199341 0.0644531 0.0541992 0.743164
2 0.334961 0.427734 0.0283203 0.0341797 0.73584
4 0.49707 0.112671 0.0244141 0.0449219 0.728027
16 0.302246 0.35083 0.0454102 0.0454102 0.726562
2 0.244629 0.57959 0.0292969 0.0380859 0.716797
4 0.308105 0.576172 0.0244141 0.0449219 0.704102
7 0.0858154 0.591797 0.0430908 0.0546875 0.680664
9 0.154297 0.973633 0.0356445 0.0390625 0.651367
6 0.485352 0.502075 0.0400391 0.0368652 0.624512
9 0.418457 0.813965 0.0371094 0.0410156 0.616699
6 0.358398 0.191772 0.0585938 0.0471191 0.613281
21 0.193115 0.271484 0.0566406 0.0385742 0.607422
2 0.236816 0.187012 0.0341797 0.0639648 0.596191
10 0.432617 0.569336 0.046875 0.0605469 0.584961
10 0.463379 0.879395 0.0302734 0.0644531 0.584961
2 0.442871 0.962891 0.0332031 0.0576172 0.575684
7 0.371582 0.433838 0.0410156 0.0507812 0.556641
7 0.370117 0.0108643 0.0410156 0.0216675 0.537109
13 0.327148 0.726562 0.0195312 0.0605469 0.511719
