2 0.73877 0.160889 0.0322266 0.0463867 0.963379
9 0.202148 0.256104 0.0375977 0.0488281 0.95752
8 0.175537 0.171387 0.0410156 0.0478516 0.948242
11 0.8125 0.149139 0.0371094 0.0650024 0.939941
10 0.506714 0.155518 0.0373535 0.0664062 0.936523
0 0.0775146 0.0878906 0.0578613 0.0449219 0.930664
18 0.961914 0.153076 0.0390625 0.0537109 0.930664
22 0.321777 0.0849609 0.0371094 0.0456543 0.928711
13 0.879883 0.147675 0.0214844 0.0689087 0.922363
21 0.214966 0.182495 0.0373535 0.0593262 0.91748
8 0.774414 0.163086 0.0371094 0.046875 0.906738
9 0.888672 0.0737915 0.0371094 0.0424805 0.905273
6 0.787598 0.077774 0.0400391 0.0456238 0.903809
9 0.634766 0.081665 0.0410156 0.0479736 0.901367
7 0.902344 0.25708 0.0390625 0.0678711 0.900391
8 0.400879 0.167358 0.0410156 0.0412598 0.897461
24 0.151001 0.266663 0.0517578 0.0662842 0.895508
7 0.454346 0.176758 0.0639648 0.0637207 0.889648
13 0.172607 0.24707 0.0219727 0.0683594 0.888184
13 0.576172 0.240601 0.0195312 0.0695801 0.888184
5 0.557617 0.164795 0.0585938 0.046875 0.874023
5 0.0284576 0.0869141 0.0395203 0.046875 0.864258
22 0.350342 0.168457 0.0551758 0.0463867 0.832031
22 0.248291 0.0878906 0.0366211 0.0429688 0.801758
13 0.243164 0.156525 0.0214844 0.0643921 0.796875
22 0.135223 0.17041 0.034729 0.0439453 0.794434
9 0.273682 0.170532 0.0366211 0.0476074 0.786621
20 0.447021 0.0207214 0.0761719 0.0414429 0.778809
24 0.673828 0.258301 0.0566406 0.0698242 0.763672
46 0.697266 0.0800629 0.0605469 0.0498352 0.754883
5 0.28418 0.0103531 0.0380859 0.0207062 0.746094
22 0.494141 0.0833588 0.0351562 0.0434875 0.746094
9 0.604004 0.250488 0.0341797 0.0478516 0.708984
22 0.863281 0.242676 0.0341797 0.0419922 0.672363
19 0.277832 0.256104 0.0302734 0.0488281 0.651367
5 0.932617 0.0758057 0.0283203 0.0285645 0.618652
21 0.412109 0.0951538 0.0722656 0.0631104 0.600098
8 0.74707 0.0784302 0.0390625 0.0489502 0.57959
13 0.370361 0.242188 0.0253906 0.0712891 0.567871
14 0.291016 0.0727539 0.0205078 0.067627 0.544922
24 0.0786133 0.0209351 0.048584 0.0418701 0.535156
18 0.991211 0.14856 0.0175781 0.0690918 0.525391
