21 0.886719 0.823242 0.0488281 0.0566406 0.986816
1 0.37793 0.52002 0.0380859 0.0517578 0.984375
13 0.754395 0.728516 0.0205078 0.0634766 0.981934
5 0.932617 0.504395 0.0361328 0.0380859 0.977051
18 0.774414 0.651367 0.0410156 0.0576172 0.977051
5 0.373535 0.899414 0.0356445 0.0400391 0.975586
2 0.758789 0.433594 0.0332031 0.0380859 0.975098
2 0.123413 0.589355 0.0290527 0.0371094 0.970703
2 0.533203 0.894531 0.0332031 0.0390625 0.966797
7 0.902832 0.204346 0.0400391 0.0534668 0.96582
2 0.704102 0.198486 0.0332031 0.0385742 0.96582
2 0.925781 0.816406 0.0292969 0.0351562 0.965332
5 0.658691 0.277832 0.0361328 0.0380859 0.963379
2 0.0724487 0.200806 0.0303955 0.0383301 0.962891
2 0.453613 0.588379 0.0302734 0.0371094 0.962891
46 0.177002 0.275879 0.0776367 0.0449219 0.958984
18 0.850586 0.729004 0.0410156 0.0585938 0.958008
2 0.518555 0.200684 0.03125 0.0361328 0.95752
0 0.853027 0.19458 0.0537109 0.0380859 0.956055
5 0.462891 0.743164 0.0351562 0.0429688 0.956055
6 0.696289 0.274902 0.0371094 0.0371094 0.955078
11 0.650391 0.5 0.0371094 0.0576172 0.955078
7 0.313477 0.907715 0.0400391 0.0537109 0.95459
9 0.833984 0.894531 0.0371094 0.0390625 0.954102
5 0.319824 0.279785 0.0322266 0.0366211 0.953613
5 0.413086 0.200195 0.0361328 0.0371094 0.951172
18 0.282227 0.500488 0.0405273 0.0576172 0.950195
5 0.305908 0.43457 0.0327148 0.0371094 0.949219
21 0.5625 0.286133 0.0605469 0.0556641 0.94873
0 0.0851898 0.824707 0.0549622 0.0390625 0.948242
11 0.625977 0.187256 0.0566406 0.0610352 0.947754
9 0.660645 0.11969 0.0351562 0.036499 0.946777
13 0.21106 0.810547 0.020752 0.0664062 0.944336
0 0.248291 0.0456238 0.0634766 0.0385132 0.943359
18 0.425537 0.500488 0.0439453 0.0576172 0.943359
5 0.962891 0.117493 0.0371094 0.0377197 0.942871
5 0.893555 0.277832 0.0351562 0.0371094 0.941406
12 0.172729 0.0367737 0.0656738 0.0658569 0.939941
0 0.813477 0.431152 0.0527344 0.0400391 0.937988
6 0.529785 0.51123 0.0341797 0.0361328 0.937988
13 0.751465 0.498047 0.0205078 0.0595703 0.935059
8 0.128784 0.902344 0.036377 0.0371094 0.934082
8 0.926758 0.354004 0.0371094 0.0390625 0.933105
5 0.456055 0.822266 0.0351562 0.0410156 0.933105
2 0.832031 0.816406 0.0302734 0.0371094 0.930176
8 0.362305 0.824219 0.0371094 0.0390625 0.927734
13 0.801758 0.105652 0.0195312 0.0653076 0.925781
21 0.414551 0.672363 0.0478516 0.0566406 0.924805
7 0.808594 0.362793 0.0351562 0.0556641 0.924316
5 0.924805 0.657227 0.0390625 0.0371094 0.922852
9 0.567383 0.505859 0.0371094 0.0371094 0.918945
0 0.97168 0.816406 0.0566406 0.0390625 0.917969
2 0.515625 0.277832 0.0292969 0.0375977 0.91748
22 0.82959 0.508667 0.0371094 0.0373535 0.91748
8 0.946289 0.196777 0.0371094 0.0400391 0.915527
8 0.71875 0.978516 0.0371094 0.0410156 0.914062
2 0.344238 0.200195 0.0322266 0.0366211 0.913574
0 0.908203 0.0380936 0.0546875 0.0416107 0.911621
2 0.169067 0.123169 0.0285645 0.0366211 0.911133
8 0.158447 0.59082 0.0356445 0.0371094 0.910645
8 0.861816 0.973145 0.0380859 0.0410156 0.910645
13 0.765625 0.807129 0.0195312 0.0742188 0.906738
22 0.282715 0.978516 0.0356445 0.0410156 0.906738
9 0.882812 0.353516 0.0332031 0.0400391 0.903809
5 0.284424 0.820801 0.0356445 0.0400391 0.902832
24 0.716309 0.0477371 0.0371094 0.0496674 0.899902
14 0.228394 0.266113 0.0161133 0.0600586 0.899902
7 0.890625 0.587891 0.0419922 0.0449219 0.898438
2 0.879883 0.117371 0.0273438 0.038208 0.896484
18 0.176758 0.811523 0.043457 0.0605469 0.893066
9 0.624023 0.973633 0.0361328 0.0390625 0.893066
6 0.194824 0.202881 0.0356445 0.0341797 0.892578
13 0.938477 0.418945 0.0185547 0.0634766 0.892578
2 0.157959 0.664062 0.0283203 0.0390625 0.892578
6 0.0988159 0.74707 0.0344238 0.0371094 0.889648
14 0.345947 0.890625 0.0170898 0.0625 0.889648
13 0.845215 0.263184 0.0195312 0.0664062 0.887207
13 0.948242 0.0298615 0.0214844 0.0597229 0.88623
22 0.264587 0.899414 0.0343018 0.0410156 0.881836
8 0.601074 0.742188 0.0361328 0.0371094 0.879883
8 0.204468 0.123169 0.036377 0.0373535 0.878906
22 0.20105 0.51123 0.0358887 0.0371094 0.878418
14 0.928711 0.567383 0.0175781 0.0605469 0.878418
5 0.958984 0.581055 0.0361328 0.0380859 0.878418
5 0.970215 0.426025 0.0390625 0.0395508 0.877441
6 0.620117 0.356934 0.0390625 0.0371094 0.875
18 0.570312 0.195679 0.0507812 0.0476074 0.872559
5 0.611816 0.510254 0.0341797 0.0371094 0.872559
2 0.633789 0.820312 0.0292969 0.0361328 0.868652
0 0.979492 0.885742 0.0390625 0.0556641 0.868652
6 0.586914 0.974609 0.0332031 0.0371094 0.867188
19 0.151855 0.357422 0.027832 0.0361328 0.866211
13 0.569336 0.649902 0.0253906 0.0625 0.866211
10 0.389648 0.18811 0.0332031 0.0588379 0.864258
14 0.492188 0.187744 0.0175781 0.0610352 0.85498
22 0.759766 0.975098 0.0351562 0.0410156 0.851074
13 0.679688 0.885742 0.0195312 0.0664062 0.848145
0 0.424805 0.969727 0.0600586 0.0517578 0.842773
14 0.991211 0.260193 0.0175781 0.0635986 0.84082
9 0.666992 0.816406 0.0351562 0.0390625 0.837402
7 0.907227 0.434082 0.0371094 0.0488281 0.832031
22 0.966797 0.349609 0.0361328 0.0410156 0.827637
21 0.0821533 0.599609 0.0496826 0.0546875 0.82666
22 0.859863 0.0386658 0.0361328 0.0401001 0.820801
8 0.9375 0.73877 0.0380859 0.0400391 0.818848
7 0.152954 0.210693 0.0397949 0.050293 0.811523
14 0.431641 0.109802 0.0195312 0.0599365 0.800781
2 0.373047 0.666016 0.03125 0.0371094 0.79834
2 0.825195 0.974609 0.0322266 0.0361328 0.794434
2 0.071228 0.120483 0.0319824 0.0380859 0.791992
11 0.770508 0.107605 0.0332031 0.0587158 0.790527
0 0.700684 0.582031 0.0537109 0.0390625 0.790527
2 0.878906 0.895508 0.0292969 0.0371094 0.790527
7 0.11377 0.444824 0.0412598 0.0546875 0.766113
7 0.835938 0.592773 0.0429688 0.0546875 0.760742
4 0.655273 0.583008 0.0244141 0.0429688 0.759277
7 0.332031 0.118652 0.0712891 0.0822754 0.751953
24 0.49707 0.557617 0.0361328 0.0273438 0.749023
13 0.812012 0.0290833 0.0332031 0.0581665 0.741699
10 0.535645 0.72998 0.0322266 0.0664062 0.729492
7 0.621094 0.67041 0.0644531 0.0527344 0.728027
4 0.282227 0.196899 0.0214844 0.0458984 0.726562
7 0.629883 0.904297 0.0566406 0.0546875 0.71875
5 0.817383 0.661133 0.0371094 0.0361328 0.716797
14 0.544922 0.808594 0.0175781 0.0605469 0.710449
13 0.133667 0.802734 0.0378418 0.078125 0.704102
23 0.134003 0.976562 0.0303345 0.0390625 0.700684
1 0.765625 0.57959 0.0429688 0.0791016 0.695801
9 0.904297 0.973633 0.0351562 0.0390625 0.692871
11 0.981934 0.032074 0.0361328 0.0634155 0.689453
22 0.567871 0.896484 0.0332031 0.0410156 0.689453
8 0.239258 0.502441 0.0375977 0.0566406 0.684082
10 0.284668 0.654297 0.03125 0.0664062 0.684082
4 0.492676 0.896973 0.0244141 0.0458984 0.666992
24 0.44043 0.275635 0.0595703 0.0727539 0.663574
23 0.670898 0.197632 0.0302734 0.0397949 0.660156
6 0.572266 0.356445 0.0527344 0.0390625 0.65332
23 0.236084 0.435547 0.03125 0.0351562 0.65332
21 0.970703 0.967773 0.0546875 0.0488281 0.624512
23 0.424805 0.586914 0.0273438 0.0351562 0.622559
13 0.219482 0.0296631 0.0258789 0.0587769 0.609375
13 0.467285 0.961914 0.0205078 0.0634766 0.609375
24 0.708008 0.323486 0.0371094 0.0263672 0.605957
10 0.59082 0.808594 0.0546875 0.0644531 0.596191
18 0.220703 0.897461 0.0532227 0.0429688 0.586914
21 0.0882416 0.978027 0.0591125 0.0419922 0.581543
13 0.467041 0.864258 0.0175781 0.0214844 0.541016
2 0.390625 0.0436325 0.0263672 0.0359039 0.537109
6 0.707031 0.898438 0.0390625 0.0390625 0.525391
18 0.243042 0.741211 0.0554199 0.046875 0.523438
12 0.186035 0.344727 0.0229492 0.0615234 0.521484
6 0.450684 0.899414 0.0522461 0.0390625 0.519531
13 0.115417 0.34668 0.0391846 0.0634766 0.519531
13 0.570312 0.108154 0.0214844 0.0622559 0.503906
6 0.4375 0.0456543 0.0439453 0.036377 0.501953
