18 0.164307 0.866211 0.0424805 0.0605469 0.984375
2 0.149048 0.72168 0.0339355 0.0390625 0.977539
5 0.0139999 0.886719 0.0276642 0.0371094 0.960449
0 0.0468063 0.805176 0.0536041 0.0439453 0.92627
1 0.118774 0.88623 0.0395508 0.0527344 0.916504
0 0.0550842 0.881836 0.0548706 0.0390625 0.901367
22 0.138184 0.645508 0.0351562 0.0400391 0.88623
13 0.0744629 0.709473 0.0170898 0.0751953 0.865234
16 0.124023 0.797852 0.0495605 0.0419922 0.796875
13 0.161621 0.785645 0.0209961 0.0673828 0.759277
4 0.00904846 0.806641 0.0180664 0.046875 0.686035
5 0.0670776 0.961914 0.0561523 0.0371094 0.624512
6 0.0195618 0.966309 0.0355225 0.0351562 0.560059
