2 0.0524902 0.986816 0.0316162 0.0263672 0.963379
11 0.04953 0.825195 0.0368042 0.0585938 0.962402
4 0.172363 0.360596 0.0285645 0.0424805 0.956055
2 0.0523682 0.601074 0.0291748 0.0351562 0.946777
1 0.112244 0.921387 0.0362549 0.0546875 0.936035
5 0.208984 0.981445 0.0415039 0.0371094 0.925781
5 0.161011 0.830566 0.0339355 0.0380859 0.899902
0 0.0470047 0.0532837 0.0534515 0.0474854 0.89502
13 0.115295 0.273987 0.0211182 0.0633545 0.856934
22 0.0501175 0.916016 0.0568695 0.0371094 0.838867
22 0.0148926 0.839844 0.029541 0.0429688 0.832031
16 0.124329 0.0483093 0.0496826 0.0418091 0.82666
2 0.186523 0.901367 0.0327148 0.0390625 0.822266
9 0.14502 0.286377 0.0356445 0.0410156 0.817383
6 0.149414 0.90918 0.0380859 0.0371094 0.803223
22 0.102905 0.984863 0.0400391 0.0302734 0.800781
23 0.0206947 0.603516 0.0300217 0.0371094 0.779785
2 0.106201 0.753906 0.0319824 0.0371094 0.764648
6 0.137451 0.363525 0.0395508 0.0371094 0.704102
6 0.0212402 0.760254 0.0358887 0.0390625 0.682617
1 0.120605 0.133789 0.0437012 0.0588379 0.665527
5 0.0670776 0.211426 0.0561523 0.0373535 0.635254
8 0.0705566 0.676758 0.0366211 0.0390625 0.633301
4 0.00912476 0.0528564 0.018219 0.0577393 0.607422
24 0.175537 0.48877 0.0297852 0.0263672 0.592773
6 0.0198669 0.216064 0.0349731 0.0356445 0.588867
24 0.0193024 0.293457 0.0386047 0.0429688 0.563965
24 0.0197754 0.371094 0.0395508 0.0380859 0.562012
7 0.14328 0.983398 0.0420532 0.0332031 0.541016
22 0.0597534 0.754883 0.0362549 0.0410156 0.521484
