13 0.833984 0.839355 0.0214844 0.0664062 0.980469
2 0.861328 0.611328 0.0429688 0.0439453 0.978516
18 0.496826 0.695801 0.043457 0.0615234 0.970703
2 0.541016 0.781738 0.0322266 0.0390625 0.969238
18 0.611328 0.923828 0.0439453 0.0625 0.968262
0 0.970703 0.920898 0.0527344 0.0351562 0.966797
18 0.919922 0.918945 0.0410156 0.0507812 0.963867
5 0.785645 0.930664 0.0351562 0.0400391 0.958984
0 0.420898 0.786621 0.0585938 0.0390625 0.957031
18 0.527344 0.847656 0.0429688 0.0585938 0.956055
7 0.783691 0.627441 0.0654297 0.0615234 0.955566
13 0.623047 0.611816 0.0234375 0.0644531 0.95459
7 0.540039 0.634766 0.0458984 0.0546875 0.954102
7 0.652344 0.862305 0.0410156 0.0546875 0.953613
5 0.979004 0.767578 0.0371094 0.0371094 0.953125
9 0.818359 0.697266 0.0371094 0.0410156 0.950195
18 0.675293 0.770996 0.0429688 0.0537109 0.944336
13 0.987305 0.83252 0.0214844 0.0664062 0.941895
2 0.720703 0.852539 0.0283203 0.0380859 0.937012
18 0.732422 0.691406 0.0390625 0.0537109 0.928711
11 0.957031 0.835938 0.0351562 0.0615234 0.920898
2 0.567383 0.857422 0.0302734 0.0371094 0.918945
5 0.589844 0.70166 0.0351562 0.0400391 0.918457
2 0.48291 0.94043 0.0371094 0.0390625 0.917969
13 0.575684 0.924805 0.0224609 0.0703125 0.916504
1 0.806641 0.780273 0.0371094 0.0527344 0.913574
5 0.90625 0.770508 0.0351562 0.0390625 0.897461
2 0.650391 0.936523 0.0292969 0.0371094 0.892578
7 0.97998 0.698242 0.0400391 0.0546875 0.880859
0 0.87793 0.686035 0.0546875 0.0546875 0.880859
22 0.600586 0.857422 0.0351562 0.0390625 0.875
13 0.755371 0.762207 0.0292969 0.0683594 0.861328
22 0.938965 0.69043 0.0371094 0.0380859 0.852051
14 0.663574 0.609863 0.0185547 0.0634766 0.849121
14 0.453125 0.929688 0.0175781 0.0605469 0.848145
9 0.624023 0.780273 0.0371094 0.0390625 0.830078
4 0.62207 0.699219 0.0273438 0.0449219 0.819824
13 0.876465 0.756348 0.0263672 0.0693359 0.818848
22 0.940918 0.614258 0.0625 0.0390625 0.808105
6 0.848633 0.773438 0.0380859 0.0371094 0.799316
7 0.801758 0.859375 0.0380859 0.0546875 0.78418
4 0.674805 0.697754 0.0595703 0.0400391 0.770508
23 0.743164 0.935547 0.03125 0.0371094 0.760742
13 0.890625 0.603516 0.0332031 0.0664062 0.723145
5 0.77832 0.985352 0.0585938 0.0292969 0.723145
13 0.595703 0.767578 0.0195312 0.0625 0.708984
1 0.0176086 0.0595093 0.0352173 0.119019 0.70752
16 0.539062 0.9375 0.0458984 0.0419922 0.6875
18 0.493408 0.614746 0.0483398 0.0654297 0.679199
18 0.417969 0.930664 0.046875 0.0644531 0.665527
4 0.817383 0.929688 0.0253906 0.0429688 0.637207
8 0.774902 0.692383 0.0361328 0.0517578 0.611328
6 0.691406 0.621582 0.0371094 0.0371094 0.604004
14 0.835938 0.603516 0.0332031 0.0644531 0.571777
13 0.972168 0.986328 0.0185547 0.0273438 0.569824
5 0.881836 0.993164 0.0351562 0.0136719 0.569824
13 0.86084 0.756836 0.0556641 0.0703125 0.542969
14 0.648438 0.610352 0.0224609 0.0644531 0.521484
