7 0.76416 0.793457 0.046875 0.0595703 0.986816
21 0.496582 0.70166 0.0449219 0.0576172 0.98584
1 0.594727 0.969727 0.0410156 0.0605469 0.969727
5 0.635254 0.603027 0.0419922 0.0458984 0.966309
2 0.774414 0.692871 0.0292969 0.0429688 0.966309
7 0.907227 0.610352 0.0605469 0.0615234 0.962891
18 0.473389 0.593262 0.0458984 0.0585938 0.961426
22 0.692871 0.696289 0.0410156 0.0429688 0.958984
2 0.818359 0.783203 0.0332031 0.0439453 0.95752
5 0.601074 0.693848 0.0361328 0.0429688 0.957031
8 0.615234 0.873535 0.0439453 0.0458984 0.955566
5 0.541992 0.782227 0.0371094 0.0419922 0.954102
0 0.972656 0.787109 0.0546875 0.046875 0.953613
13 0.542969 0.858398 0.0234375 0.0703125 0.947754
0 0.606445 0.78418 0.0859375 0.0458984 0.944336
6 0.943359 0.695312 0.0429688 0.046875 0.941895
5 0.71582 0.962402 0.0371094 0.0449219 0.94043
1 0.898438 0.70459 0.0449219 0.0605469 0.938965
7 0.422607 0.96875 0.0458984 0.0605469 0.938965
2 0.962891 0.874023 0.03125 0.0449219 0.936523
18 0.963867 0.957031 0.0419922 0.0585938 0.930664
27 0.850586 0.612305 0.0273438 0.0664062 0.926758
2 0.655273 0.876953 0.0351562 0.0488281 0.92627
0 0.785156 0.868164 0.0800781 0.0566406 0.924805
0 0.974121 0.510864 0.0507812 0.048584 0.921875
2 0.983398 0.696289 0.0332031 0.0488281 0.921875
22 0.571289 0.872559 0.0371094 0.0429688 0.921387
2 0.448975 0.513672 0.0351562 0.0429688 0.918945
5 0.736816 0.509766 0.0361328 0.0458984 0.917969
5 0.438721 0.783203 0.0444336 0.0488281 0.916504
0 0.820312 0.694336 0.0625 0.0458984 0.908203
0 0.813477 0.962891 0.0625 0.046875 0.907227
22 0.865723 0.963867 0.0390625 0.0429688 0.907227
5 0.75 0.598145 0.0410156 0.0556641 0.896484
18 0.757324 0.957031 0.0419922 0.0634766 0.888184
6 0.638184 0.962891 0.0410156 0.0429688 0.882324
0 0.362305 0.865723 0.0664062 0.0742188 0.880859
0 0.491211 0.769531 0.0634766 0.0664062 0.874023
5 0.454102 0.690918 0.0385742 0.046875 0.873047
0 0.36084 0.772461 0.0654297 0.0683594 0.869629
10 0.416016 0.859375 0.0400391 0.0654297 0.862305
0 0.404053 0.696289 0.0620117 0.0488281 0.842773
0 0.712402 0.867188 0.0625 0.0546875 0.829102
5 0.556641 0.602539 0.0654297 0.046875 0.804199
7 0.447266 0.878418 0.0634766 0.0615234 0.767578
2 0.895996 0.873047 0.0322266 0.046875 0.764648
11 0.989258 0.864258 0.0214844 0.0644531 0.763672
6 0.71875 0.778809 0.0400391 0.0566406 0.695801
1 0.813477 0.609863 0.0390625 0.0664062 0.692871
5 0.36499 0.960449 0.0673828 0.0527344 0.581543
14 0.41626 0.505859 0.0288086 0.0693359 0.552734
4 0.706055 0.505371 0.0283203 0.0478516 0.527344
21 0.862305 0.500488 0.0546875 0.0634766 0.523438
