0 0.0769043 0.905762 0.138916 0.0996094 0.98877
2 0.116455 0.705078 0.0776367 0.0908203 0.986328
18 0.813477 0.288025 0.0957031 0.137817 0.983887
2 0.882812 0.106552 0.0761719 0.0959778 0.980469
13 0.93457 0.293457 0.0488281 0.146484 0.980469
23 0.801758 0.510864 0.0722656 0.0993652 0.97998
18 0.982422 0.300354 0.0351562 0.133667 0.979492
9 0.750977 0.708984 0.0878906 0.105469 0.977051
18 0.044342 0.0706787 0.0886841 0.141357 0.972656
4 0.233398 0.289307 0.0703125 0.108887 0.971191
5 0.198486 0.905273 0.0869141 0.0976562 0.971191
2 0.499512 0.506348 0.0732422 0.0996094 0.969727
23 0.18811 0.701172 0.0661621 0.0898438 0.969727
2 0.671875 0.710938 0.0722656 0.0917969 0.969727
8 0.905273 0.70752 0.0917969 0.106445 0.969727
4 0.598633 0.698242 0.0761719 0.109375 0.968262
23 0.57373 0.506836 0.0732422 0.0966797 0.967773
2 0.116211 0.293457 0.0732422 0.0952148 0.966797
2 0.875488 0.512695 0.0712891 0.101562 0.965332
13 0.942383 0.0917969 0.0429688 0.133789 0.962891
4 0.982422 0.0924072 0.0351562 0.143799 0.960449
13 0.174072 0.277588 0.0429688 0.136719 0.956543
22 0.554688 0.912109 0.0869141 0.0966797 0.94873
14 0.47998 0.883789 0.0458984 0.142578 0.935059
2 0.979004 0.710938 0.0419922 0.106445 0.932617
6 0.281006 0.5 0.151855 0.103516 0.905762
13 0.353027 0.683594 0.0600586 0.148438 0.891113
6 0.987305 0.917969 0.0253906 0.09375 0.875977
12 0.541992 0.0784912 0.139648 0.14209 0.809082
6 0.379395 0.913086 0.150391 0.0927734 0.78125
6 0.307129 0.708008 0.146484 0.101562 0.773438
13 0.0124435 0.266602 0.0248871 0.144043 0.53125
8 0.984375 0.518066 0.03125 0.0917969 0.501953
