18 0.94873 0.8125 0.102539 0.140625 0.990234
0 0.697266 0.829102 0.144531 0.103516 0.986816
38 0.863281 0.222168 0.140625 0.166016 0.98584
7 0.421387 0.839844 0.0947266 0.134766 0.982422
2 0.439941 0.220703 0.0761719 0.0927734 0.981934
7 0.0490723 0.831055 0.09729 0.12793 0.980957
5 0.815918 0.431396 0.0878906 0.097168 0.979004
13 0.500488 0.196411 0.0410156 0.139893 0.978516
4 0.138947 0.798828 0.0668335 0.121094 0.977539
2 0.871582 0.631836 0.0683594 0.09375 0.977051
13 0.351562 0.795898 0.0439453 0.150391 0.976074
23 0.274658 0.806641 0.0751953 0.09375 0.974609
2 0.17749 0.414062 0.0771484 0.0922852 0.973145
5 0.939941 0.433594 0.0908203 0.0927734 0.973145
6 0.790039 0.0351562 0.100586 0.0703125 0.97168
7 0.313477 0.0548706 0.138184 0.109741 0.970703
5 0.572754 0.827148 0.0966797 0.0947266 0.965332
2 0.20459 0.810059 0.0698242 0.0966797 0.963867
13 0.672363 0.96582 0.0527344 0.0683594 0.963867
6 0.967773 0.24231 0.0644531 0.0959473 0.961426
18 0.947754 0.970215 0.0800781 0.0595703 0.950195
6 0.107117 0.0286255 0.137817 0.057251 0.943848
11 0.893555 0.0379028 0.0878906 0.0758057 0.943359
2 0.771484 0.632324 0.0810547 0.0966797 0.939941
13 0.963867 0.0431519 0.0449219 0.0863037 0.925781
14 0.571289 0.0354614 0.0410156 0.0709229 0.908203
7 0.567383 0.24585 0.105469 0.132812 0.905273
27 0.397461 0.393066 0.0722656 0.146484 0.90332
13 0.519531 0.962891 0.0371094 0.0742188 0.902832
5 0.0218964 0.205566 0.0437927 0.0932617 0.898926
19 0.0812378 0.980469 0.0700684 0.0390625 0.853027
2 0.402588 0.983398 0.0673828 0.0332031 0.819824
6 0.953125 0.632324 0.0898438 0.09375 0.791992
6 0.46875 0.0344849 0.152344 0.0689697 0.763672
18 0.145264 0.595703 0.134277 0.126953 0.760742
1 0.317383 0.981445 0.0908203 0.0371094 0.741699
8 0.822754 0.989258 0.0947266 0.0214844 0.725098
2 0.737305 0.987793 0.0703125 0.0244141 0.708984
10 0.837891 0.805664 0.0976562 0.142578 0.680664
27 0.269775 0.0467224 0.0512695 0.0934448 0.662109
6 0.592773 0.989258 0.0947266 0.0214844 0.656738
2 0.468018 0.983398 0.0625 0.0332031 0.649414
10 0.0355225 0.582031 0.0708008 0.148438 0.622559
14 0.38623 0.197632 0.0712891 0.140381 0.598145
