4 0.634766 0.825195 0.0859375 0.148438 0.992188
7 0.848633 0.465088 0.107422 0.140137 0.988281
7 0.947266 0.662109 0.105469 0.146484 0.984375
7 0.48877 0.875 0.102539 0.138672 0.983398
0 0.410156 0.65918 0.140625 0.0996094 0.983398
13 0.569824 0.824707 0.0439453 0.148438 0.977051
5 0.811035 0.238037 0.0908203 0.101562 0.970215
2 0.845703 0.640625 0.0742188 0.0917969 0.966797
22 0.960938 0.837891 0.078125 0.09375 0.963867
13 0.758789 0.817383 0.0507812 0.148438 0.952637
6 0.283264 0.24707 0.148315 0.100098 0.939453
22 0.0212555 0.856934 0.042511 0.0908203 0.936035
22 0.0384216 0.255859 0.0768433 0.101562 0.935547
18 0.854004 0.82959 0.125 0.124023 0.932129
6 0.750977 0.443848 0.0917969 0.0966797 0.852051
22 0.012352 0.457764 0.0246124 0.0839844 0.847168
10 0.0969849 0.427734 0.0926514 0.143555 0.831055
22 0.0230255 0.65918 0.04599 0.102539 0.824219
4 0.955078 0.435059 0.0898438 0.103516 0.712402
0 0.132446 0.634766 0.155762 0.146484 0.658203
14 0.248047 0.980957 0.043457 0.0380859 0.651367
27 0.313965 0.849121 0.0571289 0.0947266 0.598145
13 0.286621 0.97998 0.0517578 0.0400391 0.581543
4 0.910156 0.231689 0.0996094 0.112305 0.57373
13 0.330078 0.223755 0.0585938 0.14624 0.562012
6 0.982422 0.239258 0.0351562 0.101562 0.552734
13 0.655273 0.244751 0.0175781 0.103271 0.542969
2 0.307129 0.662109 0.0419922 0.0507812 0.541016
13 0.946289 0.971191 0.0878906 0.0576172 0.519531
13 0.921387 0.97168 0.0380859 0.0566406 0.515625
