1 0.961914 0.949707 0.0761719 0.100586 0.99707
16 0.87207 0.549805 0.101562 0.0957031 0.995117
18 0.194702 0.330078 0.110596 0.142578 0.989258
6 0.193604 0.948242 0.0957031 0.09375 0.980957
9 0.657715 0.545898 0.0888672 0.101562 0.980469
2 0.124573 0.151337 0.0789795 0.1026 0.979492
2 0.871582 0.152374 0.0771484 0.101013 0.978516
4 0.279358 0.9375 0.0740967 0.123047 0.977539
5 0.14743 0.754883 0.0957642 0.0917969 0.972656
4 0.945312 0.736328 0.0683594 0.111328 0.972168
7 0.09021 0.953125 0.101807 0.09375 0.971191
2 0.681641 0.949219 0.0742188 0.0996094 0.970215
6 0.857422 0.746094 0.0996094 0.09375 0.96875
13 0.58252 0.521973 0.0400391 0.144531 0.966797
2 0.461426 0.352051 0.0751953 0.0947266 0.965332
4 0.767578 0.149414 0.0751953 0.108398 0.964844
22 0.299316 0.359375 0.0849609 0.090332 0.964844
2 0.861328 0.949219 0.0742188 0.0996094 0.964844
5 0.760742 0.746094 0.0898438 0.0947266 0.964355
23 0.585938 0.951172 0.078125 0.0957031 0.960938
5 0.683594 0.149902 0.0859375 0.095459 0.958496
14 0.053154 0.126099 0.0511627 0.139893 0.949219
5 0.358643 0.950195 0.0854492 0.0957031 0.94873
23 0.528198 0.547363 0.0666504 0.0908203 0.944336
0 0.935059 0.354248 0.129883 0.0952148 0.944336
2 0.00959015 0.947754 0.0190277 0.104492 0.931641
2 0.947266 0.150269 0.0742188 0.0996094 0.930176
6 0.445801 0.748535 0.0478516 0.0908203 0.924805
5 0.0178375 0.350342 0.035675 0.0991211 0.916504
2 0.0139465 0.548828 0.0278931 0.0898438 0.908203
5 0.0134735 0.14621 0.0265503 0.0996704 0.901367
0 0.963867 0.551758 0.0722656 0.0976562 0.891113
4 0.452148 0.942383 0.100586 0.107422 0.874023
5 0.362549 0.731445 0.115723 0.133789 0.870605
8 0.21875 0.746094 0.0429688 0.0898438 0.810547
6 0.490723 0.749023 0.0429688 0.0917969 0.78125
18 0.112061 0.524292 0.106201 0.138916 0.704102
14 0.675781 0.0198212 0.0410156 0.0396423 0.672363
