24 0.399414 0.725586 0.0371094 0.0488281 0.993164
5 0.725586 0.711914 0.0371094 0.0390625 0.971191
5 0.498535 0.71582 0.0351562 0.0371094 0.966797
5 0.601562 0.874023 0.0351562 0.0371094 0.966797
2 0.87207 0.865723 0.03125 0.0390625 0.96582
2 0.545898 0.874023 0.0273438 0.0390625 0.962402
7 0.404785 0.962402 0.0429688 0.0576172 0.958984
0 0.517456 0.793945 0.0588379 0.0371094 0.95752
7 0.952148 0.949219 0.0390625 0.0527344 0.957031
1 0.840332 0.952148 0.0380859 0.0537109 0.954102
18 0.638672 0.624512 0.0429688 0.0605469 0.951172
6 0.622559 0.794922 0.0361328 0.0361328 0.950195
5 0.988281 0.940918 0.0234375 0.0390625 0.946289
1 0.87207 0.71875 0.0380859 0.0537109 0.935547
0 0.422852 0.878906 0.0810547 0.0429688 0.934082
2 0.957031 0.62793 0.0332031 0.0410156 0.933105
13 0.551758 0.9375 0.0175781 0.0683594 0.926758
13 0.518066 0.86084 0.0234375 0.0664062 0.914062
0 0.413574 0.642578 0.0791016 0.0410156 0.911621
7 0.48584 0.880371 0.0371094 0.0507812 0.909668
6 0.664062 0.712891 0.0351562 0.0390625 0.90332
5 0.828613 0.789062 0.0371094 0.0410156 0.90332
1 0.583008 0.801758 0.0371094 0.0537109 0.901855
22 0.952148 0.706543 0.0371094 0.0390625 0.900391
6 0.912109 0.708008 0.0371094 0.0390625 0.894043
0 0.80957 0.711914 0.0546875 0.0410156 0.893066
8 0.536133 0.718262 0.0371094 0.0361328 0.88623
2 0.399658 0.799805 0.0297852 0.0390625 0.88623
0 0.637695 0.949219 0.078125 0.0410156 0.881836
22 0.663086 0.79248 0.0371094 0.0380859 0.879883
13 0.519531 0.626465 0.0214844 0.0634766 0.854004
5 0.973633 0.78418 0.0371094 0.0410156 0.852051
13 0.672852 0.624023 0.0205078 0.0644531 0.830078
2 0.698242 0.632812 0.0302734 0.0449219 0.819824
0 0.502075 0.956055 0.079834 0.0410156 0.812988
24 0.57666 0.68457 0.0371094 0.0234375 0.803223
13 0.77002 0.983398 0.0195312 0.0332031 0.79834
22 0.560547 0.639648 0.0605469 0.0361328 0.775879
6 0.750977 0.793457 0.0351562 0.0390625 0.771973
14 0.845703 0.856445 0.0195312 0.0605469 0.728027
14 0.799805 0.779785 0.0175781 0.0634766 0.726562
21 0.683105 0.87207 0.0361328 0.0390625 0.716797
8 0.711426 0.79248 0.0380859 0.0400391 0.679199
14 0.77832 0.780273 0.0175781 0.0625 0.616699
1 0.0185852 0.0651855 0.0371704 0.130371 0.596191
10 0.761719 0.700684 0.03125 0.0673828 0.575684
13 0.92627 0.848145 0.0214844 0.0722656 0.558105
13 0.981445 0.984375 0.0273438 0.0292969 0.550781
18 0.914551 0.616211 0.0478516 0.0644531 0.515625
22 0.995117 0.62793 0.00976562 0.0449219 0.505859
