4 0.353271 0.947754 0.0693359 0.102539 0.98877
0 0.47998 0.955078 0.140625 0.0898438 0.98877
18 0.459717 0.150879 0.109863 0.140137 0.987793
16 0.844727 0.5625 0.105469 0.0908203 0.987305
2 0.135742 0.757324 0.072998 0.0966797 0.984863
1 0.929688 0.955078 0.0878906 0.0898438 0.984863
4 0.0391846 0.941406 0.0769043 0.117188 0.980957
16 0.851562 0.179443 0.103516 0.0947266 0.979492
22 0.566895 0.173096 0.0878906 0.0908203 0.976562
2 0.735352 0.369629 0.0742188 0.0927734 0.976562
2 0.280518 0.756836 0.0717773 0.0976562 0.976074
6 0.0458069 0.761719 0.0916138 0.0898438 0.975586
4 0.167725 0.165161 0.0991211 0.106201 0.973633
4 0.73291 0.940918 0.0654297 0.115234 0.973633
13 0.930664 0.1521 0.0439453 0.141113 0.970215
8 0.392578 0.757812 0.100098 0.09375 0.969727
13 0.929199 0.540161 0.0439453 0.140381 0.967285
6 0.601562 0.955078 0.0917969 0.0878906 0.967285
14 0.676758 0.931641 0.0449219 0.136719 0.966797
4 0.515747 0.362793 0.0974121 0.103516 0.964355
23 0.806641 0.366943 0.0693359 0.0839844 0.959961
22 0.674316 0.760742 0.09375 0.0957031 0.959961
23 0.209961 0.757324 0.0688477 0.0869141 0.95752
5 0.810547 0.952637 0.0878906 0.0917969 0.94873
6 0.976562 0.166748 0.046875 0.104004 0.92041
22 0.492188 0.761719 0.0849609 0.0908203 0.918457
5 0.120117 0.951172 0.0847168 0.0917969 0.873047
16 0.943359 0.759766 0.113281 0.0898438 0.85498
6 0.817383 0.758789 0.0976562 0.0947266 0.823242
6 0.977539 0.564453 0.0449219 0.0878906 0.811523
6 0.271729 0.951172 0.0864258 0.0898438 0.796875
7 0.138153 0.583496 0.173401 0.134766 0.751953
11 0.0142365 0.53418 0.0283813 0.131836 0.723145
8 0.199341 0.0141449 0.0949707 0.0282898 0.720215
6 0.491211 0.562988 0.146484 0.0917969 0.716797
16 0.709961 0.0152664 0.046875 0.0305328 0.702637
6 0.862305 0.0144196 0.0888672 0.0288391 0.673828
5 0.083313 0.0130692 0.0931396 0.0261383 0.663574
6 0.991211 0.953613 0.0175781 0.0917969 0.594727
13 0.78125 0.0298462 0.0585938 0.0596924 0.560059
