11 0.891113 0.635742 0.09375 0.132812 0.994629
1 0.81543 0.09375 0.0917969 0.134766 0.988281
23 0.873535 0.852051 0.0742188 0.0927734 0.984863
8 0.430176 0.849609 0.0981445 0.0976562 0.982422
5 0.79541 0.658203 0.0908203 0.09375 0.981934
2 0.795898 0.856445 0.0800781 0.0957031 0.981445
7 0.769531 0.295654 0.0976562 0.130859 0.980957
2 0.938477 0.463379 0.0712891 0.0957031 0.978027
7 0.0845337 0.877441 0.103149 0.137695 0.978027
23 0.948242 0.854492 0.0742188 0.0878906 0.977539
2 0.960938 0.0714111 0.0742188 0.0952148 0.976074
2 0.341797 0.851562 0.0703125 0.0917969 0.974609
13 0.444092 0.437744 0.0380859 0.138184 0.972656
6 0.843262 0.462891 0.100586 0.0908203 0.97168
23 0.38916 0.464844 0.0712891 0.0888672 0.970703
5 0.187744 0.852051 0.0854492 0.0917969 0.970703
23 0.376953 0.0703125 0.0683594 0.0871582 0.968262
5 0.969727 0.657715 0.0605469 0.0908203 0.964355
13 0.00804901 0.238892 0.0159149 0.155029 0.936523
4 0.310059 0.0559998 0.0634766 0.112 0.930176
4 0.530762 0.842773 0.0976562 0.107422 0.927734
6 0.673828 0.664062 0.146484 0.0917969 0.927246
11 0.655762 0.828125 0.146484 0.138672 0.927246
14 0.892578 0.0598755 0.0507812 0.119751 0.924805
8 0.963379 0.268555 0.0732422 0.090332 0.883301
4 0.874512 0.263428 0.0966797 0.0991211 0.875977
18 0.530273 0.645508 0.129883 0.121094 0.858887
14 0.231445 0.0564575 0.0400391 0.112671 0.842773
2 0.00736618 0.855469 0.0147324 0.0800781 0.823242
22 0.993652 0.852539 0.0126953 0.0742188 0.805664
14 0.561035 0.976562 0.0439453 0.046875 0.767578
22 0.366211 0.975586 0.103516 0.0488281 0.616699
