1 0.768066 0.780273 0.0878906 0.125 0.997559
21 0.914062 0.384766 0.0996094 0.137695 0.989746
2 0.867676 0.159546 0.0761719 0.100586 0.985352
7 0.232544 0.950195 0.105225 0.0996094 0.98291
5 0.568359 0.756836 0.0996094 0.0957031 0.980957
2 0.462402 0.153778 0.0712891 0.093811 0.97998
9 0.440918 0.947266 0.0917969 0.0957031 0.977539
2 0.578125 0.946777 0.0722656 0.0917969 0.974609
0 0.750977 0.161591 0.140625 0.0913696 0.974609
8 0.953125 0.163788 0.09375 0.0982056 0.968262
13 0.805664 0.539062 0.0410156 0.135742 0.967773
6 0.339844 0.951172 0.0966797 0.0898438 0.967285
22 0.806641 0.358887 0.0898438 0.0922852 0.966309
2 0.65332 0.950684 0.078125 0.0947266 0.958008
5 0.545044 0.156372 0.0935059 0.0964355 0.955078
4 0.839844 0.947266 0.0703125 0.103516 0.950684
2 0.0389099 0.554688 0.0778198 0.0957031 0.936523
22 0.129395 0.948242 0.0898438 0.0957031 0.932129
2 0.90625 0.956055 0.0683594 0.0878906 0.927734
18 0.988281 0.743652 0.0234375 0.129883 0.848145
5 0.0593872 0.755371 0.118164 0.0996094 0.842773
5 0.233643 0.748047 0.104004 0.0966797 0.824219
18 0.716797 0.544067 0.132812 0.128662 0.818848
4 0.267822 0.143829 0.103027 0.104919 0.806641
21 0.0273438 0.948242 0.0545654 0.103516 0.785156
8 0.970703 0.955078 0.0585938 0.0898438 0.770508
6 0.895508 0.762695 0.150391 0.0917969 0.705566
11 0.3125 0.525879 0.152832 0.141602 0.689453
6 0.990723 0.5625 0.0185547 0.0878906 0.682617
6 0.98291 0.359863 0.0341797 0.0874023 0.644043
1 0.498779 0.380615 0.138184 0.133301 0.541016
