5 0.54541 0.96875 0.0380859 0.0429688 0.989746
24 0.0348206 0.61377 0.0316772 0.0546875 0.984863
13 0.307129 0.955078 0.0195312 0.0625 0.98291
29 0.0184021 0.162842 0.0368042 0.0646973 0.979492
2 0.255859 0.175049 0.0307617 0.043457 0.979004
7 0.28125 0.887207 0.0458984 0.0585938 0.977539
2 0.0764008 0.0759888 0.0332336 0.0447998 0.974121
12 0.0711517 0.780762 0.0498352 0.0761719 0.972656
5 0.536133 0.181152 0.0390625 0.043457 0.965332
2 0.623047 0.614258 0.0351562 0.0429688 0.960449
11 0.308838 0.775391 0.0361328 0.0585938 0.958496
2 0.207031 0.260498 0.0322266 0.0415039 0.958008
5 0.0150452 0.25824 0.0300903 0.0421143 0.95752
22 0.29126 0.433594 0.0366211 0.0395508 0.95752
2 0.331055 0.701172 0.0336914 0.0439453 0.956543
22 0.0543823 0.172607 0.0368652 0.0405273 0.955566
1 0.185547 0.439941 0.0390625 0.0615234 0.955566
9 0.137207 0.343506 0.0441895 0.0444336 0.952637
11 0.510742 0.431641 0.0419922 0.0610352 0.94873
2 0.0838623 0.876465 0.0339355 0.0429688 0.948242
23 0.0417557 0.0750732 0.0323334 0.0441895 0.944336
2 0.120239 0.259277 0.03125 0.043457 0.942383
11 0.491699 0.517456 0.0400391 0.060791 0.939941
24 0.484863 0.890137 0.0351562 0.0517578 0.939453
22 0.412598 0.700195 0.0400391 0.0410156 0.925293
0 0.302246 0.17688 0.0615234 0.0429688 0.92041
13 0.241943 0.866211 0.0214844 0.0644531 0.918945
6 0.188232 0.174316 0.0419922 0.0419922 0.91748
24 0.471436 0.0540466 0.0449219 0.0252075 0.916016
6 0.616211 0.364746 0.0439453 0.0429688 0.916016
22 0.447754 0.18042 0.0400391 0.0410156 0.915527
12 0.366699 0.870117 0.0673828 0.0654297 0.905273
9 0.205078 0.5177 0.0390625 0.0446777 0.90332
0 0.211426 0.952637 0.0649414 0.0625 0.898926
13 0.358398 0.955566 0.0175781 0.0634766 0.889648
0 0.322266 0.512695 0.0800781 0.0634766 0.885742
6 0.0938721 0.345947 0.0371094 0.0424805 0.884766
4 0.204834 0.779785 0.0273438 0.0449219 0.884766
2 0.0911865 0.428223 0.032959 0.0483398 0.882324
0 0.585449 0.883301 0.0722656 0.0439453 0.878418
21 0.370605 0.709961 0.0419922 0.0566406 0.875977
0 0.48291 0.265869 0.0820312 0.0449219 0.864258
10 0.605469 0.262634 0.0585938 0.0616455 0.863281
18 0.258545 0.510254 0.0419922 0.0615234 0.856934
10 0.603027 0.0777588 0.0498047 0.0637207 0.851074
9 0.0174866 0.783203 0.0349731 0.046875 0.850098
24 0.472168 0.0747223 0.046875 0.0658875 0.829102
24 0.573242 0.676758 0.0332031 0.0253906 0.829102
22 0.142334 0.430908 0.0356445 0.0410156 0.82666
0 0.0488892 0.51123 0.0629883 0.0634766 0.82666
14 0.487305 0.957031 0.0224609 0.0664062 0.820801
6 0.615234 0.014679 0.0449219 0.0293579 0.819824
11 0.0528564 0.338379 0.0389404 0.0629883 0.813965
10 0.330566 0.603516 0.0410156 0.0644531 0.79834
2 0.283447 0.260498 0.0317383 0.0395508 0.796875
21 0.419678 0.785645 0.0595703 0.0761719 0.789062
7 0.343262 0.270752 0.0644531 0.0576172 0.778809
5 0.619141 0.177612 0.0410156 0.0595703 0.775879
4 0.465576 0.78418 0.0322266 0.0507812 0.767578
9 0.0933228 0.171509 0.0374756 0.0461426 0.757812
24 0.605469 0.414551 0.0332031 0.0253906 0.751953
13 0.337891 0.775391 0.0195312 0.0625 0.750488
24 0.516113 0.681641 0.0371094 0.0371094 0.737305
6 0.23999 0.430664 0.0595703 0.0449219 0.729492
9 0.0523682 0.693359 0.0373535 0.0488281 0.72168
10 0.202881 0.685547 0.052002 0.0625 0.700684
6 0.367432 0.347656 0.0595703 0.0473633 0.694336
8 0.0532227 0.251404 0.0449219 0.0626221 0.689453
4 0.226074 0.169678 0.0302734 0.052002 0.656738
13 0.0064621 0.678711 0.0128937 0.0810547 0.633301
23 0.456055 0.527344 0.0283203 0.0419922 0.631836
46 0.418945 0.439453 0.0712891 0.0449219 0.615234
4 0.513672 0.964844 0.0283203 0.0488281 0.607422
18 0.380859 0.607422 0.0576172 0.0585938 0.604004
13 0.35498 0.504883 0.0244141 0.0791016 0.598145
24 0.283691 0.704102 0.0327148 0.0488281 0.584961
16 0.274902 0.967285 0.0458984 0.046875 0.583008
22 0.232422 0.0051918 0.0371094 0.0102768 0.577637
18 0.200562 0.871094 0.057373 0.0546875 0.563965
13 0.008255 0.496582 0.01651 0.0849609 0.563965
11 0.143829 0.952637 0.0634155 0.0634766 0.558105
23 0.47168 0.442139 0.03125 0.043457 0.550781
2 0.541992 0.0844727 0.0488281 0.0461426 0.527344
4 0.169922 0.773438 0.0371094 0.0625 0.525391
6 0.0166321 0.3479 0.0332031 0.043457 0.519531
24 0.575195 0.705078 0.0390625 0.0800781 0.509766
13 0.417236 0.168457 0.0209961 0.0639648 0.503906
