18 0.833008 0.447754 0.0449219 0.0585938 0.979004
2 0.432617 0.470459 0.03125 0.0375977 0.975586
5 0.916016 0.68457 0.0332031 0.0380859 0.973633
2 0.797852 0.69043 0.03125 0.0361328 0.973633
18 0.945312 0.594727 0.0419922 0.0585938 0.964355
11 0.470459 0.376465 0.0366211 0.0625 0.959961
7 0.704102 0.235596 0.0644531 0.0556641 0.959473
9 0.507324 0.855469 0.0361328 0.0390625 0.956055
9 0.506348 0.151245 0.0371094 0.0383301 0.950684
0 0.966797 0.457031 0.0605469 0.0400391 0.949707
2 0.591797 0.772949 0.0332031 0.0400391 0.94873
22 0.64209 0.22937 0.0361328 0.0388184 0.946777
4 0.503052 0.307617 0.0270996 0.0439453 0.946777
1 0.444336 0.786133 0.0390625 0.0527344 0.944824
6 0.692383 0.929199 0.0371094 0.0380859 0.944824
5 0.974609 0.918945 0.0361328 0.0390625 0.944824
0 0.769531 0.384277 0.0566406 0.0400391 0.944336
5 0.905273 0.222412 0.0371094 0.0375977 0.94043
13 0.839844 0.751953 0.0234375 0.0605469 0.94043
9 0.489502 0.777832 0.0336914 0.0371094 0.9375
5 0.568359 0.93457 0.0371094 0.0390625 0.936523
7 0.786133 0.930664 0.0410156 0.0527344 0.936035
5 0.644531 0.304688 0.0390625 0.0380859 0.933105
6 0.615234 0.693359 0.0351562 0.0390625 0.931152
5 0.990234 0.681641 0.0195312 0.0488281 0.930176
1 0.652344 0.936035 0.0390625 0.0537109 0.927734
8 0.637207 0.773438 0.0380859 0.0371094 0.926758
22 0.922852 0.922852 0.0371094 0.0390625 0.926758
9 0.952148 0.681641 0.0351562 0.0390625 0.92627
22 0.480469 0.93457 0.0351562 0.0400391 0.925781
5 0.722656 0.846191 0.0390625 0.0380859 0.925293
6 0.677734 0.384766 0.0371094 0.0410156 0.922852
13 0.571777 0.2146 0.0205078 0.0698242 0.922363
7 0.944336 0.072525 0.0644531 0.054657 0.921387
22 0.732422 0.926758 0.0371094 0.0400391 0.921387
5 0.567383 0.308594 0.0371094 0.0385742 0.918945
21 0.525391 0.942383 0.0488281 0.0585938 0.916504
5 0.819336 0.380859 0.0351562 0.0390625 0.914062
13 0.521484 0.0596313 0.0214844 0.0710449 0.913574
22 0.829102 0.610352 0.0371094 0.0390625 0.911621
1 0.954102 0.767578 0.0371094 0.0498047 0.910645
5 0.828125 0.921387 0.0371094 0.0400391 0.90918
6 0.796875 0.844727 0.0371094 0.0390625 0.908691
7 0.831055 0.151245 0.0380859 0.0539551 0.907227
9 0.839844 0.842773 0.0371094 0.0390625 0.904785
5 0.470703 0.857422 0.0336914 0.0380859 0.897461
9 0.606934 0.930664 0.0361328 0.0390625 0.896484
0 0.980469 0.141235 0.0371094 0.0356445 0.892578
2 0.754395 0.768555 0.0292969 0.0410156 0.891113
0 0.672852 0.852051 0.0546875 0.0390625 0.884766
11 0.592285 0.841797 0.0341797 0.0625 0.883301
0 0.870117 0.0689545 0.078125 0.042511 0.882324
18 0.48877 0.0640717 0.0410156 0.0588684 0.879883
6 0.986816 0.761719 0.0214844 0.0371094 0.878906
2 0.599121 0.461914 0.0322266 0.0371094 0.873047
0 0.695801 0.995117 0.0566406 0.00976562 0.867188
8 0.42334 0.154785 0.0380859 0.0356445 0.863281
5 0.84375 0.689453 0.0566406 0.0380859 0.85791
6 0.789062 0.612305 0.0371094 0.0371094 0.856934
13 0.547852 0.527832 0.0244141 0.0664062 0.853027
2 0.76709 0.0593262 0.0341797 0.0650635 0.847168
14 0.597656 0.295898 0.0195312 0.0605469 0.844727
18 0.58252 0.526855 0.0449219 0.0595703 0.84375
23 0.851562 0.537598 0.0332031 0.0351562 0.835449
6 0.791992 0.224365 0.0332031 0.0366211 0.825684
14 0.768555 0.677246 0.0136719 0.0615234 0.818848
4 0.546387 0.0723724 0.0263672 0.0427551 0.817383
14 0.894531 0.910156 0.0175781 0.0605469 0.805664
23 0.443604 0.939453 0.034668 0.0390625 0.805664
5 0.984375 0.599609 0.03125 0.0546875 0.779785
6 0.468506 0.311035 0.0356445 0.0371094 0.778809
8 0.758301 0.84668 0.0351562 0.0361328 0.762207
13 0.626953 0.84082 0.0292969 0.0664062 0.747559
13 0.548828 0.136261 0.0292969 0.0678101 0.744629
2 0.489258 0.229492 0.0595703 0.0407715 0.732422
14 0.614258 0.216797 0.0175781 0.0610352 0.716797
4 0.911133 0.761719 0.0253906 0.0429688 0.708984
5 0.886719 0.287598 0.0400391 0.0625 0.702637
6 0.866211 0.923828 0.0371094 0.0400391 0.702637
5 0.629883 0.994141 0.0380859 0.0117188 0.702637
14 0.543945 0.76123 0.0175781 0.0673828 0.692871
14 0.849609 0.368652 0.0185547 0.0634766 0.689453
23 0.722656 0.768066 0.03125 0.0371094 0.677246
7 0.45459 0.709961 0.0595703 0.0585938 0.672363
23 0.632812 0.462891 0.0302734 0.0390625 0.67041
18 0.645508 0.53418 0.0566406 0.0429688 0.663574
6 0.780273 0.304199 0.0332031 0.0390625 0.647949
14 0.600586 0.217896 0.0292969 0.0593262 0.629883
2 0.662109 0.0715942 0.0537109 0.0394287 0.625977
24 0.798828 0.533203 0.0585938 0.0390625 0.624512
0 0.521484 0.463623 0.0791016 0.0419922 0.611328
0 0.539062 0.00818634 0.0546875 0.0163727 0.607422
14 0.771484 0.979492 0.015625 0.0410156 0.604004
5 0.844238 0.992188 0.0400391 0.015625 0.602051
14 0.746582 0.216431 0.015625 0.0622559 0.583008
4 0.980469 0.987305 0.0253906 0.0253906 0.57959
4 0.439453 0.85791 0.0273438 0.0400391 0.577637
13 0.612305 0.137939 0.0205078 0.0629883 0.569824
19 0.748047 0.306152 0.0273438 0.0361328 0.567871
19 0.866699 0.610352 0.0302734 0.0351562 0.556641
24 0.746094 0.506836 0.0351562 0.0263672 0.550781
7 0.806641 0.774902 0.0371094 0.0507812 0.550781
13 0.872559 0.36377 0.0205078 0.078125 0.539062
10 0.583008 0.452637 0.0351562 0.0634766 0.539062
6 0.777344 0.460938 0.0566406 0.0371094 0.535156
18 0.875 0.751953 0.0429688 0.0654297 0.533203
13 0.796387 0.445801 0.0205078 0.0625 0.53125
14 0.573242 0.138153 0.0175781 0.0591431 0.527344
4 0.583008 0.691406 0.0273438 0.0449219 0.511719
5 0.76709 0.00545502 0.0439453 0.0108795 0.505859
22 0.694336 0.535645 0.0371094 0.0380859 0.501953
