27 0.825684 0.59375 0.0244141 0.0625 0.989746
13 0.481934 0.324463 0.0214844 0.0615234 0.980957
0 0.774902 0.911133 0.0810547 0.0449219 0.975098
4 0.861328 0.65918 0.0322266 0.0546875 0.974121
7 0.984375 0.424805 0.03125 0.0629883 0.973633
11 0.876953 0.90332 0.0371094 0.0625 0.96875
12 0.585449 0.833008 0.0351562 0.078125 0.966797
11 0.175537 0.405518 0.036377 0.0610352 0.964355
6 0.595703 0.669434 0.0410156 0.0419922 0.963867
2 0.189697 0.668457 0.0302734 0.0429688 0.961914
2 0.821289 0.830078 0.0273438 0.0390625 0.954102
2 0.84082 0.749023 0.0292969 0.0429688 0.953125
0 0.963867 0.662109 0.0722656 0.0566406 0.952637
0 0.512817 0.989258 0.0544434 0.0214844 0.952637
2 0.538086 0.0812378 0.0302734 0.0450439 0.95166
7 0.270264 0.844238 0.0380859 0.0576172 0.94873
2 0.679199 0.831055 0.03125 0.0410156 0.94873
7 0.241943 0.510742 0.0375977 0.0615234 0.945312
6 0.897461 0.831543 0.0351562 0.0400391 0.944336
2 0.428711 0.752441 0.0288086 0.0439453 0.943848
22 0.333984 0.834473 0.0332031 0.0371094 0.943848
0 0.791992 0.75293 0.0605469 0.0449219 0.942871
0 0.393799 0.5 0.0585938 0.0429688 0.939941
2 0.235352 0.75 0.0297852 0.0449219 0.9375
24 0.557617 0.174072 0.0371094 0.0595703 0.936035
21 0.981445 0.0185547 0.0351562 0.0371094 0.93457
4 0.30249 0.984375 0.0336914 0.0302734 0.93457
8 0.658691 0.41748 0.0410156 0.0424805 0.934082
18 0.849609 0.072525 0.0371094 0.0541687 0.932617
5 0.385986 0.249756 0.0375977 0.0429688 0.928711
5 0.2854 0.5 0.0395508 0.0419922 0.926758
0 0.773926 0.83252 0.0576172 0.0400391 0.92627
2 0.0579834 0.498535 0.0291748 0.0410156 0.921387
0 0.634766 0.325439 0.0595703 0.059082 0.919434
0 0.92334 0.975586 0.0839844 0.0488281 0.918945
0 0.210693 0.833984 0.0581055 0.0429688 0.918457
8 0.957031 0.500977 0.0410156 0.0429688 0.916016
7 0.316406 0.924805 0.0371094 0.0605469 0.915039
2 0.0658569 0.164307 0.0281982 0.0424805 0.914062
20 0.960938 0.331787 0.0761719 0.0849609 0.913086
0 0.755859 0.988281 0.0742188 0.0234375 0.913086
5 0.814453 0.985352 0.0390625 0.0292969 0.913086
0 0.282227 0.75293 0.0605469 0.0439453 0.912598
2 0.373047 0.0802612 0.0317383 0.0426025 0.911621
5 0.41748 0.0834351 0.0537109 0.0440674 0.911133
2 0.140869 0.414551 0.0283203 0.046875 0.910645
4 0.388184 0.32373 0.0302734 0.0634766 0.909668
18 0.402832 0.664551 0.0400391 0.0527344 0.909668
5 0.896484 0.414551 0.0332031 0.0410156 0.908203
13 0.452881 0.906738 0.0209961 0.0595703 0.908203
0 0.47168 0.585938 0.0732422 0.0429688 0.904785
8 0.182007 0.917969 0.0361328 0.0410156 0.903809
6 0.535156 0.336426 0.0390625 0.0419922 0.90332
5 0.344482 0.5 0.0375977 0.0449219 0.900391
8 0.349121 0.666016 0.0385742 0.046875 0.899902
22 0.379883 0.915039 0.0322266 0.0410156 0.887207
13 0.657227 0.65625 0.0214844 0.0693359 0.884766
4 0.414795 0.155273 0.0405273 0.0627441 0.884277
0 0.619141 0.166992 0.0810547 0.0410156 0.884277
8 0.262451 0.918945 0.0405273 0.0429688 0.882324
13 0.919922 0.904297 0.0214844 0.0644531 0.879883
22 0.501953 0.752441 0.0341797 0.0410156 0.875977
8 0.0940552 0.498291 0.0394287 0.0415039 0.875
2 0.640625 0.0823975 0.0253906 0.0401611 0.872559
12 0.0754395 0.824219 0.0500488 0.0644531 0.872559
13 0.986328 0.572266 0.0234375 0.0664062 0.871582
8 0.577148 0.415527 0.0410156 0.0463867 0.866211
5 0.651855 0.498779 0.03125 0.0444336 0.865234
0 0.0620422 0.751953 0.0529175 0.0478516 0.865234
18 0.420654 0.911133 0.0375977 0.0527344 0.863281
0 0.557617 0.910645 0.0576172 0.0517578 0.862305
0 0.0194092 0.500488 0.0384521 0.0419922 0.85791
0 0.720703 0.408691 0.0605469 0.0585938 0.856934
12 0.158813 0.979004 0.0629883 0.0419922 0.854004
5 0.222168 0.989258 0.0317383 0.0214844 0.854004
8 0.394775 0.753906 0.034668 0.0390625 0.853027
10 0.787109 0.489258 0.03125 0.0644531 0.852051
22 0.618164 0.416016 0.0322266 0.0449219 0.849121
0 0.0219727 0.248779 0.0437622 0.0473633 0.847168
14 0.567383 0.239258 0.0195312 0.065918 0.844727
6 0.160156 0.836914 0.0385742 0.0380859 0.842773
13 0.544922 0.576172 0.0214844 0.0664062 0.84082
8 0.824219 0.667969 0.0410156 0.0410156 0.84082
22 0.30957 0.666992 0.0332031 0.0429688 0.834473
6 0.807129 0.416016 0.0371094 0.0419922 0.832031
13 0.405273 0.822266 0.0244141 0.0673828 0.830078
2 0.180176 0.498779 0.0361328 0.0454102 0.829102
6 0.712891 0.912598 0.0371094 0.0419922 0.827637
2 0.34668 0.75 0.0361328 0.0439453 0.827637
13 0.869629 0.402832 0.0195312 0.0634766 0.817383
22 0.219482 0.916504 0.0322266 0.0410156 0.817383
21 0.186768 0.347656 0.0390625 0.0556641 0.810547
18 0.0794678 0.411133 0.0391846 0.0517578 0.809082
13 0.837891 0.318359 0.0195312 0.0664062 0.808105
14 0.504883 0.323242 0.0205078 0.0664062 0.805664
2 0.0373535 0.919922 0.0274658 0.046875 0.804199
5 0.118652 0.0809937 0.036377 0.0428467 0.799316
0 0.358398 0.98877 0.0527344 0.0224609 0.79834
9 0.9375 0.831055 0.0371094 0.0410156 0.795898
4 0.120178 0.911621 0.0296631 0.0537109 0.794434
18 0.476807 0.0808716 0.0375977 0.057373 0.785156
21 0.0778656 0.0910645 0.0412903 0.0576172 0.782715
13 0.616211 0.823242 0.0234375 0.0644531 0.775879
23 0.669434 0.0814209 0.03125 0.0419922 0.770508
4 0.867188 0.325195 0.0322266 0.0527344 0.769043
7 0.444092 0.83252 0.0527344 0.0419922 0.769043
22 0.837891 0.911133 0.0341797 0.0429688 0.769043
18 0.471191 0.495117 0.0283203 0.0537109 0.767578
4 0.716797 0.578125 0.03125 0.0517578 0.762207
24 0.194824 0.762695 0.0478516 0.0585938 0.747559
22 0.180664 0.00814819 0.0341797 0.0162964 0.746094
18 0.885742 0.744141 0.0527344 0.0537109 0.73877
19 0.632324 0.668945 0.0263672 0.0429688 0.733887
21 0.69043 0.513794 0.0410156 0.0622559 0.732422
0 0.740234 0.490234 0.0566406 0.0693359 0.729492
10 0.87207 0.572754 0.0351562 0.0683594 0.729492
9 0.713867 0.831543 0.0351562 0.0400391 0.728027
18 0.951172 0.90625 0.0390625 0.0488281 0.72168
1 0.793457 0.592773 0.0341797 0.0585938 0.712402
0 0.0197754 0.834961 0.0395508 0.0449219 0.704102
22 0.185059 0.16333 0.0368652 0.0463867 0.697754
6 0.263611 0.251709 0.0372314 0.0458984 0.694336
13 0.503418 0.569336 0.0185547 0.0751953 0.689453
24 0.928711 0.59375 0.0527344 0.0625 0.686035
0 0.507324 0.663086 0.0585938 0.0556641 0.680664
22 0.296387 0.0817871 0.034668 0.0415039 0.673828
2 0.41748 0.0101776 0.0341797 0.0203552 0.656738
14 0.964844 0.572266 0.0175781 0.0625 0.651367
22 0.0285034 0.582031 0.0317383 0.0410156 0.647949
6 0.89209 0.0753326 0.0439453 0.0522156 0.645996
21 0.974609 0.259338 0.046875 0.0643311 0.640625
4 0.434326 0.244995 0.0556641 0.052002 0.638672
18 0.768555 0.412354 0.0371094 0.0478516 0.620605
22 0.530273 0.00862122 0.0351562 0.0172119 0.613281
4 0.154663 0.0748291 0.0354004 0.0515137 0.609375
16 0.121704 0.75293 0.0393066 0.0410156 0.596191
2 0.817383 0.0803375 0.0273438 0.0414734 0.583008
22 0.453125 0.333984 0.0302734 0.0380859 0.581543
2 0.229248 0.00901794 0.0283203 0.0180359 0.577637
24 0.275391 0.415527 0.0341797 0.0429688 0.575684
18 0.373291 0.828125 0.0380859 0.046875 0.567871
12 0.0157776 0.72998 0.0315552 0.0859375 0.563965
10 0.367188 0.15213 0.0507812 0.0697632 0.562012
6 0.773438 0.666016 0.0585938 0.0449219 0.552734
22 0.739258 0.749512 0.0332031 0.0400391 0.542969
8 0.933105 0.751953 0.0390625 0.0410156 0.542969
6 0.694336 0.989258 0.0390625 0.0214844 0.537109
10 0.165771 0.239624 0.0410156 0.0705566 0.535156
6 0.119751 0.82373 0.0380859 0.0625 0.535156
10 0.777344 0.320557 0.0488281 0.0668945 0.523438
24 0.61084 0.0825195 0.0332031 0.0430908 0.521484
2 0.0617981 0.98877 0.0806274 0.0224609 0.521484
8 0.570801 0.980469 0.0537109 0.0390625 0.519531
8 0.102234 0.159058 0.0438232 0.0534668 0.511719
13 0.710938 0.069397 0.0478516 0.0706787 0.505859
24 0.0206909 0.331055 0.0412598 0.0449219 0.503906
18 0.786133 0.159912 0.0488281 0.0495605 0.501953
