4 0.284912 0.84375 0.078125 0.119141 0.986816
0 0.571167 0.0576477 0.146729 0.0999146 0.98584
2 0.909668 0.0604248 0.0732422 0.0930176 0.981445
9 0.810547 0.848633 0.0859375 0.0996094 0.980957
8 0.406982 0.849609 0.0981445 0.0957031 0.977051
9 0.0800781 0.851562 0.0908203 0.0996094 0.975586
5 0.966797 0.849609 0.0664062 0.09375 0.974609
2 0.499512 0.851562 0.0722656 0.0976562 0.973633
12 0.562622 0.629883 0.165771 0.145508 0.972168
11 0.549805 0.235596 0.135742 0.142578 0.966797
5 0.975586 0.647461 0.0488281 0.0976562 0.963379
13 0.18396 0.235718 0.0483398 0.149658 0.961914
0 0.881836 0.649414 0.130859 0.101562 0.958496
13 0.0162354 0.831543 0.0324707 0.152344 0.943359
1 0.973633 0.0836182 0.0527344 0.143311 0.937012
23 0.811523 0.258301 0.0976562 0.0981445 0.933594
14 0.846191 0.0534973 0.0371094 0.106995 0.924805
2 0.734375 0.851074 0.0693359 0.0927734 0.92041
12 0.074707 0.230347 0.149414 0.158447 0.891113
6 0.140503 0.0568848 0.156006 0.104492 0.888672
13 0.650391 0.980469 0.0507812 0.0390625 0.799316
13 0.208984 0.975586 0.0795898 0.0488281 0.754883
10 0.194336 0.832031 0.0932617 0.140625 0.720215
32 0.646484 0.462646 0.0976562 0.163574 0.59082
