12 0.920898 0.735352 0.0351562 0.0820312 0.993652
24 0.838867 0.829102 0.0390625 0.0585938 0.988281
2 0.161865 0.830078 0.0297852 0.0439453 0.986816
12 0.929688 0.146729 0.0351562 0.0808105 0.98584
7 0.649414 0.327148 0.0390625 0.0625 0.984375
6 0.437744 0.904297 0.0390625 0.0410156 0.975586
2 0.930664 0.229736 0.03125 0.0454102 0.975098
11 0.276855 0.395996 0.0405273 0.0644531 0.975098
16 0.164062 0.984863 0.0463867 0.0302734 0.974121
11 0.403809 0.646973 0.0361328 0.0625 0.97168
12 0.526367 0.902344 0.0332031 0.0800781 0.969727
7 0.942383 0.575195 0.0410156 0.0625 0.96875
6 0.841797 0.317627 0.0410156 0.0400391 0.966797
2 0.6875 0.484863 0.0292969 0.0419922 0.966797
5 0.259033 0.156494 0.0361328 0.0441895 0.964844
7 0.794434 0.748047 0.0410156 0.0585938 0.960449
5 0.0520325 0.498291 0.0372925 0.0454102 0.959961
13 0.914062 0.891113 0.0253906 0.0673828 0.958496
5 0.431641 0.407227 0.0361328 0.0439453 0.958008
7 0.575684 0.834473 0.0371094 0.0595703 0.956543
5 0.104919 0.831055 0.0406494 0.0449219 0.955566
2 0.59375 0.488525 0.0332031 0.0463867 0.95459
6 0.237061 0.0715485 0.0390625 0.0426941 0.954102
11 0.799805 0.308594 0.0351562 0.0654297 0.953125
6 0.335205 0.576172 0.0405273 0.0410156 0.95166
6 0.45459 0.488281 0.0444336 0.0419922 0.94873
2 0.856934 0.567383 0.0273438 0.0410156 0.94873
2 0.797363 0.654297 0.0322266 0.046875 0.947754
0 0.114563 0.913086 0.0650635 0.046875 0.946777
7 0.798828 0.159546 0.0410156 0.0632324 0.945312
5 0.982422 0.568359 0.0351562 0.0439453 0.945312
2 0.802734 0.820801 0.03125 0.0439453 0.944824
6 0.261719 0.323486 0.0424805 0.0419922 0.944336
8 0.833984 0.652344 0.0410156 0.0429688 0.943848
2 0.797852 0.981445 0.0351562 0.0371094 0.942871
14 0.134155 0.820312 0.0219727 0.0644531 0.939941
0 0.682617 0.903809 0.0800781 0.0439453 0.9375
2 0.790527 0.232666 0.0302734 0.043457 0.936523
2 0.983398 0.651367 0.0332031 0.0488281 0.93457
0 0.456787 0.823242 0.0629883 0.0439453 0.933594
2 0.745117 0.652344 0.03125 0.046875 0.933105
5 0.559082 0.067749 0.0400391 0.0449219 0.932129
19 0.928711 0.651367 0.0302734 0.0429688 0.930664
6 0.356934 0.492676 0.0478516 0.0449219 0.928711
0 0.0302582 0.161621 0.0603943 0.0456543 0.927246
6 0.520508 0.321045 0.0400391 0.0458984 0.926758
0 0.575684 0.736328 0.0566406 0.0527344 0.92627
13 0.866211 0.4729 0.0224609 0.0688477 0.925293
5 0.0998535 0.748047 0.036499 0.0449219 0.925293
14 0.770508 0.970215 0.0195312 0.0595703 0.925293
10 0.71875 0.559082 0.0371094 0.0634766 0.924805
8 0.722656 0.485352 0.0410156 0.0449219 0.923828
9 0.344727 0.90332 0.0380859 0.0410156 0.923828
0 0.942383 0.317871 0.0625 0.0439453 0.919434
5 0.0847321 0.413086 0.0544128 0.0483398 0.919434
5 0.585938 0.982422 0.0400391 0.0351562 0.918457
0 0.762695 0.400391 0.0585938 0.0439453 0.916016
14 0.566406 0.560059 0.0214844 0.0664062 0.916016
0 0.780273 0.570801 0.0820312 0.0458984 0.913086
14 0.771484 0.641113 0.0214844 0.0644531 0.910645
14 0.833008 0.555664 0.0195312 0.0644531 0.907227
7 0.556152 0.244629 0.0673828 0.0639648 0.905762
9 0.498047 0.48877 0.0380859 0.0458984 0.901855
7 0.879883 0.913086 0.0371094 0.0625 0.901855
18 0.836914 0.480225 0.0390625 0.050293 0.898926
0 0.0569458 0.0708618 0.0584717 0.0570068 0.895508
13 0.318848 0.646973 0.0205078 0.0634766 0.895508
0 0.505371 0.742188 0.0595703 0.0429688 0.895508
6 0.84082 0.147217 0.0400391 0.0432129 0.89502
13 0.608398 0.8125 0.0253906 0.0644531 0.89502
8 0.198486 0.830078 0.0429688 0.0449219 0.89502
8 0.625488 0.572754 0.0371094 0.0419922 0.891113
6 0.834961 0.736328 0.0390625 0.0429688 0.891113
9 0.880371 0.318359 0.0371094 0.0439453 0.890137
21 0.897461 0.495117 0.0410156 0.0605469 0.888672
0 0.703613 0.314453 0.0654297 0.0507812 0.887207
18 0.563477 0.397461 0.0546875 0.0517578 0.883301
14 0.955566 0.640625 0.0195312 0.0664062 0.883301
0 0.847168 0.0661011 0.0625 0.0418701 0.880859
7 0.166504 0.0158386 0.0297852 0.0316772 0.875977
11 0.412109 0.480469 0.0361328 0.0654297 0.871582
0 0.553223 0.151367 0.0566406 0.0458984 0.870605
21 0.46582 0.98291 0.0571289 0.0341797 0.868164
22 0.277344 0.071167 0.0371094 0.0457764 0.867188
18 0.0183411 0.325195 0.0366821 0.0527344 0.865234
2 0.55957 0.901855 0.03125 0.0439453 0.859863
2 0.184082 0.578613 0.03125 0.046875 0.850098
2 0.012886 0.915039 0.025589 0.0429688 0.850098
7 0.395996 0.913574 0.0400391 0.0566406 0.847168
5 0.100098 0.663086 0.0358887 0.0429688 0.845703
6 0.667969 0.151978 0.0380859 0.0446777 0.838867
6 0.635742 0.983887 0.0566406 0.0322266 0.836426
0 0.973633 0.230103 0.0527344 0.0422363 0.833496
5 0.190674 0.241211 0.0371094 0.0449219 0.829102
2 0.984375 0.0643311 0.03125 0.0473633 0.82666
6 0.45874 0.742188 0.0390625 0.0429688 0.82666
13 0.661133 0.970215 0.0214844 0.0595703 0.82666
18 0.637695 0.818359 0.0351562 0.0507812 0.824219
0 0.248291 0.484375 0.0595703 0.0595703 0.813965
22 0.376709 0.743652 0.0336914 0.0410156 0.810547
14 0.698242 0.140869 0.0195312 0.0639648 0.805664
13 0.732422 0.891602 0.0214844 0.0625 0.805664
13 0.931641 0.387939 0.0214844 0.0678711 0.79834
6 0.114929 0.244751 0.0601807 0.0422363 0.795898
2 0.453857 0.572266 0.0366211 0.0449219 0.788086
13 0.407227 0.730469 0.0244141 0.0703125 0.788086
5 0.833008 0.899902 0.0537109 0.0449219 0.782715
18 0.19751 0.0665283 0.0375977 0.0546875 0.78125
21 0.479492 0.164551 0.0439453 0.0600586 0.778809
13 0.137939 0.231689 0.0229492 0.065918 0.775879
0 0.0190735 0.415039 0.0380249 0.0429688 0.771973
22 0.202881 0.910156 0.034668 0.0429688 0.770508
0 0.640625 0.488037 0.0625 0.0454102 0.754883
14 0.468262 0.89502 0.0205078 0.0634766 0.754883
5 0.877441 0.808594 0.0400391 0.0625 0.749023
8 0.743164 0.0663452 0.0371094 0.0395508 0.746094
5 0.432617 0.322266 0.0546875 0.0439453 0.746094
23 0.438721 0.0708008 0.0336914 0.043335 0.73584
12 0.0120087 0.574219 0.0238953 0.0644531 0.730957
2 0.957031 0.734863 0.0292969 0.0419922 0.730957
2 0.0437698 0.413818 0.0262299 0.0444336 0.726562
19 0.118896 0.325928 0.0292969 0.0410156 0.723145
2 0.618164 0.402832 0.0488281 0.0410156 0.723145
22 0.171631 0.495361 0.0341797 0.0444336 0.716797
14 0.871582 0.14035 0.0205078 0.0664673 0.715332
23 0.341309 0.742676 0.0361328 0.0419922 0.710449
2 0.101929 0.984863 0.0322266 0.0302734 0.708984
21 0.845215 0.979492 0.0537109 0.0410156 0.70752
6 0.25415 0.908203 0.0576172 0.0429688 0.705566
12 0.335938 0.229492 0.0380859 0.0673828 0.704102
14 0.776367 0.80957 0.0195312 0.0625 0.700684
18 0.916016 0.81543 0.0371094 0.0507812 0.700684
6 0.679199 0.811523 0.0419922 0.0585938 0.697754
13 0.0229645 0.234009 0.045929 0.0754395 0.695801
21 0.0419235 0.584961 0.0355377 0.046875 0.694336
22 0.415039 0.238281 0.0361328 0.0454102 0.690918
4 0.247559 0.820312 0.0566406 0.0605469 0.684082
8 0.0135956 0.75 0.0271301 0.046875 0.682617
2 0.591309 0.571289 0.0302734 0.0429688 0.677246
13 0.210815 0.564453 0.0185547 0.0722656 0.673828
6 0.282715 0.237915 0.0625 0.0476074 0.668945
13 0.527344 0.0620728 0.0195312 0.0672607 0.665527
22 0.198486 0.158203 0.03125 0.0473633 0.654785
8 0.663574 0.40332 0.0439453 0.0458984 0.647949
7 0.963867 0.983398 0.0351562 0.0332031 0.647949
5 0.205688 0.665039 0.0554199 0.0429688 0.645996
4 0.131836 0.152588 0.0339355 0.0541992 0.642578
23 0.355957 0.40625 0.0351562 0.0410156 0.633301
12 0.304932 0.895508 0.0371094 0.0644531 0.616699
7 0.394531 0.0789185 0.0556641 0.0664062 0.611328
22 0.472168 0.238403 0.0522461 0.0466309 0.609375
4 0.541504 0.485596 0.0283203 0.0483398 0.604004
12 0.69873 0.0563354 0.0527344 0.06604 0.602051
2 0.510864 0.1521 0.0270996 0.0439453 0.594727
14 0.507812 0.0575867 0.0195312 0.0698853 0.59082
22 0.339844 0.825195 0.0566406 0.0410156 0.586914
8 0.20752 0.985352 0.0375977 0.0292969 0.583008
12 0.501953 0.575195 0.0390625 0.0800781 0.575684
7 0.401367 0.982422 0.0629883 0.0351562 0.57373
2 0.987305 0.312012 0.0253906 0.0581055 0.567871
46 0.726562 0.98291 0.0644531 0.0341797 0.563965
6 0.739258 0.728027 0.0410156 0.0605469 0.562012
2 0.0927734 0.32959 0.0217285 0.0292969 0.550781
12 0.857422 0.390625 0.0507812 0.0654297 0.539062
9 0.890625 0.567383 0.0351562 0.0429688 0.53125
10 0.300293 0.813477 0.0273438 0.0654297 0.521484
5 0.617676 0.321777 0.0244141 0.0332031 0.505859
8 0.939453 0.485352 0.0390625 0.0419922 0.505859
6 0.915039 0.980469 0.0605469 0.0390625 0.505859
7 0.14502 0.746094 0.0546875 0.0429688 0.503906
