18 0.366699 0.740234 0.0449219 0.0507812 0.989258
5 0.308105 0.435303 0.0356445 0.0380859 0.988281
24 0.332764 0.127319 0.0405273 0.0529785 0.987305
11 0.210938 0.893555 0.0361328 0.0625 0.984375
2 0.429199 0.743652 0.0317383 0.0419922 0.983887
2 0.0808716 0.438477 0.0321045 0.0410156 0.981445
2 0.704102 0.512207 0.0322266 0.0361328 0.976074
18 0.494385 0.967773 0.043457 0.0605469 0.976074
2 0.536621 0.977539 0.03125 0.0410156 0.974609
5 0.423828 0.0406418 0.0380859 0.039444 0.974121
5 0.521484 0.197266 0.0351562 0.0405273 0.97168
2 0.916016 0.43457 0.03125 0.0380859 0.969238
5 0.405273 0.435547 0.0371094 0.0380859 0.968262
5 0.429688 0.118164 0.0351562 0.0400391 0.967773
2 0.554688 0.117676 0.0292969 0.0395508 0.967773
18 0.088623 0.27124 0.0444336 0.0537109 0.967773
22 0.808594 0.198608 0.0351562 0.0397949 0.964355
7 0.676758 0.749512 0.0390625 0.0556641 0.963379
6 0.765137 0.43335 0.0351562 0.0366211 0.958008
13 0.232666 0.0323486 0.0244141 0.0646973 0.95752
5 0.901367 0.819336 0.0361328 0.0410156 0.95752
5 0.802246 0.433594 0.0361328 0.0400391 0.956055
5 0.29126 0.198364 0.0336914 0.0375977 0.953125
0 0.661133 0.119446 0.0761719 0.0428467 0.952637
9 0.181641 0.511841 0.0344238 0.0368652 0.952148
5 0.75293 0.275879 0.0371094 0.0371094 0.948242
8 0.885742 0.516113 0.0371094 0.0371094 0.948242
11 0.0880127 0.190186 0.0412598 0.0615234 0.947266
5 0.754883 0.356934 0.0371094 0.0371094 0.946777
21 0.980469 0.598633 0.0390625 0.0566406 0.946289
22 0.395264 0.900879 0.0351562 0.0400391 0.946289
2 0.1427 0.745117 0.03125 0.0390625 0.945312
5 0.524902 0.664062 0.0351562 0.0390625 0.944824
5 0.768555 0.665527 0.0351562 0.0361328 0.944824
7 0.718262 0.0454102 0.0380859 0.0566406 0.942871
0 0.791016 0.741211 0.0585938 0.0419922 0.941895
5 0.0852051 0.906738 0.0396729 0.0410156 0.941895
2 0.503052 0.740234 0.032959 0.0390625 0.941406
22 0.816406 0.901855 0.0351562 0.0410156 0.940918
22 0.837891 0.512695 0.0351562 0.0400391 0.939453
2 0.76123 0.197998 0.0341797 0.0400391 0.937988
13 0.975586 0.341797 0.0214844 0.0673828 0.937988
13 0.958984 0.732422 0.0234375 0.0625 0.9375
2 0.689453 0.196167 0.03125 0.0407715 0.936035
8 0.218018 0.279785 0.0361328 0.0380859 0.936035
18 0.419922 0.576172 0.0498047 0.0634766 0.936035
5 0.785156 0.0392151 0.0390625 0.0404663 0.935059
11 0.727539 0.424561 0.0371094 0.0644531 0.93457
0 0.162476 0.980469 0.0544434 0.0390625 0.93457
0 0.476318 0.901367 0.0541992 0.0390625 0.933594
5 0.437988 0.51123 0.0351562 0.0380859 0.933105
8 0.467773 0.11792 0.0380859 0.0402832 0.930664
5 0.64209 0.275391 0.0371094 0.0405273 0.930176
11 0.842285 0.811523 0.0341797 0.0625 0.930176
22 0.216553 0.666016 0.0366211 0.0429688 0.929199
8 0.809082 0.666016 0.0380859 0.0361328 0.929199
11 0.299805 0.346436 0.0625 0.0668945 0.925781
0 0.692383 0.663086 0.0566406 0.0449219 0.925781
5 0.522461 0.356445 0.0351562 0.0385742 0.925293
5 0.524414 0.900391 0.0351562 0.0419922 0.925293
5 0.42334 0.820801 0.0361328 0.0390625 0.924805
18 0.230591 0.189209 0.0446777 0.0610352 0.924316
5 0.249634 0.357666 0.0368652 0.0380859 0.922852
0 0.244019 0.979492 0.0788574 0.0410156 0.922363
14 0.550781 0.185547 0.0175781 0.0629883 0.921875
38 0.105469 0.504395 0.0622559 0.0683594 0.920898
5 0.933594 0.900391 0.0371094 0.0390625 0.92041
11 0.356934 0.424805 0.0585938 0.0605469 0.919434
4 0.845703 0.587891 0.0273438 0.0410156 0.917969
2 0.370361 0.357422 0.0288086 0.0380859 0.91748
0 0.277893 0.511719 0.0584717 0.0400391 0.91748
5 0.213379 0.120239 0.0349121 0.0390625 0.913574
9 0.231689 0.589844 0.0371094 0.0410156 0.913574
8 0.6875 0.980469 0.0390625 0.0390625 0.913086
0 0.799805 0.276123 0.0546875 0.0375977 0.907227
13 0.242676 0.88916 0.0195312 0.0644531 0.907227
13 0.263672 0.186279 0.0244141 0.065918 0.90332
3 0.0979004 0.656738 0.0588379 0.0693359 0.899902
18 0.272949 0.8125 0.0444336 0.0625 0.896973
6 0.121094 0.35791 0.0368652 0.0371094 0.896484
13 0.426025 0.888184 0.0253906 0.0654297 0.890137
9 0.986816 0.742676 0.0263672 0.0361328 0.88623
5 0.632812 0.819824 0.0341797 0.0371094 0.884766
0 0.302734 0.741699 0.0566406 0.0478516 0.884277
13 0.266113 0.655762 0.0224609 0.0644531 0.883301
2 0.71875 0.11731 0.0292969 0.0383301 0.882324
6 0.493408 0.511841 0.0375977 0.0388184 0.881836
5 0.650879 0.897461 0.0371094 0.0410156 0.881836
0 0.882812 0.97998 0.0566406 0.0390625 0.879883
23 0.357178 0.981445 0.0390625 0.0371094 0.875977
13 0.0759888 0.816406 0.0274658 0.0683594 0.874023
7 0.861328 0.207275 0.0615234 0.0566406 0.872559
10 0.69043 0.578125 0.0390625 0.0625 0.869629
13 0.305664 0.8125 0.0185547 0.0605469 0.865234
2 0.904297 0.200439 0.0224609 0.0385742 0.859863
13 0.582031 0.651855 0.0195312 0.0615234 0.858887
18 0.964844 0.665527 0.0517578 0.046875 0.855957
2 0.305664 0.666992 0.0595703 0.0400391 0.854004
46 0.148438 0.90332 0.078125 0.0488281 0.854004
0 0.802734 0.354492 0.0566406 0.0390625 0.851074
9 0.270996 0.901367 0.034668 0.0410156 0.851074
22 0.416504 0.981445 0.0600586 0.0371094 0.849121
9 0.264099 0.0433655 0.0362549 0.0397339 0.847168
4 0.938477 0.590332 0.0263672 0.0439453 0.845703
24 0.635742 0.196167 0.0605469 0.043457 0.84375
0 0.678223 0.819336 0.0527344 0.0390625 0.84375
9 0.379639 0.199707 0.0371094 0.0444336 0.84375
5 0.726562 0.973633 0.0371094 0.0449219 0.84082
5 0.119263 0.119507 0.0368652 0.0424805 0.839844
9 0.752441 0.116882 0.0341797 0.039917 0.837402
5 0.98877 0.199219 0.0224609 0.0388184 0.836426
9 0.823242 0.979492 0.0371094 0.0371094 0.836426
13 0.700195 0.422852 0.015625 0.0615234 0.834473
6 0.48291 0.198486 0.0371094 0.0380859 0.833496
14 0.874023 0.811523 0.0175781 0.0605469 0.831055
13 0.379883 0.967773 0.0214844 0.0605469 0.824219
11 0.856445 0.343262 0.0429688 0.0629883 0.823242
0 0.218506 0.821289 0.0551758 0.0449219 0.817383
13 0.151245 0.502075 0.0246582 0.064209 0.81543
6 0.1875 0.436035 0.0393066 0.0371094 0.813965
10 0.480225 0.577637 0.0405273 0.0634766 0.812988
8 0.859375 0.279053 0.0371094 0.0380859 0.806641
5 0.550781 0.59082 0.0390625 0.0380859 0.800781
2 0.0848999 0.123535 0.0327148 0.0371094 0.796875
8 0.876465 0.435547 0.0361328 0.0380859 0.794434
13 0.448242 0.650879 0.0195312 0.0673828 0.794434
11 0.0990601 0.57959 0.0670166 0.0644531 0.792969
13 0.959961 0.96582 0.0214844 0.0625 0.774414
16 0.760742 0.508301 0.0507812 0.0429688 0.771973
14 0.464355 0.498535 0.0175781 0.0615234 0.770508
13 0.447754 0.57373 0.0185547 0.0703125 0.767578
38 0.915527 0.734375 0.0585938 0.0664062 0.766113
10 0.485107 0.265076 0.0356445 0.0626221 0.762207
6 0.430176 0.27832 0.0556641 0.0380859 0.759277
22 0.947266 0.120483 0.0380859 0.0407715 0.753418
13 0.776367 0.577637 0.0195312 0.0634766 0.753418
6 0.156738 0.120117 0.0380859 0.0383301 0.751953
6 0.8125 0.589844 0.0390625 0.0371094 0.747559
2 0.31958 0.980469 0.0327148 0.0390625 0.743164
19 0.829102 0.0376282 0.03125 0.0430298 0.73584
9 0.241455 0.744141 0.0366211 0.0429688 0.73584
1 0.44458 0.20752 0.0366211 0.059082 0.732422
18 0.589844 0.508789 0.0566406 0.0458984 0.705566
2 0.578125 0.196655 0.0332031 0.041748 0.702637
2 0.181396 0.280273 0.0332031 0.0371094 0.695801
18 0.634766 0.974609 0.0625 0.0507812 0.679199
2 0.316406 0.902832 0.0297852 0.0390625 0.673828
22 0.440918 0.354736 0.0410156 0.0410156 0.654785
2 0.519531 0.0333252 0.0332031 0.0489502 0.654785
4 0.835938 0.431641 0.0224609 0.0439453 0.651367
14 0.977539 0.108521 0.0175781 0.0632324 0.649414
7 0.959473 0.829102 0.0410156 0.0546875 0.642578
2 0.100464 0.98291 0.0666504 0.0341797 0.633301
9 0.84082 0.742676 0.0332031 0.0410156 0.629883
13 0.316895 0.255127 0.0244141 0.0751953 0.625977
27 0.645996 0.597656 0.0253906 0.0488281 0.618652
13 0.911133 0.658691 0.0351562 0.0595703 0.609375
2 0.583984 0.820312 0.0292969 0.0400391 0.592773
2 0.458496 0.980469 0.0214844 0.0371094 0.584961
13 0.573242 0.889648 0.0195312 0.0664062 0.556641
14 0.552734 0.888672 0.015625 0.0625 0.552734
5 0.862305 0.0384216 0.0351562 0.0460815 0.550781
0 0.171875 0.590332 0.0756836 0.0390625 0.548828
13 0.633789 0.0820312 0.0195312 0.0270996 0.542969
24 0.506836 0.0858154 0.0341797 0.027832 0.535156
22 0.927734 0.51123 0.0371094 0.0400391 0.53125
7 0.631348 0.660156 0.0576172 0.0761719 0.53125
2 0.783691 0.120972 0.0185547 0.0214844 0.523438
2 0.867188 0.901367 0.0585938 0.0410156 0.517578
2 0.736816 0.819824 0.0566406 0.0390625 0.507812
