2 0.844727 0.187744 0.0761719 0.0952148 0.979004
5 0.0185547 0.176636 0.0370483 0.0859375 0.945801
0 0.97168 0.200928 0.0566406 0.09375 0.868164
11 0.360596 0.157837 0.150879 0.138916 0.844727
8 0.597168 0.0138321 0.0908203 0.0276642 0.806641
0 0.210938 0.0144958 0.141602 0.0289612 0.804199
4 0.796875 0.0147552 0.0703125 0.0295105 0.767578
2 0.913086 0.195801 0.0410156 0.0483398 0.753418
6 0.704102 0.0133667 0.107422 0.0267334 0.690918
6 0.930176 0.0175018 0.0908203 0.0350037 0.631836
6 0.39209 0.0112762 0.0888672 0.0225525 0.604004
