23 0.0599976 0.554199 0.0640869 0.0888672 0.976562
22 0.058075 0.946289 0.0770874 0.0917969 0.959961
2 0.0748901 0.75 0.116821 0.0917969 0.959473
2 0.147461 0.945801 0.0722656 0.0927734 0.95166
6 0.0811157 0.367432 0.126831 0.0952148 0.94873
13 0.0154419 0.529785 0.0308838 0.133789 0.932617
10 0.152618 0.157349 0.0814819 0.142334 0.915039
2 0.124512 0.556641 0.0610352 0.0947266 0.908203
2 0.00852966 0.944336 0.0169983 0.0957031 0.890137
13 0.00753021 0.336426 0.0150604 0.141602 0.788086
13 0.197266 0.0196991 0.0444336 0.0393982 0.692871
13 0.986328 0.509766 0.0273438 0.166992 0.611328
