16 0.881836 0.65332 0.101562 0.0957031 0.992676
2 0.87793 0.260803 0.0761719 0.100464 0.985352
18 0.532715 0.853516 0.0869141 0.126953 0.985352
14 0.96875 0.429199 0.0488281 0.138672 0.980957
4 0.902344 0.840332 0.0664062 0.12207 0.979492
4 0.427979 0.273926 0.0639648 0.120117 0.975586
5 0.966797 0.84668 0.0664062 0.0996094 0.972168
14 0.845703 0.83252 0.0507812 0.140625 0.970703
4 0.427734 0.469238 0.0668945 0.118164 0.970215
14 0.742188 0.640137 0.0449219 0.145508 0.967285
6 0.437012 0.870117 0.0917969 0.09375 0.966797
14 0.696289 0.641602 0.0449219 0.144531 0.965332
2 0.968262 0.252686 0.0634766 0.100586 0.964844
13 0.788086 0.634766 0.046875 0.143555 0.963867
13 0.958008 0.625 0.0449219 0.146484 0.963867
21 0.692383 0.2854 0.0996094 0.142578 0.963379
12 0.858887 0.436523 0.15918 0.145508 0.946777
5 0.667969 0.464355 0.0849609 0.0957031 0.930176
9 0.52356 0.984375 0.0739746 0.03125 0.867188
8 0.784668 0.25824 0.0927734 0.0987549 0.850098
6 0.779785 0.864258 0.0849609 0.0976562 0.794434
13 0.678711 0.983398 0.0351562 0.0332031 0.782715
5 0.626953 0.657227 0.0898438 0.0966797 0.753418
19 0.595703 0.470459 0.0576172 0.0913086 0.645996
8 0.501465 0.307556 0.0800781 0.135864 0.629883
2 0.838867 0.979492 0.0878906 0.0410156 0.558105
8 0.497559 0.499512 0.0732422 0.128906 0.537109
22 0.994629 0.666504 0.0107422 0.0898438 0.533203
