11 0.78418 0.265625 0.0927734 0.133789 0.994629
16 0.678223 0.290588 0.101562 0.0897217 0.989258
0 0.760742 0.890625 0.140625 0.09375 0.986328
14 0.225342 0.662598 0.0493164 0.134766 0.982422
2 0.394531 0.877441 0.0712891 0.0917969 0.982422
0 0.217163 0.883301 0.141357 0.0908203 0.981445
8 0.0515747 0.676758 0.100342 0.0976562 0.980957
13 0.85498 0.267517 0.0410156 0.144653 0.97998
21 0.479248 0.90332 0.100098 0.132812 0.976562
23 0.253357 0.083252 0.0684814 0.0888672 0.976074
6 0.64209 0.88623 0.0898438 0.0947266 0.974609
4 0.141846 0.273499 0.0722656 0.114136 0.974121
6 0.150391 0.677734 0.0917969 0.0898438 0.973145
6 0.333984 0.0833893 0.0908203 0.0924988 0.972656
4 0.324219 0.87207 0.0703125 0.113281 0.972168
9 0.0313721 0.879883 0.0627441 0.0957031 0.971191
2 0.952637 0.291504 0.0751953 0.090332 0.964355
11 0.851562 0.666016 0.148438 0.138672 0.95459
14 0.747559 0.466309 0.0478516 0.139648 0.947754
11 0.932617 0.869141 0.134766 0.136719 0.932617
23 0.563477 0.885742 0.0673828 0.0878906 0.928711
2 0.974609 0.492188 0.0507812 0.0976562 0.902832
14 0.795898 0.466309 0.0507812 0.136719 0.901367
12 0.347168 0.458984 0.170898 0.141602 0.863281
6 0.927734 0.0991058 0.0878906 0.084259 0.849121
6 0.871094 0.489258 0.09375 0.0908203 0.819824
10 0.615234 0.663086 0.0976562 0.138672 0.728027
8 0.967285 0.692383 0.0654297 0.0996094 0.658203
0 0.987305 0.0964355 0.0253906 0.0947266 0.613281
13 0.519531 0.484375 0.0195312 0.0917969 0.605957
13 0.188232 0.0682373 0.0615234 0.136475 0.604004
13 0.993652 0.266357 0.0126953 0.141602 0.558105
5 0.600586 0.0147324 0.0800781 0.0294647 0.513672
