23 0.783203 0.527222 0.0712891 0.0861816 0.991211
2 0.82959 0.331543 0.0732422 0.0947266 0.98291
4 0.913574 0.119263 0.0546875 0.113037 0.982422
2 0.160675 0.941406 0.0726929 0.0996094 0.974121
18 0.646973 0.90918 0.0888672 0.128906 0.972168
2 0.689453 0.335938 0.0683594 0.09375 0.97168
23 0.757324 0.331543 0.0634766 0.0854492 0.969727
7 0.676758 0.555176 0.138672 0.135742 0.969238
5 0.882812 0.523926 0.0800781 0.0927734 0.967285
6 0.75 0.922852 0.0878906 0.0898438 0.966797
23 0.116516 0.738281 0.0740967 0.0917969 0.964844
2 0.191406 0.741211 0.0732422 0.0957031 0.961914
2 0.909668 0.921387 0.114258 0.0927734 0.955078
14 0.551758 0.90918 0.046875 0.146484 0.953125
7 0.186768 0.162872 0.164551 0.132751 0.953125
7 0.838867 0.739746 0.150391 0.129883 0.95166
14 0.820312 0.899902 0.0498047 0.143555 0.939453
16 0.0258331 0.351074 0.0516663 0.102539 0.928711
7 0.811523 0.157715 0.138672 0.133301 0.922363
23 0.970215 0.130646 0.0566406 0.0834351 0.919434
23 0.953613 0.333008 0.0927734 0.0839844 0.912598
16 0.447754 0.936523 0.149414 0.0996094 0.901855
11 0.129181 0.516602 0.142517 0.138672 0.871582
9 0.0221863 0.739258 0.0443726 0.103516 0.849121
13 0.389648 0.341797 0.0185547 0.0917969 0.747559
2 0.987305 0.720215 0.0253906 0.0849609 0.729492
0 0.963867 0.521973 0.0722656 0.0898438 0.726562
5 0.276306 0.541016 0.14856 0.0947266 0.640625
27 0.72998 0.727051 0.0488281 0.0888672 0.640625
8 0.34375 0.117371 0.130859 0.140991 0.615234
