1 0.65918 0.867188 0.0898438 0.134766 0.99707
19 0.352539 0.44873 0.0644531 0.0917969 0.991699
16 0.793945 0.248169 0.104492 0.0891113 0.98877
18 0.905273 0.820801 0.0917969 0.124023 0.988281
18 0.168915 0.982422 0.10553 0.0351562 0.984375
2 0.154785 0.844238 0.0712891 0.0917969 0.980469
2 0.284668 0.0536499 0.0688477 0.0904541 0.979492
23 0.394775 0.648926 0.0654297 0.0849609 0.979004
4 0.318115 0.644531 0.0742188 0.117188 0.978516
8 0.193848 0.449707 0.0976562 0.0908203 0.976074
6 0.0627594 0.844727 0.0971375 0.0898438 0.975098
2 0.672852 0.249023 0.0761719 0.0913086 0.971191
8 0.942871 0.439697 0.100586 0.0927734 0.971191
22 0.981445 0.241577 0.0371094 0.0930176 0.964844
6 0.476318 0.646484 0.0952148 0.0898438 0.963867
23 0.486572 0.845215 0.0766602 0.0888672 0.961914
2 0.284668 0.449951 0.0683594 0.0908203 0.950195
7 0.677734 0.0712891 0.152344 0.132568 0.950195
6 0.785156 0.84375 0.143555 0.0917969 0.943848
13 0.287109 0.821289 0.0400391 0.136719 0.943359
18 0.403076 0.981934 0.0693359 0.0361328 0.90918
4 0.330322 0.240967 0.0688477 0.115234 0.855957
4 0.901855 0.240112 0.0957031 0.102295 0.845703
14 0.66748 0.976562 0.0419922 0.046875 0.799316
10 0.84375 0.416504 0.0898438 0.140625 0.788086
4 0.954102 0.045105 0.0917969 0.09021 0.733887
6 0.567383 0.841309 0.0351562 0.0458984 0.708984
4 0.35791 0.837891 0.0957031 0.105469 0.697754
8 0.342773 0.0568848 0.0380859 0.0905762 0.692871
1 0.743164 0.666016 0.131836 0.131836 0.672363
13 0.704102 0.974609 0.0371094 0.0507812 0.645996
8 0.0249786 0.0514526 0.0497131 0.0897217 0.609375
10 0.891602 0.612305 0.0898438 0.138672 0.588867
8 0.970703 0.63623 0.0585938 0.0927734 0.581543
5 0.83252 0.0457764 0.139648 0.0909424 0.525391
