18 0.534668 0.764648 0.106445 0.140625 0.993164
4 0.857422 0.568359 0.0761719 0.140625 0.986328
8 0.957031 0.399414 0.0859375 0.0957031 0.98584
19 0.294922 0.787598 0.0664062 0.0898438 0.98584
2 0.444092 0.785645 0.0742188 0.0898438 0.984375
4 0.00883484 0.194702 0.0176697 0.108643 0.983398
13 0.566895 0.571289 0.0419922 0.140625 0.98291
4 0.0298767 0.779297 0.0596924 0.119141 0.981934
2 0.0831909 0.396729 0.0760498 0.0869141 0.979492
4 0.979492 0.959961 0.0410156 0.0800781 0.979004
8 0.908691 0.967773 0.0966797 0.0644531 0.978516
8 0.731445 0.785156 0.0966797 0.09375 0.978027
6 0.346191 0.96875 0.0986328 0.0625 0.978027
7 0.571289 0.967285 0.103516 0.0654297 0.978027
2 0.82373 0.963867 0.0703125 0.0722656 0.978027
0 0.75 0.599609 0.137695 0.0957031 0.977539
2 0.935547 0.594238 0.0722656 0.0917969 0.977051
5 0.826172 0.0279236 0.0898438 0.0558472 0.976562
2 0.440186 0.966309 0.0722656 0.0673828 0.976074
8 0.0574341 0.966797 0.102417 0.0664062 0.975098
2 0.633789 0.0278015 0.0722656 0.055603 0.974609
5 0.866699 0.397217 0.0898438 0.090332 0.973145
4 0.757812 0.957031 0.0625 0.0859375 0.973145
5 0.825195 0.203735 0.0957031 0.092041 0.967773
5 0.637695 0.786133 0.0878906 0.09375 0.966797
6 0.675293 0.969727 0.0957031 0.0605469 0.966309
13 0.799805 0.378418 0.0429688 0.139648 0.956543
6 0.182373 0.785156 0.0917969 0.09375 0.953125
22 0.73291 0.397461 0.0859375 0.0859375 0.951172
14 0.621094 0.574219 0.0488281 0.135742 0.946289
4 0.143555 0.962891 0.0698242 0.0742188 0.935059
19 0.395752 0.594727 0.0664062 0.0957031 0.92627
23 0.0976715 0.791016 0.0724792 0.0859375 0.92627
27 0.953125 0.790527 0.0566406 0.0927734 0.914062
13 0.352051 0.179688 0.0556641 0.14209 0.892578
11 0.458008 0.17981 0.144531 0.140137 0.876465
14 0.988281 0.576172 0.0234375 0.128906 0.875
6 0.723633 0.0271606 0.09375 0.0543213 0.852051
4 0.397949 0.394043 0.101562 0.100586 0.832031
11 0.525513 0.038269 0.0837402 0.0765381 0.812988
6 0.301758 0.204834 0.138184 0.090332 0.805664
8 0.572754 0.202759 0.0429688 0.0895996 0.791992
1 0.411133 0.0277252 0.0947266 0.0554504 0.753418
10 0.248535 0.943848 0.0917969 0.112305 0.743164
23 0.365723 0.787598 0.0732422 0.0927734 0.740234
6 0.852539 0.780273 0.140625 0.107422 0.700684
4 0.333008 0.0274963 0.0615234 0.0549927 0.624512
22 0.013382 0.394531 0.0265198 0.0839844 0.575684
