5 0.257324 0.0421448 0.0336914 0.043396 0.980957
18 0.114563 0.124695 0.0396729 0.0592041 0.972656
2 0.0534058 0.57373 0.034668 0.0429688 0.966797
13 0.21936 0.472656 0.0212402 0.0644531 0.960938
21 0.28125 0.228516 0.0478516 0.0610352 0.941895
18 0.18457 0.475098 0.0458984 0.0615234 0.937012
5 0.168701 0.22583 0.0405273 0.0473633 0.936523
9 0.279785 0.305908 0.0410156 0.0463867 0.927734
22 0.140381 0.486084 0.0402832 0.0415039 0.925293
22 0.203979 0.572266 0.0405273 0.0429688 0.924805
23 0.174316 0.135132 0.0317383 0.0415039 0.91748
5 0.110718 0.571289 0.0393066 0.0449219 0.914062
13 0.147461 0.123413 0.0229492 0.0661621 0.910645
5 0.266113 0.483887 0.0678711 0.0458984 0.896484
4 0.245605 0.127899 0.0307617 0.0581665 0.887207
23 0.0652466 0.224854 0.0360107 0.0412598 0.883301
6 0.213867 0.397949 0.0424805 0.0444336 0.882324
18 0.014183 0.384277 0.0280914 0.0742188 0.868652
10 0.239014 0.296875 0.0405273 0.0644531 0.835449
24 0.242554 0.561523 0.0378418 0.0625 0.749023
6 0.0351639 0.0423889 0.042099 0.0424194 0.680664
8 0.221924 0.213989 0.065918 0.0671387 0.673828
24 0.0164795 0.456055 0.0325317 0.0244141 0.635254
4 0.226196 0.0341721 0.026123 0.0571442 0.629883
2 0.0794525 0.400635 0.0559387 0.0454102 0.629883
