1 0.973145 0.173828 0.0400391 0.0595703 0.992188
2 0.883301 0.773926 0.03125 0.0439453 0.976562
11 0.980957 0.769043 0.0371094 0.0615234 0.976562
2 0.860352 0.249756 0.0332031 0.0483398 0.974121
21 0.950195 0.0845947 0.0429688 0.0571289 0.973145
0 0.704102 0.76709 0.0625 0.0429688 0.96875
5 0.733398 0.679688 0.0371094 0.0449219 0.963379
4 0.767578 0.0687256 0.0332031 0.050293 0.959961
6 0.836914 0.338379 0.0390625 0.0400391 0.958984
14 0.873535 0.0632935 0.0205078 0.0640869 0.95752
29 0.774902 0.855469 0.0556641 0.0722656 0.956543
0 0.90918 0.423828 0.0605469 0.0419922 0.950195
0 0.893555 0.677734 0.0810547 0.0625 0.947266
8 0.865234 0.861328 0.0429688 0.0429688 0.947266
12 0.823242 0.583496 0.0644531 0.0654297 0.946289
2 0.967773 0.957031 0.0332031 0.0458984 0.945312
0 0.974609 0.328857 0.0507812 0.059082 0.940918
2 0.810547 0.163574 0.0292969 0.0419922 0.933105
5 0.731445 0.0662689 0.0390625 0.0434875 0.929199
2 0.96875 0.686523 0.0302734 0.0390625 0.929199
2 0.753906 0.769043 0.0332031 0.046875 0.927734
21 0.899414 0.259766 0.0429688 0.0576172 0.927246
9 0.810547 0.248291 0.0390625 0.0444336 0.924805
9 0.785645 0.502808 0.0400391 0.0432129 0.923828
2 0.912109 0.0731049 0.03125 0.0427551 0.922363
5 0.907227 0.864258 0.0410156 0.0429688 0.921387
0 0.943359 0.598633 0.078125 0.046875 0.92041
6 0.874512 0.59668 0.0380859 0.0419922 0.918457
22 0.970703 0.253906 0.0351562 0.0385742 0.917969
6 0.743164 0.504883 0.0419922 0.0419922 0.916504
0 0.855469 0.161987 0.0585938 0.0429688 0.915527
9 0.760742 0.592285 0.0400391 0.0439453 0.914062
9 0.879395 0.333496 0.0410156 0.0449219 0.896484
11 0.844238 0.761719 0.0390625 0.0625 0.892578
18 0.838867 0.938477 0.0400391 0.0566406 0.891602
5 0.962402 0.425781 0.0400391 0.0400391 0.891113
9 0.813477 0.681152 0.0390625 0.0439453 0.887207
5 0.859375 0.42334 0.0371094 0.0429688 0.879883
0 0.848633 0.495605 0.0625 0.0644531 0.878906
5 0.928711 0.331787 0.0371094 0.0537109 0.875977
4 0.791016 0.94043 0.03125 0.0566406 0.861328
5 0.692383 0.947266 0.0390625 0.0449219 0.849121
11 0.788086 0.324707 0.0498047 0.0605469 0.818848
10 0.701172 0.408936 0.0351562 0.0600586 0.81543
13 0.874023 0.933594 0.0175781 0.0703125 0.805664
13 0.811523 0.760254 0.0214844 0.0664062 0.801758
22 0.822266 0.859863 0.0371094 0.0458984 0.799316
14 0.764648 0.667969 0.0224609 0.0683594 0.786621
23 0.78125 0.161621 0.03125 0.043457 0.763672
2 0.921387 0.162964 0.0400391 0.0429688 0.751953
14 0.956055 0.500488 0.0214844 0.0625 0.741699
11 0.701172 0.321533 0.0449219 0.0649414 0.59082
13 0.765625 0.323242 0.0195312 0.0595703 0.546875
2 0.723145 0.417969 0.0322266 0.0400391 0.513672
