24 0.459961 0.328857 0.0400391 0.050293 0.98877
2 0.244385 0.403809 0.0322266 0.0385742 0.97998
1 0.560547 0.791992 0.0371094 0.0527344 0.978027
2 0.53418 0.243896 0.03125 0.0380859 0.977539
5 0.75293 0.394775 0.0371094 0.0375977 0.977539
7 0.0345459 0.658203 0.0396729 0.0537109 0.974609
7 0.584473 0.343262 0.0498047 0.0810547 0.974121
11 0.835938 0.611328 0.0351562 0.0605469 0.973633
5 0.228271 0.0180969 0.0361328 0.0361938 0.973145
18 0.227051 0.784668 0.0429688 0.0585938 0.972656
5 0.317139 0.869141 0.0385742 0.0380859 0.972656
7 0.917969 0.397949 0.0429688 0.0546875 0.970703
2 0.441162 0.787598 0.0297852 0.0371094 0.970703
18 0.253906 0.705566 0.0449219 0.0585938 0.969727
2 0.344727 0.635742 0.0302734 0.0371094 0.969238
5 0.538574 0.477539 0.0380859 0.0390625 0.967285
5 0.306152 0.560547 0.0351562 0.0371094 0.966797
7 0.0314102 0.96582 0.0377655 0.0546875 0.963867
2 0.513184 0.786133 0.0332031 0.0390625 0.962891
18 0.169556 0.168579 0.0407715 0.0510254 0.961426
2 0.786133 0.700195 0.03125 0.0371094 0.960449
18 0.569336 0.931641 0.0439453 0.0585938 0.960449
0 0.601074 0.229736 0.0791016 0.065918 0.959961
2 0.678711 0.937012 0.0292969 0.0351562 0.959961
12 0.84375 0.149933 0.0429688 0.0697632 0.95752
5 0.886719 0.158569 0.0351562 0.0383301 0.957031
18 0.740234 0.0700073 0.0449219 0.059082 0.956543
9 0.879395 0.700195 0.0361328 0.0371094 0.952637
13 0.583984 0.536133 0.0195312 0.0722656 0.95166
7 0.631348 0.406738 0.0615234 0.0566406 0.950195
7 0.368164 0.413086 0.0683594 0.0541992 0.949707
18 0.685547 0.772461 0.0419922 0.0615234 0.949707
2 0.78125 0.0827026 0.0332031 0.0378418 0.94873
0 0.220337 0.171265 0.0524902 0.0356445 0.94873
7 0.148926 0.962891 0.0390625 0.0556641 0.94873
0 0.94873 0.467285 0.0585938 0.0400391 0.947754
10 0.890625 0.922363 0.0390625 0.0595703 0.947754
2 0.270508 0.792969 0.0292969 0.0371094 0.946777
46 0.943359 0.696289 0.0800781 0.0429688 0.946777
0 0.866211 0.777344 0.0761719 0.0400391 0.945801
11 0.71582 0.926758 0.0371094 0.0605469 0.944336
11 0.207642 0.0852051 0.0366211 0.0615234 0.943848
5 0.849609 0.470215 0.0371094 0.0380859 0.943848
2 0.288818 0.328613 0.0288086 0.0371094 0.941895
5 0.87793 0.621094 0.0371094 0.0390625 0.941895
22 0.75 0.159424 0.0361328 0.0380859 0.941406
9 0.729004 0.626953 0.0361328 0.0371094 0.94043
18 0.0738373 0.713867 0.0451965 0.0546875 0.939453
18 0.848145 0.842773 0.0449219 0.0605469 0.938477
7 0.783203 0.631836 0.0625 0.0546875 0.937988
5 0.780273 0.546875 0.0351562 0.0371094 0.937012
9 0.96582 0.774414 0.0361328 0.0400391 0.932617
9 0.841797 0.93457 0.0361328 0.0371094 0.932129
2 0.425781 0.326172 0.0361328 0.0375977 0.929199
13 0.757812 0.304199 0.0214844 0.0673828 0.927734
22 0.27002 0.171387 0.034668 0.0385742 0.927246
5 0.0614929 0.877441 0.0344849 0.0380859 0.927246
7 0.00630188 0.663086 0.0123749 0.0625 0.925293
2 0.930664 0.929688 0.0332031 0.0390625 0.925293
1 0.464844 0.949219 0.0371094 0.0527344 0.923828
2 0.406982 0.632324 0.0302734 0.0351562 0.922852
11 0.553711 0.543945 0.0351562 0.0585938 0.921875
0 0.726074 0.705078 0.0546875 0.0390625 0.921387
5 0.832031 0.393066 0.0371094 0.0410156 0.92041
23 0.431641 0.167725 0.03125 0.0371094 0.91748
0 0.652344 0.629883 0.0722656 0.0390625 0.915527
13 0.188477 0.783691 0.0209961 0.0654297 0.915527
21 0.875488 0.0183563 0.0400391 0.0367126 0.915039
6 0.819336 0.314941 0.0332031 0.0390625 0.909668
22 0.954102 0.851074 0.0361328 0.0410156 0.90918
0 0.526367 0.863281 0.0527344 0.0380859 0.90918
22 0.640625 0.783691 0.0371094 0.0400391 0.908203
5 0.558105 0.708008 0.0371094 0.0429688 0.905762
24 0.805664 0.786133 0.0400391 0.0507812 0.905762
22 0.648926 0.320557 0.0380859 0.0415039 0.905273
6 0.440186 0.47998 0.0390625 0.0390625 0.90332
7 0.601562 0.172241 0.0703125 0.0578613 0.902832
2 0.160645 0.719727 0.0327148 0.0351562 0.900391
6 0.574219 0.863281 0.0371094 0.0371094 0.900391
11 0.791016 0.148315 0.0371094 0.0612793 0.899902
13 0.773438 0.766602 0.0195312 0.0625 0.898926
5 0.962402 0.388184 0.0380859 0.0390625 0.897461
5 0.303711 0.792969 0.0336914 0.0390625 0.897461
21 0.43457 0.875 0.0458984 0.0556641 0.897461
5 0.679688 0.706055 0.0390625 0.0390625 0.896484
22 0.876953 0.389648 0.0351562 0.0400391 0.895508
9 0.789062 0.233765 0.0351562 0.0393066 0.89502
8 0.695312 0.086731 0.0351562 0.041626 0.890137
8 0.921875 0.157593 0.0371094 0.0385742 0.890137
5 0.477539 0.864746 0.034668 0.0400391 0.890137
5 0.949219 0.0792236 0.0351562 0.0379639 0.889648
9 0.612305 0.862793 0.0351562 0.0390625 0.889648
2 0.49707 0.320801 0.0322266 0.0390625 0.88623
6 0.601562 0.787109 0.0371094 0.0371094 0.883301
5 0.0397949 0.798828 0.0355835 0.0380859 0.883301
18 0.742188 0.777832 0.0410156 0.0507812 0.881836
5 0.208008 0.952148 0.0361328 0.0371094 0.877441
19 0.566895 0.0876465 0.0292969 0.0371094 0.874023
4 0.067276 0.179565 0.0256042 0.0412598 0.873047
23 0.880859 0.0768433 0.0292969 0.0356445 0.868652
6 0.413574 0.559082 0.0390625 0.0371094 0.867188
0 0.945312 0.23291 0.078125 0.0371094 0.863281
27 0.540527 0.173218 0.0253906 0.0510254 0.861328
2 0.619141 0.941406 0.0273438 0.0371094 0.859863
23 0.353027 0.0935059 0.0302734 0.0377197 0.858887
6 0.322266 0.0162811 0.0390625 0.0325623 0.855957
6 0.848633 0.236938 0.0380859 0.0402832 0.855957
2 0.0113449 0.879883 0.0226898 0.0390625 0.854004
8 0.280029 0.406738 0.0356445 0.0375977 0.847168
2 0.672852 0.861328 0.0292969 0.0390625 0.847168
18 0.144165 0.328369 0.0639648 0.0493164 0.841797
46 0.160278 0.563477 0.0834961 0.0439453 0.831055
14 0.878906 0.456543 0.015625 0.0595703 0.825684
22 0.617676 0.476807 0.0390625 0.0419922 0.823242
2 0.475586 0.161987 0.0302734 0.0441895 0.822266
7 0.00517654 0.96875 0.0100021 0.0605469 0.819824
5 0.993164 0.689453 0.0136719 0.0371094 0.813965
2 0.940918 0.542969 0.0361328 0.0410156 0.811523
6 0.272949 0.951172 0.0332031 0.0371094 0.810547
5 0.992676 0.223267 0.0146484 0.0412598 0.804199
10 0.0635986 0.560059 0.0526123 0.0644531 0.803223
14 0.619141 0.308594 0.015625 0.0585938 0.801758
19 0.958008 0.156006 0.03125 0.036377 0.795898
2 0.211548 0.48584 0.0302734 0.0371094 0.795898
4 0.967773 0.541016 0.0253906 0.0429688 0.792969
4 0.849609 0.3125 0.0273438 0.0439453 0.786621
24 0.103149 0.882812 0.0473633 0.0527344 0.778809
6 0.508789 0.166016 0.0332031 0.0371094 0.774414
11 0.0933838 0.633789 0.0356445 0.0585938 0.763672
1 0.741699 0.863281 0.0371094 0.0585938 0.762207
4 0.359375 0.947266 0.0253906 0.0390625 0.762207
6 0.37207 0.0163879 0.0556641 0.0327759 0.757812
13 0.441162 0.0159149 0.00976562 0.0318298 0.756348
7 0.500488 0.639648 0.0400391 0.0517578 0.754883
14 0.9375 0.984375 0.015625 0.03125 0.751953
13 0.0643921 0.63623 0.0194092 0.0644531 0.750488
6 0.926758 0.774414 0.0371094 0.0429688 0.749023
8 0.123779 0.72168 0.0378418 0.0390625 0.741699
6 0.465332 0.246216 0.0195312 0.0368652 0.740234
6 0.538086 0.399658 0.0332031 0.0375977 0.732422
14 0.532715 0.618164 0.0166016 0.0585938 0.729492
7 0.933105 0.0195465 0.0615234 0.039093 0.716797
2 0.787109 0.312988 0.0292969 0.0371094 0.716797
24 0.724609 0.986328 0.0527344 0.0234375 0.704102
13 0.466797 0.62207 0.0253906 0.0634766 0.702637
7 0.0529175 0.0975952 0.0419922 0.0811768 0.700684
13 0.975586 0.22168 0.0195312 0.0566406 0.699219
13 0.984375 0.919434 0.0214844 0.0664062 0.694336
2 0.673828 0.240479 0.03125 0.0390625 0.689453
2 0.0204163 0.572266 0.0314941 0.0390625 0.682617
13 0.738281 0.210693 0.0224609 0.0341797 0.673828
6 0.397949 0.169189 0.0336914 0.0371094 0.668945
0 0.729492 0.243652 0.0722656 0.0517578 0.668945
23 0.97168 0.620117 0.03125 0.0390625 0.668945
4 0.869629 0.541992 0.0244141 0.0439453 0.666992
4 0.284668 0.869629 0.0244141 0.0419922 0.658203
5 0.793457 0.0118561 0.0380859 0.0237122 0.656738
24 0.407715 0.94873 0.0498047 0.0400391 0.656738
6 0.312012 0.244385 0.0351562 0.0449219 0.65332
2 0.307617 0.947754 0.0317383 0.0380859 0.649414
10 0.25415 0.474609 0.0541992 0.0654297 0.644043
6 0.424805 0.0911865 0.0351562 0.0354004 0.633301
38 0.751465 0.47168 0.0712891 0.0849609 0.629883
13 0.969727 0.299316 0.0449219 0.0625 0.629883
8 0.749023 0.0121155 0.0488281 0.024231 0.620605
14 0.179565 0.939453 0.0170898 0.0585938 0.618652
13 0.102905 0.786133 0.0368652 0.0576172 0.613281
6 0.809082 0.46875 0.0390625 0.0429688 0.607422
9 0.0841675 0.259277 0.0341797 0.0400391 0.605957
13 0.801758 0.380859 0.0214844 0.0668945 0.602051
13 0.333984 0.935547 0.0195312 0.0644531 0.602051
14 0.207886 0.553223 0.0166016 0.0595703 0.598145
6 0.343994 0.326904 0.0351562 0.0356445 0.592773
10 0.88623 0.300293 0.03125 0.0654297 0.586914
23 0.648926 0.9375 0.0283203 0.0351562 0.586914
7 0.93457 0.0433655 0.0683594 0.086731 0.586914
13 0.581055 0.0152893 0.0117188 0.0304565 0.581543
12 0.514648 0.081665 0.0644531 0.0687256 0.571777
4 0.248047 0.564453 0.0283203 0.0410156 0.563965
7 0.838379 0.0873413 0.0595703 0.0512695 0.560059
6 0.120911 0.406982 0.0565186 0.0463867 0.556641
13 0.358398 0.854492 0.0185547 0.0673828 0.541016
6 0.0327454 0.494629 0.059021 0.0390625 0.529297
2 0.901855 0.466797 0.0263672 0.0351562 0.523438
6 0.0975342 0.0221863 0.0397949 0.0402832 0.509766
27 0.457275 0.0991211 0.0244141 0.0510254 0.507812
29 0.0115433 0.415283 0.022934 0.0537109 0.507812
