2 0.0758209 0.145508 0.0273132 0.0405273 0.993164
13 0.538086 0.963867 0.0195312 0.0722656 0.992188
24 0.542969 0.311523 0.0390625 0.0615234 0.991211
18 0.510254 0.216064 0.0429688 0.0532227 0.981445
5 0.195801 0.977539 0.0380859 0.0449219 0.980957
21 0.219727 0.320801 0.0385742 0.0585938 0.979004
2 0.666016 0.471191 0.03125 0.0419922 0.970703
11 0.0879517 0.804688 0.0373535 0.0644531 0.970703
8 0.25708 0.224731 0.0405273 0.0480957 0.970215
20 0.179932 0.39209 0.0825195 0.0874023 0.967285
2 0.21228 0.894043 0.0270996 0.0410156 0.964844
5 0.529297 0.888672 0.0371094 0.0429688 0.963867
21 0.0230865 0.578125 0.0439148 0.0585938 0.963379
18 0.597656 0.635742 0.0371094 0.0527344 0.962891
0 0.653809 0.218994 0.0615234 0.0419922 0.954102
5 0.333252 0.306396 0.0380859 0.0444336 0.95166
12 0.487793 0.888672 0.0341797 0.078125 0.949219
0 0.254883 0.894531 0.0551758 0.0410156 0.94873
2 0.061615 0.0659027 0.0269165 0.0393372 0.946777
8 0.252686 0.477783 0.0356445 0.0405273 0.946777
7 0.593262 0.398438 0.0644531 0.0634766 0.944824
23 0.509766 0.138184 0.0351562 0.0378418 0.944336
5 0.149048 0.812012 0.0354004 0.0419922 0.940918
0 0.654785 0.807129 0.0605469 0.0439453 0.938477
5 0.418945 0.889648 0.0380859 0.0439453 0.9375
5 0.140015 0.226074 0.0373535 0.0444336 0.932617
22 0.263123 0.391846 0.0313721 0.0395508 0.932617
0 0.40918 0.967773 0.0839844 0.0644531 0.932129
0 0.135986 0.47876 0.0620117 0.0444336 0.930664
0 0.385742 0.725586 0.0585938 0.0419922 0.930664
0 0.59375 0.300781 0.0605469 0.0517578 0.930176
0 0.215088 0.13913 0.0583496 0.0474243 0.928711
8 0.178955 0.308838 0.0415039 0.0458984 0.925781
0 0.0236206 0.0650635 0.0471191 0.0405273 0.922852
2 0.463623 0.637207 0.0341797 0.0400391 0.921387
2 0.0189362 0.728027 0.030304 0.0439453 0.920898
9 0.663574 0.639648 0.0380859 0.046875 0.915039
8 0.185913 0.8125 0.0358887 0.0371094 0.913574
7 0.0987549 0.238037 0.0378418 0.0625 0.913086
5 0.474854 0.805664 0.0385742 0.0439453 0.912598
0 0.604492 0.139038 0.0585938 0.0393066 0.911133
18 0.43335 0.802734 0.0380859 0.0507812 0.90918
22 0.36377 0.141144 0.0351562 0.039978 0.908691
22 0.394043 0.807617 0.0341797 0.0429688 0.908203
19 0.594727 0.555176 0.03125 0.0439453 0.897461
5 0.500122 0.0570679 0.0388184 0.0443115 0.894043
14 0.118774 0.801758 0.0212402 0.0644531 0.891113
24 0.0207214 0.971191 0.0411987 0.0576172 0.889648
13 0.601562 0.878418 0.0195312 0.0615234 0.887207
14 0.110962 0.299805 0.0205078 0.0668945 0.884766
13 0.566406 0.126251 0.0195312 0.0614624 0.883301
18 0.23291 0.803711 0.0551758 0.0566406 0.872559
0 0.0474777 0.219238 0.0583649 0.0610352 0.867188
22 0.243652 0.643066 0.0336914 0.0419922 0.867188
2 0.340332 0.724609 0.0302734 0.0429688 0.864258
4 0.0877686 0.891602 0.0344238 0.0527344 0.862305
6 0.59375 0.807617 0.0566406 0.0429688 0.859863
10 0.197754 0.0511475 0.0336914 0.064209 0.858887
20 0.331787 0.804199 0.081543 0.0849609 0.855957
18 0.538086 0.0524368 0.0390625 0.0521088 0.838867
22 0.032959 0.47998 0.0344238 0.0380859 0.834473
22 0.138702 0.310547 0.0336304 0.0419922 0.830078
2 0.220215 0.224121 0.0322266 0.0473633 0.825684
24 0.442871 0.356934 0.0444336 0.0244141 0.817383
2 0.668945 0.887695 0.0332031 0.0488281 0.808105
6 0.601074 0.725586 0.0351562 0.0429688 0.805664
22 0.0320129 0.812012 0.0372925 0.0400391 0.803223
8 0.629883 0.889648 0.0371094 0.0371094 0.796875
22 0.464844 0.555176 0.03125 0.0390625 0.791992
13 0.238281 0.967285 0.0419922 0.0654297 0.791992
11 0.279785 0.132538 0.0546875 0.0645142 0.778809
6 0.580078 0.889648 0.0605469 0.0410156 0.775879
13 0.29541 0.71582 0.0195312 0.0654297 0.764648
14 0.317383 0.130981 0.0205078 0.0632324 0.763672
14 0.317383 0.712891 0.0175781 0.0664062 0.756348
6 0.46875 0.224854 0.0400391 0.0493164 0.73877
22 0.229614 0.0627441 0.0334473 0.0407715 0.73584
22 0.140625 0.144897 0.0336914 0.043457 0.708984
24 0.260254 0.277344 0.0424805 0.0244141 0.704102
21 0.0687256 0.970703 0.053833 0.0585938 0.699219
18 0.0280151 0.644043 0.0472412 0.0517578 0.697754
12 0.51355 0.797363 0.0354004 0.0625 0.690918
18 0.204834 0.477051 0.0532227 0.0458984 0.686035
22 0.481445 0.72168 0.0351562 0.0410156 0.684082
2 0.00731277 0.398682 0.0142746 0.043457 0.682617
10 0.34668 0.379639 0.0336914 0.0649414 0.679199
21 0.563477 0.734863 0.0410156 0.0595703 0.677246
19 0.453613 0.890625 0.0273438 0.0429688 0.672363
2 0.46582 0.138428 0.0517578 0.0375977 0.649414
8 0.0375366 0.397461 0.0413208 0.0439453 0.649414
2 0.665527 0.553711 0.0371094 0.0449219 0.649414
13 0.145996 0.885742 0.0195312 0.0683594 0.615234
6 0.29248 0.644043 0.0576172 0.0410156 0.609375
14 0.0754395 0.647461 0.0163574 0.0449219 0.602051
6 0.0387878 0.892578 0.0424805 0.0527344 0.596191
24 0.106262 0.529297 0.0443115 0.0234375 0.592773
18 0.104858 0.05896 0.0559082 0.0510254 0.565918
23 0.541992 0.136108 0.0273438 0.0395508 0.541016
18 0.340332 0.468994 0.0527344 0.0493164 0.513672
