2 0.800781 0.59375 0.0332031 0.0390625 0.989746
2 0.461914 0.762207 0.0322266 0.0390625 0.983887
13 0.083374 0.839355 0.0209961 0.0664062 0.979492
18 0.740234 0.820312 0.0449219 0.0585938 0.970703
11 0.385254 0.832031 0.0336914 0.0605469 0.970215
18 0.169678 0.918945 0.0405273 0.0507812 0.963867
9 0.788574 0.982422 0.0351562 0.0351562 0.961914
4 0.949219 0.591797 0.0273438 0.0449219 0.958496
5 0.886719 0.908203 0.0351562 0.0390625 0.95752
18 0.674316 0.585938 0.0429688 0.0625 0.957031
12 0.84375 0.900391 0.0429688 0.0703125 0.957031
5 0.0355148 0.930664 0.0352936 0.0410156 0.951172
2 0.75293 0.59668 0.03125 0.0400391 0.950684
13 0.639648 0.587891 0.0234375 0.0664062 0.950195
2 0.78125 0.833008 0.0332031 0.0371094 0.948242
0 0.220337 0.920898 0.0524902 0.0351562 0.946289
5 0.228882 0.767578 0.0361328 0.0371094 0.945801
0 0.89209 0.67334 0.0556641 0.0380859 0.941895
1 0.0567627 0.780273 0.0373535 0.0527344 0.937988
13 0.237061 0.833008 0.0212402 0.0644531 0.937012
22 0.75 0.909668 0.0371094 0.0380859 0.933105
11 0.207031 0.834961 0.034668 0.0615234 0.927734
22 0.270264 0.921875 0.034668 0.0390625 0.927246
23 0.431641 0.91748 0.03125 0.0371094 0.92041
2 0.112122 0.611816 0.0421143 0.0429688 0.918945
0 0.615234 0.757812 0.0546875 0.0390625 0.918945
19 0.566895 0.837891 0.0292969 0.0371094 0.916016
7 0.602051 0.922363 0.0712891 0.0576172 0.913086
24 0.745117 0.683594 0.046875 0.0527344 0.912598
9 0.418457 0.762695 0.0371094 0.0371094 0.912598
7 0.345459 0.616699 0.0400391 0.0556641 0.911621
0 0.601074 0.984375 0.0800781 0.03125 0.910645
0 0.945801 0.981445 0.078125 0.0371094 0.90918
4 0.876953 0.592285 0.0283203 0.0488281 0.906738
11 0.791016 0.898438 0.0371094 0.0605469 0.904785
0 0.688477 0.913086 0.0546875 0.0390625 0.902832
5 0.15625 0.770508 0.0351562 0.0390625 0.901367
5 0.949219 0.829102 0.0351562 0.0380859 0.898926
13 0.126465 0.757812 0.0256348 0.0644531 0.897461
9 0.556641 0.759277 0.0351562 0.0390625 0.897461
27 0.540527 0.92334 0.0253906 0.0507812 0.896973
11 0.293945 0.677734 0.0380859 0.0625 0.896484
2 0.8125 0.673828 0.0292969 0.0390625 0.889648
22 0.188965 0.69043 0.0371094 0.0390625 0.888184
0 0.273682 0.764648 0.0561523 0.0371094 0.882324
13 0.00746536 0.76123 0.0149307 0.0664062 0.878418
2 0.939453 0.671875 0.0332031 0.0390625 0.875977
6 0.848633 0.983398 0.0390625 0.0332031 0.875
8 0.921875 0.907227 0.0371094 0.0390625 0.874023
8 0.695801 0.836914 0.0351562 0.0410156 0.868652
0 0.355469 0.990234 0.0556641 0.0195312 0.859863
21 0.879883 0.757812 0.0488281 0.0585938 0.858887
13 0.262207 0.676758 0.0205078 0.0683594 0.856934
23 0.880859 0.827148 0.0292969 0.0351562 0.850098
16 0.602539 0.59668 0.0507812 0.0419922 0.838867
22 0.190918 0.61377 0.0625 0.0390625 0.838867
2 0.53418 0.987305 0.03125 0.0253906 0.837402
23 0.353027 0.843262 0.0302734 0.0371094 0.834473
2 0.475586 0.912109 0.0302734 0.0449219 0.830078
6 0.322998 0.764648 0.0375977 0.0361328 0.829102
6 0.0986328 0.772949 0.0380859 0.0371094 0.822266
7 0.0516357 0.859375 0.0383301 0.0546875 0.819824
5 0.704102 0.676758 0.0371094 0.0410156 0.818848
19 0.958008 0.90625 0.03125 0.0371094 0.818848
6 0.335693 0.689453 0.0385742 0.0380859 0.806641
2 0.838867 0.751465 0.0292969 0.0371094 0.796875
5 0.992188 0.973145 0.015625 0.0410156 0.794434
6 0.378418 0.765625 0.0380859 0.0351562 0.764648
7 0.230713 0.697754 0.0419922 0.0546875 0.762207
13 0.845703 0.584961 0.0351562 0.0605469 0.744629
6 0.425293 0.84082 0.0341797 0.0361328 0.740234
27 0.457275 0.849609 0.0244141 0.0507812 0.725098
6 0.668945 0.679688 0.0322266 0.0390625 0.716797
6 0.508789 0.916016 0.0332031 0.0371094 0.715332
12 0.514526 0.831543 0.0646973 0.0683594 0.712402
6 0.397949 0.918945 0.0336914 0.0371094 0.689453
6 0.558594 0.681641 0.0371094 0.0410156 0.684082
13 0.140869 0.603516 0.0336914 0.0654297 0.672363
10 0.0859985 0.603516 0.0325928 0.0664062 0.668945
5 0.0297546 0.985352 0.0549316 0.0292969 0.663574
4 0.916992 0.589844 0.0390625 0.0488281 0.640625
6 0.455566 0.988281 0.0322266 0.0234375 0.637207
10 0.414795 0.977539 0.034668 0.0449219 0.635254
4 0.0672455 0.929688 0.0254211 0.0429688 0.631836
24 0.59668 0.649414 0.0341797 0.0253906 0.629883
4 0.842285 0.672363 0.0244141 0.0439453 0.629883
2 0.673828 0.985352 0.0332031 0.0292969 0.613281
5 0.131561 0.993164 0.0342407 0.0136719 0.569824
7 0.838379 0.836914 0.0595703 0.0507812 0.563965
0 0.729492 0.984375 0.0761719 0.03125 0.544922
13 0.739258 0.962891 0.0244141 0.0390625 0.529297
6 0.71582 0.597656 0.0400391 0.0390625 0.527344
