9 0.169922 0.946777 0.0913086 0.0986328 0.986816
0 0.666992 0.950195 0.146484 0.09375 0.986816
2 0.372559 0.757324 0.0810547 0.0908203 0.979492
0 0.255615 0.754883 0.132812 0.0878906 0.979492
4 0.762695 0.336426 0.0761719 0.108887 0.979004
2 0.835938 0.349854 0.0742188 0.0952148 0.978516
4 0.0631104 0.738281 0.0761719 0.115234 0.977051
9 0.474121 0.548828 0.0908203 0.0927734 0.976074
2 0.170776 0.353516 0.0656738 0.0917969 0.974609
8 0.463623 0.748047 0.0991211 0.0917969 0.96875
5 0.140503 0.746094 0.0827637 0.0957031 0.967773
4 0.692383 0.536621 0.0703125 0.112305 0.966797
8 0.957031 0.745605 0.0859375 0.0927734 0.96582
0 0.944336 0.547852 0.111328 0.0878906 0.965332
22 0.0711212 0.949219 0.0852966 0.0927734 0.961914
9 0.963867 0.148163 0.0722656 0.0908813 0.95459
5 0.98584 0.945312 0.0283203 0.09375 0.953125
10 0.740234 0.123596 0.0898438 0.137329 0.910645
7 0.628906 0.773438 0.107422 0.130859 0.830078
18 0.85791 0.1409 0.131836 0.118103 0.827637
7 0.636719 0.374268 0.164062 0.128418 0.818848
8 0.294678 0.351074 0.065918 0.0947266 0.801758
10 0.122803 0.126099 0.0986328 0.138428 0.743164
21 0.899414 0.951172 0.0859375 0.0898438 0.705566
22 0.178101 0.550293 0.0883789 0.0869141 0.600098
18 0.814453 0.532104 0.123047 0.119385 0.586914
