2 0.10437 0.349121 0.0300293 0.0371094 0.989746
2 0.389893 0.339355 0.0317383 0.0380859 0.980957
7 0.578613 0.804199 0.0419922 0.0537109 0.977539
5 0.311768 0.34375 0.0371094 0.0400391 0.975586
2 0.0792847 0.896484 0.0286865 0.0371094 0.974121
0 0.251709 0.344238 0.0600586 0.0400391 0.972656
11 0.655273 0.237549 0.0371094 0.0615234 0.972168
5 0.737305 0.245361 0.0332031 0.0395508 0.971191
5 0.956543 0.231567 0.0361328 0.0383301 0.970703
0 0.183716 0.267822 0.0612793 0.0390625 0.970215
2 0.118896 0.736328 0.0336914 0.0371094 0.96582
2 0.65625 0.404297 0.0292969 0.0375977 0.964355
9 0.764648 0.628906 0.0351562 0.0390625 0.964355
2 0.888184 0.545898 0.0244141 0.0351562 0.963379
7 0.673828 0.641602 0.0371094 0.0546875 0.963379
2 0.96582 0.935547 0.0341797 0.0390625 0.962891
11 0.799805 0.0753784 0.0371094 0.0594482 0.960449
2 0.118408 0.427246 0.032959 0.0380859 0.960449
2 0.253845 0.572266 0.0313721 0.0351562 0.958984
2 0.334961 0.570312 0.0283203 0.0390625 0.958984
5 0.758789 0.47998 0.0390625 0.0361328 0.958008
2 0.618164 0.793945 0.0292969 0.0390625 0.95752
0 0.930664 0.312988 0.0566406 0.0371094 0.957031
1 0.240723 0.276367 0.0361328 0.0517578 0.955566
5 0.203125 0.888672 0.0361328 0.0371094 0.954102
11 0.181396 0.101562 0.0388184 0.0600586 0.953125
0 0.513184 0.17688 0.0664062 0.0402832 0.95166
18 0.926758 0.844727 0.0449219 0.0625 0.951172
5 0.618652 0.249023 0.0361328 0.0380859 0.950684
14 0.321533 0.952148 0.015625 0.0605469 0.950195
9 0.662109 0.558594 0.0351562 0.0371094 0.949707
7 0.230835 0.818359 0.0402832 0.0546875 0.949219
5 0.494629 0.876953 0.0351562 0.0390625 0.946777
9 0.350342 0.883789 0.0366211 0.0390625 0.945312
2 0.199463 0.575195 0.0273438 0.0351562 0.942383
2 0.802734 0.242798 0.0332031 0.0388184 0.94043
13 0.337402 0.630859 0.0253906 0.0732422 0.938965
22 0.709473 0.948242 0.0351562 0.0390625 0.937988
5 0.357422 0.726562 0.0361328 0.0410156 0.937012
18 0.915039 0.611328 0.0410156 0.0585938 0.93457
13 0.864258 0.539551 0.0205078 0.0625 0.929199
5 0.312988 0.107239 0.0341797 0.0374756 0.927734
1 0.862305 0.171387 0.0361328 0.0546875 0.927246
5 0.351074 0.961426 0.0380859 0.0390625 0.924316
2 0.783203 0.708008 0.0332031 0.0371094 0.923828
11 0.253174 0.875977 0.0610352 0.0625 0.922852
22 0.577148 0.718262 0.0371094 0.0380859 0.921875
4 0.427002 0.566895 0.0283203 0.0439453 0.921387
6 0.122375 0.580078 0.0411377 0.0351562 0.921387
22 0.881348 0.862305 0.0371094 0.0390625 0.921387
7 0.833496 0.560547 0.0400391 0.0546875 0.920898
5 0.945801 0.545898 0.0351562 0.0390625 0.92041
5 0.47583 0.957031 0.0361328 0.0390625 0.918945
5 0.988281 0.386719 0.0234375 0.0400391 0.916016
2 0.787598 0.553711 0.0283203 0.0332031 0.916016
0 0.434082 0.416016 0.0585938 0.0400391 0.915527
0 0.667969 0.169434 0.0546875 0.0361328 0.915039
2 0.813477 0.632812 0.03125 0.0371094 0.913574
2 0.810059 0.397949 0.0322266 0.0371094 0.911621
0 0.0592041 0.73877 0.0543213 0.0390625 0.911133
0 0.830078 0.863281 0.0546875 0.0410156 0.908691
5 0.193359 0.812012 0.0356445 0.0380859 0.908203
22 0.852539 0.239746 0.0390625 0.0390625 0.907227
5 0.911133 0.0807953 0.0332031 0.0381165 0.905762
22 0.0468216 0.273926 0.0377045 0.0380859 0.900391
13 0.762695 0.543945 0.0253906 0.0664062 0.900391
5 0.398438 0.801758 0.0371094 0.0410156 0.899902
13 0.319824 0.870117 0.0214844 0.0703125 0.898926
24 0.154785 0.741699 0.0400391 0.0498047 0.896973
2 0.0139923 0.662109 0.0275574 0.0371094 0.895508
2 0.067749 0.503906 0.0334473 0.0351562 0.89502
22 0.761719 0.0883789 0.0371094 0.0400391 0.892578
9 0.0760345 0.0351868 0.0359192 0.0375366 0.891113
0 0.427246 0.259033 0.0517578 0.0400391 0.888672
7 0.657715 0.723633 0.0429688 0.0546875 0.88623
5 0.0481262 0.435059 0.0372925 0.0351562 0.877441
7 0.939453 0.399414 0.0605469 0.0585938 0.876465
4 0.56543 0.0195312 0.0253906 0.0390625 0.873047
0 0.763672 0.401123 0.0527344 0.0405273 0.873047
8 0.511597 0.957031 0.0354004 0.0390625 0.868652
2 0.785156 0.943359 0.0292969 0.0390625 0.867188
24 0.0157166 0.0913086 0.03125 0.0239258 0.865234
13 0.0173035 0.266113 0.0188599 0.0615234 0.865234
22 0.492188 0.0204773 0.0400391 0.0385132 0.863281
11 0.402832 0.948242 0.0625 0.0625 0.853027
2 0.383057 0.256348 0.0317383 0.0415039 0.852051
2 0.830566 0.31958 0.0332031 0.0395508 0.851074
9 0.655762 0.869141 0.0371094 0.0390625 0.850098
6 0.899414 0.158813 0.0380859 0.0375977 0.842773
1 0.662598 0.0963135 0.0410156 0.0551758 0.838867
22 0.797852 0.165771 0.0605469 0.0380859 0.838867
0 0.0979614 0.973145 0.0550537 0.0429688 0.836426
5 0.796387 0.78418 0.0371094 0.0410156 0.829102
27 0.977051 0.538086 0.0234375 0.046875 0.82666
5 0.14624 0.968262 0.0371094 0.0449219 0.824219
1 0.080307 0.585938 0.037384 0.0507812 0.81543
22 0.809082 0.012764 0.0351562 0.025528 0.813965
11 0.256592 0.640625 0.0629883 0.0625 0.813965
4 0.114258 0.812988 0.026123 0.0400391 0.812988
13 0.725586 0.777832 0.0166016 0.0576172 0.809082
9 0.47998 0.797852 0.034668 0.0380859 0.809082
21 0.660156 0.799805 0.046875 0.0585938 0.806641
5 0.193604 0.347656 0.0361328 0.0405273 0.804199
0 0.910156 0.78418 0.0585938 0.0410156 0.803223
1 0.736816 0.0214233 0.0351562 0.0428467 0.796875
2 0.365723 0.103882 0.0639648 0.0385742 0.796875
8 0.619629 0.408691 0.0351562 0.0361328 0.796875
5 0.46167 0.71582 0.0356445 0.0507812 0.794434
2 0.168457 0.0272064 0.0273438 0.0466003 0.790527
13 0.54541 0.705566 0.0244141 0.0595703 0.790527
4 0.622559 0.713379 0.0253906 0.0419922 0.789062
13 0.628906 0.467529 0.0214844 0.0727539 0.788086
24 0.279785 0.972656 0.0629883 0.0507812 0.788086
2 0.159424 0.811523 0.0317383 0.0371094 0.786621
2 0.294434 0.185059 0.0302734 0.0371094 0.785156
10 0.470703 0.867188 0.0341797 0.0605469 0.78418
5 0.538086 0.0966797 0.0371094 0.0378418 0.78125
10 0.755371 0.933105 0.0517578 0.0673828 0.779785
0 0.905273 0.693359 0.0556641 0.0507812 0.777344
14 0.224854 0.563477 0.0200195 0.0576172 0.775879
2 0.936523 0.150879 0.0332031 0.0400391 0.771973
7 0.48584 0.263428 0.0585938 0.0527344 0.769043
6 0.0812988 0.816406 0.0366211 0.0390625 0.769043
5 0.71582 0.325439 0.0351562 0.0380859 0.766113
22 0.218872 0.188477 0.0402832 0.0419922 0.764648
18 0.0403748 0.352051 0.0516968 0.0439453 0.759277
14 0.173828 0.879883 0.0180664 0.0585938 0.759277
6 0.614258 0.874023 0.0410156 0.0361328 0.753418
0 0.34082 0.184204 0.0561523 0.0422363 0.751953
13 0.892578 0.929688 0.0214844 0.0722656 0.751953
1 0.418213 0.875977 0.0478516 0.0820312 0.750488
18 0.224854 0.411621 0.0449219 0.0615234 0.747559
8 0.310791 0.420898 0.0366211 0.0351562 0.740234
6 0.0642242 0.115295 0.040741 0.039917 0.729492
2 0.0570755 0.65918 0.0545502 0.0390625 0.729492
13 0.952637 0.984863 0.0175781 0.0302734 0.729492
7 0.713867 0.876953 0.0644531 0.0566406 0.725098
7 0.893555 0.243652 0.0410156 0.0527344 0.720215
12 0.252441 0.0301361 0.0615234 0.0602722 0.71875
10 0.140747 0.102173 0.0354004 0.0627441 0.705566
9 0.960449 0.779297 0.0400391 0.0390625 0.700684
8 0.666016 0.947266 0.0371094 0.0390625 0.697754
27 0.857422 0.481689 0.0263672 0.0512695 0.692871
2 0.444336 0.0999756 0.0263672 0.0375977 0.686035
13 0.969727 0.848633 0.0371094 0.0644531 0.680664
4 0.8125 0.941406 0.0234375 0.0478516 0.679199
19 0.686523 0.404297 0.0273438 0.0361328 0.67041
4 0.369141 0.0231628 0.0410156 0.0454102 0.660156
2 0.529297 0.564453 0.0625 0.0351562 0.658203
13 0.0189209 0.805664 0.0361938 0.0625 0.658203
13 0.95166 0.610352 0.0224609 0.0654297 0.654785
5 0.260193 0.730469 0.0567627 0.0390625 0.654785
8 0.0856323 0.430176 0.0301514 0.0380859 0.644043
12 0.544434 0.633301 0.0644531 0.0751953 0.642578
24 0.702148 0.789551 0.0332031 0.0361328 0.637207
10 0.856445 0.929199 0.0390625 0.0654297 0.637207
11 0.227417 0.958984 0.0395508 0.0664062 0.635254
7 0.252869 0.118652 0.0450439 0.0517578 0.633301
24 0.463379 0.324463 0.0410156 0.0634766 0.629883
7 0.473145 0.576172 0.0410156 0.0556641 0.615234
14 0.573242 0.864258 0.0214844 0.0566406 0.609375
14 0.341797 0.32959 0.0136719 0.0605469 0.602051
5 0.55957 0.407471 0.0351562 0.0429688 0.600098
13 0.717773 0.157715 0.0224609 0.0629883 0.584961
24 0.381836 0.572266 0.0581055 0.0390625 0.569824
10 0.733398 0.389648 0.0341797 0.0634766 0.565918
10 0.666016 0.472412 0.0527344 0.0610352 0.563965
13 0.363525 0.329834 0.0170898 0.0615234 0.560059
24 0.0328979 0.977051 0.0655518 0.0458984 0.560059
13 0.0111084 0.722168 0.0222168 0.0693359 0.554688
6 0.771484 0.0151596 0.0371094 0.0303192 0.550781
27 0.984375 0.227417 0.0175781 0.0349121 0.550781
8 0.751465 0.788086 0.0371094 0.0351562 0.539062
13 0.186523 0.958008 0.0380859 0.0673828 0.535156
8 0.704102 0.634277 0.0195312 0.0400391 0.517578
