13 0.677734 0.286621 0.0390625 0.13916 0.986816
9 0.528198 0.900879 0.0822754 0.100586 0.979492
2 0.636719 0.905273 0.0703125 0.0957031 0.978516
19 0.973633 0.299316 0.0527344 0.0913086 0.978027
4 0.902344 0.0900269 0.0664062 0.121948 0.974609
5 0.966797 0.0965424 0.0664062 0.0991516 0.973145
14 0.845703 0.0827026 0.0507812 0.140015 0.971191
0 0.949219 0.701172 0.101562 0.0908203 0.970703
7 0.464355 0.733398 0.155273 0.136719 0.970703
19 0.742188 0.506348 0.0625 0.0947266 0.953125
23 0.625488 0.311035 0.0625 0.0869141 0.913574
7 0.824219 0.501953 0.0976562 0.185547 0.883301
10 0.518066 0.290588 0.0830078 0.142456 0.863281
6 0.736328 0.899414 0.130859 0.0957031 0.852051
18 0.833008 0.69043 0.126953 0.121094 0.819824
18 0.878906 0.882812 0.130859 0.128906 0.757812
8 0.972656 0.890625 0.0546875 0.09375 0.750488
6 0.780273 0.11438 0.0839844 0.0979004 0.741699
4 0.439941 0.899414 0.0932617 0.109375 0.728027
8 0.837891 0.280518 0.0917969 0.141113 0.725098
4 0.935059 0.495361 0.100586 0.102051 0.611328
