24 0.327637 0.554199 0.0390625 0.0498047 0.985352
18 0.244629 0.779297 0.0424805 0.0625 0.978027
2 0.602539 0.706543 0.0332031 0.0390625 0.976562
2 0.337891 0.70752 0.0322266 0.0400391 0.97168
5 0.582031 0.625977 0.0390625 0.0410156 0.970703
5 0.0352173 0.789551 0.0392456 0.0400391 0.970703
18 0.542969 0.535645 0.0449219 0.0615234 0.966797
2 0.223755 0.552246 0.0319824 0.0380859 0.96582
7 0.368408 0.955078 0.0366211 0.0537109 0.960449
2 0.292725 0.547852 0.0322266 0.0371094 0.958984
2 0.626953 0.786133 0.0332031 0.0419922 0.955078
13 0.161621 0.698242 0.0224609 0.0683594 0.95459
22 0.463379 0.867676 0.0361328 0.0400391 0.953125
2 0.505859 0.786621 0.0332031 0.0400391 0.951172
8 0.465576 0.786133 0.0385742 0.0410156 0.949219
5 0.49707 0.946289 0.0371094 0.0390625 0.946777
18 0.129517 0.699219 0.0407715 0.0605469 0.942383
5 0.330566 0.94873 0.0351562 0.0371094 0.941895
22 0.25885 0.869629 0.0369873 0.0419922 0.938965
5 0.243896 0.949219 0.0322266 0.0371094 0.934082
23 0.420654 0.548828 0.03125 0.0419922 0.931152
2 0.620117 0.86377 0.03125 0.0400391 0.929199
8 0.583008 0.870117 0.0371094 0.0390625 0.928223
2 0.64502 0.62793 0.0302734 0.0410156 0.923828
13 0.40332 0.615234 0.0214844 0.0683594 0.922852
2 0.0273705 0.628906 0.03022 0.0390625 0.920898
13 0.381836 0.852051 0.0205078 0.0683594 0.920898
27 0.42041 0.793945 0.0224609 0.0527344 0.918945
13 0.280762 0.777832 0.0234375 0.0683594 0.917969
0 0.523315 0.857422 0.0783691 0.0576172 0.916504
7 0.367676 0.635254 0.0390625 0.0556641 0.90918
7 0.111084 0.95752 0.0612793 0.0566406 0.90918
2 0.644531 0.549316 0.03125 0.0400391 0.908691
2 0.0141525 0.948242 0.0280609 0.0390625 0.907227
13 0.614746 0.931641 0.0224609 0.0703125 0.905273
9 0.111328 0.629883 0.0356445 0.0419922 0.904785
18 0.580078 0.937012 0.0429688 0.0615234 0.899902
22 0.0584412 0.948242 0.0348511 0.0390625 0.892578
8 0.421387 0.866699 0.0371094 0.0380859 0.883301
14 0.227783 0.858398 0.0170898 0.0625 0.872559
13 0.578125 0.535156 0.0214844 0.0664062 0.845703
6 0.536621 0.946777 0.0371094 0.0400391 0.834473
2 0.175537 0.630371 0.0288086 0.0361328 0.819824
19 0.0790405 0.788086 0.0310059 0.0429688 0.811523
0 0.576172 0.785156 0.0585938 0.0410156 0.804199
24 0.376465 0.545898 0.0556641 0.0371094 0.78418
9 0.311523 0.787109 0.0380859 0.0429688 0.762207
2 0.154541 0.950195 0.0229492 0.0371094 0.760742
11 0.351074 0.857422 0.034668 0.0625 0.750488
9 0.192383 0.709473 0.0390625 0.0419922 0.723145
6 0.50293 0.708008 0.0585938 0.0390625 0.710449
4 0.00828552 0.783203 0.0163879 0.0566406 0.689453
13 0.608398 0.992188 0.015625 0.015625 0.680664
23 0.0617371 0.708008 0.031311 0.0410156 0.665527
9 0.0268097 0.55127 0.0369568 0.0410156 0.651367
24 0.248169 0.679199 0.0354004 0.0263672 0.651367
0 0.442383 0.944336 0.0449219 0.0351562 0.644043
2 0.369141 0.705566 0.0283203 0.0400391 0.616699
4 0.275879 0.949219 0.0263672 0.0439453 0.616699
10 0.550781 0.772461 0.0351562 0.0664062 0.598145
10 0.616211 0.537109 0.0507812 0.0625 0.59082
13 0.0717163 0.619141 0.041626 0.0664062 0.588867
13 0.550781 0.854492 0.0253906 0.0625 0.556641
18 0.324219 0.62207 0.0478516 0.0527344 0.537109
