19 0.789062 0.84082 0.0664062 0.0898438 0.992188
13 0.864258 0.82373 0.0449219 0.141602 0.983887
4 0.148895 0.632812 0.0708618 0.116211 0.983398
8 0.818359 0.248535 0.0976562 0.0878906 0.979492
13 0.834961 0.62207 0.0429688 0.142578 0.979492
4 0.894043 0.639648 0.0683594 0.117188 0.979004
4 0.458008 0.818359 0.0839844 0.140625 0.978027
2 0.218994 0.640625 0.0727539 0.0976562 0.976074
2 0.964844 0.643555 0.0703125 0.0996094 0.976074
13 0.723633 0.226685 0.0556641 0.140381 0.975098
8 0.620605 0.839355 0.102539 0.0947266 0.97168
7 0.939453 0.870117 0.107422 0.134766 0.968262
2 0.71582 0.84082 0.0712891 0.0917969 0.967773
7 0.755371 0.666992 0.0986328 0.133789 0.965332
0 0.319092 0.848145 0.187988 0.0947266 0.964844
5 0.914062 0.245117 0.0859375 0.0952148 0.962891
13 0.465332 0.228638 0.0585938 0.141357 0.959473
27 0.933594 0.0483398 0.0566406 0.0947266 0.956055
6 0.0316162 0.241577 0.0632324 0.100342 0.95166
6 0.0330505 0.64209 0.0661011 0.0927734 0.947266
4 0.690918 0.984863 0.0625 0.0302734 0.936523
21 0.578125 0.975098 0.134766 0.0498047 0.916504
6 0.177979 0.848633 0.0864258 0.0839844 0.878906
7 0.363037 0.468262 0.128418 0.132812 0.833496
13 0.0963135 0.972656 0.0603027 0.0546875 0.829102
6 0.982422 0.0541382 0.0351562 0.0980225 0.825684
10 0.956055 0.42334 0.0878906 0.141602 0.795898
22 0.0401306 0.84082 0.078186 0.0898438 0.737305
23 0.654297 0.0470581 0.144531 0.0936279 0.730957
14 0.922852 0.975098 0.0507812 0.0498047 0.725098
6 0.306152 0.0506287 0.09375 0.0942993 0.713867
6 0.84375 0.446533 0.0976562 0.0952148 0.704102
14 0.0168152 0.974609 0.0336304 0.0507812 0.613281
19 0.785156 0.974609 0.0576172 0.0507812 0.588867
19 0.983398 0.243652 0.0332031 0.104492 0.569824
4 0.273193 0.974121 0.074707 0.0517578 0.567871
4 0.432129 0.65918 0.131836 0.150391 0.541016
18 0.824219 0.0477295 0.140625 0.0930176 0.507812
7 0.00729752 0.42627 0.0145645 0.133789 0.503906
