19 0.305176 0.423828 0.0527344 0.0908203 0.991211
4 0.306396 0.0400391 0.0639648 0.0799561 0.986816
4 0.306885 0.971191 0.0629883 0.0576172 0.98584
5 0.234131 0.0397644 0.0771484 0.0795288 0.978027
2 0.246094 0.424316 0.0634766 0.0927734 0.976074
2 0.11438 0.232544 0.0695801 0.0900879 0.974609
2 0.159058 0.986328 0.067627 0.0273438 0.964844
5 0.235352 0.975098 0.0756836 0.0498047 0.95752
22 0.29541 0.234863 0.0791016 0.0888672 0.907227
13 0.0178223 0.958496 0.0354004 0.0830078 0.905762
8 0.0774994 0.986328 0.0815735 0.0273438 0.852051
2 0.00785065 0.172363 0.0157013 0.0532227 0.660156
4 0.0316467 0.404297 0.0632935 0.138672 0.607422
19 0.0123901 0.039856 0.0247803 0.0795898 0.588867
13 0.107178 0.0401611 0.0129395 0.0802002 0.537109
