5 0.206787 0.231567 0.0366211 0.0383301 0.974609
11 0.0496216 0.0753021 0.0369873 0.0593567 0.956543
2 0.21582 0.935547 0.0341797 0.0390625 0.956543
5 0.0136566 0.478516 0.0273132 0.0341797 0.953613
0 0.180908 0.3125 0.0561523 0.0371094 0.953125
18 0.17688 0.844727 0.0446777 0.0625 0.95166
2 0.0525208 0.242676 0.0328979 0.0390625 0.938965
18 0.165771 0.611328 0.041748 0.0585938 0.936523
22 0.131348 0.862305 0.0373535 0.0390625 0.92627
5 0.195557 0.54541 0.0351562 0.0380859 0.921875
2 0.138428 0.545898 0.0244141 0.0351562 0.920898
22 0.102417 0.239746 0.0383301 0.0390625 0.91748
0 0.0802002 0.863281 0.0541992 0.0410156 0.91748
13 0.114746 0.539062 0.0197754 0.0625 0.909668
5 0.160889 0.0807037 0.0336914 0.0380554 0.892578
2 0.0639038 0.632812 0.0318604 0.0371094 0.875977
5 0.0463791 0.78418 0.0373688 0.0400391 0.850098
2 0.079834 0.31958 0.0318604 0.0395508 0.845703
0 0.160278 0.78418 0.0578613 0.0410156 0.835449
0 0.155762 0.695312 0.0561523 0.0458984 0.829102
2 0.0349426 0.942383 0.0299072 0.0371094 0.819824
22 0.0149078 0.0897827 0.0295715 0.043335 0.799316
22 0.0492554 0.165649 0.0585938 0.0375977 0.799316
7 0.143188 0.243652 0.0412598 0.0527344 0.763672
13 0.142334 0.929688 0.0209961 0.0732422 0.760742
9 0.210205 0.780273 0.0395508 0.0390625 0.749023
4 0.0625 0.941406 0.0239258 0.0478516 0.730957
27 0.1073 0.481689 0.0266113 0.0512695 0.726562
13 0.201782 0.609863 0.0227051 0.0654297 0.71875
13 0.202881 0.984863 0.0180664 0.0302734 0.700684
10 0.106262 0.929199 0.038208 0.0654297 0.690918
7 0.00735092 0.712402 0.014595 0.0439453 0.618652
6 0.150146 0.158936 0.0400391 0.0385742 0.605957
12 0.0256348 0.311523 0.045166 0.0703125 0.565918
24 0.184937 0.121643 0.0288086 0.0216064 0.544922
