24 0.301758 0.692383 0.0400391 0.0507812 0.983887
2 0.0806274 0.68457 0.0305176 0.0390625 0.974121
2 0.486084 0.918457 0.0317383 0.0380859 0.964844
2 0.598633 0.837891 0.0341797 0.0390625 0.952637
5 0.609375 0.91748 0.0351562 0.0390625 0.95166
13 0.111084 0.977539 0.0231934 0.0449219 0.95166
0 0.347412 0.760742 0.0551758 0.0390625 0.946289
0 0.566406 0.682617 0.0546875 0.0390625 0.943848
0 0.246704 0.919922 0.0563965 0.0371094 0.939941
22 0.552734 0.919922 0.0351562 0.0371094 0.939453
7 0.321289 0.928711 0.0576172 0.0546875 0.937988
9 0.189209 0.919922 0.0375977 0.0390625 0.937012
13 0.605469 0.666992 0.0214844 0.0664062 0.931152
5 0.105713 0.761719 0.0339355 0.0361328 0.930176
0 0.45752 0.682617 0.0527344 0.0390625 0.926758
13 0.181152 0.590332 0.0253906 0.0722656 0.920898
2 0.0329285 0.680176 0.0308228 0.0429688 0.919434
22 0.438721 0.761719 0.0366211 0.0390625 0.916016
9 0.583984 0.760254 0.0371094 0.0390625 0.907227
2 0.492676 0.760254 0.0615234 0.0400391 0.896973
3 0.16333 0.831055 0.0605469 0.0703125 0.890137
14 0.582031 0.90625 0.0175781 0.0605469 0.885742
8 0.1427 0.763672 0.036377 0.0351562 0.884766
8 0.397705 0.762695 0.0366211 0.0390625 0.882324
8 0.541992 0.76123 0.0351562 0.0380859 0.876465
9 0.0429077 0.841797 0.0397949 0.0390625 0.871582
2 0.0969849 0.837891 0.0467529 0.0371094 0.865234
13 0.496094 0.978027 0.0185547 0.0439453 0.863281
8 0.563477 0.986328 0.0390625 0.0273438 0.856934
22 0.605469 0.986816 0.0371094 0.0263672 0.844727
6 0.14917 0.920898 0.0356445 0.0371094 0.834473
0 0.362793 0.841797 0.0532227 0.0390625 0.832031
13 0.241211 0.828125 0.0224609 0.0644531 0.829102
2 0.189331 0.990234 0.0297852 0.0195312 0.819824
9 0.306641 0.844727 0.0361328 0.0419922 0.763672
3 0.0438309 0.912109 0.0544281 0.0683594 0.733887
9 0.281006 0.759766 0.0375977 0.0410156 0.712402
6 0.100464 0.920898 0.0532227 0.0371094 0.697754
13 0.609375 0.586914 0.0234375 0.0703125 0.690918
5 0.0422058 0.990723 0.0316772 0.0185547 0.689453
14 0.416016 0.592773 0.019043 0.0625 0.689453
7 0.436523 0.847656 0.0581055 0.0585938 0.6875
4 0.0360718 0.604004 0.0235596 0.0419922 0.682617
6 0.245117 0.762695 0.0317383 0.0351562 0.668945
6 0.240967 0.685547 0.0556641 0.0351562 0.638672
13 0.27417 0.978516 0.0239258 0.0429688 0.618652
0 0.242798 0.989258 0.0744629 0.0214844 0.57959
4 0.522461 0.987305 0.0263672 0.0253906 0.571777
13 0.77002 0.985352 0.0224609 0.0292969 0.521484
