24 0.665039 0.0845337 0.0419922 0.0428467 0.995605
2 0.929688 0.310547 0.0332031 0.0371094 0.986816
24 0.584961 0.488281 0.0410156 0.0566406 0.984863
21 0.786133 0.242554 0.046875 0.0568848 0.982422
5 0.619141 0.241699 0.0351562 0.0380859 0.977539
18 0.822266 0.0637817 0.0429688 0.0606689 0.976074
5 0.620605 0.0130157 0.0351562 0.0260315 0.974609
2 0.863281 0.0749359 0.0302734 0.0368958 0.974121
2 0.861328 0.310059 0.0283203 0.0371094 0.973145
5 0.876953 0.469238 0.0380859 0.0410156 0.973145
5 0.880859 0.151611 0.0351562 0.0410156 0.967285
18 0.803711 0.380859 0.0449219 0.0605469 0.966309
2 0.478027 0.0887451 0.0292969 0.0373535 0.964844
5 0.5625 0.0844727 0.0371094 0.0368652 0.960938
2 0.566406 0.320801 0.0292969 0.0380859 0.959473
8 0.776855 0.076889 0.0351562 0.0364075 0.956055
14 0.911621 0.376465 0.015625 0.0585938 0.946289
6 0.816406 0.154785 0.0371094 0.0366211 0.944824
14 0.838379 0.299316 0.0146484 0.0576172 0.944824
0 0.744629 0.315674 0.0800781 0.0405273 0.942383
1 0.98291 0.313965 0.0341797 0.0556641 0.941895
18 0.719238 0.467529 0.0429688 0.0541992 0.936523
7 0.727539 0.0888062 0.0566406 0.0552979 0.933105
2 0.746094 0.234375 0.0302734 0.0371094 0.932129
21 0.607422 0.328857 0.0507812 0.059082 0.928711
6 0.439941 0.0906982 0.0400391 0.0390625 0.920898
0 0.768555 0.157471 0.0546875 0.0375977 0.916504
2 0.936523 0.384521 0.0292969 0.0385742 0.914062
0 0.493164 0.234375 0.0585938 0.0605469 0.911133
7 0.807617 0.319824 0.0400391 0.0541992 0.905273
22 0.440918 0.248535 0.0395508 0.0380859 0.90332
7 0.487061 0.0216675 0.0571289 0.043335 0.898926
0 0.863281 0.385254 0.0546875 0.0444336 0.898438
9 0.844727 0.230713 0.0361328 0.0390625 0.89502
21 0.833008 0.474121 0.0507812 0.0673828 0.888672
13 0.616211 0.465332 0.0205078 0.0673828 0.882324
13 0.755859 0.458008 0.0214844 0.0683594 0.876465
22 0.485352 0.165283 0.0361328 0.0415039 0.868652
21 0.975586 0.39502 0.046875 0.0625 0.868164
13 0.515625 0.389893 0.0253906 0.0644531 0.867188
2 0.62793 0.0825195 0.0332031 0.0380859 0.838867
5 0.987305 0.0770264 0.0253906 0.0581055 0.820801
2 0.454102 0.482422 0.0424805 0.0410156 0.816406
2 0.931641 0.0668335 0.0273438 0.0465088 0.729492
4 0.850586 0.151611 0.0273438 0.043457 0.712402
24 0.913574 0.226929 0.0576172 0.0773926 0.710449
22 0.779297 0.00802612 0.0400391 0.0160522 0.686035
14 0.452148 0.313477 0.0146484 0.0595703 0.672363
13 0.797852 0.458252 0.0195312 0.0683594 0.631836
6 0.758301 0.39209 0.0390625 0.0380859 0.622559
2 0.837891 0.00745392 0.0283203 0.0149078 0.594727
13 0.939453 0.136963 0.0205078 0.065918 0.558105
4 0.893066 0.072525 0.0263672 0.0422058 0.546875
13 0.501953 0.310303 0.0400391 0.0644531 0.535156
11 0.582031 0.013298 0.0351562 0.0265961 0.533203
23 0.508911 0.0860596 0.0290527 0.0356445 0.503906
