2 0.100342 0.891602 0.0300293 0.0439453 0.976562
2 0.0836182 0.639648 0.0300293 0.0449219 0.965332
2 0.111328 0.553711 0.03125 0.0449219 0.95459
0 0.161133 0.797363 0.065918 0.0634766 0.953125
6 0.0939941 0.723633 0.0373535 0.0410156 0.950195
0 0.054863 0.893555 0.0610504 0.0429688 0.944824
13 0.0744629 0.790039 0.0272217 0.0800781 0.938965
5 0.0857544 0.384033 0.0435791 0.0522461 0.925293
0 0.157715 0.551758 0.0625 0.0410156 0.924316
5 0.108154 0.806641 0.0395508 0.0429688 0.918945
8 0.137177 0.893555 0.0425415 0.0458984 0.89502
2 0.0182152 0.640137 0.0270462 0.0439453 0.88623
7 0.0252075 0.38623 0.050415 0.046875 0.809082
0 0.16333 0.974609 0.0551758 0.046875 0.777344
4 0.117676 0.97168 0.0324707 0.0527344 0.759277
8 0.0822754 0.979004 0.0388184 0.0410156 0.73584
4 0.0127945 0.726562 0.0253143 0.0449219 0.702637
14 0.113159 0.368896 0.0224609 0.0732422 0.684082
18 0.178955 0.885742 0.0341797 0.0566406 0.611328
22 0.0318069 0.978516 0.0533295 0.0429688 0.611328
4 0.029541 0.466309 0.059082 0.0527344 0.562012
12 0.111084 0.62793 0.0246582 0.0664062 0.562012
6 0.172852 0.717773 0.0390625 0.0527344 0.550781
