7 0.419922 0.713867 0.0429688 0.0585938 0.989258
5 0.296387 0.969727 0.0380859 0.0429688 0.987305
2 0.321777 0.527832 0.0322266 0.046875 0.98584
11 0.170898 0.868164 0.0393066 0.0644531 0.979004
2 0.458984 0.881836 0.0292969 0.0429688 0.977539
5 0.103577 0.616211 0.03479 0.0449219 0.976562
5 0.600586 0.884766 0.0380859 0.0429688 0.974609
18 0.363281 0.871094 0.0429688 0.0566406 0.969727
5 0.0231018 0.524902 0.039856 0.046875 0.96582
22 0.567383 0.710938 0.0380859 0.0410156 0.964844
2 0.215576 0.791504 0.0283203 0.0419922 0.963379
5 0.377441 0.52832 0.0361328 0.046875 0.959473
0 0.616211 0.519043 0.0839844 0.0722656 0.958008
2 0.156738 0.704102 0.0317383 0.0429688 0.956055
10 0.171265 0.514648 0.045166 0.0683594 0.953125
5 0.0481567 0.791016 0.0373535 0.0429688 0.952637
13 0.0525513 0.870117 0.0235596 0.0664062 0.95166
11 0.374268 0.782715 0.0395508 0.0625 0.947266
18 0.0127869 0.78418 0.0253296 0.0566406 0.946289
5 0.462646 0.709961 0.0385742 0.0410156 0.945801
9 0.483887 0.970703 0.0410156 0.0449219 0.941406
9 0.0842285 0.876953 0.0377197 0.046875 0.939941
7 0.575195 0.976562 0.0429688 0.046875 0.937988
2 0.444092 0.619141 0.0336914 0.046875 0.936523
5 0.13205 0.87793 0.0376587 0.0449219 0.936035
2 0.170166 0.96875 0.0297852 0.0429688 0.933105
13 0.30127 0.60498 0.0205078 0.0683594 0.927246
13 0.145508 0.78125 0.0273438 0.0644531 0.923828
22 0.380615 0.970703 0.0385742 0.0449219 0.92041
22 0.333984 0.791504 0.0385742 0.0429688 0.916504
0 0.432373 0.970703 0.0620117 0.0449219 0.916016
13 0.326904 0.87207 0.0234375 0.0644531 0.911133
13 0.11084 0.77832 0.022583 0.0683594 0.907227
18 0.599609 0.783203 0.0410156 0.0576172 0.907227
2 0.249634 0.527344 0.032959 0.0517578 0.89502
18 0.271484 0.609375 0.0429688 0.0585938 0.89502
13 0.632812 0.79248 0.0224609 0.0673828 0.893066
5 0.619141 0.973633 0.0390625 0.0449219 0.891602
22 0.117371 0.523438 0.0413818 0.0498047 0.888184
2 0.365723 0.702637 0.0541992 0.0458984 0.885742
13 0.349609 0.516113 0.0244141 0.0693359 0.879883
23 0.291504 0.791016 0.03125 0.0439453 0.878906
13 0.525391 0.601562 0.0410156 0.0800781 0.866211
7 0.252991 0.802734 0.0438232 0.0605469 0.864258
16 0.224243 0.879883 0.045166 0.0439453 0.85791
4 0.634766 0.879883 0.0292969 0.0527344 0.854004
21 0.0626373 0.623535 0.0429382 0.0615234 0.851074
5 0.567383 0.621094 0.0390625 0.046875 0.848145
13 0.239746 0.958496 0.0185547 0.0644531 0.836426
22 0.020752 0.879883 0.0380249 0.046875 0.825684
18 0.483398 0.614258 0.0410156 0.0527344 0.825684
13 0.326416 0.694336 0.0200195 0.0644531 0.813965
0 0.121338 0.96582 0.0588379 0.046875 0.782715
5 0.215332 0.696289 0.0380859 0.0615234 0.78125
10 0.419922 0.871094 0.0429688 0.0664062 0.775879
9 0.0594482 0.966797 0.0415039 0.0488281 0.751953
9 0.625977 0.705566 0.0527344 0.0537109 0.712402
23 0.0861816 0.790039 0.0358887 0.0449219 0.689453
23 0.183716 0.791016 0.032959 0.0429688 0.679199
18 0.205811 0.958984 0.0395508 0.0605469 0.675781
7 0.469238 0.539062 0.0664062 0.0654297 0.665527
22 0.266174 0.706055 0.0594482 0.0410156 0.638672
4 0.135986 0.611328 0.0283203 0.0546875 0.620605
6 0.231445 0.615723 0.0361328 0.0439453 0.616699
6 0.416992 0.786621 0.0419922 0.0595703 0.586914
7 0.535156 0.97168 0.0371094 0.0449219 0.523438
4 0.263672 0.96582 0.0273438 0.0507812 0.501953
