1 0.83252 0.281494 0.0917969 0.139648 0.991211
2 0.11554 0.859375 0.0689697 0.0898438 0.986328
14 0.802734 0.055481 0.0498047 0.110474 0.983398
7 0.577637 0.873047 0.107422 0.140625 0.983398
2 0.865234 0.849609 0.0742188 0.0957031 0.98291
2 0.105103 0.0657349 0.0749512 0.0963135 0.981445
22 0.488281 0.457031 0.0878906 0.0917969 0.980957
8 0.197144 0.856934 0.0915527 0.0927734 0.979492
21 0.0343628 0.490723 0.0687256 0.138672 0.979004
13 0.0876465 0.441406 0.0390625 0.139648 0.978516
8 0.951172 0.853516 0.0957031 0.0966797 0.976074
13 0.0722656 0.247314 0.0424805 0.14209 0.974609
6 0.925781 0.0654144 0.0976562 0.0881653 0.971191
5 0.678711 0.851562 0.0859375 0.09375 0.964355
13 0.784668 0.43457 0.0449219 0.144531 0.960449
6 0.895996 0.655273 0.0908203 0.0917969 0.959473
2 0.731445 0.26178 0.0722656 0.0946045 0.958008
2 0.468262 0.0650482 0.0722656 0.0945129 0.953125
13 0.851562 0.0542297 0.0429688 0.108459 0.949219
23 0.397949 0.0653687 0.0698242 0.09021 0.946777
6 0.461914 0.980469 0.12207 0.0390625 0.942383
2 0.208984 0.97998 0.118164 0.0400391 0.94043
6 0.944336 0.26178 0.111328 0.0936279 0.935059
14 0.94043 0.979492 0.0507812 0.0410156 0.921875
7 0.884766 0.479004 0.154297 0.137695 0.915039
8 0.498535 0.632812 0.0966797 0.140625 0.910645
4 0.771973 0.84668 0.0957031 0.105469 0.872559
23 0.65918 0.261475 0.0703125 0.090332 0.859863
0 0.982422 0.655762 0.0351562 0.0957031 0.819824
6 0.609375 0.45459 0.142578 0.0957031 0.81543
4 0.291992 0.852539 0.0927734 0.0996094 0.764648
8 0.280762 0.44043 0.0957031 0.139648 0.757812
7 0.430908 0.876953 0.131836 0.131836 0.751953
12 0.610352 0.0679932 0.0917969 0.135498 0.677246
13 0.297363 0.198242 0.0283203 0.0449219 0.665527
18 0.0366821 0.833984 0.0733643 0.142578 0.642578
