9 0.0695801 0.342285 0.0354004 0.0400391 0.983887
24 0.0957642 0.501953 0.0406494 0.0507812 0.981934
2 0.0645752 0.571289 0.029541 0.0371094 0.963867
10 0.140869 0.171875 0.0385742 0.059082 0.963379
0 0.116699 0.0254517 0.0793457 0.0440674 0.962891
7 0.103394 0.969727 0.0375977 0.0546875 0.961426
0 0.0683441 0.648926 0.0791321 0.0400391 0.956543
5 0.0133438 0.88623 0.026535 0.0390625 0.952148
2 0.180176 0.179443 0.0322266 0.0385742 0.95166
9 0.216064 0.0240936 0.0371094 0.0396423 0.939453
18 0.117981 0.791992 0.0445557 0.0585938 0.938965
13 0.200684 0.868164 0.0175781 0.0673828 0.938965
5 0.0204468 0.420166 0.0370483 0.0390625 0.938477
22 0.0744629 0.262451 0.0340576 0.0390625 0.932129
0 0.158447 0.492676 0.078125 0.0400391 0.929199
18 0.0983887 0.0925293 0.045166 0.0610352 0.913574
22 0.204346 0.100708 0.0366211 0.0410156 0.90918
2 0.223877 0.958008 0.0527344 0.0429688 0.905273
24 0.055542 0.0351639 0.0412598 0.0530853 0.901855
8 0.0737305 0.805664 0.0360107 0.0380859 0.892578
0 0.228271 0.722656 0.0561523 0.046875 0.878906
2 0.0364685 0.341797 0.0293579 0.0371094 0.878418
9 0.227783 0.878906 0.0375977 0.0390625 0.868652
8 0.189453 0.802734 0.0383301 0.0410156 0.866211
6 0.113403 0.261963 0.0395508 0.0400391 0.86084
22 0.226196 0.646973 0.0397949 0.0429688 0.850098
2 0.226562 0.254395 0.0585938 0.0483398 0.849121
9 0.0925293 0.883301 0.0351562 0.0380859 0.832031
13 0.233643 0.169189 0.0217285 0.0634766 0.822266
13 0.152588 0.78418 0.0244141 0.0800781 0.816406
18 0.119385 0.334473 0.041748 0.0493164 0.754883
7 0.143433 0.576172 0.0410156 0.0537109 0.743164
9 0.125732 0.725586 0.0378418 0.0400391 0.702637
7 0.0130157 0.638184 0.0255127 0.0625 0.611328
21 0.00971985 0.350342 0.0193787 0.0532227 0.600098
16 0.172729 0.719727 0.0507812 0.0449219 0.598145
2 0.053833 0.96582 0.0588379 0.0390625 0.584961
13 0.166504 0.949219 0.0334473 0.0625 0.560059
13 0.0220947 0.15564 0.0151978 0.0234375 0.554688
12 0.0123291 0.716797 0.024353 0.0654297 0.542969
