27 0.0758667 0.594727 0.0256348 0.0644531 0.973633
2 0.263428 0.583008 0.0302734 0.0449219 0.972168
2 0.552734 0.749023 0.03125 0.0410156 0.97168
7 0.319092 0.921875 0.0385742 0.0605469 0.970703
7 0.245361 0.425049 0.0541992 0.0629883 0.96875
2 0.518555 0.913086 0.0273438 0.0410156 0.965332
0 0.37793 0.831055 0.0600586 0.0410156 0.964844
4 0.282227 0.744141 0.0322266 0.0527344 0.962402
2 0.245605 0.49585 0.0317383 0.0454102 0.961426
11 0.126831 0.90332 0.0373535 0.0625 0.961426
0 0.032959 0.911133 0.0657959 0.0449219 0.960938
0 0.343506 0.246338 0.0571289 0.0439453 0.959961
18 0.100647 0.072937 0.0391846 0.053833 0.958984
2 0.0715942 0.830078 0.0281982 0.0390625 0.953125
0 0.549805 0.826172 0.0585938 0.0507812 0.948242
21 0.232422 0.0184021 0.0375977 0.0368042 0.947266
2 0.0911865 0.749023 0.0300293 0.0429688 0.945312
4 0.606445 0.575195 0.0351562 0.0527344 0.944336
0 0.0263824 0.833008 0.0526428 0.0410156 0.944336
0 0.041748 0.75293 0.0605469 0.0449219 0.942383
4 0.433594 0.0744781 0.0332031 0.0536804 0.941895
2 0.43457 0.748535 0.0234375 0.0390625 0.940918
6 0.147217 0.832031 0.034668 0.0400391 0.939941
5 0.600586 0.830078 0.0410156 0.0439453 0.935059
4 0.601562 0.905273 0.0351562 0.0507812 0.935059
8 0.469727 0.749023 0.0410156 0.0449219 0.934082
5 0.536133 0.0781403 0.0371094 0.0444031 0.930664
6 0.276855 0.32959 0.0390625 0.0380859 0.928711
22 0.5625 0.412109 0.0351562 0.0400391 0.918945
5 0.390137 0.328125 0.0292969 0.0390625 0.917969
4 0.277344 0.661621 0.0322266 0.0527344 0.917969
0 0.220093 0.659668 0.0852051 0.0615234 0.914062
0 0.172607 0.975586 0.0839844 0.0488281 0.913574
18 0.564941 0.239014 0.0400391 0.0556641 0.913086
5 0.325928 0.831055 0.0390625 0.0410156 0.912598
5 0.0645599 0.985352 0.039093 0.0292969 0.908203
0 0.42041 0.406738 0.0615234 0.0576172 0.907227
20 0.211426 0.332031 0.0776367 0.0849609 0.905762
13 0.00930786 0.488281 0.0186157 0.0634766 0.897461
0 0.44458 0.910156 0.0791016 0.0390625 0.896973
13 0.294434 0.819824 0.0214844 0.0634766 0.89502
0 0.402832 0.986328 0.0615234 0.0273438 0.892578
5 0.147705 0.414795 0.0351562 0.0419922 0.888672
5 0.603027 0.975098 0.0400391 0.0498047 0.880859
8 0.5625 0.987305 0.0332031 0.0253906 0.874023
21 0.399902 0.761719 0.0385742 0.0585938 0.873047
13 0.170166 0.903809 0.0209961 0.0644531 0.870605
6 0.603027 0.328613 0.0410156 0.0449219 0.868164
10 0.0373535 0.48877 0.031189 0.0654297 0.867188
8 0.242676 0.0805054 0.0395508 0.0441895 0.859863
2 0.412109 0.498047 0.0273438 0.0400391 0.859863
14 0.2146 0.573242 0.0170898 0.0625 0.85791
0 0.0212708 0.987305 0.0425415 0.0253906 0.85791
13 0.236328 0.571777 0.0229492 0.0644531 0.855957
13 0.088623 0.318115 0.0185547 0.065918 0.852051
9 0.1875 0.831055 0.0368652 0.0410156 0.845703
18 0.350342 0.574219 0.0566406 0.0566406 0.84082
13 0.514648 0.150269 0.0234375 0.0705566 0.833496
10 0.0236511 0.318604 0.0450439 0.0664062 0.829102
5 0.52002 0.580078 0.0517578 0.0429688 0.82666
24 0.391602 0.170288 0.0371094 0.064209 0.825684
4 0.516602 0.322754 0.0439453 0.0576172 0.825684
18 0.449707 0.826172 0.0527344 0.0527344 0.824219
2 0.529297 0.986816 0.0292969 0.0244141 0.796875
6 0.462402 0.581543 0.0595703 0.0488281 0.794434
18 0.0204926 0.412354 0.0406799 0.0483398 0.792969
4 0.286621 0.0744019 0.046875 0.0507812 0.786621
10 0.138641 0.48584 0.0274048 0.0673828 0.786621
13 0.119507 0.40332 0.0183105 0.0634766 0.785156
22 0.0880127 0.911133 0.0339355 0.0429688 0.779785
13 0.472656 0.900391 0.0205078 0.0605469 0.777344
8 0.397705 0.076355 0.0424805 0.0511475 0.771973
13 0.469727 0.975586 0.0268555 0.0488281 0.771973
14 0.424072 0.234741 0.0195312 0.0651855 0.769043
18 0.201416 0.90625 0.0383301 0.0488281 0.760742
2 0.239624 0.987793 0.0266113 0.0244141 0.757812
4 0.116943 0.325195 0.0322266 0.0527344 0.754883
21 0.315186 0.342285 0.0366211 0.0556641 0.747559
4 0.48877 0.490967 0.0507812 0.0532227 0.743164
18 0.135223 0.744629 0.0523071 0.0537109 0.737305
6 0.606445 0.242188 0.0390625 0.0493164 0.73584
6 0.522949 0.411133 0.0380859 0.0498047 0.730957
22 0.383789 0.910645 0.0332031 0.0419922 0.708984
10 0.121704 0.572266 0.0356445 0.0683594 0.702637
5 0.479004 0.0769653 0.0537109 0.0517578 0.6875
0 0.603516 0.00817871 0.0546875 0.0163574 0.658203
4 0.444336 0.497803 0.0322266 0.0395508 0.654785
24 0.178467 0.59375 0.0532227 0.0634766 0.644043
22 0.36084 0.748535 0.0327148 0.0380859 0.635254
23 0.242554 0.160889 0.0358887 0.0424805 0.616699
7 0.26178 0.920898 0.0506592 0.0644531 0.605957
1 0.0433044 0.592773 0.03479 0.0585938 0.602051
0 0.19165 0.751953 0.0556641 0.0419922 0.57959
18 0.0366211 0.159668 0.0487061 0.0495605 0.575684
2 0.441162 0.157227 0.0625 0.0463867 0.567871
6 0.393066 0.245117 0.0380859 0.046875 0.565918
13 0.005867 0.225464 0.0116882 0.0861816 0.560059
21 0.230347 0.257751 0.0578613 0.0675049 0.527344
10 0.37915 0.484375 0.0424805 0.0634766 0.525391
4 0.275635 0.241211 0.0292969 0.0527344 0.521484
4 0.0844116 0.245483 0.0356445 0.041748 0.521484
0 0.0121994 0.583496 0.0241547 0.0419922 0.519531
2 0.197021 0.00830841 0.0307617 0.0166168 0.513672
23 0.498047 0.987305 0.0292969 0.0253906 0.505859
