21 0.770508 0.349854 0.101562 0.135254 0.995605
18 0.838379 0.709961 0.0976562 0.126953 0.991211
0 0.216553 0.297791 0.156738 0.139771 0.988281
18 0.866211 0.506836 0.0957031 0.128906 0.98584
2 0.117798 0.90918 0.0759277 0.0996094 0.983398
22 0.0671997 0.11145 0.0889893 0.0895996 0.980469
23 0.431396 0.518066 0.074707 0.0927734 0.979004
23 0.533691 0.71582 0.0742188 0.0917969 0.973633
19 0.602539 0.12207 0.0585938 0.0905762 0.971191
22 0.967773 0.732422 0.0644531 0.0898438 0.970215
8 0.203491 0.913086 0.0939941 0.0976562 0.969727
13 0.947266 0.511719 0.0478516 0.140625 0.964355
8 0.762695 0.526245 0.0957031 0.0939941 0.963867
13 0.437988 0.89209 0.0478516 0.143555 0.963867
6 0.110535 0.705078 0.139771 0.0917969 0.962402
0 0.896484 0.328613 0.140625 0.0947266 0.962402
4 0.456299 0.709473 0.0786133 0.112305 0.956055
7 0.435791 0.141357 0.150879 0.134766 0.935059
5 0.672852 0.123596 0.0859375 0.0938721 0.927246
8 0.0909576 0.288574 0.0949402 0.143555 0.922852
0 0.0359497 0.913086 0.0718994 0.0878906 0.911621
13 0.0187988 0.685059 0.0375977 0.151367 0.908691
18 0.646484 0.511719 0.134766 0.123047 0.900391
4 0.985352 0.316895 0.0292969 0.120117 0.894043
0 0.187134 0.105774 0.147705 0.113159 0.869629
27 0.224365 0.694336 0.0810547 0.12207 0.800781
22 0.0176697 0.312012 0.0352783 0.0888672 0.762207
4 0.303223 0.906738 0.0991211 0.111328 0.59082
8 0.518555 0.494629 0.103516 0.143555 0.556641
