1 0.238159 0.0834961 0.0808105 0.14209 0.99707
2 0.159546 0.0604248 0.0732422 0.0930176 0.98291
6 0.311035 0.850586 0.0839844 0.0898438 0.981445
4 0.387939 0.841309 0.065918 0.116211 0.980957
9 0.0613403 0.848633 0.0858154 0.100586 0.979492
2 0.0240479 0.652344 0.0480957 0.0957031 0.974609
22 0.370117 0.652344 0.0732422 0.0917969 0.972168
5 0.224854 0.850586 0.0820312 0.0947266 0.97168
14 0.308594 0.628906 0.043457 0.143555 0.968262
6 0.346436 0.0640869 0.130859 0.0996094 0.961426
5 0.242798 0.649902 0.0847168 0.102539 0.958008
22 0.0362549 0.0604248 0.0725098 0.0932617 0.948242
14 0.0960693 0.0535278 0.0371094 0.106934 0.927734
23 0.0613708 0.258057 0.0974731 0.0981445 0.896484
