0 0.830078 0.263916 0.138672 0.0927734 0.989258
1 0.750977 0.0820923 0.0957031 0.13562 0.987793
38 0.297119 0.835938 0.133789 0.166016 0.985352
8 0.837891 0.861816 0.0976562 0.0917969 0.98291
4 0.501953 0.447754 0.0761719 0.109375 0.980957
19 0.976562 0.458984 0.046875 0.0869141 0.980469
2 0.75 0.863281 0.0732422 0.0947266 0.979004
2 0.549805 0.0600586 0.0722656 0.0917969 0.976074
6 0.949219 0.25708 0.0947266 0.0878906 0.975586
18 0.620117 0.84375 0.09375 0.125 0.975098
2 0.956055 0.0602722 0.0859375 0.0928345 0.972168
6 0.415527 0.862305 0.09375 0.0878906 0.967773
6 0.857422 0.0610962 0.09375 0.0899658 0.964355
14 0.983398 0.636719 0.0332031 0.134766 0.959961
13 0.912109 0.839844 0.046875 0.137695 0.957031
22 0.515137 0.865234 0.0908203 0.0898438 0.941895
7 0.87793 0.682129 0.160156 0.133789 0.916016
7 0.489746 0.283936 0.155273 0.129395 0.872559
16 0.976562 0.865234 0.046875 0.0869141 0.845703
1 0.598145 0.679688 0.137695 0.138672 0.720215
13 0.423828 0.661133 0.015625 0.0800781 0.642578
24 0.826172 0.484375 0.121094 0.141602 0.584961
6 0.44165 0.460938 0.0366211 0.0820312 0.560059
