1 0.410156 0.144318 0.0449219 0.0604858 0.989746
23 0.694824 0.57373 0.0332031 0.0410156 0.989746
5 0.287354 0.13501 0.0395508 0.0437012 0.980469
7 0.118652 0.587402 0.072998 0.0625 0.976562
2 0.521484 0.401123 0.0332031 0.043457 0.97168
1 0.430664 0.235474 0.0429688 0.0622559 0.969727
4 0.717773 0.308594 0.0332031 0.0488281 0.969238
13 0.788086 0.391602 0.0195312 0.0625 0.969238
2 0.956543 0.133667 0.0322266 0.0439453 0.968262
5 0.631348 0.488281 0.0371094 0.046875 0.967285
5 0.579102 0.0418091 0.0371094 0.0450439 0.965332
12 0.272461 0.484375 0.0517578 0.0810547 0.965332
5 0.324707 0.0474243 0.0410156 0.043457 0.964355
11 0.254883 0.390137 0.0410156 0.0644531 0.964355
10 0.128418 0.0365295 0.0402832 0.0635376 0.963867
5 0.0433273 0.132538 0.0370026 0.0440063 0.963867
7 0.775391 0.233643 0.0429688 0.0615234 0.963379
13 0.969727 0.472168 0.0214844 0.0654297 0.960449
0 0.839844 0.485107 0.0566406 0.0424805 0.958008
5 0.86084 0.571777 0.0390625 0.0439453 0.958008
5 0.484131 0.13501 0.0405273 0.0446777 0.95752
2 0.728516 0.224487 0.0351562 0.048584 0.957031
5 0.782227 0.137329 0.0410156 0.0407715 0.956543
18 0.0581665 0.389648 0.0428467 0.0585938 0.954102
2 0.801758 0.573242 0.03125 0.0410156 0.953125
2 0.475342 0.314453 0.0332031 0.0488281 0.95166
7 0.0116577 0.140137 0.0233154 0.057373 0.950684
2 0.681641 0.13623 0.0585938 0.0476074 0.944824
8 0.876465 0.399902 0.0400391 0.0439453 0.944824
6 0.82373 0.134888 0.0400391 0.0441895 0.944336
23 0.94873 0.310059 0.0341797 0.0419922 0.941895
2 0.101562 0.399902 0.0366211 0.0522461 0.941895
22 0.434326 0.400879 0.0390625 0.0439453 0.941406
22 0.489746 0.578613 0.0400391 0.0449219 0.941406
18 0.919922 0.391113 0.0410156 0.0566406 0.939941
18 0.865234 0.123901 0.0390625 0.0588379 0.938965
9 0.13562 0.309814 0.041748 0.0478516 0.935547
2 0.728027 0.567383 0.0292969 0.0400391 0.93457
5 0.918945 0.22583 0.0410156 0.0478516 0.934082
18 0.817383 0.307129 0.0429688 0.0556641 0.928711
13 0.632812 0.0339966 0.0234375 0.0679932 0.927734
6 0.764648 0.571777 0.0390625 0.0439453 0.921875
6 0.365723 0.0481491 0.0410156 0.0437164 0.921387
20 0.16272 0.129883 0.0666504 0.081543 0.920898
6 0.298828 0.399902 0.0429688 0.0449219 0.92041
23 0.692383 0.226562 0.0332031 0.0444336 0.918945
18 0.402832 0.481934 0.0541992 0.0615234 0.915039
14 0.830078 0.561523 0.0214844 0.0625 0.915039
4 0.401855 0.0407791 0.0292969 0.0510101 0.912598
18 0.756836 0.393555 0.0410156 0.0566406 0.909668
18 0.280029 0.571289 0.0424805 0.0634766 0.90918
13 0.193237 0.476562 0.0212402 0.0673828 0.908691
5 0.763672 0.313477 0.0410156 0.0439453 0.907227
6 0.255859 0.312012 0.0400391 0.0429688 0.907227
13 0.897461 0.123901 0.0234375 0.0656738 0.904785
4 0.364746 0.129639 0.0288086 0.0515137 0.899902
5 0.187378 0.220703 0.0422363 0.0458984 0.898926
13 0.38916 0.566895 0.0244141 0.0673828 0.898926
18 0.93457 0.475586 0.0458984 0.0615234 0.896484
22 0.853516 0.224121 0.0400391 0.0439453 0.890137
18 0.368652 0.304688 0.0400391 0.0566406 0.883301
14 0.610352 0.0327148 0.0234375 0.0654297 0.881836
2 0.317871 0.312988 0.0371094 0.0449219 0.877441
6 0.204102 0.397949 0.0615234 0.046875 0.876465
8 0.230469 0.220093 0.0429688 0.0449219 0.875977
22 0.32251 0.225342 0.034668 0.0454102 0.875
5 0.663086 0.0487976 0.0390625 0.0440063 0.874023
8 0.939941 0.0439758 0.0429688 0.0452271 0.871582
13 0.429688 0.47876 0.019043 0.0668945 0.867188
6 0.218994 0.133667 0.0429688 0.0439453 0.863281
2 0.829102 0.400391 0.0546875 0.0449219 0.858887
22 0.890625 0.48584 0.0400391 0.0419922 0.85791
14 0.0753174 0.29834 0.0241699 0.0654297 0.855957
5 0.435547 0.568848 0.0688477 0.0654297 0.847168
9 0.825684 0.0386429 0.0380859 0.0499115 0.845703
1 0.719727 0.0474854 0.0429688 0.0656738 0.845703
5 0.569336 0.313721 0.0429688 0.0439453 0.837402
6 0.992676 0.397949 0.0146484 0.0419922 0.836426
5 0.987305 0.561523 0.0253906 0.0625 0.833496
6 0.962891 0.397949 0.0371094 0.0439453 0.829102
22 0.953613 0.572266 0.0390625 0.0429688 0.827637
13 0.0515442 0.566406 0.0228882 0.0712891 0.820801
23 0.81543 0.225586 0.0351562 0.043457 0.818848
8 0.328125 0.133545 0.0410156 0.0454102 0.78418
13 0.314453 0.565918 0.0224609 0.0869141 0.78125
13 0.105347 0.292053 0.0263672 0.0858154 0.759277
2 0.915039 0.310059 0.0322266 0.0419922 0.759277
14 0.577148 0.479004 0.0214844 0.0673828 0.746094
24 0.164062 0.0520325 0.0327148 0.0526733 0.744629
14 0.0720367 0.121704 0.0221863 0.0612793 0.741699
5 0.995605 0.0435791 0.00878906 0.0458984 0.712402
4 0.593262 0.570312 0.0292969 0.0576172 0.712402
5 0.0303802 0.306396 0.0607605 0.0463867 0.662109
18 0.00685883 0.397461 0.0137177 0.0527344 0.658203
23 0.119446 0.48877 0.0343018 0.0449219 0.642578
10 0.466309 0.0363159 0.0595703 0.0644531 0.604004
4 0.253906 0.128662 0.0263672 0.0554199 0.59082
6 0.774414 0.0419617 0.0576172 0.0448608 0.586914
19 0.709961 0.400391 0.0332031 0.0439453 0.584961
10 0.161133 0.210938 0.0395508 0.0688477 0.583008
18 0.0839233 0.0341797 0.0469971 0.0635986 0.577637
10 0.189453 0.569336 0.0654297 0.0693359 0.575684
5 0.202881 0.309814 0.0649414 0.0493164 0.554688
24 0.662598 0.390625 0.0507812 0.0649414 0.552734
10 0.984375 0.297607 0.03125 0.0649414 0.542969
14 0.514648 0.124268 0.0195312 0.0678711 0.541016
10 0.541016 0.304199 0.0351562 0.0664062 0.541016
6 0.016861 0.220093 0.0336609 0.0476074 0.527344
10 0.96875 0.213623 0.0605469 0.0668945 0.523438
21 0.159546 0.498291 0.0441895 0.0610352 0.515625
13 0.105286 0.121826 0.0467529 0.0620117 0.511719
10 0.293945 0.302734 0.0332031 0.0683594 0.511719
23 0.923828 0.135284 0.03125 0.0424194 0.503906
