7 0.680664 0.929199 0.0859375 0.125977 0.991699
13 0.818359 0.875977 0.0429688 0.144531 0.98877
4 0.974609 0.688477 0.0507812 0.119141 0.985352
1 0.376953 0.928711 0.090332 0.132812 0.985352
2 0.972168 0.898438 0.0556641 0.0976562 0.981445
4 0.753906 0.504883 0.0703125 0.113281 0.97998
6 0.473389 0.90332 0.0952148 0.0898438 0.978027
6 0.824219 0.307861 0.0976562 0.0952148 0.975586
22 0.75 0.107849 0.0839844 0.0931396 0.974609
5 0.924805 0.308594 0.0878906 0.0917969 0.973633
22 0.572266 0.90332 0.0878906 0.0898438 0.973633
13 0.765625 0.684082 0.0439453 0.141602 0.972656
8 0.891602 0.50769 0.0966797 0.0939941 0.970703
6 0.505371 0.708984 0.09375 0.0869141 0.970703
6 0.889648 0.899414 0.0917969 0.0927734 0.970703
6 0.838867 0.705566 0.0917969 0.0898438 0.969727
13 0.924805 0.681641 0.0429688 0.140625 0.966797
5 0.670898 0.508301 0.0898438 0.0947266 0.963867
23 0.671875 0.105942 0.0664062 0.089386 0.961914
5 0.602539 0.708008 0.0908203 0.0888672 0.946289
27 0.763184 0.901367 0.0615234 0.09375 0.941406
14 0.98584 0.280823 0.0283203 0.140503 0.925293
27 0.450928 0.511841 0.0527344 0.0895996 0.770508
27 0.985352 0.0880127 0.0292969 0.134033 0.757812
5 0.973633 0.478516 0.0527344 0.141602 0.692871
2 0.816406 0.508301 0.0390625 0.0439453 0.594727
