11 0.662109 0.958008 0.0410156 0.0644531 0.98291
5 0.853516 0.615723 0.0351562 0.0449219 0.980469
18 0.755371 0.781738 0.0410156 0.0566406 0.978027
5 0.773438 0.524414 0.0390625 0.046875 0.977539
11 0.920898 0.868164 0.0390625 0.0644531 0.977539
11 0.404541 0.68457 0.0400391 0.0605469 0.973633
0 0.857422 0.702637 0.0615234 0.0429688 0.972168
2 0.122314 0.864746 0.052002 0.0449219 0.972168
7 0.601562 0.79834 0.0410156 0.0595703 0.966797
18 0.601562 0.868164 0.0390625 0.0566406 0.966309
23 0.714844 0.701172 0.0332031 0.0429688 0.961914
5 0.797852 0.791016 0.0371094 0.0429688 0.960449
11 0.75293 0.69043 0.0390625 0.0585938 0.958008
10 0.0561523 0.586426 0.0372314 0.0693359 0.95752
22 0.399658 0.967285 0.0390625 0.0439453 0.955566
2 0.30957 0.606445 0.0322266 0.0488281 0.955078
5 0.623047 0.96875 0.0371094 0.0429688 0.955078
10 0.920898 0.514648 0.0449219 0.0683594 0.95459
0 0.126587 0.779785 0.0615234 0.0449219 0.95459
13 0.802734 0.870117 0.0234375 0.0664062 0.95459
2 0.96582 0.791504 0.0292969 0.0419922 0.954102
9 0.598145 0.519409 0.0419922 0.0471191 0.952637
18 0.289062 0.501953 0.0488281 0.0673828 0.951172
13 0.672852 0.775391 0.0195312 0.0722656 0.950195
6 0.195923 0.602051 0.0397949 0.0439453 0.949707
13 0.163208 0.853516 0.0205078 0.0703125 0.949707
18 0.282227 0.686035 0.0400391 0.0595703 0.949219
13 0.579102 0.6875 0.03125 0.0615234 0.94873
11 0.641602 0.778809 0.0390625 0.0615234 0.946289
5 0.693359 0.876953 0.0371094 0.0449219 0.944824
5 0.491943 0.96875 0.0375977 0.0439453 0.942871
0 0.516602 0.875488 0.0615234 0.0478516 0.940918
9 0.833984 0.876953 0.0371094 0.046875 0.939941
5 0.994141 0.705078 0.0117188 0.0419922 0.937988
5 0.881836 0.87793 0.0371094 0.0449219 0.937012
13 0.990234 0.957031 0.0195312 0.0683594 0.937012
6 0.532715 0.967773 0.0390625 0.0449219 0.935059
9 0.378418 0.871094 0.0415039 0.0429688 0.933594
2 0.564941 0.874023 0.0302734 0.0419922 0.931641
2 0.90625 0.70459 0.03125 0.0429688 0.931152
22 0.315918 0.87207 0.0371094 0.0410156 0.931152
2 0.919922 0.96875 0.0292969 0.0429688 0.931152
5 0.574707 0.96875 0.0400391 0.0449219 0.925781
13 0.895508 0.78125 0.0273438 0.0644531 0.924805
7 0.379395 0.615234 0.0449219 0.0585938 0.916016
13 0.632812 0.862305 0.0195312 0.0722656 0.913574
1 0.153564 0.609375 0.0397949 0.0644531 0.909668
13 0.083252 0.765625 0.0231934 0.0644531 0.907227
13 0.860352 0.778809 0.0224609 0.0664062 0.90332
24 0.496094 0.586914 0.0341797 0.0410156 0.898926
5 0.365723 0.695312 0.0361328 0.0410156 0.891113
22 0.175659 0.77832 0.0371094 0.0400391 0.885742
6 0.707031 0.966797 0.0410156 0.0429688 0.885742
21 0.8125 0.623535 0.0429688 0.0615234 0.882324
22 0.867188 0.523438 0.0410156 0.0498047 0.876465
24 0.554199 0.598633 0.0664062 0.0644531 0.875
10 0.396484 0.504883 0.0419922 0.0683594 0.872559
2 0.250732 0.509766 0.0322266 0.0439453 0.867188
4 0.658691 0.871094 0.0292969 0.0537109 0.86084
22 0.676758 0.698242 0.0390625 0.046875 0.85791
13 0.347168 0.861328 0.0234375 0.0625 0.854004
10 0.277344 0.858398 0.0429688 0.0644531 0.851074
2 0.426758 0.874023 0.0341797 0.0527344 0.849121
22 0.348633 0.964844 0.0415039 0.046875 0.825684
4 0.510254 0.514526 0.0283203 0.0568848 0.81543
22 0.122437 0.506836 0.0383301 0.0488281 0.808105
16 0.974609 0.879883 0.0449219 0.0429688 0.806641
9 0.0342941 0.685547 0.0378571 0.0488281 0.792969
2 0.103027 0.598633 0.0588379 0.0449219 0.789062
0 0.871582 0.966309 0.0585938 0.046875 0.785156
18 0.228271 0.772461 0.0595703 0.0566406 0.770508
13 0.325439 0.680664 0.0415039 0.0722656 0.769043
23 0.836914 0.790039 0.0371094 0.0449219 0.767578
2 0.431152 0.518677 0.0292969 0.0466309 0.766113
22 0.771484 0.879883 0.0351562 0.0449219 0.763672
6 0.981445 0.615234 0.0351562 0.0449219 0.751953
23 0.933594 0.791016 0.0332031 0.0429688 0.730957
1 0.554688 0.517578 0.0410156 0.0791016 0.726562
5 0.964844 0.696289 0.0371094 0.0625 0.726562
24 0.120667 0.688965 0.0430908 0.0517578 0.720215
2 0.991211 0.525269 0.0175781 0.060791 0.713867
4 0.885742 0.611328 0.0292969 0.0546875 0.702637
10 0.753906 0.957031 0.046875 0.0605469 0.702637
9 0.80957 0.966797 0.0410156 0.0488281 0.700684
6 0.233887 0.868164 0.0366211 0.0410156 0.695801
5 0.705566 0.780762 0.0419922 0.0625 0.690918
4 0.0428467 0.763672 0.0331421 0.0644531 0.689453
13 0.0842896 0.854004 0.0216064 0.0634766 0.673828
16 0.618164 0.609375 0.046875 0.046875 0.668945
5 0.243774 0.964844 0.0632324 0.0429688 0.631836
5 0.291016 0.78125 0.0615234 0.0449219 0.629883
1 0.480469 0.70459 0.0634766 0.0605469 0.62793
18 0.956055 0.958984 0.0410156 0.0605469 0.625977
24 0.459717 0.873047 0.0356445 0.0478516 0.615234
4 0.0145111 0.577637 0.0290222 0.0800781 0.588867
1 0.349609 0.516724 0.0449219 0.0876465 0.581543
10 0.134033 0.949707 0.0395508 0.0644531 0.575684
14 0.190186 0.856445 0.0290527 0.0664062 0.571777
