1 0.800293 0.645996 0.0859375 0.140625 0.996094
18 0.757812 0.207397 0.103516 0.142334 0.993164
16 0.822266 0.425781 0.0957031 0.0869141 0.991699
7 0.63916 0.838867 0.0996094 0.136719 0.986328
16 0.928711 0.230225 0.0996094 0.0917969 0.984375
0 0.782227 0.0404663 0.138672 0.0809326 0.983887
2 0.32959 0.978516 0.0742188 0.0429688 0.982422
4 0.335938 0.79834 0.0703125 0.12207 0.980957
13 0.835938 0.203613 0.046875 0.143555 0.976074
2 0.40332 0.80957 0.0654297 0.0898438 0.976074
6 0.891602 0.822266 0.09375 0.0917969 0.975586
5 0.972656 0.825684 0.0546875 0.0957031 0.974609
0 0.385742 0.611816 0.176758 0.0986328 0.973145
5 0.964844 0.427246 0.0703125 0.0888672 0.97168
13 0.901367 0.401855 0.0478516 0.139648 0.966309
6 0.895996 0.627441 0.0898438 0.0888672 0.963379
22 0.476074 0.0337524 0.0849609 0.0675049 0.960449
2 0.369141 0.411133 0.119141 0.0947266 0.94873
18 0.522583 0.804688 0.130615 0.126953 0.94873
5 0.974121 0.603027 0.0517578 0.137695 0.941895
6 0.691895 0.98584 0.136719 0.0283203 0.936035
2 0.546875 0.220459 0.115234 0.0913086 0.915039
4 0.506836 0.604492 0.0654297 0.111328 0.913574
1 0.573242 0.984375 0.0800781 0.03125 0.911133
13 0.906738 0.963379 0.0517578 0.0732422 0.898438
6 0.677734 0.42334 0.138672 0.0908203 0.858887
8 0.912109 0.040741 0.0859375 0.0814819 0.849121
18 0.82959 0.973145 0.0869141 0.0537109 0.771973
4 0.585938 0.611328 0.0957031 0.103516 0.732422
13 0.625 0.594727 0.0253906 0.136719 0.598145
5 0.763672 0.821289 0.142578 0.0898438 0.569824
22 0.995117 0.235229 0.00976562 0.0847168 0.507812
2 0.969238 0.990234 0.0615234 0.0195312 0.507812
22 0.984375 0.038147 0.03125 0.0762939 0.505859
