1 0.539551 0.832031 0.0898438 0.138672 0.996582
19 0.966797 0.221191 0.0654297 0.090332 0.992188
0 0.802246 0.418213 0.138672 0.0927734 0.989746
18 0.158325 0.380371 0.117432 0.141602 0.987793
8 0.243652 0.80127 0.0966797 0.09375 0.98584
18 0.358398 0.188599 0.113281 0.139893 0.985352
4 0.344727 0.969727 0.0717773 0.0605469 0.985352
18 0.345703 0.790527 0.0932617 0.126953 0.984863
2 0.699219 0.609863 0.0742188 0.0917969 0.981934
6 0.643555 0.808594 0.0957031 0.0917969 0.978516
14 0.877441 0.788086 0.0458984 0.139648 0.978516
2 0.156372 0.800293 0.0715332 0.0908203 0.976074
8 0.922363 0.034729 0.0927734 0.069458 0.975586
6 0.924316 0.416992 0.0986328 0.0908203 0.974609
8 0.789062 0.611816 0.0976562 0.0927734 0.974609
13 0.419189 0.783203 0.0405273 0.142578 0.973633
6 0.227173 0.608398 0.144287 0.09375 0.971191
5 0.974609 0.613281 0.0507812 0.0898438 0.970703
14 0.928711 0.789062 0.046875 0.138672 0.965332
13 0.90625 0.198242 0.046875 0.144531 0.963379
14 0.987793 0.400391 0.0244141 0.138672 0.960449
6 0.259033 0.979492 0.101074 0.0410156 0.95752
13 0.832031 0.785156 0.0429688 0.140625 0.956055
14 0.0909424 0.783203 0.0480957 0.140625 0.946777
23 0.026947 0.975586 0.053894 0.0488281 0.946777
1 0.988281 0.0628662 0.0234375 0.125732 0.946289
11 0.0258636 0.17041 0.0517273 0.158691 0.946289
18 0.399902 0.0292664 0.09375 0.0585327 0.944824
6 0.0319214 0.803711 0.0638428 0.09375 0.943848
4 0.0895386 0.197021 0.0698242 0.104492 0.938965
2 0.980957 0.815918 0.0380859 0.0869141 0.938965
5 0.161011 0.976562 0.0959473 0.046875 0.935547
6 0.569824 0.0322876 0.123047 0.0645752 0.926758
2 0.157196 0.206055 0.069397 0.0893555 0.924805
6 0.147583 0.0292358 0.142334 0.0584717 0.915527
22 0.660156 0.983398 0.0917969 0.0332031 0.910645
11 0.0287933 0.588989 0.0575867 0.204834 0.903809
4 0.763672 0.972656 0.0751953 0.0546875 0.89502
22 0.744141 0.811523 0.0878906 0.0898438 0.834473
2 0.703613 0.032959 0.146484 0.065918 0.794434
18 0.273682 0.0281677 0.0986328 0.0563354 0.751953
4 0.894531 0.610352 0.101562 0.0957031 0.728027
6 0.981934 0.982422 0.0361328 0.0351562 0.690918
18 0.377197 0.383789 0.109375 0.137695 0.663574
23 0.578125 0.980469 0.0664062 0.0390625 0.613281
7 0.00991058 0.625 0.0197906 0.126953 0.539062
