18 0.243896 0.695312 0.0454102 0.0625 0.976074
2 0.206421 0.883789 0.0319824 0.0449219 0.97168
5 0.0319519 0.886719 0.0396729 0.0410156 0.971191
5 0.257324 0.791992 0.0336914 0.0439453 0.960938
13 0.296875 0.426025 0.0253906 0.0712891 0.944336
18 0.114929 0.874023 0.0386963 0.0585938 0.943359
6 0.0737305 0.884766 0.0400391 0.0439453 0.941895
1 0.138794 0.269287 0.0432129 0.0625 0.925781
4 0.0632324 0.701172 0.0307617 0.046875 0.925781
9 0.283447 0.611816 0.0444336 0.0478516 0.924316
7 0.0249023 0.976562 0.0432129 0.046875 0.922363
9 0.0755463 0.790039 0.0378723 0.046875 0.915527
8 0.189941 0.793945 0.0424805 0.0449219 0.913086
13 0.147583 0.874023 0.0229492 0.0664062 0.90918
5 0.165283 0.081604 0.0419922 0.0456543 0.906738
22 0.287354 0.348633 0.0444336 0.0449219 0.90332
4 0.0577087 0.34375 0.0297241 0.0551758 0.901367
5 0.168701 0.975586 0.0405273 0.046875 0.890137
2 0.153809 0.524414 0.0361328 0.0449219 0.889648
22 0.103638 0.974609 0.0400391 0.0449219 0.877441
5 0.281738 0.883789 0.0429688 0.046875 0.849121
11 0.243896 0.249268 0.0380859 0.0639648 0.84375
21 0.284668 0.974121 0.0556641 0.0517578 0.823242
0 0.138214 0.157715 0.086853 0.0629883 0.810547
2 0.128296 0.699219 0.0300293 0.046875 0.786621
22 0.10498 0.0797729 0.041748 0.0435791 0.760742
23 0.0652008 0.974609 0.035614 0.0429688 0.673828
22 0.190674 0.614258 0.0395508 0.0449219 0.662109
13 0.244141 0.875488 0.0288086 0.0634766 0.647949
4 0.11499 0.521973 0.0288086 0.0507812 0.638672
10 0.101379 0.337402 0.036499 0.0654297 0.618652
0 0.0219269 0.348145 0.0435486 0.0449219 0.607422
6 0.0198364 0.437256 0.0396729 0.0439453 0.602051
9 0.0236969 0.079483 0.0382996 0.0446472 0.57373
6 0.190918 0.256592 0.0585938 0.0483398 0.57373
10 0.105835 0.691895 0.0354004 0.0644531 0.535156
5 0.106567 0.00637817 0.0383301 0.0127563 0.521484
13 0.25293 0.606445 0.0200195 0.0664062 0.517578
22 0.234375 0.00577545 0.0449219 0.0115509 0.513672
23 0.173828 0.885254 0.0317383 0.0419922 0.511719
